/*--------------------------------*- C++ -*----------------------------------*\
| =========                 |                                                 |
| \\      /  F ield         | OpenFOAM: The Open Source CFD Toolbox           |
|  \\    /   O peration     | Version:  2312                                  |
|   \\  /    A nd           | Website:  www.openfoam.com                      |
|    \\/     M anipulation  |                                                 |
\*---------------------------------------------------------------------------*/
FoamFile
{
    version     2.0;
    format      ascii;
    arch        "LSB;label=32;scalar=64";
    class       volScalarField;
    location    "0.13/heater";
    object      T;
}
// * * * * * * * * * * * * * * * * * * * * * * * * * * * * * * * * * * * * * //

dimensions      [0 0 0 1 0 0 0];

internalField   nonuniform List<scalar> 
150
(
798.775949417
798.65099676
798.401298118
798.027509616
797.531164919
798.717931632
798.582818626
798.311593716
797.902382216
797.352600285
798.695637611
798.55871151
798.284213794
797.871087756
797.318263463
798.692456858
798.555523792
798.281079685
797.868190956
797.315949426
798.696196674
798.559936914
798.286894492
797.87623059
797.327118198
798.69997881
798.564226654
798.292191716
797.882954228
797.335294059
798.701991189
798.566393796
798.294633506
797.885691763
797.33814856
798.702819107
798.56725286
798.295560874
797.886717284
797.339233038
798.702149419
798.566394048
798.294354216
797.885115719
797.337375834
798.700563874
798.564453419
798.291706013
797.881545675
797.333108573
798.699287706
798.562902063
798.289589656
797.878641341
797.329551965
798.698704237
798.56214767
798.288477532
797.877013329
797.327498118
798.698304645
798.56160542
798.287629569
797.875701779
797.325818549
798.69778472
798.560930924
798.286619476
797.874092963
797.32347098
798.697781032
798.560820987
798.286268107
797.873208306
797.321620241
798.698825913
798.561838798
798.287206907
797.873858633
797.321336519
798.700567521
798.563557211
798.288866901
797.875307818
797.321581527
798.702423491
798.565342352
798.290518658
797.876778629
797.32256565
798.704388239
798.567250109
798.292317152
797.878442161
797.324134128
798.706642072
798.569491162
798.294530613
797.880617395
797.326270869
798.709406624
798.572240902
798.297250874
797.883301378
797.328924461
798.71214118
798.574949825
798.299903429
797.885877107
797.331441534
798.713864921
798.576653707
798.301557051
797.88745437
797.332957838
798.714484116
798.577281615
798.302194867
797.888104109
797.333633057
798.715203541
798.578027702
798.302984196
797.888954656
797.334562812
798.716323411
798.579151439
798.304086283
797.889989281
797.3355383
798.71730638
798.580121513
798.304977175
797.890676564
797.336001666
798.717639764
798.580465718
798.305297058
797.890900586
797.33625033
798.716773418
798.579607639
798.304432812
797.890002857
797.335779188
798.714447763
798.57722347
798.30193096
797.887237118
797.332516938
)
;

boundaryField
{
    emptyPatch
    {
        type            empty;
    }
    minY
    {
        type            zeroGradient;
    }
    maxY
    {
        type            zeroGradient;
    }
    minX
    {
        type            zeroGradient;
    }
    heater_to_water
    {
        type            compressible::turbulentTemperatureTwoPhaseRadCoupledMixed;
        refValue        nonuniform List<scalar> 
60
(
304.903622252
325.686165062
325.687980601
326.842202354
326.842621717
326.586630576
326.586722536
325.072455564
322.974886725
322.282350811
322.282346123
322.088786648
322.088827639
322.126032746
322.126088533
322.043510694
322.217608141
322.117882913
322.117984678
322.280037807
322.280133388
322.142185108
322.142267985
322.2188994
322.092902851
322.065263976
322.065348841
321.914325991
321.914406348
321.530060532
321.530127309
321.503791417
322.816167555
325.667598809
325.667653294
326.373641918
326.373691332
326.365077415
326.365121657
326.585147989
326.405769866
326.678045602
326.678085562
326.42952608
326.429576479
326.669893711
326.669951855
326.4114825
326.630883331
326.393506884
326.39356257
326.486104061
326.486164336
326.273052486
326.273114951
326.185595703
324.869915257
322.744377852
322.744470027
322.484269607
)
;
        refGradient     uniform 0;
        valueFraction   nonuniform List<scalar> 
60
(
0.00060529684894
0.000735748251276
0.000735696154029
0.000736337322319
0.000736325779536
0.000736359165915
0.000736356606463
0.000732285554584
0.000725226445096
0.000723907279601
0.00072390743333
0.000723747197548
0.000723745840313
0.00072440606862
0.000724404221372
0.000723710102424
0.00072481629222
0.000723782993328
0.000723779617685
0.000724847035914
0.000724843882193
0.000723737991583
0.000723735242449
0.000724447646074
0.000723718827378
0.000723967006088
0.000723964176094
0.00072364196088
0.00072363926198
0.000722279605124
0.000722277324143
0.000722276651143
0.000727798002707
0.000738161690181
0.000738160096254
0.000739626904591
0.00073962549487
0.000739122958883
0.000739121696615
0.000740031190267
0.000739128129798
0.00074030009329
0.000740298963956
0.000739179866052
0.000739178429822
0.000740313723862
0.000740312079238
0.00073914426427
0.000740172508946
0.000739126686208
0.00073912509611
0.000739786980099
0.000739785263353
0.0007391101291
0.000739108336688
0.000739189963678
0.000735642136188
0.00072817920214
0.00072817618023
0.000728294419011
)
;
        source          uniform 0;
        value           nonuniform List<scalar> 
60
(
797.234331384
797.185357974
797.007008654
797.007556133
796.973281007
796.973076798
796.97077111
796.971578603
796.984552699
796.984677119
796.992862082
796.992798115
796.995654724
796.995367901
796.996451716
796.996721809
796.994468814
796.994887576
796.990612125
796.990222334
796.986662074
796.98708759
796.98503395
796.984750941
796.983320882
796.983182929
796.980831945
796.980875794
796.979011827
796.979380615
796.979086343
796.979067641
796.977674394
796.974861571
796.975889046
796.975719384
796.977285675
796.977515978
796.979653921
796.97938841
796.982329156
796.981978815
796.9844975
796.984840479
796.986355825
796.98599912
796.986671256
796.987029859
796.987641948
796.987958771
796.988930794
796.988687545
796.989149937
796.989310311
796.989560609
796.989457464
796.989673584
796.991651804
796.988356833
796.988111216
)
;
        kappaMethod     solidThermo;
        Tnbr            T.liquid;
        region          solid;
        otherPhase      gas;
    }
    procBoundary2to3
    {
        type            processor;
        value           nonuniform List<scalar> 5(798.709424916 798.572097741 798.296626976 797.881631138 797.325774829);
    }
}


// ************************************************************************* //
