/*--------------------------------*- C++ -*----------------------------------*\
| =========                 |                                                 |
| \\      /  F ield         | OpenFOAM: The Open Source CFD Toolbox           |
|  \\    /   O peration     | Version:  2312                                  |
|   \\  /    A nd           | Website:  www.openfoam.com                      |
|    \\/     M anipulation  |                                                 |
\*---------------------------------------------------------------------------*/
FoamFile
{
    version     2.0;
    format      ascii;
    arch        "LSB;label=32;scalar=64";
    class       volScalarField;
    location    "0.715/water";
    object      rhom;
}
// * * * * * * * * * * * * * * * * * * * * * * * * * * * * * * * * * * * * * //

dimensions      [1 -3 0 0 0 0 0];

internalField   nonuniform List<scalar> 
1504
(
662.745832125
729.911053714
753.196429675
781.528673616
809.735215566
837.387746328
856.016253205
856.514027188
856.291580482
856.909483309
856.291635554
856.911274429
856.291650571
832.161101474
816.995647436
816.942285736
822.787449718
856.791952942
923.520596563
982.847230139
664.163741638
753.438222804
782.710821091
812.684281705
836.421913138
855.046528807
856.470677985
856.291509422
856.926293133
856.291589968
856.983881571
856.291618201
851.146522664
826.135113118
818.659919298
816.928845337
814.756575668
833.799401143
898.659134548
973.231098501
668.157294408
782.45285577
807.420898535
829.340331187
846.646656511
856.439240142
856.291405676
856.926225732
856.291535678
857.058600906
856.291576537
856.876623234
845.966119305
829.895266375
824.446079932
817.327422054
812.419494857
815.879287401
871.349439946
957.719797244
699.901432235
804.298922037
814.775444117
830.149995006
846.931004832
856.29122959
856.926135529
856.291467996
857.05549878
856.291523403
856.908171907
856.620115872
848.609322085
842.79183572
833.827793564
818.544609023
812.345952986
811.970956892
848.808195248
934.947263397
740.686369155
799.13187888
804.991131763
819.496670917
840.525954955
854.80700769
856.291369622
855.438482323
852.877367297
852.750888505
856.3737958
858.533172173
859.021129313
857.317100533
844.777118884
822.73408248
812.486442745
811.390881444
830.579217046
906.065264071
743.026114611
754.398326765
757.418763826
775.180867802
808.164010489
832.099115783
840.508370492
840.87267779
842.252975761
849.434271949
858.939100483
865.22917234
867.467478697
866.008542149
856.884007265
833.342175499
814.646069814
811.279799657
816.109797477
876.051616982
705.161498037
685.928949612
691.483346479
703.820583579
734.68261959
768.624681057
796.814975067
814.282829125
829.620539885
846.557126891
860.203892041
868.674726438
870.584562421
869.946491166
867.383963957
851.277646704
824.208772401
810.914012767
805.444723728
850.27375065
653.615861129
654.320447725
656.435873982
658.205835973
669.062568968
690.194132768
726.421571571
766.676101774
801.980743942
832.497616643
856.048565573
868.758269515
871.802019934
871.680223002
871.705151149
867.518072666
842.746475691
814.050983772
805.452480774
829.970167679
649.185555864
651.99658096
651.408256425
652.228183417
652.019253768
654.783040673
671.429862733
710.418810294
758.388340408
802.564272486
841.849103896
867.042181445
872.333800752
872.292489701
872.405364425
872.589492867
863.169065411
826.247750385
805.44462705
814.278067294
651.888968973
650.910864707
652.079907066
650.903947202
652.233685222
651.915554674
653.6669666
677.683670837
723.392550802
774.227716571
823.87069607
862.405507585
872.640346951
872.659971632
872.662417942
872.849472906
872.466693894
843.746675261
806.340458833
800.949504306
648.463418336
651.996949013
650.469514413
652.096244693
650.942134519
652.23605462
652.265606963
667.515216672
707.480007736
759.765175599
813.665381257
858.404745431
872.781268778
872.840536865
872.846740974
872.893052399
872.953299871
857.82098744
810.182528313
798.667977103
651.613156935
650.6240089
652.010839234
650.434428843
652.103077692
651.369130751
652.237038833
664.961705431
702.989496769
755.888279409
811.690156525
858.0821197
872.840135627
872.849421408
872.886562759
872.949673026
873.031424791
866.428770694
818.679381999
798.658603935
648.536480618
651.856305305
650.461737369
652.027932954
650.661175933
652.180395642
652.049834655
664.904942494
703.31248987
757.099599346
814.308696798
860.934212508
872.849387715
872.919113781
872.950759991
873.011104206
873.011837377
871.433164917
828.395915651
798.667929738
651.604935446
650.900656199
651.962786835
650.583150394
652.034936522
651.253891589
652.181441886
667.044627999
708.766042313
765.403929077
824.621922563
867.119620735
872.915639511
872.978026826
873.017786987
873.011825207
873.12386989
873.011828841
837.668881626
798.769111377
649.331392961
651.858628127
650.598200687
652.028914927
650.896930037
652.18061858
652.343558209
673.986258838
722.05926177
782.013563638
840.95640504
871.992489239
872.977997307
873.04293216
873.011811851
873.082918387
873.043270894
873.179720608
843.732231008
799.830400759
651.783442817
651.343927767
652.013126847
650.897799138
652.178555652
651.900539053
655.186722803
686.672651304
741.010391708
802.828326155
857.379001515
872.941273369
873.052871377
873.011793015
873.124251777
873.043261081
873.196896737
873.043261761
846.674657893
800.9025255
650.200110365
651.975071259
651.225328759
652.172962097
651.358947308
652.492100495
663.474452555
704.884266157
763.420475677
825.052337435
868.890202923
873.059393849
873.011766767
873.192785276
873.043249575
873.177454641
873.079194344
873.232968365
846.887558234
799.822292479
651.899324637
651.877494172
652.157854771
651.680977681
652.490306448
653.243874934
678.466404381
728.582478171
788.942130994
847.437511353
872.843634988
873.011735083
873.236849798
873.043233159
873.255432533
873.079185051
873.259264508
873.079182693
845.233103208
799.194081855
651.319775852
654.242268711
652.154788468
652.48532443
652.279641016
663.454249093
702.73829491
757.700424637
817.414449899
865.886967308
873.011699806
873.267414348
873.043209755
873.358602754
873.079173908
873.266705483
873.122709815
873.265066364
840.83164743
799.277821156
652.044342647
661.01732818
653.082400979
653.040255343
659.195146815
687.414606131
735.214582122
790.989186539
846.830793833
872.854713415
873.18644162
873.043179959
873.454032369
873.079157949
873.386875198
873.119518722
873.296822007
870.554020551
837.023684093
800.27567679
652.188333904
670.560110735
661.249380071
664.109483087
681.949874797
721.254628144
771.371164315
825.548951711
868.458844467
873.142901584
873.04314419
873.549620985
873.079134717
873.551232364
873.122685599
873.351814505
873.172309158
867.172192825
835.702302663
802.279818934
653.870226239
683.505134122
677.625627417
686.400425255
713.856431382
757.249168884
806.596613823
855.956375905
873.096659196
873.043101524
873.606973757
873.079104094
873.749012461
873.122666834
873.519287305
873.172294967
873.29287556
865.626668297
836.759237772
805.475516923
658.659201077
702.558162728
699.069856313
712.400364962
744.753520056
789.623463062
836.982736004
871.636738144
873.043048986
873.592204466
873.078629095
873.953445981
873.122640257
873.764271933
873.172276965
873.370408554
873.219049698
866.065351785
842.292127515
810.185956229
666.243407607
727.427377958
723.944049845
737.835454911
770.460528517
815.071873732
858.930077714
873.011526076
873.468224055
873.043075349
874.000251787
873.079068562
873.988896617
873.122623438
868.984284795
870.411483365
873.433466725
871.047378616
853.819581957
817.578250206
677.388689404
749.592511674
746.247682119
758.225239039
788.762911913
832.19551964
870.295290719
873.260055133
873.011561069
874.000197342
873.043079951
874.036489632
872.963237063
857.591611431
860.879498996
870.251039123
876.717030553
880.691570884
867.934627665
828.340864542
695.821579906
752.709160393
752.685920337
761.902798036
793.33115226
838.481134613
872.841990974
872.977700472
873.823222957
873.011563793
874.022342606
869.689796948
844.16236611
845.059886983
861.863314739
871.699367107
879.5673504
887.794073838
882.191913029
843.758955817
711.434162748
750.317293281
743.341443944
751.92399058
786.256730617
834.653814684
869.730394538
873.328635546
872.977695094
872.919111011
851.722807335
823.152422328
820.162241737
844.968075701
864.04779723
871.89650791
879.235310555
889.728069608
894.635844472
862.452552399
698.951568113
718.649109868
710.189463842
716.762640546
752.196878897
805.528666037
843.688039546
855.48874499
846.889973043
813.095062553
779.409451337
774.327160131
805.763935992
843.166698398
863.594577494
870.641049994
876.595494564
888.859825182
897.818739217
883.184054565
658.468246451
675.171232861
670.786817062
675.212942172
700.189752895
745.48577932
782.721325839
792.209514199
772.302938137
735.029359164
717.534024018
736.667681758
781.822600155
829.727796713
859.219763596
867.038048202
871.13200688
884.722827544
897.803549473
897.249617625
658.86982915
658.928150326
659.013753043
658.920726744
670.186616051
699.129665262
730.416928773
738.731508425
725.568156081
702.195293266
690.835321581
706.539693338
746.85342698
801.856902638
847.238415407
861.489112125
865.509621095
878.306295035
897.856918279
897.803530211
655.686365059
658.937290606
658.409704035
659.028367168
662.535631035
684.409478055
713.322341841
723.276793099
714.186530201
694.61576065
685.318411978
690.578396824
719.683498729
774.403205297
830.158102374
855.347868422
862.274443755
873.878432312
896.464220798
897.938054281
658.680935065
658.593657583
658.972783893
658.482480945
661.209622989
682.568541461
711.337234607
721.566578821
712.642665808
692.278920683
685.325123071
685.325479004
707.902521307
759.062667132
817.0804011
850.702392019
861.077409163
871.780987432
892.668929581
897.80349689
655.807151616
658.84636823
658.466209722
658.988579397
662.066368348
684.886981659
713.344122241
722.548292514
713.232675394
692.028049111
685.325368577
685.328102348
705.479814313
754.592900472
812.017895875
848.777418235
860.864743783
871.034503426
889.458186498
897.926490264
658.680042679
660.959129027
658.972969711
658.842837324
667.405521476
695.083716145
722.606302268
728.29822532
717.137043628
693.565830466
685.327997313
685.414576727
706.802338321
755.515436142
812.188187407
848.93686203
861.28122606
871.187790277
888.450714199
897.803472607
656.404396635
668.127375571
660.720214292
662.598444014
679.973793501
713.135741352
739.553745371
741.124220635
726.549321784
699.425845136
687.187720518
690.377510356
715.074532502
763.547434762
817.750870701
851.895469951
863.368173034
872.721102381
888.936993162
897.868476276
658.866262544
678.549365269
669.162595904
674.59705738
697.980173425
734.468164082
759.872246527
759.110610336
740.917494565
711.950227462
698.520821143
705.333178844
734.010213392
782.472044447
832.075616024
859.256445498
868.026075564
876.727770192
891.408082502
897.803455072
657.548635106
692.50059411
683.185322656
691.898594111
718.842525283
756.813086998
780.539334914
778.566634375
759.094155964
732.102434138
722.053532534
731.161261833
762.514712045
809.990202314
852.039541305
869.346466714
875.108579496
883.155789953
895.241225813
897.864248629
658.905750654
710.171189697
701.368650418
712.682734507
741.845314857
779.542663804
800.92260107
1000
1000
1000
1000
1000
1000
1000
1000
1000
1000
1000
1000
1000
1000
1000
1000
1000
999.269456976
999.999253909
1000
1000
1000
1000
1000
1000
1000
1000
1000
1000
1000
1000
1000
1000
1000
1000
1000
1000
998.57694063
999.997042673
1000
1000
1000
1000
1000
1000
1000
1000
1000
1000
1000
1000
1000
1000
1000
1000
1000
1000
996.883234188
999.985297963
1000
1000
1000
1000
1000
1000
1000
1000
1000
1000
1000
1000
1000
1000
1000
1000
1000
1000
992.763020356
999.920879485
999.999888349
1000
1000
1000
1000
1000
1000
1000
1000
1000
1000
1000
1000
1000
1000
1000
1000
1000
983.464815301
999.584813339
999.998262234
999.999999985
1000
1000
1000
1000
1000
1000
1000
1000
1000
1000
1000
1000
1000
1000
1000
1000
965.426620281
998.083250463
999.981350242
999.999994413
1000
1000
1000
1000
1000
1000
1000
1000
1000
1000
1000
1000
1000
1000
1000
1000
937.980403412
992.923424982
999.853178913
999.999772644
1000
1000
1000
1000
1000
1000
1000
1000
1000
1000
1000
1000
1000
1000
1000
1000
905.389633368
980.438304556
999.150118075
999.995919018
1000
1000
1000
1000
1000
1000
1000
1000
1000
1000
1000
1000
1000
1000
1000
1000
873.92603311
959.493380737
996.493979177
999.957824342
1000
1000
1000
1000
1000
1000
1000
1000
1000
1000
1000
1000
1000
1000
1000
1000
847.998004888
933.827357739
990.026419861
999.714583557
999.999728144
1000
1000
1000
1000
1000
1000
1000
1000
1000
1000
1000
1000
1000
1000
1000
830.424953778
909.480761445
979.264566331
998.826554441
999.993945928
1000
1000
1000
1000
1000
1000
1000
1000
1000
1000
1000
1000
1000
1000
1000
820.366375091
890.310077748
966.06991494
996.774595822
999.956607913
1000
1000
1000
1000
1000
1000
1000
1000
1000
1000
1000
1000
1000
1000
1000
814.670671143
876.052090776
952.834803534
993.437499391
999.831993476
999.999982165
1000
1000
1000
1000
1000
1000
1000
1000
1000
1000
1000
1000
1000
1000
810.117368557
864.175154217
940.447449233
989.114274989
999.558262694
999.999326514
1000
1000
1000
1000
1000
1000
1000
1000
1000
1000
1000
1000
1000
1000
805.763340908
853.177865053
928.47526085
983.945144816
999.068914333
999.995978037
1000
1000
1000
1000
1000
1000
1000
1000
1000
1000
1000
1000
1000
1000
800.170590623
842.44233589
916.379849433
977.771131714
998.25985186
999.985144871
1000
1000
1000
1000
1000
1000
1000
1000
1000
1000
1000
1000
1000
1000
797.990026667
831.557564261
903.291797138
970.360461728
996.983559514
999.956421419
1000
1000
1000
1000
1000
1000
1000
1000
1000
1000
1000
1000
1000
1000
797.85350468
822.489853945
889.730935902
961.452789745
994.990993266
999.885102963
1000
1000
1000
1000
1000
1000
1000
1000
1000
1000
1000
1000
1000
1000
797.989985847
816.50459149
877.465320146
951.189315692
991.888754804
999.702736979
999.999643131
1000
1000
1000
1000
1000
1000
1000
1000
1000
1000
1000
1000
1000
797.891227609
812.345715422
866.019055205
939.274281635
987.106289062
999.222895478
999.995143187
1000
1000
1000
1000
1000
1000
1000
1000
1000
1000
1000
1000
1000
797.989934986
806.294483729
852.093489752
923.970012919
979.479657867
997.999160184
999.961362716
1000
1000
1000
1000
1000
1000
1000
1000
1000
1000
1000
1000
1000
797.940974573
798.004130272
835.503732516
903.215442324
966.622907549
994.907233091
999.755285737
999.998070258
1000
1000
1000
1000
1000
1000
1000
1000
1000
1000
1000
1000
797.989869757
797.818897053
817.59381612
875.204439529
945.691980325
987.842043203
998.827366323
999.964739575
999.999917829
1000
1000
1000
1000
1000
1000
1000
1000
1000
1000
1000
797.914861982
797.989829864
798.370440007
844.686401552
917.129121812
974.223709864
995.865289892
999.692648278
999.993927118
1000
1000
1000
1000
1000
1000
1000
1000
1000
1000
1000
798.146692904
797.658881603
797.989788441
823.802292559
886.875423977
953.764059884
989.031057659
998.512499851
999.916586242
999.999431636
1000
1000
1000
1000
1000
1000
1000
1000
1000
1000
800.670549994
797.989744492
797.666157675
810.475958801
862.262104315
930.897385004
977.752682529
995.444765784
999.469681455
999.981838659
999.999994971
1000
1000
1000
1000
1000
1000
1000
1000
1000
808.776301216
797.692002952
797.989698816
797.866453118
843.404691409
910.353628187
963.913837716
990.008742722
998.170746524
999.85533277
999.998615432
1000
1000
1000
1000
1000
1000
1000
1000
1000
825.960445946
797.989651524
797.547049492
797.989655048
831.014147542
893.112315852
949.913921764
982.864792783
995.822825534
999.426239702
999.979581188
999.999999759
1000
1000
1000
1000
1000
1000
1000
1000
851.059350834
799.168097853
797.989607915
797.710459547
822.01894001
878.679648847
936.943831874
975.108840989
992.701964149
998.6144204
999.901490696
999.999549808
1000
1000
1000
1000
1000
1000
1000
1000
875.452868959
808.501501852
797.618315998
797.989567012
814.91239792
866.17875487
924.970798281
967.252911398
989.150730568
997.514620874
999.732518314
999.995117634
1000
1000
1000
1000
1000
1000
1000
1000
892.177589648
827.957182441
797.989524613
797.645777392
808.569973317
854.484998315
912.954872553
958.651532197
984.87786575
996.073937998
999.440758316
999.97771301
999.999997719
999.999999984
999.999999867
999.999999626
999.999999455
999.999999851
999.999999995
999.999999999
897.937302678
852.920635502
797.85212111
797.989487014
799.354759364
840.759093739
898.395700622
947.073930977
978.189854725
993.418283025
998.762762604
999.901841099
999.998710549
999.99987791
999.999806749
999.999871312
999.999916046
999.999980138
999.999997168
999.999999076
897.803481507
872.11047192
803.257099076
797.476728946
797.989449777
823.701153356
875.984052716
927.528863084
964.69594428
986.296018528
996.043687212
999.211846902
999.860472817
999.901893568
999.832452936
999.907790933
999.988486441
999.99862699
999.999832081
999.999922012
898.03692301
884.034216182
815.393447966
797.989417274
797.624035481
804.729378957
841.813659193
891.506282754
933.958828429
963.443355199
981.34292494
991.942971891
996.491647767
994.356091313
985.393639835
987.953141648
997.666968625
999.687030036
999.992380498
999.998819131
897.803458526
891.381525245
833.220908808
797.682988995
797.989386526
797.724715123
808.585536235
839.084078342
874.93183811
906.766149938
936.767220573
966.849244038
961.622575245
863.214890345
783.451290558
847.50658051
939.629299654
983.960591449
999.212256517
999.990725688
898.013032599
895.776280712
852.908305932
800.086148443
797.563377335
797.989363493
797.800643456
801.550009347
816.044569776
850.008299015
897.793159648
879.713248387
738.084022109
661.92648107
662.669815169
688.014530729
770.672392378
892.857863921
988.394396038
999.962551757
897.803443347
897.981199975
870.135321056
813.315044412
797.989355423
797.617738177
797.989349561
797.908714144
811.929007501
843.570041507
819.612813442
691.409279783
660.612213372
662.546457526
661.522103933
662.669807394
721.351810898
852.681498009
975.010016362
999.908147199
)
;

boundaryField
{
    emptyPatch
    {
        type            empty;
    }
    minY
    {
        type            calculated;
        value           nonuniform List<scalar> 0();
    }
    maxY
    {
        type            calculated;
        value           nonuniform List<scalar> 0();
    }
    water_to_cooler
    {
        type            calculated;
        value           nonuniform List<scalar> 
38
(
1000
1000
1000
1000
1000
1000
1000
1000
1000
1000
1000
1000
1000
1000
1000
1000
1000
1000
1000
1000
1000
1000
1000
1000
1000
1000
1000
1000
1000
1000
1000
999.999999999
999.999999076
999.999922012
999.998819131
999.990725688
999.962551757
999.908147199
)
;
    }
    water_to_heater
    {
        type            calculated;
        value           nonuniform List<scalar> 
60
(
662.57009372
662.570080199
663.988929962
667.981992095
699.73415946
699.734137454
740.533514473
740.53349067
742.872308013
742.872280294
704.992902169
653.432096157
649.004996609
649.00495505
651.711816921
651.711774893
648.285709708
648.285666489
651.437550001
648.359962493
651.430216064
651.430174288
649.155732239
649.155692907
651.608821582
651.608786259
650.02454628
651.724025157
651.143374052
651.143351223
651.867183545
651.867169485
652.010388939
652.010384912
653.692228021
658.481759098
666.066705368
666.066719252
677.213392432
677.213413398
695.650730109
695.650754996
711.268103795
698.780667242
658.285158478
658.285179805
658.691518858
658.691529966
655.508419639
655.508420012
658.505347665
655.630757198
658.505333847
658.505314566
656.228633399
656.228605964
658.691457658
658.691423969
657.372937659
658.730453943
)
;
    }
    procBoundary3to1
    {
        type            processor;
        value           nonuniform List<scalar> 
41
(
798.209200092
780.110907267
758.38909393
753.546790755
764.803020766
797.799319397
841.537616669
871.62736614
879.557751533
883.109978174
889.859857084
897.462108168
897.803440924
658.637060492
728.910497472
722.255249199
735.066646906
764.769529013
800.982315878
798.209200092
820.981027378
897.98047242
897.803432955
884.520102556
838.846351858
803.221670378
797.989343293
797.902154001
801.572023868
821.654240567
814.342958441
710.655245923
660.412721437
662.546447431
660.516716578
662.546448235
662.433713975
736.4660032
893.570178506
993.738071155
999.96124486
)
;
    }
    procBoundary3to2
    {
        type            processor;
        value           nonuniform List<scalar> 
41
(
664.164080386
712.429886249
726.039261953
747.884644846
776.973678965
810.966885338
844.487408034
856.291538971
856.621757389
856.291635392
856.82290103
856.29167325
856.802433985
847.068784078
818.921936853
816.968730326
829.042192638
872.63360013
939.697272618
988.464392793
1000
1000
1000
1000
1000
1000
1000
1000
1000
1000
1000
1000
1000
1000
1000
1000
1000
999.59201594
999.999788237
1000
1000
)
;
    }
}


// ************************************************************************* //
