/*--------------------------------*- C++ -*----------------------------------*\
| =========                 |                                                 |
| \\      /  F ield         | OpenFOAM: The Open Source CFD Toolbox           |
|  \\    /   O peration     | Version:  2312                                  |
|   \\  /    A nd           | Website:  www.openfoam.com                      |
|    \\/     M anipulation  |                                                 |
\*---------------------------------------------------------------------------*/
FoamFile
{
    version     2.0;
    format      ascii;
    arch        "LSB;label=32;scalar=64";
    class       volScalarField;
    location    "0.895/water";
    object      Ct2;
}
// * * * * * * * * * * * * * * * * * * * * * * * * * * * * * * * * * * * * * //

dimensions      [0 0 0 0 0 0 0];

internalField   nonuniform List<scalar> 
1497
(
1
1
1
1
1
1
1
1
1
1
1
1
1
1
1
1
1
1
1
1
1
1
1
1
1
1
1
1
1
1
1
1
1
1
1
1
1
1
1
1
1
1
1
1
1
1
1
1
1
1
1
1
1
1
1
1
1
1
1
1
1
1
1
1
1
1
1
1
1
1
1
1
1
1
1
1
1
1
1
1
1
1
1
1
1
1
1
1
1
1
1
1
1
1
1
1
1
1
1
1
1
1
1
1
1
1
1
1
1
1
1
1
1
1
1
1
1
1
1
1
1
1
1
1
1
1
1
1
1
1
1
1
1
1
1
1
1
1
1
1
1
1
1
1
1
1
1
1
1
1
1
1
1
1
1
1
1
1
1
1
1
1
1
1
1
1
1
1
1
1
1
1
1
1
1
1
1
1
1
1
1
1
1
1
1
1
1
1
1
1
1
1
1
1
1
1
1
1
1
1
1
1
1
1
1
1
1
1
1
1
1
1
1
1
1
1
1
1
1
1
1
1
1
1
1
1
1
1
1
1
1
1
1
1
1
1
1
1
1
1
1
1
1
1
1
1
1
1
1
1
1
1
1
1
1
1
1
1
1
1
1
1
1
1
1
1
1
1
1
1
1
1
1
1
1
1
1
1
1
1
1
1
1
1
1
1
1
1
1
1
1
1
1
1
1
1
1
1
1
1
1
1
1
1
1
1
1
1
1
1
1
1
1
1
1
1
1
1
1
1
1
1
1
1
1
1
1
1
1
1
1
1
1
1
1
1
1
1
1
1
1
1
1
1
1
1
1
1
1
1
1
1
1
1
1
1
1
1
1
1
1
1
1
1
1
1
1
1
1
1
1
1
1
1
1
1
1
1
1
1
1
1
1
1
1
1
1
1
1
1
1
1
1
1
1
1
1
1
1
1
1
1
1
1
1
1
1
1
1
1
1
1
1
1
1
1
1
1
1
1
1
1
1
1
1
1
1
1
1
1
1
1
1
1
1
1
1
1
1
1
1
1
1
1
1
1
1
1
1
1
1
1
1
1
1
1
1
1
1
1
1
1
1
1
1
1
1
1
1
1
1
1
1
1
1
1
1
1
1
1
1
1
1
1
1
1
1
1
1
1
1
1
1
1
1
1
1
1
1
1
1
1
1
1
1
1
1
1
1
1
1
1
1
1
1
1
1
1
1
1
1
1
1
1
1
1
1
1
1
1
1
1
1
1
1
1
1
1
1
1
1
1
1
1
1
1
1
1
1
1
1
1
1
1
1
1
1
1
1
1
1
1
1
1
1
1
1
1
1
1
1
1
1
1
1
1
1
1
1
1
1
1
1
1
1
1
1
1
1
1
1
1
1
1
1
1
1
1
1
1
1
1
1
1
1
1
1
1
1
1
1
1
1
1
1
1
1
1
1
1
1
1
1
1
1
1
1
1
1
1
1
1
1
1
1
1
1
1
1
1
1
1
1
1
1
1
1
1
1
1
1
1
1
1
1
1
1
1
1
1
1
1
1
1
1
1
1
1
1
1
1
1
1
1
1
1
1
1
1
1
1
1
1
1
1
1
1
1
1
1
1
1
1
1
1
1
1
1
1
1
1
1
1
1
1
1
1
1
1
1
1
1
1
1
1
1
1
1
1
1
1
1
1
1
1
1
1
1
1
1
1
1
1
1
1
1
1
1
1
1
1
1
1
1
1
1
1
1
1
1
1
1
1
1
1
1
1
1
1
1
1
1
1
1
1
1
1
1
1
1
1
1
6.75598364064
1
1
1
1
1
1
1
1
1
1
1
1
1
1
1
1
1
1
1
6.53694108705
1
1
1
1
1
1
1
1
1
1
1
1
1
1
1
1
1
1
1
6.27576702306
1
1
1
1
1
1
1
1
1
1
1
1
1
1
1
1
1
1
1
5.81479184691
1
1
1
1
1
1
1
1
1
1
1
1
1
1
1
1
1
1
1
5.27015067745
1
1
1
1
1
1
1
1
1
1
1
1
1
1
1
1
1
1
1
4.72727997522
1
1
1
1
1
1
1
1
1
1
1
1
1
1
1
1
1
1
1
4.29212946507
1
1
1
1
1
1
1
1
1
1
1
1
1
1
1
1
1
1
1
4.057877085
1
1
1
1
1
1
1
1
1
1
1
1
1
1
1
1
1
1
1
4.02864755632
1
1
1
1
1
1
1
1
1
1
1
1
1
1
1
1
1
1
1
4.02578890611
1
1
1
1
1
1
1
1
1
1
1
1
1
1
1
1
1
1
1
4.02292949933
1
1
1
1
1
1
1
1
1
1
1
1
1
1
1
1
1
1
1
4.02006817081
1
1
1
1
1
1
1
1
1
1
1
1
1
1
1
1
1
1
1
4.01709157047
1
1
1
1
1
1
1
1
1
1
1
1
1
1
1
1
1
1
1.00000000005
4.01409777056
1
1
1
1
1
1
1
1
1
1
1
1
1
1
1
1
1
1
1.02124958347
4.01109152291
1
1
1
1
1
1
1
1
1
1
1
1
1
1
1
1
1
1
1.39953547244
4.00807638436
1
1
1
1
1
1
1
1
1
1
1
1
1
1
1
1
1
1
1.62900369326
4.00512916054
1
1
1
1
1
1
1
1
1
1
1
1
1
1
1
1
1
1
2.30685051309
4.00230812128
1
1
1
1
1
1
1
1
1
1
1
1
1
1
1
1
1
1
2.96098767523
3.99950136498
1
1
1
1
1
1
1
1
1
1
1
1
1
1
1
1
1
1.00000056429
3.22036157747
3.99676845283
1
1
1
1
1
1
1
1
1
1
1
1
1
1
1
1
1
1.00000235651
3.14382770173
3.99406384814
1
1
1
1
1
1
1
1
1
1
1
1
1
1
1.00000003297
1
1
1.00000000169
2.67016012829
3.99135340003
1
1
1
1
1
1
1
1
1
1
1
1
1
1
1.18278011734
1.00000002197
1
1
2.0072936212
3.98866203466
1
1
1
1
1
1
1
1
1
1
1
1
1
1.01779726278
1.45970017215
1.02235340829
1
1
1.567951502
3.98597835437
1
1
1
1
1
1
1
1
1
1
1
1
1.00000003265
1.40573782615
2.77862456654
1.31820790454
1
1
1.41971898682
3.98317867556
1
1
1
1
1
1
1
1
1
1
1
1
1.24668960853
2.0963235535
6.68720556544
1.4129666801
1
1
1.33888575498
3.98036823837
1
1
1
1
1
1
1
1
1
1
1
1.00000003004
1.53279391439
6.08634945651
7.96139241865
1.50268972085
1
1
1.08027356471
3.97753548129
1
1
1
1
1
1
1
1
1
1
1
1.28761586679
3.51685317903
8.22439328866
8.1819813455
1.73384286765
1
1
1.00035760945
3.97466473802
1
1
1
1
1
1
1
1
1
1
1
1.58709395669
7.37776736653
8.35578151783
8.22767602202
2.22813085495
1
1
1
3.97181729702
1
1
1
1
1
1
1
1
1
1
1.09804725988
3.8143821734
8.35508246442
8.36866721539
8.23787812378
3.29950331814
1
1
1
3.96901447689
1
1
1
1
1
1
1
1
1
1
1.49349095499
7.54648320988
8.38274798917
8.37392914024
8.23515506713
4.97580342148
1
1
1
3.9661621556
1
1
1
1
1
1
1
1
1
1.00195012639
3.51890402649
8.37274897866
8.38314547305
8.37345242991
8.22923588354
6.56294707131
1
1
1
3.96339178365
1
1
1
1
1
1
1
1
1
1.42662902094
7.44458744844
8.38455811862
8.38545390386
8.37385668183
8.21702526615
6.78948512818
1
1
1
3.96069189076
1
1
1
1
1
1
1
1
1
2.41585911987
8.35555537933
8.38657607831
8.38458756097
8.37396278422
8.20377406135
6.15896367322
1
1
1
3.9580273998
1
1
1
1
1
1
1
1
1.05488870147
5.06542010334
8.38728929889
8.38587703291
8.38800775095
8.37729093653
8.20259138753
5.36453184945
1
1
1
3.9553538512
1
1
1
1
1
1
1
1
1.3841446212
6.79517239157
8.3873672535
8.38992197226
8.38589183547
8.38543884484
8.21724800511
5.10981700309
1
1
1
3.95262654297
1
1
1
1
1
1
1
1
1.4339876907
7.50607729134
8.39009161234
8.38741791119
8.39086653973
8.38586615884
8.25842927902
5.11755753011
1
1
1
3.94973079396
1
1
1
1
)
;

boundaryField
{
    emptyPatch
    {
        type            empty;
    }
    minY
    {
        type            calculated;
        value           nonuniform List<scalar> 0();
    }
    maxY
    {
        type            calculated;
        value           nonuniform List<scalar> 0();
    }
    water_to_cooler
    {
        type            calculated;
        value           nonuniform List<scalar> 
37
(
6.75602788662
6.53698928728
6.27581930979
5.81484962897
5.27021321742
4.72734596766
4.29219998935
4.05796065932
4.02876133814
4.02594842458
4.02313931581
4.02033395201
4.0174294662
4.01453569653
4.01165698645
4.00878087804
4.00595706201
4.00321886828
4.00045330263
3.99773200246
3.99501976038
3.99228727234
3.98956660246
3.98685648303
3.98404180597
3.98122895199
3.97840706245
3.97555570172
3.9727220692
3.96991763167
3.9670518541
3.96426796374
3.96155897012
3.95888273677
3.95618679291
3.95343023869
3.9505093347
)
;
    }
    water_to_heater
    {
        type            calculated;
        value           uniform 1;
    }
    procBoundary1to0
    {
        type            processor;
        value           nonuniform List<scalar> 
41
(
1
1
1
1
1
1
1
1
1
1
1
1
1
1
1
1
1
1
1
1
1
1
1
1
1.54489945129
7.92563400182
8.38877578589
8.39230184779
8.38743062149
8.38963109022
8.31008923428
4.37662799277
1
1
1
3.94679386241
1
1
1
1
1
)
;
    }
    procBoundary1to3
    {
        type            processor;
        value           nonuniform List<scalar> 
41
(
1
1
1
1
1
1
1
1
1
1
1
1
1
1
1
1
1
1
1
1
1
1
1
1
1
1
1
1
1
1
1
1
1
1
1
1
1
1
1
1.0002358302
6.91405015951
)
;
    }
}


// ************************************************************************* //
