/*--------------------------------*- C++ -*----------------------------------*\
| =========                 |                                                 |
| \\      /  F ield         | OpenFOAM: The Open Source CFD Toolbox           |
|  \\    /   O peration     | Version:  2312                                  |
|   \\  /    A nd           | Website:  www.openfoam.com                      |
|    \\/     M anipulation  |                                                 |
\*---------------------------------------------------------------------------*/
FoamFile
{
    version     2.0;
    format      ascii;
    arch        "LSB;label=32;scalar=64";
    class       volScalarField;
    location    "0.23/water";
    object      p;
}
// * * * * * * * * * * * * * * * * * * * * * * * * * * * * * * * * * * * * * //

dimensions      [1 -1 -2 0 0 0 0];

internalField   nonuniform List<scalar> 
1497
(
100781.259639
100781.175198
100781.136994
100781.244423
100781.518445
100781.80271
100781.870048
100781.959737
100782.203928
100782.541386
100782.526454
100781.837092
100779.934551
100779.9129
100779.912445
100779.90279
100779.890084
100779.880112
100779.882799
100779.755219
100779.578579
100779.42198
100779.351079
100779.396441
100779.446266
100779.1235
100778.455659
100778.013938
100777.833288
100777.464488
100777.081765
100775.570122
100773.092051
100778.421247
100778.403947
100778.37934
100778.353395
100778.352686
100778.315609
100778.039725
100777.739789
100777.517137
100777.391676
100777.309435
100776.901546
100775.88396
100774.896578
100774.441866
100773.916785
100773.395121
100772.562032
100770.156707
100767.724103
100776.860076
100776.829465
100776.796114
100776.7646
100776.773073
100776.693585
100776.378811
100776.0309
100775.760755
100775.549539
100775.115687
100774.00979
100772.657405
100771.970569
100771.331636
100770.668727
100769.834318
100768.884597
100766.811298
100764.548546
100775.150276
100775.140199
100775.197707
100775.170984
100775.195127
100775.13163
100774.849137
100774.513977
100774.211268
100773.798523
100772.789295
100771.256961
100770.283822
100769.603704
100768.97922
100768.242176
100767.490859
100766.533546
100764.402485
100762.384932
100773.378696
100773.398799
100773.650725
100773.695215
100773.737036
100773.689802
100773.48038
100773.199468
100772.868452
100772.170139
100770.727915
100769.297312
100768.460467
100767.852034
100767.120673
100766.358414
100765.529072
100764.532967
100762.719722
100760.733801
100771.486764
100771.314465
100771.835384
100772.03129
100772.125417
100772.145654
100772.068772
100771.926415
100771.647468
100770.741258
100769.107525
100767.742856
100767.093418
100766.329052
100765.565945
100764.723083
100763.817647
100762.492023
100760.449022
100759.155123
100769.703736
100768.799304
100769.807657
100770.26827
100770.432898
100770.516165
100770.581068
100770.614124
100770.403203
100769.277528
100767.506957
100766.442715
100765.595314
100764.797817
100763.853066
100762.824045
100761.530125
100759.566242
100758.307761
100757.189332
100767.890046
100765.707031
100767.702654
100768.416349
100768.632835
100768.785804
100769.000389
100769.207035
100768.923945
100767.40752
100765.661847
100764.544276
100763.709276
100762.67896
100761.537012
100760.143436
100758.00772
100756.705227
100755.740729
100754.374599
100765.718336
100762.212031
100764.968012
100765.984577
100766.272495
100766.54598
100766.948951
100767.236338
100766.39128
100764.365319
100762.662895
100761.743746
100760.623788
100759.377585
100757.824253
100755.532497
100754.136681
100753.198214
100751.961026
100750.36079
100762.984674
100759.16862
100761.931967
100763.106289
100763.398438
100763.702864
100764.04164
100763.534561
100761.435449
100759.158595
100758.170637
100756.993546
100755.522233
100753.715481
100751.333936
100749.947411
100748.960901
100747.757435
100746.339504
100744.664573
100759.61059
100756.499603
100758.542867
100759.533638
100759.442043
100759.053955
100757.986029
100755.722129
100753.25684
100752.271032
100751.092108
100749.077069
100746.872534
100744.812439
100743.625307
100742.557463
100741.209252
100739.774741
100738.196369
100736.54678
100755.836273
100751.920792
100752.884667
100752.602606
100751.172103
100749.340277
100747.15385
100745.027018
100743.691346
100742.194898
100739.544227
100737.082165
100735.431871
100734.423063
100733.197146
100731.684067
100730.181974
100728.673447
100727.150889
100725.660944
100738.615827
100734.662079
100736.365017
100735.636418
100734.042133
100732.362612
100730.301631
100728.08691
100725.869073
100723.405417
100721.648188
100720.695725
100720.039066
100719.028528
100717.741924
100716.4856
100715.334735
100714.298032
100713.36738
100712.503691
100680.988863
100676.599035
100681.035077
100682.058956
100682.036668
100681.823152
100681.91969
100683.028919
100685.362114
100688.525742
100691.611955
100693.922085
100695.201217
100695.779692
100696.092317
100696.329542
100696.581996
100696.882863
100697.197121
100697.487591
100625.563959
100621.929966
100624.757904
100626.057233
100627.000217
100628.584089
100631.321634
100635.41797
100641.087389
100647.74425
100654.207865
100659.78136
100664.440866
100668.219621
100671.280091
100673.891627
100676.211042
100678.296458
100680.167464
100681.83301
100626.73198
100626.64179
100626.588714
100626.551135
100626.52183
100626.503332
100626.496181
100626.50047
100626.950089
100628.836458
100632.136463
100636.225341
100640.891307
100645.837111
100650.545654
100654.721762
100658.435801
100661.771014
100664.774079
100667.492079
100625.898141
100625.890109
100625.893583
100625.893572
100625.891477
100625.888469
100625.884506
100625.88013
100625.877336
100626.015368
100626.83605
100628.410104
100630.737064
100633.889502
100637.765621
100641.875515
100645.765605
100649.347736
100652.664448
100655.693135
100625.266817
100625.264725
100625.267509
100625.270397
100625.272515
100625.273368
100625.272247
100625.268846
100625.262748
100625.254881
100625.552468
100626.28531
100627.49538
100629.251591
100631.667679
100634.645416
100637.808515
100640.886718
100643.813029
100646.635634
100624.621387
100624.621272
100624.625001
100624.630578
100624.636186
100624.641007
100624.644465
100624.645636
100624.64412
100624.640416
100624.791366
100625.18906
100625.915389
100627.022934
100628.580256
100630.545338
100632.779873
100635.075396
100637.399152
100639.649711
100623.924218
100623.927955
100623.939649
100623.957591
100623.976226
100623.993788
100624.008227
100624.018682
100624.02557
100624.033732
100624.153155
100624.390971
100624.858984
100625.604225
100626.655698
100627.915211
100629.332024
100630.913708
100632.525135
100634.224391
100623.043746
100623.054267
100623.083815
100623.135386
100623.216676
100623.282599
100623.330329
100623.360039
100623.369477
100623.464125
100623.546381
100623.737318
100624.08004
100624.616001
100625.302922
100625.956959
100626.627211
100627.471058
100628.513321
100629.560766
100621.377777
100621.394041
100621.434682
100621.523239
100621.638211
100621.688753
100621.671053
100621.681225
100621.787292
100622.061925
100622.320403
100622.617437
100622.993313
100623.423175
100623.694926
100623.64751
100623.645185
100624.045193
100624.510802
100625.090286
100618.466367
100618.472189
100618.486041
100619.078618
100618.932324
100618.941527
100619.090221
100619.371289
100619.700569
100620.024997
100620.359041
100620.716592
100621.053744
100621.181612
100620.828294
100620.195965
100619.907921
100619.809137
100619.737421
100619.787611
100614.509445
100614.491073
100615.848692
100616.789012
100616.479076
100616.225955
100616.291401
100616.514658
100616.83015
100617.209175
100617.581766
100617.891946
100617.938554
100617.471393
100616.471283
100615.505195
100614.798508
100614.28638
100613.991944
100613.862513
100609.607808
100610.02895
100612.658854
100613.851228
100613.500592
100612.99506
100612.852989
100612.99855
100613.293095
100613.615953
100613.793214
100613.679712
100613.062334
100611.908384
100610.584115
100609.367799
100608.576233
100608.294396
100608.173182
100608.14297
100599.955044
100604.998143
100608.098302
100609.651954
100609.661158
100609.118731
100608.780817
100608.690366
100608.657327
100608.4506
100607.892288
100607.076025
100606.1137
100605.099767
100603.944991
100602.828154
100602.537489
100602.570085
100602.428204
100602.198151
100596.218729
100600.675303
100603.646569
100605.346662
100605.721497
100605.357159
100604.931071
100604.458596
100603.675174
100602.532754
100601.544199
100600.884873
100600.284375
100599.462855
100598.162773
100597.160948
100597.079197
100596.907722
100596.504759
100596.097214
100595.198058
100598.453869
100602.228928
100604.149765
100604.574998
100604.190161
100603.579785
100602.665686
100601.168439
100599.483145
100598.359235
100597.534194
100596.511578
100595.101453
100593.243204
100592.073051
100591.806026
100591.286474
100590.613049
100589.968698
100595.26594
100597.015889
100601.563219
100603.812943
100604.256721
100603.869021
100603.207417
100602.039116
100600.006184
100597.722328
100596.202309
100594.815714
100593.091226
100590.899248
100588.324066
100587.02452
100586.514059
100585.655718
100584.672182
100583.644246
100593.731194
100594.777965
100600.437417
100602.83901
100603.255423
100602.905915
100602.202728
100600.666814
100597.938914
100595.253605
100593.178142
100591.331641
100589.096887
100585.800571
100582.724166
100581.683729
100580.942894
100579.798065
100578.395549
100576.906142
100590.707707
100591.572222
100598.457814
100600.967631
100601.36579
100600.993118
100599.904544
100597.338259
100593.908019
100591.119908
100588.913667
100586.470032
100583.11932
100578.815747
100576.508098
100575.957239
100574.831734
100573.301351
100571.440816
100569.48569
100588.371268
100586.836714
100594.033852
100597.021629
100597.476911
100596.67451
100594.15016
100590.357567
100587.228174
100585.094254
100582.378975
100579.150681
100574.422438
100570.730782
100570.223666
100569.465592
100567.908994
100565.872884
100563.546273
100561.098521
100586.245182
100580.40966
100588.456259
100591.826537
100591.281629
100588.330558
100584.437567
100581.378689
100579.410236
100576.933954
100574.051109
100568.584771
100564.175087
100563.970705
100563.581833
100562.069264
100559.97941
100557.379589
100554.579195
100551.516713
100584.40889
100573.924331
100582.120528
100584.748385
100581.424438
100577.79507
100575.474837
100573.949606
100571.126472
100567.86772
100561.851554
100557.834313
100558.331482
100557.902471
100556.224334
100553.963922
100551.024962
100547.796024
100544.340195
100540.348606
100583.0249
100570.481694
100577.741515
100577.315086
100573.470401
100571.108903
100569.741909
100566.966038
100563.38286
100556.53543
100552.979064
100553.751555
100552.414926
100550.51703
100547.98998
100544.575865
100540.756651
100536.714357
100532.219594
100526.755987
100582.121343
100570.098092
100574.219322
100572.301554
100569.337108
100567.912039
100564.768124
100561.30306
100554.27223
100549.210865
100549.972949
100547.945841
100545.52049
100542.331086
100538.059771
100533.336146
100528.445701
100523.173611
100517.069721
100509.741639
100581.723068
100567.306236
100568.435157
100567.981582
100567.479052
100564.668456
100561.456623
100554.534616
100546.242008
100545.870482
100543.370279
100540.184164
100535.731967
100530.070203
100524.036249
100517.994884
100511.750015
100504.917907
100497.230218
100488.729322
100779.741145
100779.482805
100778.944645
100778.820358
100778.904132
100779.152427
100779.366019
100779.719156
100780.213309
100780.757696
100781.363041
100782.113455
100782.874257
100783.336523
100783.992139
100784.634919
100785.037057
100785.258287
100785.380389
100785.342664
100772.320896
100771.765716
100771.02044
100770.231969
100770.104535
100769.840927
100769.817534
100769.897864
100769.991313
100770.209866
100770.75897
100771.586555
100771.839616
100771.606759
100771.749447
100772.306905
100773.198332
100773.825943
100774.15758
100774.206377
100767.256196
100766.529155
100765.561363
100764.923329
100764.326785
100764.127608
100763.963935
100763.539855
100763.326652
100763.779092
100764.854534
100765.45732
100764.345802
100765.181723
100765.762182
100765.887463
100766.017665
100766.549269
100766.996165
100767.122978
100763.860997
100763.498345
100762.869879
100762.323798
100762.044955
100761.913146
100761.841621
100762.021549
100762.429367
100763.067617
100763.559177
100762.271865
100762.634483
100763.435861
100763.740732
100763.930601
100764.086781
100764.099917
100764.187325
100764.281056
100761.954344
100761.77214
100761.457379
100761.280599
100761.278093
100761.357394
100761.549908
100761.773527
100761.916134
100762.325146
100761.526156
100760.955288
100761.641364
100762.151428
100762.54846
100762.773886
100762.850809
100762.758258
100762.670012
100762.711677
100760.267746
100760.198438
100759.994881
100759.887688
100759.828154
100759.901292
100759.964627
100759.885665
100760.272369
100760.241227
100759.079677
100758.818128
100759.606815
100760.180934
100760.551811
100760.817646
100760.842732
100760.734215
100760.601465
100760.614035
100758.451843
100758.068381
100757.870248
100757.618034
100757.533918
100757.355139
100757.164169
100757.306581
100757.402758
100756.713018
100755.067596
100756.0068
100756.615502
100756.992951
100757.455772
100757.713205
100757.709009
100757.577758
100757.423947
100757.437786
100756.014918
100755.246127
100754.825511
100754.527482
100754.069819
100753.798263
100753.59152
100753.363371
100753.14376
100751.172099
100751.161046
100751.805072
100752.271932
100752.863193
100753.34823
100753.542958
100753.508689
100753.309157
100753.140112
100753.161408
100752.796781
100751.657379
100750.948994
100750.28024
100749.768189
100749.131945
100748.512142
100748.384679
100747.69942
100746.008861
100745.894112
100746.534873
100747.112771
100747.683478
100748.155199
100748.272037
100748.191498
100747.953179
100747.804366
100747.820772
100748.624131
100747.231637
100746.109206
100745.054393
100743.952018
100743.193433
100742.679296
100742.128326
100740.712592
100738.79539
100739.551793
100740.108609
100740.547623
100741.237942
100741.693247
100741.787165
100741.70793
100741.501492
100741.394433
100741.413246
100742.964503
100741.415914
100739.866926
100738.213753
100736.958601
100736.073799
100735.315815
100734.511463
100732.419941
100731.748144
100732.230692
100732.711377
100733.353763
100734.02439
100734.429901
100734.504315
100734.434772
100734.272269
100734.193298
100734.214445
100734.915152
100733.299363
100731.587122
100729.717423
100728.365732
100727.846275
100727.517561
100726.472735
100724.397367
100723.758145
100724.379651
100725.01612
100725.682946
100726.390798
100726.70508
100726.723411
100726.627113
100726.478571
100726.40328
100726.418126
100724.216103
100722.932852
100721.448049
100719.862648
100718.940444
100718.745864
100718.505347
100717.336374
100715.097384
100715.277728
100715.83286
100716.406243
100717.300666
100717.996366
100718.247295
100718.23904
100718.143147
100718.021594
100717.959183
100717.972981
100711.72601
100710.932062
100710.14
100709.09634
100708.484548
100708.57958
100708.641206
100707.401074
100705.815208
100705.863108
100706.500057
100707.292287
100708.204165
100708.877193
100709.115113
100709.135827
100709.084751
100709.013948
100708.979604
100709.000646
100697.70498
100697.917351
100697.86104
100697.533767
100697.613767
100698.126882
100698.348513
100697.329553
100695.821222
100696.616187
100697.390221
100698.182958
100699.1027
100699.668656
100699.862798
100699.885133
100699.853822
100699.810087
100699.789134
100699.811718
100683.294125
100684.438434
100685.395591
100686.037089
100686.723507
100687.577754
100687.992257
100687.243525
100686.420923
100687.176118
100687.959217
100689.062064
100689.952693
100690.408213
100690.554656
100690.564838
100690.539751
100690.509341
100690.494009
100690.514792
100669.83852
100671.897063
100673.564415
100674.894174
100676.205224
100677.333886
100677.888292
100677.253401
100676.326189
100677.658902
100678.622702
100679.727704
100680.534824
100680.934234
100681.084703
100681.125794
100681.136654
100681.136648
100681.138358
100681.163105
100658.455909
100660.801033
100662.905241
100664.783949
100666.435988
100667.640946
100668.149051
100667.260147
100667.064261
100668.522754
100669.500138
100670.561962
100671.252202
100671.616548
100671.782032
100671.857787
100671.902755
100671.929101
100671.94614
100671.975495
100649.1998
100651.620214
100653.757733
100655.628322
100657.522948
100658.820842
100659.245406
100657.873993
100658.289313
100659.650146
100660.897254
100661.873017
100662.441074
100662.749123
100662.898089
100662.979448
100663.033471
100663.067212
100663.088872
100663.11928
100641.901585
100643.919745
100645.830957
100647.700595
100649.515728
100650.843084
100651.142825
100648.897966
100650.41852
100651.659121
100652.787351
100653.594356
100654.043119
100654.287573
100654.410158
100654.483991
100654.534036
100654.564688
100654.585126
100654.614595
100635.848769
100637.520477
100639.074854
100640.493156
100642.096772
100643.136438
100642.565199
100640.375806
100642.52689
100643.759358
100644.835228
100645.505527
100645.885379
100646.096066
100646.20917
100646.282755
100646.332055
100646.36143
100646.382093
100646.411448
100630.75569
100631.900664
100632.881503
100634.212813
100635.473062
100636.124168
100633.400214
100632.80249
100634.650134
100635.974235
100636.95635
100637.546613
100637.912243
100638.129115
100638.25868
100638.346488
100638.404227
100638.438614
100638.462705
100638.493452
100625.753277
100626.178821
100627.022713
100628.136475
100629.110554
100629.130118
100624.742715
100626.223056
100627.668222
100628.800791
100629.58929
100630.072278
100630.382309
100630.569179
100630.681678
100630.755242
100630.801673
100630.829353
100630.84845
100630.876398
100619.807495
100620.241831
100621.041387
100622.126105
100622.675329
100620.531566
100617.165428
100619.541805
100620.880187
100621.919044
100622.559677
100622.942575
100623.177861
100623.303166
100623.365541
100623.398617
100623.416708
100623.426139
100623.432999
100623.453552
100614.030089
100614.530028
100615.4244
100616.268668
100616.261781
100611.537666
100610.526083
100612.557973
100613.875773
100614.839134
100615.42434
100615.785859
100615.981896
100616.058921
100616.072378
100616.063162
100616.05063
100616.039731
100616.033513
100616.044156
100608.246695
100608.730054
100609.587457
100609.894461
100608.456284
100603.018363
100604.155968
100605.818344
100606.935312
100607.737024
100608.249224
100608.561432
100608.692115
100608.694738
100608.639693
100608.578199
100608.531039
100608.498774
100608.478874
100608.478019
100602.188094
100602.626232
100603.027574
100602.632767
100599.239721
100595.242984
100597.00792
100598.378938
100599.340167
100600.070922
100600.584424
100600.890465
100600.99344
100600.945993
100600.842539
100600.757173
100600.697344
100600.656576
100600.630755
100600.622169
100595.993102
100596.180967
100595.95411
100594.689568
100589.967085
100587.561329
100589.195995
100590.348788
100591.221337
100591.946734
100592.485453
100592.799881
100592.886769
100592.805083
100592.679764
100592.591263
100592.529192
100592.485651
100592.45807
100592.445445
100589.560519
100589.162319
100588.18692
100585.883572
100580.855077
100579.7
100581.10864
100582.104947
100582.908163
100583.575799
100584.072551
100584.369064
100584.436657
100584.334811
100584.194811
100584.097519
100584.02896
100583.981008
100583.950837
100583.935478
100582.739468
100581.534189
100579.727757
100576.319787
100571.772385
100571.487325
100572.718003
100573.616349
100574.304373
100574.821638
100575.228527
100575.525709
100575.611677
100575.511801
100575.351917
100575.238605
100575.159858
100575.104918
100575.070392
100575.052708
100575.382781
100573.354436
100570.709119
100566.379463
100562.778261
100563.044935
100564.131615
100564.899373
100565.366526
100565.654828
100565.984585
100566.326164
100566.449936
100566.338325
100566.128251
100565.972625
100565.866555
100565.79368
100565.748012
100565.725611
100567.262456
100564.492429
100561.101324
100556.303448
100553.713037
100554.211986
100555.123482
100555.644534
100555.759562
100555.838303
100556.203805
100556.653771
100556.819901
100556.662679
100556.367554
100556.137585
100555.982482
100555.877122
100555.811552
100555.78076
100558.153246
100554.743835
100550.716581
100545.908251
100544.014599
100544.484952
100545.098043
100545.183694
100544.964447
100545.066069
100545.629809
100546.195824
100546.358384
100546.126617
100545.738891
100545.420997
100545.204069
100545.057324
100544.966037
100544.923864
100547.781954
100543.654245
100538.970769
100534.256608
100532.702573
100533.043495
100533.267583
100533.033621
100532.839122
100533.187182
100533.942255
100534.523656
100534.619539
100534.294868
100533.820859
100533.418155
100533.137128
100532.946517
100532.828084
100532.77259
100535.53269
100530.465427
100524.958417
100520.175137
100518.916053
100519.185861
100519.23059
100519.02599
100519.062886
100519.621362
100520.470537
100521.021566
100521.043894
100520.652069
100520.133294
100519.688032
100519.369077
100519.15183
100519.017167
100518.951176
100520.458242
100514.064495
100507.209984
100502.55705
100502.260061
100502.731731
100502.85504
100502.808928
100503.038576
100503.751928
100504.697256
100505.257959
100505.27615
100504.910713
100504.426662
100504.007213
100503.700158
100503.488933
100503.358059
100503.289409
100501.739126
100493.350322
100485.268112
100481.884383
100482.859523
100483.791602
100484.184744
100484.383161
100484.830463
100485.721022
100486.755458
100487.353233
100487.440748
100487.181414
100486.817706
100486.495621
100486.253122
100486.083531
100485.977555
100485.915593
100479.501438
100469.381667
100462.173001
100460.598435
)
;

boundaryField
{
    emptyPatch
    {
        type            empty;
    }
    minY
    {
        type            calculated;
        value           nonuniform List<scalar> 0();
    }
    maxY
    {
        type            calculated;
        value           nonuniform List<scalar> 0();
    }
    maxX
    {
        type            calculated;
        value           nonuniform List<scalar> 
37
(
100785.342664
100774.206377
100767.122978
100764.281056
100762.711677
100760.614035
100757.437786
100753.161408
100747.820772
100741.413246
100734.214445
100726.418126
100717.972981
100709.000646
100699.811718
100690.514792
100681.163105
100671.975495
100663.11928
100654.614595
100646.411448
100638.493452
100630.876398
100623.453552
100616.044156
100608.478019
100600.622169
100592.445445
100583.935478
100575.052708
100565.725611
100555.78076
100544.923864
100532.77259
100518.951176
100503.289409
100485.915593
)
;
    }
    water_to_heater
    {
        type            calculated;
        value           nonuniform List<scalar> 
60
(
100780.736824
100779.767659
100779.19716
100777.88898
100777.450041
100775.699438
100775.320571
100773.560192
100772.948961
100771.245519
100770.747577
100769.02942
100768.502453
100766.802304
100765.908142
100763.178347
100761.101622
100759.375374
100756.971762
100755.100454
100739.387783
100737.087597
100681.182391
100625.765922
100628.264736
100626.479961
100626.624921
100625.450563
100625.610171
100624.683151
100624.7292
100624.044502
100623.848659
100622.967493
100621.988481
100621.076063
100618.877801
100617.858278
100614.676381
100609.797184
100601.717097
100599.643993
100597.49397
100595.395316
100595.959726
100593.860354
100595.505561
100593.961393
100591.691461
100590.628858
100589.009469
100588.043163
100586.619819
100585.677937
100584.538659
100583.156208
100583.18255
100582.002007
100582.938765
100580.964231
)
;
    }
    procBoundary1to0
    {
        type            processor;
        value           nonuniform List<scalar> 
41
(
100595.508572
100575.262623
100572.863109
100572.241217
100568.174616
100561.423546
100551.499035
100537.880167
100535.126154
100532.502312
100528.121225
100522.224412
100515.32378
100508.181566
100501.14062
100494.120402
100486.928887
100479.515081
100471.961191
100464.058146
100462.034822
100463.311619
100463.993043
100464.465252
100465.114575
100466.132785
100467.201181
100467.851823
100468.058851
100467.971372
100467.78164
100467.598518
100467.45337
100467.348135
100467.280829
100467.232768
100454.94998
100445.517925
100440.098802
100462.034822
100439.701338
)
;
    }
    procBoundary1to3
    {
        type            processor;
        value           nonuniform List<scalar> 
41
(
100782.467983
100782.468637
100782.454956
100782.633788
100783.095947
100783.849172
100784.763245
100785.747766
100786.902454
100787.96297
100789.06298
100789.548848
100788.8315
100781.258982
100781.262844
100781.26464
100781.267262
100781.274099
100781.289246
100781.311114
100781.311114
100788.654163
100789.227607
100789.454883
100789.589651
100790.496089
100791.444597
100792.219145
100792.925221
100793.594538
100794.194536
100794.783219
100795.434619
100796.104759
100796.715072
100797.215518
100797.536336
100797.713991
100797.80848
100797.85358
100797.795834
)
;
    }
}


// ************************************************************************* //
