/*--------------------------------*- C++ -*----------------------------------*\
| =========                 |                                                 |
| \\      /  F ield         | OpenFOAM: The Open Source CFD Toolbox           |
|  \\    /   O peration     | Version:  2312                                  |
|   \\  /    A nd           | Website:  www.openfoam.com                      |
|    \\/     M anipulation  |                                                 |
\*---------------------------------------------------------------------------*/
FoamFile
{
    version     2.0;
    format      ascii;
    arch        "LSB;label=32;scalar=64";
    class       volScalarField;
    location    "0.875/cooler";
    object      T;
}
// * * * * * * * * * * * * * * * * * * * * * * * * * * * * * * * * * * * * * //

dimensions      [0 0 0 1 0 0 0];

internalField   nonuniform List<scalar> 
750
(
300
300
300
300
300
300
300
300
300
300
300
300
300
300
300
300
300
300
300
300
300
300
300
300
300
300
300
300
300
300
300
300
300
300
300
300
300
300
300
300
300
300
300
300
300
300
300
300
300
300
300
300
300
300
300
300
300
300
300
300
300
300
300
300
300
300
300
300
300
300
300
300
300
300
300
300
300
300
300
300
300
300
300
300
300
300
300
300
300
300
300
300
300
300
300
300
300
300
300
300
300
300
300
300
300
300
300
300
300
300
300
300
300
300
300
300
300
300
300
300
300
300
300
300
300
300
300
300
300
300
300
300
300
300
300
300
300
300
300
300
300
300
300
300
300
300
300
300
300
300
300
300
300
300
300
300
300
300
300
300
300
300
300
300
300
300
300
300
300
300
300
300
300
300
300
300
300
300
300
300
300
300
300
300
300
300
300
300
300
300
300
300
300
300
300
300
300
300
300
300
300
300
300
300
300
300
300
300
300
300
300
300
300
300
300
300
300
300
300
300
300
300
300
300
300
300
300
300
300
300
300
300
300
300
300
300
300
300
300
300
300
300
300
300
300
300
300
300
300
300
300
300
300
300
300
300.000000001
300.000000001
300.000000001
300.000000001
300.000000001
300.000000002
300.000000002
300.000000002
300.000000002
300.000000002
300.000000004
300.000000004
300.000000004
300.000000005
300.000000005
300.000000009
300.000000009
300.00000001
300.00000001
300.00000001
300.000000019
300.00000002
300.00000002
300.000000021
300.000000021
300.000000042
300.000000043
300.000000044
300.000000044
300.000000045
300.00000009
300.000000093
300.000000094
300.000000095
300.000000096
300.000000192
300.000000197
300.0000002
300.000000203
300.000000204
300.000000403
300.000000411
300.000000418
300.000000422
300.000000425
300.000000819
300.000000835
300.000000847
300.000000855
300.000000859
300.000001617
300.000001639
300.000001655
300.000001665
300.00000167
300.000003106
300.000003097
300.000003091
300.000003085
300.000003081
300.000005756
300.000005563
300.000005431
300.000005344
300.0000053
300.000009704
300.000009102
300.000008688
300.000008421
300.000008289
300.000014306
300.000013193
300.00001241
300.000011906
300.000011657
300.000018441
300.000016951
300.000015874
300.00001517
300.000014822
300.000021485
300.000019826
300.000018602
300.000017795
300.000017393
300.000023565
300.000021854
300.000020581
300.000019736
300.000019315
300.000025011
300.000023288
300.000022
300.00002114
300.00002071
300.000025654
300.000024101
300.000022893
300.000022069
300.00002165
300.000025942
300.000024472
300.000023334
300.000022557
300.000022163
300.000025973
300.000024594
300.000023533
300.000022811
300.000022445
300.000026116
300.000024813
300.000023814
300.000023132
300.000022786
300.000026604
300.000025338
300.000024363
300.000023693
300.00002335
300.000027465
300.000026197
300.000025204
300.000024511
300.000024154
300.000028716
300.000027381
300.000026305
300.000025544
300.000025149
300.000030693
300.000028892
300.000027574
300.000026701
300.000026265
300.000032008
300.000030204
300.000028888
300.000028021
300.00002759
300.000033656
300.000031862
300.000030558
300.000029701
300.000029276
300.000035845
300.000034043
300.000032736
300.000031877
300.00003145
300.000038716
300.000036889
300.000035561
300.000034686
300.00003425
300.00004244
300.000040568
300.000039203
300.000038299
300.000037847
300.000047275
300.000045332
300.00004391
300.000042963
300.000042487
300.000053594
300.000051548
300.000050043
300.000049035
300.000048525
300.000061882
300.000059691
300.000058069
300.000056973
300.000056415
300.000072668
300.000070272
300.000068481
300.000067257
300.000066629
300.000086397
300.0000837
300.000081659
300.000080245
300.000079512
300.000103262
300.000100114
300.000097706
300.000096015
300.000095131
300.000123208
300.000119396
300.000116469
300.000114399
300.000113311
300.000147379
300.000142613
300.000138932
300.000136312
300.000134929
300.000176506
300.000170401
300.000165641
300.00016223
300.000160421
300.000210919
300.00020301
300.000196774
300.000192278
300.000189889
300.000250943
300.000240736
300.000232589
300.000226684
300.000223541
300.000296724
300.000283754
300.000273259
300.000265614
300.000261542
300.000348091
300.000331965
300.000318707
300.000309008
300.000303844
300.000404821
300.000385183
300.000368781
300.000356753
300.00035036
300.000466562
300.000443067
300.000423238
300.000408707
300.000401004
300.000532734
300.000505098
300.000481717
300.000464641
300.000455617
300.000602561
300.000570655
300.000543729
300.000524146
300.000513829
300.000674832
300.000638684
300.00060832
300.000586336
300.000574789
300.000748226
300.000707954
300.000674309
300.000650064
300.000637369
300.000821477
300.000777266
300.000740519
300.000714157
300.000700396
300.000893429
300.000845521
300.000805857
300.000777505
300.000762746
300.000963153
300.000911772
300.000869349
300.000839113
300.000823407
300.001029782
300.00097504
300.000929976
300.000897946
300.000881341
300.001092142
300.001033998
300.000986359
300.000952608
300.000935149
300.001149446
300.001087659
300.001037434
300.001002
300.000983713
300.001202023
300.001136017
300.001082962
300.001045715
300.001026535
300.001252264
300.001180656
300.001123878
300.001084245
300.001063883
300.001306712
300.001225746
300.001162788
300.001119248
300.001096966
300.001378303
300.001279215
300.001204574
300.001153954
300.00112831
300.001488884
300.001355038
300.001258098
300.00119441
300.001162898
300.001666613
300.00147235
300.001337837
300.001252371
300.001210782
300.001962188
300.001665209
300.001466174
300.001343622
300.00128521
300.002445423
300.001987707
300.001681775
300.001496578
300.001409598
300.003195034
300.002509589
300.002038387
300.001752515
300.001618782
300.004304715
300.003309831
300.002599955
300.002163047
300.00195753
300.005811524
300.004432184
300.003411833
300.002770989
300.002466098
300.007669746
300.005849895
300.004470398
300.003586739
300.003160884
300.009777505
300.00749911
300.00574365
300.004600866
300.004043714
300.012102902
300.009360355
300.007230105
300.005827809
300.0051377
300.014724733
300.011475248
300.008973274
300.007318416
300.006498355
300.01786113
300.014003568
300.011102628
300.009185482
300.008232263
300.021894265
300.017307673
300.01391424
300.011675298
300.010560663
300.027238171
300.021758878
300.017737433
300.01508402
300.013761943
300.034172701
300.027629723
300.022855389
300.019709526
300.01814316
300.043035073
300.035263799
300.029644124
300.02595165
300.024114531
300.054396663
300.045203811
300.038627971
300.034319416
300.032176498
300.068699102
300.058015468
300.050389141
300.045391788
300.0429047
300.086554457
300.074434383
300.065682711
300.059925568
300.05705545
300.109017925
300.095504019
300.085572525
300.078990696
300.075698112
300.137618369
300.122688624
300.111499019
300.10400929
300.100244641
300.174035566
300.157725101
300.145197645
300.136707309
300.132414795
300.220805288
300.202900014
300.188884005
300.179286427
300.174409697
300.281323221
300.26147796
300.245800754
300.234988168
300.229469089
300.360201963
300.338339291
300.320850466
300.308681119
300.302429869
300.463306536
300.439347201
300.419936375
300.406246999
300.399145029
300.595067775
300.569405397
300.548193716
300.532938674
300.524918352
300.760186787
300.733524918
300.710873854
300.694186542
300.685274805
300.966490372
300.939682849
300.916157292
300.898299463
300.888582731
301.227952643
301.202390499
301.178688636
301.159878703
301.149395056
301.562213239
301.540236923
301.517497313
301.498288146
301.487266098
301.984101805
301.968470426
301.94856309
301.930245412
301.919347634
302.496453701
302.489519402
302.474588585
302.458781273
302.448866109
303.077692
303.080737014
303.072744652
303.06105443
303.052993839
303.683818755
303.693839571
303.692970031
303.686055615
303.680268541
304.270341291
304.27068469
304.270947466
304.266225523
304.261597078
304.823508624
304.768721821
304.748913158
304.73648068
304.728815253
305.286498704
305.137490673
305.066212361
305.029999279
305.01306213
)
;

boundaryField
{
    emptyPatch
    {
        type            empty;
    }
    minY
    {
        type            zeroGradient;
    }
    maxY
    {
        type            zeroGradient;
    }
    maxX
    {
        type            zeroGradient;
    }
    cooler_to_water
    {
        type            compressible::turbulentTemperatureTwoPhaseRadCoupledMixed;
        refValue        nonuniform List<scalar> 
150
(
300
300
300
300
300
300
300
300
300
300
300
300
300
300
300
300
300
300
300
300
300
300
300
300
300
300
300
300
300
300
300
300
300
300
300
300
300
300
300
300
300
300
300
300
300
300
300
300
300
300
300
300
300
300
300
300
300
300
300.000000001
300.000000044
300.000000238
300.000000839
300.000003718
300.000014436
300.000035896
300.000060419
300.000076829
300.00008324
300.000084366
300.000083623
300.000082099
300.000079991
300.000077995
300.000076249
300.000075724
300.000076212
300.000077346
300.000078973
300.000081974
300.000085803
300.000090545
300.000096371
300.000103593
300.000112711
300.000124411
300.000139603
300.000159561
300.000186223
300.000222275
300.000270681
300.000334431
300.000416744
300.000520039
300.000644796
300.000789549
300.000951649
300.001127169
300.001311269
300.001500619
300.001697925
300.001906211
300.002119696
300.002328709
300.002526603
300.002714775
300.002899639
300.00309071
300.003304121
300.003564898
300.003921469
300.004486736
300.005477023
300.007233079
300.010297656
300.01541188
300.02334472
300.034887067
300.049492694
300.066160078
300.083430286
300.100682327
300.118516138
300.137952284
300.162504402
300.195347547
300.239463778
300.29057869
300.348399093
300.414307416
300.48724439
300.564598745
300.648688927
300.740394329
300.845527593
300.96388375
301.096077188
301.239127246
301.390641391
301.53769483
301.667945378
301.785673148
301.906119207
302.036680803
302.182714779
302.335517272
302.553429274
303.187149257
305.27971931
309.887734802
316.125321185
)
;
        refGradient     uniform 0;
        valueFraction   nonuniform List<scalar> 
150
(
0.0163695515255
0.0163695515255
0.0163695515255
0.0163695515255
0.0163695515255
0.0163695515255
0.0163695515255
0.0163695515255
0.0163695515255
0.0163695515255
0.0163695515255
0.0163695515255
0.0163695515255
0.0163695515255
0.0163695515255
0.0163695515255
0.0163695515255
0.0163695515255
0.0163695515255
0.0163695515255
0.0163695515255
0.0163695515255
0.0163695515255
0.0163695515255
0.0163695515255
0.0163695515255
0.0163695515255
0.0163695515255
0.0163695515255
0.0163695515255
0.0163695515255
0.0163695515255
0.0163695515255
0.0163695515255
0.0163695515255
0.0163695515255
0.0163695515255
0.0163695515255
0.0163695515255
0.0163695515255
0.0163695515255
0.0163695515255
0.0163695515255
0.0163695515255
0.0163695515255
0.0163695515255
0.0163695515255
0.0163695515255
0.0163695515255
0.0163695515255
0.0163695515255
0.0163695515255
0.0163695515255
0.0163695515255
0.0163695515255
0.0163695515255
0.0163695515255
0.0163695515255
0.0163695515255
0.0163695515255
0.0163695515255
0.0163695515255
0.0191977135692
0.0167782870172
0.0166394184765
0.0166727733446
0.016830579353
0.0171646733459
0.0177216083032
0.0184417939009
0.0163684183518
0.0163408419668
0.0162219865352
0.0160811147465
0.0160008338355
0.0159788921385
0.0161047803386
0.0247815143256
0.0238486353239
0.022868856134
0.0219319402987
0.0210779714531
0.020316383423
0.0196714488954
0.0191479342513
0.0187103746796
0.0183111080955
0.0179237942609
0.0175488635446
0.0172080946564
0.0169270986673
0.0167103816222
0.0165527225545
0.0164435313908
0.0163685138466
0.0162203776194
0.0159244214248
0.0156782198486
0.0157303747547
0.0159243902095
0.016062515734
0.0161372589147
0.0162007348757
0.0162524125999
0.0162707392403
0.0162650509616
0.0162615558322
0.0162589384682
0.0162571085397
0.016136313618
0.0158937382255
0.0158044783164
0.0159613307157
0.0161156872723
0.0161116383993
0.0153788193252
0.0138293403991
0.0126231437584
0.0122392384382
0.012925069983
0.0134194437056
0.01347207105
0.013509788351
0.014744135669
0.0160961804894
0.0163297316293
0.0167717817183
0.0173098629903
0.0180121684358
0.0183421855751
0.0179650087945
0.0171986181985
0.0164439852291
0.0153538294292
0.0146922284438
0.0150874589209
0.0149708493176
0.0152802002118
0.0157361932967
0.0160055854702
0.0167384733619
0.0185107451442
0.020780566476
0.0210100593593
0.0198372075231
0.0184986327986
0.0175084429261
0.0165843568192
0.0161170774811
0.0123667089861
)
;
        source          uniform 0;
        kappaMethod     solidThermo;
        Tnbr            T.liquid;
        region          solid;
        otherPhase      gas;
        value           nonuniform List<scalar> 
150
(
300
300
300
300
300
300
300
300
300
300
300
300
300
300
300
300
300
300
300
300
300
300
300
300
300
300
300
300
300
300
300
300
300
300
300
300
300
300
300
300
300
300
300
300
300
300
300
300
300
300
300
300.000000001
300.000000002
300.000000004
300.000000009
300.000000019
300.000000041
300.000000089
300.000000189
300.000000397
300.000000809
300.000001604
300.000003116
300.000005899
300.000010137
300.000015071
300.00001942
300.000022541
300.000024638
300.000026088
300.000026575
300.000026822
300.000026814
300.000026919
300.000027386
300.00002824
300.000029496
300.000031884
300.000033193
300.000034842
300.000037038
300.000039924
300.000043675
300.000048554
300.000054941
300.000063326
300.000074248
300.000088174
300.000105337
300.000125729
300.000150524
300.000180496
300.000216007
300.000257386
300.000304753
300.000357841
300.000416285
300.00047977
300.000547927
300.000619971
300.000694575
300.000770317
300.000845849
300.000919921
300.000991599
300.001060136
300.001124576
300.001184398
300.001240327
300.001295182
300.001357032
300.001442733
300.001579999
300.001804739
300.002177313
300.002764685
300.003631017
300.004873261
300.006548812
300.0086473
300.010995538
300.013534953
300.016388213
300.019988757
300.02467477
300.030687414
300.038450234
300.048289914
300.060838138
300.07632511
300.095086563
300.118242175
300.147473056
300.184291783
300.231669735
300.293550206
300.37329215
300.477405011
300.609829301
300.774653438
300.980145085
301.240443683
301.572015521
301.988265946
302.493333864
303.06813813
303.675216339
304.286765444
304.904100801
305.419742946
)
;
    }
}


// ************************************************************************* //
