/*--------------------------------*- C++ -*----------------------------------*\
| =========                 |                                                 |
| \\      /  F ield         | OpenFOAM: The Open Source CFD Toolbox           |
|  \\    /   O peration     | Version:  2312                                  |
|   \\  /    A nd           | Website:  www.openfoam.com                      |
|    \\/     M anipulation  |                                                 |
\*---------------------------------------------------------------------------*/
FoamFile
{
    version     2.0;
    format      ascii;
    arch        "LSB;label=32;scalar=64";
    class       volScalarField;
    location    "0.795/water";
    object      rhom;
}
// * * * * * * * * * * * * * * * * * * * * * * * * * * * * * * * * * * * * * //

dimensions      [1 -3 0 0 0 0 0];

internalField   nonuniform List<scalar> 
1503
(
914.964303793
948.227813314
985.150802029
996.198626558
999.264704925
999.882535867
999.984981707
999.998914728
999.999978242
999.999999822
999.999999999
1000
1000
1000
1000
1000
1000
1000
1000
1000
693.686878122
872.168942369
946.623685577
981.618419086
994.067591643
998.382643997
999.632723003
999.935999782
999.993634182
999.999856548
999.999999497
999.999999999
1000
1000
1000
1000
1000
1000
1000
1000
693.684098444
830.501074751
916.789930728
964.48889522
986.156059887
995.292884474
998.667284845
999.700122448
999.954685478
999.997436367
999.999986793
999.999999984
1000
1000
1000
1000
1000
1000
1000
1000
693.684812433
791.506662368
879.391212095
938.998466859
972.571533976
989.323007559
996.535111761
999.094789532
999.82713961
999.98286497
999.999723438
999.999999675
1000
1000
1000
1000
1000
1000
1000
1000
701.958491205
768.831090036
840.749574933
903.775160194
949.262187386
977.312487606
991.694799743
997.598601413
999.481184568
999.932102075
999.997290313
999.999995576
999.999999998
1000
1000
1000
1000
1000
1000
1000
715.610224664
760.178082322
811.343458843
866.26391253
916.680220752
955.937788479
981.089073153
993.770697863
998.517712843
999.776361524
999.985692186
999.999916103
999.999999958
1000
1000
1000
1000
1000
1000
1000
718.688745574
754.393581898
792.585301884
835.428138743
881.873749755
926.318433781
961.945049713
984.870981778
995.785998752
999.271996395
999.939502903
999.998892894
999.999999386
1000
1000
1000
1000
1000
1000
1000
715.720791999
750.096764594
782.197130496
814.63072407
852.817645626
894.8627373
935.506415451
968.409318455
988.966872606
997.634402384
999.747688319
999.991151859
999.999986533
999.999999996
1000
1000
1000
1000
1000
1000
714.831309688
747.738882467
773.189196722
798.711076333
829.730548715
866.649901826
906.696815604
945.012074831
975.47530543
992.979312736
998.960906226
999.941160203
999.999369375
999.999999823
1000
1000
1000
1000
1000
1000
715.613593882
746.340585376
764.957322353
784.596385121
810.319503291
842.982062008
879.947521314
918.529619774
954.785984012
982.425796857
996.19405552
999.65337607
999.991019327
999.999989495
999.999999998
1000
1000
1000
1000
1000
713.674955493
746.380918286
759.383512996
773.996333247
795.357437532
824.325259395
857.915883641
893.50096772
929.706319779
964.124569784
988.689450512
998.357131095
999.921720986
999.99931497
999.999999836
1000
1000
1000
1000
1000
715.459708949
747.770195083
759.485371146
772.247395628
789.788868259
813.606774459
842.406926058
872.804402778
904.810387729
940.070327997
974.00230486
994.221964567
999.53163912
999.990674136
999.999987942
999.999999997
1000
1000
1000
1000
713.748734156
751.570949184
762.77574563
775.20891526
791.758461692
812.502546596
834.390207478
857.953560321
884.205886495
916.101118096
953.898807611
985.364901993
998.126029359
999.935083924
999.999675917
999.999999838
1000
1000
1000
1000
715.61310136
758.043825265
769.065424232
782.76916133
798.231164562
815.035893663
831.278701977
848.496757494
869.604259715
897.494024344
934.198120155
972.58162155
994.877698448
999.723358586
999.997197353
999.999997448
999.999999999
1000
1000
1000
714.438498227
765.881494257
777.568935612
792.799417172
807.041783223
819.300505591
830.020606362
842.589257498
860.386556874
885.157237479
918.64176485
959.022719699
989.754883736
999.191766595
999.986715295
999.999979303
999.99999999
1000
1000
1000
715.720470905
772.269478516
784.752600013
798.68997248
810.503510996
820.036292287
828.134102366
838.21705845
854.069885502
875.924105568
905.669597613
945.840624327
983.049434761
998.146559761
999.953241202
999.999844334
999.999999926
1000
1000
1000
715.560964826
774.454614241
786.96791104
798.427718666
808.813660364
817.302833456
824.027899895
833.393269288
847.572958217
865.789647951
891.274190605
930.282314466
973.370251166
995.941753385
999.830663932
999.998602733
999.999999712
1000
1000
1000
719.438641462
771.89982999
783.540789669
791.485569182
799.748216925
808.271962085
816.617035709
826.646692469
838.404290917
851.914952793
872.34922075
908.086900653
956.092942425
990.156908031
999.268650972
999.986614051
999.99999102
1000
1000
1000
721.848238714
757.348550302
764.460001484
770.439339404
780.702291086
793.98613009
806.801555009
818.230360505
828.224939429
837.990439552
851.850247139
878.397852565
925.097853913
974.491693569
996.671946545
999.877994729
999.999231607
999.999999991
1000
1000
709.034289977
729.385958001
732.122001583
740.226326641
757.242191807
778.303887883
796.764452072
811.544368295
824.86766169
835.519686614
840.848864919
849.575500895
882.603690749
941.527728988
987.131428091
999.119307395
999.986113366
999.999991637
1000
1000
686.599053132
708.849691187
708.024807684
716.334652342
736.669724193
763.912663014
788.529158096
808.670002277
825.6095069
837.748452826
840.967460057
841.01550071
851.640963395
898.889750349
964.446197379
995.66328605
999.865192238
999.999315354
999.999999978
1000
687.535378396
703.810173289
703.873898773
707.179074059
724.418255823
754.004459803
783.608630721
808.53577793
829.183277418
844.568187178
844.562783645
841.067901108
841.118856611
868.299139515
933.843356399
986.627240701
999.241922602
999.990949829
999.999998614
1000
685.23787694
703.828172466
703.914723804
706.181736249
721.732805056
751.221687426
783.059320444
811.03784038
837.034971685
852.149118658
851.164640492
843.794320291
841.17129211
855.931718104
910.154947758
973.205272399
997.514744085
999.948945421
999.999885563
999.999999995
687.417784661
705.046183241
703.986768598
706.085957217
721.928949214
751.872130243
785.488631649
818.830364949
847.928598714
852.774950782
852.706946286
850.510664767
843.314296909
853.144994795
897.223620832
960.630428164
994.724064945
999.835760235
999.999144331
999.999999752
685.078616032
708.393378474
704.031383466
707.11086989
724.741598316
756.581672662
794.020700787
831.722070809
852.715978974
852.706901704
852.961159972
852.706929875
849.675899029
853.309067645
889.028390001
950.924083051
991.547514003
999.637899007
999.997085847
999.999997629
687.417716949
713.258020027
705.707333092
711.376569535
732.335627088
767.54982458
808.485686374
845.947158755
852.706843551
853.026091746
852.70689632
853.101559945
852.706906725
852.260526484
880.363148501
941.824895122
987.94922015
999.327499314
999.992690568
999.999989805
685.16800275
719.205885381
712.165534944
719.910559306
744.359415142
783.106468964
825.056179089
852.566815066
852.905867036
852.70684961
853.323529088
852.706878632
853.118740414
841.038797323
866.458867463
929.763428801
982.60991302
998.735607588
999.98209878
999.999963596
687.425738783
725.997280913
722.166771643
732.477040932
759.810166232
800.067075633
840.139410555
852.798684423
852.706790239
853.318324316
852.706842043
853.561157003
845.632450958
822.718599243
849.230717011
911.246895319
972.860897978
997.369095657
999.951127501
999.999859022
686.133185947
733.051164268
732.474992214
747.351923921
777.212670084
816.000144512
850.1299261
852.706712767
853.214897122
852.706794124
853.594064768
852.706820211
827.224246576
821.653791937
831.682392011
884.736273015
956.534186728
994.382420079
999.857306234
999.999423675
687.572382411
740.009272195
743.484074047
763.060345301
794.364668391
829.384069096
852.706593244
853.007783695
852.706735387
853.594017351
852.706782558
843.221540313
821.482520023
821.92583627
821.797380178
860.105532502
935.621345198
988.848979586
999.587370177
999.997610743
687.026717276
748.738396307
755.782189603
777.125148698
807.272449555
837.576264722
852.817479249
852.7066586
853.464570181
852.706733654
853.61172759
822.359000362
821.925797558
821.538776567
821.925797434
845.127148173
914.637204577
980.219158123
998.894535006
999.990354481
687.616442666
760.041981296
768.314247561
787.021312866
813.181160791
839.253675939
852.706539657
853.238939966
852.706673084
853.568365721
830.849215696
821.925752448
821.559932976
821.925756357
821.784592131
836.474048523
895.858510651
968.189875366
997.296025291
999.96287933
695.803635912
770.192443784
775.723237162
790.065293211
813.661318091
837.109353032
849.400924068
848.365143226
843.822723999
835.690564695
828.684259745
824.454189942
821.925711796
821.785816371
821.925711393
831.524347535
878.93883789
951.983638602
993.865656495
999.862957523
713.890247749
770.525859562
771.053528797
783.365070366
806.710535731
826.127217601
831.915405529
829.297217728
828.248418408
834.204002724
838.228218048
836.947332607
828.925441555
823.646905375
822.480727419
829.588296689
862.473578673
930.157681975
986.93741618
999.521237776
725.407028142
756.518765818
746.987243479
753.864796821
780.557275394
803.675992795
811.736413399
816.810040905
827.842275841
841.936699106
852.668350344
852.19294485
843.692096018
833.811519202
829.026359658
828.727011634
840.159211127
899.320528037
973.738703867
998.438840748
723.289095302
725.844355569
705.584375332
706.462171524
734.741717377
770.702019998
793.065365278
809.635562169
828.301304173
848.859036397
860.904617889
861.524192379
856.815827819
848.974241338
839.554359154
825.893187721
820.100736768
866.724847566
951.352698011
995.1778595
712.853592977
698.555774863
676.841297019
675.912708118
692.085111318
729.649220371
767.758700685
797.441504319
824.631610328
848.766375931
863.755509983
865.503266288
863.271308907
859.187387832
847.496289936
822.175333096
818.655645832
842.281832199
921.132871294
987.083815199
697.741088309
683.942714026
672.958877726
672.520830876
673.785570444
696.937255645
736.877417449
777.125012766
813.761348808
845.666394167
864.515704186
867.466887664
865.872161122
863.255727265
852.845891139
823.240293214
818.621687978
827.389080849
891.587183354
972.539104364
1000
1000
1000
1000
1000
1000
1000
1000
1000
1000
1000
1000
1000
1000
1000
1000
1000
1000
1000
1000
1000
1000
1000
1000
1000
1000
1000
1000
1000
1000
1000
1000
1000
1000
1000
1000
1000
1000
1000
1000
1000
1000
1000
1000
1000
1000
1000
1000
1000
1000
1000
1000
1000
1000
1000
1000
1000
1000
1000
1000
1000
1000
1000
1000
1000
1000
1000
1000
1000
1000
1000
1000
1000
1000
1000
1000
1000
1000
1000
1000
1000
1000
1000
1000
1000
1000
1000
1000
1000
1000
1000
1000
1000
1000
1000
1000
1000
1000
1000
1000
1000
1000
1000
1000
1000
1000
1000
1000
1000
1000
1000
1000
1000
1000
1000
1000
1000
1000
1000
1000
1000
1000
1000
1000
1000
1000
1000
1000
1000
1000
1000
1000
1000
1000
1000
1000
1000
1000
1000
1000
1000
1000
1000
1000
1000
1000
1000
1000
1000
1000
1000
1000
1000
1000
1000
1000
1000
1000
1000
1000
1000
1000
1000
1000
1000
1000
1000
1000
1000
1000
1000
1000
1000
1000
1000
1000
1000
1000
1000
1000
1000
1000
1000
1000
1000
1000
1000
1000
1000
1000
1000
1000
1000
1000
1000
1000
1000
1000
1000
1000
1000
1000
1000
1000
1000
1000
1000
1000
1000
1000
1000
1000
1000
1000
1000
1000
1000
1000
1000
1000
1000
1000
1000
1000
1000
1000
1000
1000
1000
1000
1000
1000
1000
1000
1000
1000
1000
1000
1000
1000
1000
1000
1000
1000
1000
1000
1000
1000
1000
1000
1000
1000
1000
1000
1000
1000
1000
1000
1000
1000
1000
1000
1000
1000
1000
1000
1000
1000
1000
1000
1000
1000
1000
1000
1000
1000
1000
1000
1000
1000
1000
1000
1000
1000
1000
1000
1000
1000
1000
1000
1000
1000
1000
1000
1000
1000
1000
1000
1000
1000
1000
1000
1000
1000
1000
1000
1000
1000
1000
1000
1000
1000
1000
1000
1000
1000
1000
1000
1000
1000
1000
1000
1000
1000
1000
1000
1000
1000
1000
1000
1000
1000
1000
1000
1000
1000
1000
1000
1000
1000
1000
1000
1000
1000
1000
1000
1000
1000
1000
1000
1000
1000
1000
1000
1000
1000
1000
1000
1000
1000
1000
1000
1000
1000
1000
1000
1000
1000
1000
1000
1000
1000
1000
1000
1000
1000
1000
1000
1000
1000
1000
1000
1000
1000
1000
1000
1000
1000
1000
1000
1000
1000
1000
1000
1000
1000
1000
1000
1000
1000
1000
1000
1000
1000
1000
1000
1000
1000
1000
1000
1000
1000
1000
1000
1000
1000
1000
1000
1000
1000
1000
1000
1000
1000
1000
1000
1000
1000
1000
1000
1000
1000
1000
1000
1000
1000
1000
1000
1000
1000
1000
1000
1000
1000
1000
1000
1000
1000
1000
1000
1000
1000
1000
1000
1000
1000
1000
1000
1000
1000
1000
1000
1000
1000
1000
1000
1000
1000
1000
1000
1000
1000
1000
1000
1000
1000
1000
1000
1000
1000
1000
1000
1000
1000
1000
1000
1000
1000
1000
1000
1000
1000
1000
1000
1000
1000
1000
1000
1000
1000
1000
1000
1000
1000
1000
1000
1000
1000
1000
1000
1000
1000
1000
1000
1000
1000
1000
1000
1000
1000
999.999999998
1000
1000
1000
1000
1000
1000
1000
1000
1000
1000
1000
1000
1000
1000
1000
1000
1000
1000
1000
999.999999987
1000
1000
1000
1000
1000
1000
1000
1000
1000
1000
1000
1000
1000
1000
1000
1000
1000
1000
1000
999.999999912
1000
1000
1000
1000
1000
1000
1000
1000
1000
1000
1000
1000
1000
1000
1000
1000
1000
1000
1000
999.999999396
1000
1000
1000
1000
1000
1000
1000
1000
1000
1000
1000
1000
1000
1000
1000
1000
1000
1000
1000
999.999996502
1000
1000
1000
1000
1000
1000
1000
1000
1000
1000
1000
1000
1000
1000
1000
1000
1000
1000
1000
999.999980609
1000
1000
1000
1000
1000
1000
1000
1000
1000
1000
1000
1000
1000
1000
1000
1000
1000
1000
1000
999.999852262
1000
1000
1000
1000
1000
1000
1000
1000
1000
1000
1000
1000
1000
1000
1000
1000
1000
1000
1000
999.998786976
1000
1000
1000
1000
1000
1000
1000
1000
1000
1000
1000
1000
1000
1000
1000
1000
1000
1000
1000
999.990729043
1000
1000
1000
1000
1000
1000
1000
1000
1000
1000
1000
1000
1000
1000
1000
1000
1000
1000
1000
999.934153111
999.99999172
1000
1000
1000
1000
1000
1000
1000
1000
1000
1000
1000
1000
1000
1000
1000
1000
1000
1000
999.619491861
999.99953921
1000
1000
1000
1000
1000
1000
1000
1000
1000
1000
1000
1000
1000
1000
1000
1000
1000
1000
998.429746903
999.992248685
1000
)
;

boundaryField
{
    emptyPatch
    {
        type            empty;
    }
    minY
    {
        type            calculated;
        value           uniform 1000;
    }
    maxY
    {
        type            calculated;
        value           nonuniform List<scalar> 0();
    }
    water_to_cooler
    {
        type            calculated;
        value           nonuniform List<scalar> 
37
(
1000
1000
1000
1000
1000
1000
1000
1000
1000
1000
1000
1000
1000
1000
1000
1000
1000
1000
1000
1000
1000
1000
1000
1000
1000
1000
1000
1000
1000
1000
1000
1000
1000
1000
1000
1000
1000
)
;
    }
    water_to_heater
    {
        type            calculated;
        value           nonuniform List<scalar> 
61
(
914.906289868
693.519472346
693.519526079
693.519719665
693.51974378
693.519503675
693.51951383
701.794819879
715.450244516
718.528806611
718.528803119
715.558925488
715.558921403
714.668845791
714.668841809
715.451609344
713.512031417
715.297917974
715.297916032
713.586113451
713.58611217
715.451545963
715.451544705
714.276240269
715.558781654
715.398771366
715.398769765
719.277372701
719.277370654
721.687741127
721.687738439
708.869438992
686.426245905
687.364373063
687.364369726
685.066026525
685.066022993
687.247181464
687.247177537
684.906825543
687.247145824
684.996207322
684.99620338
687.254965141
687.254961161
685.961537439
685.961533114
687.40130604
686.855273715
687.444760415
687.444755756
695.633773034
695.633767931
713.72639932
713.726393328
725.247130379
723.127724093
712.688229377
712.688220268
697.570666053
697.57065354
)
;
    }
    procBoundary2to3
    {
        type            processor;
        value           nonuniform List<scalar> 
41
(
689.602612886
678.886195717
672.31682402
672.970770684
672.620769136
682.321216178
714.040846334
757.977217593
802.032451901
841.414745634
864.687588578
868.73918427
867.25676991
864.904184113
857.097482173
828.199439609
818.587734915
820.057075238
869.736995774
953.913411467
1000
1000
1000
1000
1000
1000
1000
1000
1000
1000
1000
1000
1000
1000
1000
1000
1000
995.385607507
999.939183498
1000
1000
)
;
    }
}


// ************************************************************************* //
