/*--------------------------------*- C++ -*----------------------------------*\
| =========                 |                                                 |
| \\      /  F ield         | OpenFOAM: The Open Source CFD Toolbox           |
|  \\    /   O peration     | Version:  2312                                  |
|   \\  /    A nd           | Website:  www.openfoam.com                      |
|    \\/     M anipulation  |                                                 |
\*---------------------------------------------------------------------------*/
FoamFile
{
    version     2.0;
    format      ascii;
    arch        "LSB;label=32;scalar=64";
    class       volScalarField;
    location    "0.41/water";
    object      p_rgh;
}
// * * * * * * * * * * * * * * * * * * * * * * * * * * * * * * * * * * * * * //

dimensions      [1 -1 -2 0 0 0 0];

internalField   nonuniform List<scalar> 
750
(
100575.177236
101235.807802
101505.221643
101561.060808
101598.566455
101620.366588
101634.219483
101614.156707
101582.638204
101313.21781
101323.107006
101114.519018
100866.613971
100845.176622
100955.591141
101080.284041
101214.352955
101291.581081
101317.096232
101324.453042
101329.850105
101329.484511
101314.379329
101268.209784
101193.360894
101138.9923
101139.683044
101249.551509
101281.598981
101266.84366
100855.37675
100495.897459
100398.190861
100416.851314
100457.262518
100511.758132
100611.269453
100747.65388
100929.363569
101073.057286
101150.941885
101196.499906
101205.833588
101211.55028
101187.426532
101088.439824
100956.411877
100912.613947
100952.428355
101128.32305
100372.44245
100263.199562
100251.935678
100266.781941
100297.124208
100348.812797
100427.337798
100536.83518
100696.001321
100866.710257
100987.231722
101061.116144
101112.203382
101126.663592
101092.398147
100951.092795
100756.024554
100615.485951
100471.858123
100607.814727
100240.662109
100231.251321
100231.384567
100247.522698
100294.963205
100378.426596
100497.782338
100646.490962
100812.72712
100945.488968
101012.292503
101028.977808
100996.079594
100852.09001
100638.0763
100479.951689
100406.498731
100366.039045
100323.886891
100343.863722
100231.022916
100231.051551
100231.540337
100257.775346
100342.637415
100498.680826
100701.463111
100903.303689
101014.794242
101014.500251
101006.741907
100835.872782
100574.717684
100403.327199
100335.425526
100315.923568
100312.375958
100311.736234
100310.832077
100311.116682
100231.330649
100231.378474
100239.704422
100300.702454
100452.018395
100695.182843
100962.703156
101075.295563
101074.331787
100968.933857
100663.213674
100413.296599
100325.901735
100312.264603
100312.309096
100312.258871
100312.311644
100312.28581
100312.312805
100312.284732
100231.656505
100242.143383
100272.789633
100381.357911
100595.094676
100899.787213
101121.822432
101120.693346
100975.755703
100585.745267
100354.116586
100313.904434
100313.822827
100313.903415
100313.83521
100313.901245
100313.863228
100313.90005
100313.883836
100313.899696
100241.170675
100284.591542
100343.935551
100483.608592
100734.415075
101054.714361
101174.951571
101068.336512
100640.520592
100353.278426
100315.515873
100315.414383
100315.50944
100315.405404
100315.50367
100315.438855
100315.500157
100315.473421
100315.498749
100315.465971
100279.443994
100372.616668
100445.852652
100601.721733
100869.845111
101175.875857
101203.881755
100901.617142
100431.758144
100318.257841
100317.018009
100317.07212
100316.938938
100317.061597
100316.955818
100317.054963
100317.006312
100317.051695
100317.036006
100317.050952
100353.439715
100485.84483
100554.776853
100728.941321
101004.913674
101270.771248
101255.543338
100822.154178
100407.447338
100333.330351
100318.97179
100318.456289
100318.53234
100318.379481
100318.516508
100318.419489
100318.508461
100318.486224
100318.505598
100318.48198
100445.738786
100561.460607
100628.227435
100804.81521
101067.259222
101296.464117
101300.394836
100920.736147
100489.576976
100421.740018
100382.815649
100339.100534
100319.619888
100319.709563
100319.555347
100319.697013
100319.630633
100319.691878
100319.790323
100319.691105
100564.459943
100581.7434
100644.510495
100810.61868
101062.086861
101309.587923
101323.007549
101042.334106
100637.210088
100589.458783
100507.954913
100389.627931
100321.013835
100319.944898
100320.077786
100319.988693
100320.08686
100320.087569
100332.709543
100324.944485
100827.490413
100588.081728
100664.6637
100829.438952
101073.868386
101316.410039
101287.353612
100914.156194
100667.120814
100658.16752
100549.645073
100399.035856
100320.43569
100320.177367
100320.110997
100320.198864
100320.156736
100325.760172
100374.074131
100433.068582
101252.353796
100771.177722
100770.321787
100908.118829
101091.335896
101101.257336
100862.319028
100666.99013
100642.309926
100573.33531
100462.254558
100368.359612
100321.037031
100320.199051
100320.266774
100320.219931
100320.303853
100346.32334
100461.430991
100851.174665
101512.394435
101258.34744
101106.400865
100896.051419
100707.964653
100639.313539
100576.738146
100547.011505
100502.951425
100443.24325
100388.840198
100346.939662
100324.337847
100320.543167
100320.534793
100325.388472
100346.612995
100442.066094
100797.542094
101236.279863
101594.256971
101561.249042
101479.701333
100864.922849
100515.585497
100515.504854
100501.355252
100475.676621
100437.506628
100403.987907
100378.781963
100358.665937
100348.01738
100345.663043
100351.686367
100376.429649
100459.732831
100749.359105
101221.576332
101414.914111
101617.980403
101612.3594
101575.764565
100998.246195
100520.521675
100521.878523
100517.754984
100507.417844
100473.467405
100438.666178
100422.739823
100417.197571
100417.12616
100425.276554
100452.459603
100520.484882
100735.09317
101137.050521
101471.647272
101547.525089
101632.849252
101630.898269
101616.738716
101317.053742
100691.311402
100599.369932
100593.745721
100595.595509
100567.743954
100558.453818
100556.574925
100555.327441
100562.336556
100595.779796
100675.049837
100837.768379
101108.010288
101416.129581
101568.021041
101568.159106
101614.737128
101615.682196
101612.523275
101559.821152
101215.62397
100977.241549
100787.835525
100631.214822
100581.498234
100687.514332
100709.063198
100746.028035
100796.728764
100878.778026
101007.18853
101180.518062
101375.367127
101526.98835
101559.51558
101559.095009
101588.348972
101587.500228
101575.51969
101525.321748
101413.008276
101362.634599
100969.232221
100489.184731
100461.022213
100512.517094
100653.811844
100841.958758
101019.24292
101155.637559
101269.274036
101366.137564
101440.954385
101506.98463
101538.375926
101537.839904
101510.525354
101552.722141
101511.315848
101491.833008
101486.532729
101482.677325
100730.868497
100276.982518
100281.900528
100285.611793
100389.526925
100640.0723
100973.231099
101270.649705
101407.965815
101474.661794
101510.322303
101539.991448
101548.752257
101548.392649
101142.495333
101451.749472
101496.350583
101513.653893
101559.505754
101523.638544
100396.142111
100138.266926
100150.339151
100152.121572
100212.573931
100395.215159
100806.993211
101265.790459
101455.274238
101523.006134
101552.412634
101568.625615
101568.648512
101568.458136
100704.235266
101282.476494
101519.973543
101584.887513
101633.020016
101498.415255
100228.016115
100116.342457
100116.481155
100128.353578
100182.967405
100349.834584
100769.308878
101226.990459
101432.961515
101501.183992
101541.663893
101584.803468
101591.70071
101591.564331
100506.879952
101243.987477
101576.974833
101660.114605
101665.091973
101206.952156
100150.713953
100116.425944
100117.965288
100138.071619
100197.335713
100392.800287
100818.949856
101191.589068
101359.12978
101423.650756
101467.579956
101544.064059
101612.278219
101615.362997
100471.466162
101285.888906
101619.12088
101687.827403
101684.37649
100813.25936
100121.7733
100118.89777
100135.252785
100170.296369
100238.144152
100478.465053
100914.310871
101199.358925
101298.084903
101337.953868
101368.80142
101456.098713
101587.828181
101639.351982
100547.284486
101291.584857
101621.217523
101715.639171
101666.280375
100460.676091
100123.967811
100141.286375
100177.181698
100227.287801
100299.626175
100559.063407
100977.102226
101230.601879
101281.799653
101276.144231
101273.258002
101337.755152
101531.424136
101663.690874
100721.349068
101265.756095
101563.211086
101730.047528
101316.996828
100240.173922
100154.920281
100191.809779
100241.769874
100302.806346
100393.997809
100642.554408
100989.265044
101231.294749
101291.066028
101249.682901
101178.715871
101180.337786
101414.046968
101688.023993
100994.413382
101335.265088
101584.567464
101528.237183
100480.418026
100225.984269
100223.049004
100266.324649
100323.492168
100398.780822
100534.761986
100766.312895
101005.757267
101191.368712
101275.513667
101242.60547
101099.922643
100992.742108
101111.60718
101710.941797
101380.061027
101376.830596
101230.853672
100500.151217
100322.463913
100287.25315
100320.519741
100367.159954
100436.012401
100534.954036
100687.408521
100868.92377
101015.703018
101123.118283
101177.722111
101162.594254
101044.533156
100853.18896
100646.173977
101532.442036
101392.753925
101191.773533
100511.586585
100438.465126
100406.73094
100421.982641
100453.480312
100494.207741
100591.75632
100698.732617
100793.66798
100860.51113
100897.230991
100888.822019
100840.604767
100740.340192
100603.05056
100545.82703
100517.742538
101103.773394
101294.468454
100614.592423
100520.781754
100507.168329
100530.22749
100568.530695
100593.12538
100631.351234
100687.318919
100717.282059
100732.18129
100708.533477
100656.945543
100592.080994
100531.025618
100511.351872
100511.364543
100511.398009
100518.533603
101094.349149
100612.382778
100451.252616
100495.396425
100550.307445
100586.638894
100632.183603
100658.140241
100688.668508
100723.355861
100744.907079
100755.617509
100750.600434
100715.755589
100654.866872
100589.838549
100547.310767
100528.879865
100567.013031
100804.387356
101110.072688
100374.143969
100319.055533
100395.796577
100458.794002
100490.389232
100557.909301
100626.656816
100710.732051
100776.065323
100847.663249
100938.705444
101003.349927
101014.878166
100979.317057
100900.142089
100809.591319
100755.873018
100817.367489
100963.162468
101107.479882
100361.75434
100205.962119
100241.652162
100280.139386
100308.857988
100354.810059
100408.703742
100545.865071
100768.633882
100973.390406
101149.477382
101298.342322
101371.566876
101383.159797
101346.050141
101253.851809
101149.175239
101070.973338
101001.184244
101062.038018
100434.116801
100143.884001
100140.142777
100142.358644
100150.268328
100167.79498
100202.102689
100303.066327
100541.51408
100970.154999
101297.569746
101474.626549
101583.284047
101638.802367
101647.206801
101585.1157
101467.507983
101314.847306
101047.889119
100720.905062
100525.570202
100137.621285
100111.489974
100091.914614
100084.041022
100085.021469
100096.852281
100143.328897
100277.492526
100843.270354
101409.921729
101615.495791
101703.646427
101760.426178
101781.327032
101750.937178
101653.79341
101478.66547
101201.856944
100727.811501
100663.069484
100153.428959
100112.881795
100084.079122
100070.195921
100066.538931
100071.152189
100096.828397
100168.681152
100661.055869
101532.988981
101789.140226
101812.090824
101812.205947
101812.303461
101812.40197
101812.570564
101689.71615
101357.638028
100755.721206
)
;

boundaryField
{
    emptyPatch
    {
        type            empty;
    }
    minY
    {
        type            zeroGradient;
    }
    maxY
    {
        type            prghTotalPressure;
        U               U.gas;
        p0              uniform 100000;
        value           nonuniform List<scalar> 
20
(
100668.856554
100154.126706
100113.285437
100084.266215
100070.267144
100066.566463
100071.197338
100097.039524
100169.372668
100665.217523
101543.000796
101800.521555
101823.378822
101823.379936
101823.380899
101823.381911
101823.382988
101699.33649
101365.096839
100760.453196
)
;
    }
    maxX
    {
        type            fixedFluxPressure;
        gradient        uniform 0;
        value           nonuniform List<scalar> 
37
(
101266.84366
101128.32305
100607.814727
100343.863722
100311.116682
100312.284732
100313.899696
100315.465971
100317.050952
100318.48198
100319.691105
100324.944485
100433.068582
100851.174665
101236.279863
101414.914111
101547.525089
101568.159106
101559.095009
101537.839904
101548.392649
101568.458136
101591.564331
101615.362997
101639.351982
101663.690874
101688.023993
101710.941797
101532.442036
101103.773394
101094.349149
101110.072688
101107.479882
101062.038018
100720.905062
100727.811501
100755.721206
)
;
    }
    water_to_heater
    {
        type            fixedFluxPressure;
        gradient        nonuniform List<scalar> 0();
        value           nonuniform List<scalar> 0();
    }
    procBoundary2to1
    {
        type            processor;
        value           nonuniform List<scalar> 
20
(
101613.909514
101605.682065
101505.019586
101350.11652
101370.536155
101466.225531
101503.969397
101507.903278
101503.787977
101486.520949
101464.244127
101436.624748
101400.29058
101356.861526
101324.858379
101321.919697
101382.92105
101454.793083
101453.335137
101361.421027
)
;
    }
    procBoundary2to3
    {
        type            processor;
        value           nonuniform List<scalar> 
39
(
101332.034227
100954.28769
100412.757246
100251.57243
100240.370219
100237.619809
100236.813732
100238.735215
100247.975099
100284.363554
100375.190747
100375.190747
100604.999741
101339.255741
101509.448577
101561.450654
101599.148108
101620.793511
101634.442338
101613.848325
101574.116162
101060.333266
100790.408247
100790.408247
100312.844922
100117.826278
100099.985627
100183.3947
100412.076921
100584.188549
100872.849397
101394.615239
101389.43172
100709.620364
100415.914167
100606.060053
101312.437689
101173.858181
100834.670061
)
;
    }
}


// ************************************************************************* //
