/*--------------------------------*- C++ -*----------------------------------*\
| =========                 |                                                 |
| \\      /  F ield         | OpenFOAM: The Open Source CFD Toolbox           |
|  \\    /   O peration     | Version:  2312                                  |
|   \\  /    A nd           | Website:  www.openfoam.com                      |
|    \\/     M anipulation  |                                                 |
\*---------------------------------------------------------------------------*/
FoamFile
{
    version     2.0;
    format      ascii;
    arch        "LSB;label=32;scalar=64";
    class       volScalarField;
    location    "0.185/water";
    object      km;
}
// * * * * * * * * * * * * * * * * * * * * * * * * * * * * * * * * * * * * * //

dimensions      [0 2 -2 0 0 0 0];

internalField   nonuniform List<scalar> 
1504
(
2.04502917625
0.835995848495
0.370660160947
0.179903904066
0.095602708913
0.0547644734267
0.0333145856315
0.0215552773579
0.0148975870555
0.010678125322
0.00743550171725
0.00448823783619
0.00216314301068
0.00114000399263
0.000817705116575
0.000645532331556
0.000519527922231
0.000415056393471
0.000307331458892
0.000177105248415
2.01367197104
0.822161242183
0.366284496679
0.179880906387
0.0965297466076
0.05514060676
0.0330806216907
0.021150220392
0.0145045990806
0.0103457988468
0.00723200575545
0.00446227378875
0.00219806667105
0.00108515801
0.000713765232323
0.000536022657446
0.000424795569919
0.000342735028458
0.00026343565918
0.00016677338998
1.91669190308
0.784530641248
0.35792774623
0.181233836815
0.0985029321343
0.0554759960489
0.0324936720309
0.0204740542338
0.0139638868096
0.00997109644127
0.00705841014131
0.00447810882489
0.0022674906136
0.00104218555338
0.000607217737226
0.000422297726716
0.000322607595725
0.000257875118413
0.000209218610109
0.000145835311923
1.72764428148
0.731570596146
0.353813363287
0.186969349075
0.101169252313
0.0546905841272
0.0310108061786
0.019434344756
0.0133638628693
0.00965110383271
0.00695629143282
0.00453760247386
0.00236031286343
0.00101396583229
0.000506485893449
0.000313796042676
0.000226441489069
0.000176232677259
0.00014973533355
0.000118151503211
1.51143956581
0.703819850465
0.366758239221
0.197713797832
0.101709689971
0.0520226243457
0.0292229005526
0.0185323955463
0.0128724813317
0.00939775736583
0.00688423632592
0.00458779547877
0.00244328161053
0.000999132914695
0.00042176248096
0.000224801536396
0.000152723110021
0.000115742824107
0.00010242487298
8.93489257835e-05
1.41072528003
0.739243106028
0.402749161786
0.20756695391
0.100684952522
0.0500418476576
0.028022696516
0.0178711552434
0.0124699369683
0.00917788828844
0.0067880510102
0.00459557691466
0.00249756966197
0.000989761706477
0.000358950622273
0.000162786220473
0.000108839818796
8.40104280261e-05
7.45314382763e-05
6.65372758057e-05
1.53861857001
0.853939078728
0.451508951138
0.220263068926
0.102248635112
0.0500449916968
0.0278206231165
0.0175836470445
0.0122003167484
0.00898738399887
0.00668134487549
0.00458371093995
0.002538736549
0.000996008774327
0.000318830082281
0.000126827957645
8.84251272934e-05
7.18405185547e-05
6.3063731704e-05
5.41652483672e-05
1.87669270259
1.03389225985
0.512775339765
0.240123609483
0.111558789639
0.0548054000964
0.029721160081
0.0180927289076
0.0122373764742
0.0089244779404
0.00665442488948
0.00462606204429
0.00261302737771
0.00102852829527
0.000304920565154
0.000110153645463
8.04228475628e-05
6.84786392222e-05
5.99053530031e-05
4.97087761406e-05
2.48793692537
1.25006880342
0.585725199191
0.281534027488
0.137640818806
0.0688939893489
0.0359388269441
0.0203169278405
0.0129530304017
0.00919630336151
0.00684432533682
0.00483449115705
0.00279994996149
0.00111514600739
0.0003198646924
0.000106837767756
7.79870245943e-05
6.82443890944e-05
5.98636642838e-05
4.99811463863e-05
3.16052304415
1.45150236735
0.726103104209
0.3734696484
0.192775042984
0.0981687307479
0.0494235707758
0.0255743789798
0.01484005977
0.00999897116578
0.00735605405868
0.00528743858163
0.0031782778967
0.00130803005104
0.000374688830438
0.000114688116421
7.85579124628e-05
6.91299025468e-05
6.08191620257e-05
5.21051504649e-05
3.41467313874
1.55255691142
0.80628410506
0.455929998261
0.264154045921
0.145017212153
0.0699397293775
0.0343188985268
0.0182400961709
0.0114394063016
0.00819791442652
0.00597129477169
0.00376181920798
0.00166033218865
0.000494273563267
0.000139660374567
8.27220342137e-05
7.08507804651e-05
6.23481651761e-05
5.44909607983e-05
3.29302371849
1.50906260655
0.792135738808
0.465030803142
0.29066541588
0.18037355172
0.0949131848758
0.0462831952037
0.0232724096728
0.0135698610869
0.00933451497577
0.00681295444641
0.00448965283172
0.00218051508897
0.000715131400424
0.000197834076624
9.40632647595e-05
7.41641481579e-05
6.45866108078e-05
5.66719417215e-05
3.10868583643
1.42068259763
0.745369917691
0.448524024792
0.296035644418
0.19902871551
0.118401892178
0.0597787941758
0.0297850251529
0.0164800401663
0.0107801249075
0.00775952859312
0.00528382140623
0.00282859200623
0.00106255993798
0.000311235632865
0.000119676286065
8.0538834815e-05
6.81033986052e-05
5.92969984907e-05
2.95174771867
1.32294668552
0.685657191494
0.416969952042
0.284566062916
0.200392649376
0.128795028529
0.0694343586456
0.0357780682456
0.0196389087646
0.0124198694818
0.00876163946179
0.00607193987707
0.0035157503986
0.00151354543239
0.0004986497687
0.000170617911197
9.25608300417e-05
7.34396985158e-05
6.29418020687e-05
2.87833408679
1.24014383757
0.629851616456
0.384296364949
0.267897210478
0.194325777104
0.131055485838
0.07442779888
0.0401028434149
0.0224321586356
0.0140383574879
0.00976520580033
0.0068241896068
0.00416333150889
0.00198567445885
0.000734822439543
0.000248706500203
0.000113154732853
8.13405089586e-05
6.80199227208e-05
2.87648846206
1.17263549185
0.582869499682
0.355495102334
0.250492200462
0.184233446865
0.127263284604
0.0753684543101
0.0425006528536
0.0245284950458
0.015459320227
0.0106979621074
0.0075048042995
0.00473151215274
0.00242358346994
0.000984941511644
0.000343673556532
0.000141456518547
9.18917795724e-05
7.47035230962e-05
2.83059801487
1.1215532822
0.547906490363
0.332392145032
0.234348661681
0.172360170742
0.119382166477
0.0732321588489
0.0431759720852
0.0258219009961
0.0165623314902
0.0114837176715
0.00806907446549
0.00518498436636
0.00278121092775
0.00120757652087
0.0004399115413
0.000173394233592
0.00010447095399
8.28292175502e-05
2.73973730305
1.08048565034
0.521639717453
0.313927409247
0.219691150574
0.159891732072
0.109536840894
0.0694970682655
0.0426379359353
0.026391120538
0.0172987293906
0.0120594872859
0.00847290780605
0.00549526792559
0.0030277638264
0.00137085853098
0.000519169780504
0.000202669080422
0.00011762056169
9.22659899365e-05
2.6646682077
1.04655114313
0.499904498899
0.297674304251
0.205770291157
0.147459341707
0.100578419824
0.0654560794842
0.0413809522808
0.0263865223874
0.0176571036433
0.0123716156894
0.00867972648391
0.00564384979144
0.00314820767295
0.00145682566158
0.000566415158974
0.000223314024354
0.000130187007491
0.000102798418007
2.64266827357
1.01955450333
0.474522704061
0.278789298078
0.190596966725
0.134704910263
0.0926691257053
0.0612850427734
0.0395723445931
0.0258756763122
0.0176051635681
0.0123773703761
0.00866867764096
0.00562503137441
0.00313956653638
0.00145762600894
0.000574104871083
0.000232574423234
0.000141752894637
0.000114506945232
2.75952859086
0.988067445719
0.439669955939
0.257493907761
0.175693652809
0.123618030321
0.0850665954958
0.0566964765394
0.0372291420217
0.0248596216653
0.0171129603155
0.0120711500794
0.00844498642619
0.00545098321222
0.0030145073308
0.00138050397431
0.000544665338424
0.000232047234288
0.000153291010987
0.000127562812346
3.049084912
0.996560782934
0.427077913075
0.244743349547
0.162864047428
0.112674989496
0.0771033596311
0.0516571196309
0.0344806464353
0.0233709022818
0.016210809178
0.0114968515213
0.00804322274376
0.00515226844504
0.00279947154077
0.00124645392181
0.000489852883813
0.000227260756733
0.000166324267828
0.000142201909149
3.37721892046
1.07192707127
0.445359853863
0.237001484159
0.150491334014
0.101872216525
0.0692560342672
0.0467035423488
0.0315162886008
0.0214872892995
0.0150135458031
0.0107417469775
0.00752389745405
0.00477281935879
0.00252793807775
0.00108289231907
0.000426894308612
0.000224599138614
0.000182227767774
0.000158296763923
3.45722312236
1.13440242593
0.465079589919
0.233543198202
0.140993017726
0.0929853322626
0.0627127375038
0.0422509859146
0.0283904827995
0.0193622905331
0.0136999025836
0.00992040700753
0.00696032660257
0.0043615474694
0.00223805299575
0.000918423448817
0.000373352845261
0.000228532284312
0.0002011906447
0.000175864859043
3.37308297438
1.15886415329
0.481823821084
0.235140977986
0.136121936669
0.087252772479
0.057671676281
0.0380227886567
0.025178418643
0.0172887084852
0.0124592374374
0.00914305220882
0.00642092204358
0.00396884878298
0.0019755665175
0.000785422039816
0.00034144366655
0.000240569302621
0.000223269756194
0.000195041277346
3.08042212339
1.11539306019
0.478874260984
0.236026456787
0.134179045314
0.0834881020715
0.0532362374542
0.0340080033385
0.0223226647802
0.0155483564995
0.0114303340564
0.00848501843146
0.00595644704132
0.00364462290237
0.00178999648105
0.000713390318624
0.000334325185002
0.00025904094454
0.000247794745452
0.000216223978812
2.56514270585
0.978909264808
0.449279084481
0.232270547398
0.133004361171
0.0807168541047
0.0495069939555
0.0307486683857
0.020159361102
0.0142866717572
0.0106724898761
0.00798309716968
0.00561531090634
0.00344160391662
0.00170186004246
0.000691492389354
0.000340263100198
0.000280672639847
0.000274679027864
0.000239981250576
2.01961171606
0.859122574104
0.430204501855
0.234956795955
0.135669541615
0.0798017372
0.0472830167703
0.0288361984716
0.0188892394411
0.0134821612401
0.0101389463017
0.0076206217576
0.00538979431355
0.00333893808681
0.00168641379488
0.000702823849239
0.000355882375526
0.000303191373722
0.000303257036849
0.000267317684696
1.72423814637
0.837365528899
0.453669090627
0.254073056212
0.144668186686
0.0828968556094
0.0477939553021
0.0284992173302
0.0183996346808
0.0130277165044
0.00977043106973
0.00736688071037
0.00526004849695
0.0033302893227
0.00173998081111
0.000747334654842
0.000382967475038
0.000324736826217
0.000332139764432
0.000298659608017
1.75581847134
0.95126862978
0.529193096012
0.294244838681
0.163920026675
0.0924041053839
0.0526344991988
0.0307039936548
0.0191375346019
0.0130987291803
0.00962849853217
0.00723826060147
0.00523725023594
0.00341448273939
0.00186673271903
0.000835687327974
0.000423237482885
0.000344327947179
0.000356938565413
0.000334080810438
2.19093972512
1.20644676819
0.648145151686
0.350154618104
0.196482247487
0.11425250793
0.066743237235
0.0385754822121
0.0227226321932
0.0143884744517
0.00998801959027
0.00734920061318
0.00536738226654
0.00361360282708
0.00207469415777
0.000977165054081
0.000473725876411
0.000363573097819
0.000371661252479
0.000370693621747
2.91801778718
1.50028507096
0.751781694068
0.401792838356
0.235600545182
0.146748247783
0.0919639942453
0.0555253624978
0.0318969337125
0.0182646935586
0.0113859288248
0.00791467484954
0.00575009135559
0.00397571701431
0.00238419855673
0.0011759027272
0.000558703843625
0.000384874525858
0.000376527787627
0.000401446748698
3.66128060437
1.60933474555
0.779215532512
0.430277541255
0.266333907917
0.176859132104
0.119821187329
0.0781341267428
0.0467760832125
0.0256230190166
0.0143923103676
0.00916088153496
0.00648477910248
0.00456405402817
0.00285177998526
0.00146573294825
0.000694594528221
0.000416840630898
0.000380553278215
0.000416957596293
4.14197642216
1.59996061645
0.763341760459
0.426382022976
0.272884967958
0.191566371261
0.139648172287
0.0995588223996
0.0638066454295
0.0349378840601
0.0188731535876
0.0111515817856
0.00758660766389
0.00539353006533
0.00351964635871
0.00191470977715
0.000921943123687
0.000506607853102
0.000397370204326
0.000421638416728
4.17715371015
1.63487782197
0.767481626016
0.419607609218
0.269162353091
0.194162714992
0.147880068982
0.111512145038
0.0776065965433
0.0445531135795
0.0239879391935
0.0136920285472
0.00897170216658
0.00638808462725
0.0043443655689
0.00254289846038
0.00129655594313
0.000687066300318
0.000465023788834
0.000445769734106
4.07365595715
1.6481083427
0.776039976744
0.416095224692
0.263204050902
0.191207487747
0.149166914393
0.116436344369
0.084661661236
0.0514454575375
0.0285812816056
0.0163695190939
0.0105141721542
0.00744797542622
0.00522741619376
0.0032921541645
0.0018271246358
0.000991658479954
0.000620885916735
0.000517957549125
3.92692267425
1.63152560508
0.778132902333
0.41350617556
0.256711931224
0.185081155066
0.145523623529
0.115527901946
0.0857470548998
0.0540200556513
0.0311780264562
0.0183685127422
0.0118938329312
0.00844500806096
0.00607087787531
0.00405633589745
0.00244284780222
0.00140553501584
0.000869711228893
0.000653013413432
3.7699202665
1.59624722012
0.771214177413
0.409777747381
0.250270061858
0.177705283641
0.139307407416
5.26567183022e-05
5.23278849258e-05
5.18817903572e-05
5.13757111306e-05
5.12159027471e-05
5.32706596288e-05
6.58227613132e-05
0.000120570670583
0.000286446278861
0.000574683815639
0.000887468908065
0.00117958608479
0.00145269662335
0.00173510759267
0.00209807819024
0.00272305971501
0.00412404267593
6.25401054543e-05
4.31434284059e-05
4.30219557993e-05
4.29822659176e-05
4.28703594932e-05
4.26507981573e-05
4.23619888296e-05
4.23991960193e-05
4.47384142553e-05
5.83545279144e-05
0.00011704376194
0.000290589489248
0.000582493898566
0.000892010758132
0.001178293265
0.00144436414545
0.00171867742178
0.00207075981939
0.00267280228555
0.00401109128296
6.22885824956e-05
3.41835690148e-05
3.39881465666e-05
3.41179733691e-05
3.4203491941e-05
3.41975680735e-05
3.41274758139e-05
3.4386618173e-05
3.70850660149e-05
5.19558321363e-05
0.000114875329719
0.000295915764084
0.000590615812759
0.000896492429979
0.00117686588642
0.00143582031257
0.00170182103124
0.00204272233098
0.00262136843752
0.00389156728796
6.14730433658e-05
2.78870181733e-05
2.61310065733e-05
2.63648438722e-05
2.66022937609e-05
2.67720442378e-05
2.68985583562e-05
2.73875305219e-05
3.0514063934e-05
4.6814929906e-05
0.000114159661824
0.000302303347717
0.00059884405043
0.000900771236998
0.00117522708619
0.00142706194374
0.00168459151001
0.00201403306495
0.00256896950305
0.00376653252149
5.97259741362e-05
2.48300833523e-05
1.95785999742e-05
1.98721557241e-05
2.02105492507e-05
2.05085502633e-05
2.0797308191e-05
2.15121463182e-05
2.51224571712e-05
4.29828567915e-05
0.000114797493518
0.000309419327411
0.000606839022887
0.000904622338324
0.00117326593369
0.00141810237454
0.00166710720764
0.00198484437047
0.00251589103821
0.00363734103862
5.54539256913e-05
2.22656428926e-05
1.43977000142e-05
1.46422170188e-05
1.50395717016e-05
1.54223409529e-05
1.58377122752e-05
1.67677720674e-05
2.08948532761e-05
4.03639629654e-05
0.0001164891901
0.000316742481735
0.00061416343491
0.000907765953216
0.00117085397785
0.00140897928347
0.00164955750973
0.00195541892929
0.00246251878782
0.0035056636572
4.89810070536e-05
2.05361627137e-05
1.09748753114e-05
1.05942647302e-05
1.10136440188e-05
1.14426181062e-05
1.19501798462e-05
1.30776666045e-05
1.77213712374e-05
3.87425071744e-05
0.000118784984899
0.000323642700552
0.000620347631935
0.000909908397937
0.00116786439297
0.0013997554269
0.00163220322972
0.0019261387016
0.00240934516038
0.00337340183314
4.2094054109e-05
2.04967524671e-05
1.01105156084e-05
7.58728671744e-06
7.99675489661e-06
8.43950677641e-06
9.00701866246e-06
1.03054368601e-05
1.54258882143e-05
3.78229434322e-05
0.000121146192194
0.000329446571089
0.00062491907164
0.000910744851827
0.00116415345588
0.00139048627854
0.0016153350163
0.00189748663487
0.00235696504271
0.00324254837463
3.78049090715e-05
2.07736604535e-05
1.04805079221e-05
5.46477549381e-06
5.81661524191e-06
6.24870001553e-06
6.8468454401e-06
8.27932066217e-06
1.37911626955e-05
3.72548060365e-05
0.000122967758984
0.000333445630115
0.000627383459673
0.00090992948401
0.00115951817181
0.00138115880879
0.0015992023382
0.00186997325243
0.00230603035239
0.00311504113374
3.72758138769e-05
2.07938462053e-05
1.04766490554e-05
4.17092465042e-06
4.29541829604e-06
4.69936556126e-06
5.30046066302e-06
6.81685851768e-06
1.2582480042e-05
3.66546189218e-05
0.000123596233825
0.000334903461181
0.000627219663767
0.000907067864235
0.0011536769856
0.00137165161285
0.00158393711713
0.00184405441958
0.00225720806855
0.00299265696398
3.99014928615e-05
2.24046923647e-05
1.06188378137e-05
3.94446997272e-06
3.27087442643e-06
3.63411790013e-06
4.21066933301e-06
5.74556162631e-06
1.15712294799e-05
3.56377844262e-05
0.000122371287336
0.000333092556207
0.000623909308099
0.000901741802836
0.00114627643105
0.00136170232091
0.00156947394763
0.00181999305592
0.00221106667984
0.00287692853816
4.3821475843e-05
2.70739091653e-05
1.17361724219e-05
5.03369729824e-06
2.59236591982e-06
2.91861938389e-06
3.44331233519e-06
4.91642788085e-06
1.05545972675e-05
3.38529472814e-05
0.000118678257299
0.000327346958547
0.000616987901624
0.000893556934176
0.00113692434459
0.00135091435826
0.00155550619255
0.0017977749682
0.00216802212541
0.00276921797852
4.85069156439e-05
3.46875670823e-05
1.55402593659e-05
6.09232709943e-06
2.15263803937e-06
2.4404241803e-06
2.89368135536e-06
4.21581656834e-06
9.38283614973e-06
3.10455050292e-05
0.000112063542048
0.000317198795428
0.000606177942969
0.000882276717464
0.0011253254215
0.00133888513799
0.00154160140933
0.00177717637078
0.00212840451982
0.00267100734887
5.30166004191e-05
4.4761594751e-05
2.42161785469e-05
8.88459532179e-06
2.33930172314e-06
2.08608735119e-06
2.48840170748e-06
3.57864111781e-06
8.0006034508e-06
2.71672399981e-05
0.000102452194296
0.000302666525462
0.000591676375207
0.000868114741943
0.00111158008782
0.00132550320492
0.00152746277362
0.00175795531195
0.00209255387458
0.00258415421128
5.68242114564e-05
5.46550999765e-05
3.86629741448e-05
1.7376522802e-05
3.34009746276e-06
1.76029665225e-06
2.17735425035e-06
2.99598165254e-06
6.48085631596e-06
2.24808565087e-05
9.03880193967e-05
0.000284630514665
0.000574540432664
0.00085211250809
0.00109654448452
0.00131127762821
0.00151321092632
0.00174003636957
0.00206083591718
0.0025108821028
6.09873982768e-05
6.04845495041e-05
5.66868374153e-05
3.55596950394e-05
6.5629289275e-06
1.94644848969e-06
1.91237807274e-06
2.50010538802e-06
5.00422079597e-06
1.75486032869e-05
7.71135572204e-05
0.000265088374081
0.000556944020777
0.000836350185419
0.00108199514856
0.00129748117502
0.00149950899937
0.00172359117387
0.00203354584843
0.00245339159828
6.59158604545e-05
6.5660549617e-05
6.8291414773e-05
6.16585557859e-05
1.61848822882e-05
3.98347001496e-06
1.65737021622e-06
2.12806811926e-06
3.77627643569e-06
1.3074774295e-05
6.44352394779e-05
0.000247156399941
0.000542094687629
0.000823771089314
0.00107040961
0.00128596588618
0.00148751977636
0.001709117363
0.00201074522454
0.00241275950976
7.21253470559e-05
7.09318751901e-05
7.50204150539e-05
8.21841374827e-05
3.24317980212e-05
6.89763125074e-06
1.59856239433e-06
1.88894840826e-06
2.93625877224e-06
9.72379510089e-06
5.46578481856e-05
0.000235000818662
0.000533731206148
0.000817484026544
0.00106422415337
0.00127846114372
0.00147814180764
0.00169670539473
0.00199180083311
0.00238832323279
7.96750397665e-05
7.66773773462e-05
8.18011884395e-05
9.10218900598e-05
5.0101782047e-05
1.29366235658e-05
1.70996389587e-06
1.72394838774e-06
2.55335669827e-06
8.24786898591e-06
5.10217525323e-05
0.000232630534368
0.000533670563856
0.000818549030742
0.00106419514051
0.0012756121814
0.00147189864257
0.00168652355598
0.00197613333687
0.00237782866958
8.85537256765e-05
8.32601097379e-05
8.83647944988e-05
9.92476225499e-05
6.57848480123e-05
2.15002286698e-05
3.09704992865e-06
1.52892790973e-06
2.48509522441e-06
8.29960526733e-06
5.31958509369e-05
0.000240521920445
0.000543475391644
0.000828389405171
0.00107146869693
0.00127833049581
0.00146941163385
0.0016787266527
0.00196294603022
0.0023773950556
9.86220145128e-05
9.05716517721e-05
9.42426809737e-05
0.000105735176859
7.64404287206e-05
3.05952512415e-05
6.25446521465e-06
1.44670796714e-06
2.66583482845e-06
9.65359837994e-06
6.06886579203e-05
0.000258462677073
0.000563680906669
0.000847317536822
0.00108619167235
0.00128678345408
0.00147090501589
0.00167333777391
0.00195117672788
0.0023816657243
0.000109824580423
9.82660727098e-05
9.90732707589e-05
0.000109058167216
8.62163603453e-05
3.71097207531e-05
1.05986470234e-05
1.75376205604e-06
3.21171320076e-06
1.27334556171e-05
7.42333432906e-05
0.000286151932667
0.000593445080459
0.000874416526344
0.00110769562622
0.00130073707903
0.00147655115132
0.00167054296023
0.00193993245406
0.0023845104856
0.000121876793513
0.000106072531955
0.000102572094974
0.000109187038984
9.37170373792e-05
4.42034796814e-05
1.63347710511e-05
2.35573566665e-06
4.38858797547e-06
1.84320169511e-05
9.47681977978e-05
0.000322341332499
0.000630610563064
0.000907787616888
0.00113473661597
0.0013197277271
0.00148656538784
0.0016707561901
0.00192859175832
0.00237951433627
0.00013458818901
0.000113762999818
0.000104839044025
0.000105944341787
9.58938691168e-05
5.26966290764e-05
2.16450835246e-05
3.02729378859e-06
6.67410171796e-06
2.79194722834e-05
0.000122607118911
0.000364663911378
0.000672374439141
0.000945410854697
0.00116629806754
0.00134369191341
0.00150162971332
0.00167485252441
0.001916981272
0.00236079615684
0.0001478002612
0.000121439952422
0.000106132506631
9.95278060358e-05
9.1974474063e-05
5.84896231861e-05
2.25291548831e-05
3.89364829977e-06
1.07898677323e-05
4.22716937214e-05
0.000156862895254
0.000409945068487
0.000715883830957
0.000985596673904
0.00120192872201
0.00137327226568
0.00152317466173
0.00168442785233
0.00190566454938
0.00232376992537
0.000161750082137
0.000129278113779
0.000107286549097
9.09564101352e-05
8.06421645862e-05
5.569751472e-05
1.93304380561e-05
5.709270394e-06
1.71901177967e-05
6.07360045685e-05
0.000193662907653
0.000454225828201
0.000758937697347
0.00102749605904
0.00124181526149
0.00140954421226
0.00155303634457
0.00170152066616
0.00189581857392
0.00226551614535
0.000176965147218
0.000138287314671
0.000109636933979
8.3131623626e-05
6.61330864137e-05
4.4230754861e-05
1.53995678506e-05
8.46049107271e-06
2.52395417133e-05
8.03818538521e-05
0.00022744993751
0.000492656857844
0.000798102274132
0.00106872914784
0.0012845360336
0.00145200968571
0.00159160364429
0.00172699887717
0.00188818764445
0.00218551572834
0.000194639322356
0.000149502911563
0.000114182107361
7.81865344486e-05
5.33016795615e-05
3.07565608947e-05
1.26747564522e-05
1.16352970638e-05
3.32413068205e-05
9.70496694352e-05
0.000252156517331
0.000518969656463
0.000826878395863
0.00110251785241
0.00132303706508
0.00149348449857
0.00163190447415
0.00175473415511
0.00187917531362
0.00208824124407
0.000215677900225
0.00016368288499
0.000121098747056
7.5722271964e-05
4.64304263258e-05
2.23537096977e-05
1.05499277832e-05
1.42198359341e-05
3.87115565182e-05
0.000106238371942
0.000262009908701
0.000526279346329
0.000836835388428
0.00111929875347
0.00134663617543
0.00152071634502
0.00165659228238
0.001768410743
0.00186673153419
0.00200056463551
0.000241476805708
0.000181843866388
0.000130618167996
7.76950030165e-05
4.62186992624e-05
1.97821013331e-05
9.06898207946e-06
1.52838774824e-05
3.95223177657e-05
0.000104727395491
0.000252895897781
0.000508657923013
0.000820491705195
0.0011116912989
0.00134905424166
0.00152875422402
0.00166223458599
0.00176874011704
0.00186362212153
0.00195529780819
0.000273550453198
0.00020679432052
0.000145345353244
8.33893636088e-05
5.05603727554e-05
2.2750643021e-05
9.2168296267e-06
1.36139944001e-05
3.49122174317e-05
9.14037499829e-05
0.000223114661695
0.000462663688249
0.000773781074503
0.00107689660175
0.00132952206284
0.00151975206037
0.00165663154369
0.00176659942576
0.00188164242619
0.00199558052929
0.000312533669253
0.000241857169965
0.00016962284406
9.66787261373e-05
5.99016932928e-05
3.4513142459e-05
1.55639709805e-05
1.25216806693e-05
2.65961473848e-05
6.83549282788e-05
0.000175184027337
0.00038934321935
0.000696012403879
0.00101247593655
0.00128221703653
0.00148583887363
0.0016339216459
0.0017575759456
0.00190841137271
0.00216966777408
0.000354884217706
0.000287999278416
0.00020727993492
0.000120051641997
7.27831229073e-05
5.09608189894e-05
3.44182843891e-05
2.17189849797e-05
2.12834322846e-05
4.41913412022e-05
0.000116814697789
0.000294946853413
0.000591160591242
0.000920711550223
0.00120767977152
0.00143191743765
0.00159999087316
0.00174399923702
0.00193570779118
0.00237374905749
0.000395247444997
0.000341840006554
0.000259458946235
0.000158794275064
8.84113470395e-05
6.0821599877e-05
5.31246301116e-05
4.90206295602e-05
4.10028637363e-05
3.47770523571e-05
6.06068781677e-05
0.000189658314104
0.000464984976762
0.000807266397651
0.00112028456471
0.00137171175351
0.00156384438066
0.00173105630364
0.00196464312884
0.00258447203191
0.000431620675957
0.000399160232937
0.000323941424344
0.000214660714407
0.000115813246909
6.73545029142e-05
5.58295814715e-05
6.34900112886e-05
6.30220454797e-05
3.57533985281e-05
3.16300436371e-05
8.9956897683e-05
0.00032654759366
0.000692933056599
0.0010395268506
0.00132372249587
0.00154116111796
0.00172839456936
0.00199254995208
0.00276254206546
0.000468731002324
0.000458149116705
0.000395363936364
0.000281580534822
0.000159406609301
8.36648171397e-05
5.59217118756e-05
6.98846523542e-05
8.26149168168e-05
4.33691773307e-05
1.09364082549e-05
2.91836218491e-05
0.000214940043447
0.000589064146827
0.000970532369934
0.00129124473243
0.00153447964976
0.00173694134006
0.00201446689834
0.00287114470486
0.000520452692665
0.000524266395365
0.00047123195479
0.00035163173208
0.000207628258822
0.00010595413181
6.28729017014e-05
7.99865792841e-05
8.45986954234e-05
5.70540702779e-05
1.90719395575e-05
5.7480722386e-06
0.000143749619983
0.00051170255105
0.000924300682838
0.00128164720459
0.00154927983167
0.00176154604296
0.00203524174598
0.00289873530885
0.000613522089804
0.000609461663649
0.000552597877452
0.000416444796297
0.000247513278806
0.000122699416121
7.04720524999e-05
8.55473070509e-05
8.82258887453e-05
6.7504432238e-05
3.64186823542e-05
8.30689504028e-06
0.000110838245157
0.000468860374065
0.000905617972037
0.00129626560478
0.00158577415558
0.00180309363846
0.00206017113058
0.00285554771656
)
;

boundaryField
{
    emptyPatch
    {
        type            empty;
    }
    minY
    {
        type            fixedValue;
        value           nonuniform List<scalar> 0();
    }
    maxY
    {
        type            inletOutlet;
        inletValue      nonuniform List<scalar> 0();
        value           nonuniform List<scalar> 0();
    }
    maxX
    {
        type            kqRWallFunction;
        value           nonuniform List<scalar> 
38
(
0.00412404267593
0.00401109128296
0.00389156728796
0.00376653252149
0.00363734103862
0.0035056636572
0.00337340183314
0.00324254837463
0.00311504113374
0.00299265696398
0.00287692853816
0.00276921797852
0.00267100734887
0.00258415421128
0.0025108821028
0.00245339159828
0.00241275950976
0.00238832323279
0.00237782866958
0.0023773950556
0.0023816657243
0.0023845104856
0.00237951433627
0.00236079615684
0.00232376992537
0.00226551614535
0.00218551572834
0.00208824124407
0.00200056463551
0.00195529780819
0.00199558052929
0.00216966777408
0.00237374905749
0.00258447203191
0.00276254206546
0.00287114470486
0.00289873530885
0.00285554771656
)
;
    }
    water_to_heater
    {
        type            kqRWallFunction;
        value           nonuniform List<scalar> 
60
(
2.04502917625
2.04502917625
2.01367197104
1.91669190308
1.72764428148
1.72764428148
1.51143956581
1.51143956581
1.41072528003
1.41072528003
1.53861857001
1.87669270259
2.48793692537
2.48793692537
3.16052304415
3.16052304415
3.41467313874
3.41467313874
3.29302371849
3.10868583643
2.95174771867
2.95174771867
2.87833408679
2.87833408679
2.87648846206
2.87648846206
2.83059801487
2.73973730305
2.6646682077
2.6646682077
2.64266827357
2.64266827357
2.75952859086
2.75952859086
3.049084912
3.37721892046
3.45722312236
3.45722312236
3.37308297438
3.37308297438
3.08042212339
3.08042212339
2.56514270585
2.01961171606
1.72423814637
1.72423814637
1.75581847134
1.75581847134
2.19093972512
2.19093972512
2.91801778718
3.66128060437
4.14197642216
4.14197642216
4.17715371015
4.17715371015
4.07365595715
4.07365595715
3.92692267425
3.7699202665
)
;
    }
    procBoundary3to1
    {
        type            processor;
        value           nonuniform List<scalar> 
41
(
0.111051474475
0.0829347144981
0.0534997963939
0.0320582483859
0.0195494416967
0.0129388812272
0.0092989412595
0.00682598807724
0.0047718440093
0.0030771774252
0.00189084769685
0.00120196351639
0.000867039410312
3.62092161462
1.55180220171
0.757568997732
0.404484995931
0.244335988275
0.170574624488
0.111051474475
0.132327575267
0.000763318086531
0.000723745989647
0.00064038538261
0.000469517145403
0.000270602032382
0.000126261843102
7.66801095207e-05
8.93815246443e-05
9.28814096346e-05
7.50148612892e-05
4.83726370827e-05
1.74847850367e-05
0.000100615864553
0.000459373988922
0.000918561972627
0.0013363915211
0.00164180909603
0.00185822263484
0.00209113453622
0.0027727445669
)
;
    }
    procBoundary3to2
    {
        type            processor;
        value           nonuniform List<scalar> 
41
(
2.03683314984
0.837486922073
0.371686354942
0.179855580634
0.0951956730223
0.0545039173176
0.0334381009648
0.0218517898625
0.0152067103859
0.0109610776779
0.00763668242901
0.00453246624371
0.00214382792439
0.0011993867414
0.000914671537302
0.000747986748572
0.00060710908604
0.000481028953389
0.000341625211989
0.00017632974887
6.27687525226e-05
6.22291027063e-05
6.15700501638e-05
6.08718187884e-05
6.05542615166e-05
6.23966185803e-05
7.40643296304e-05
0.000125200685422
0.000283404918427
0.000567239814463
0.000882913488463
0.00118077908672
0.00146084113312
0.00175113534935
0.00212466436567
0.00277176688329
0.00422939832047
6.29914927799e-05
5.32047400554e-05
5.28906956053e-05
5.28906956053e-05
)
;
    }
}


// ************************************************************************* //
