/*--------------------------------*- C++ -*----------------------------------*\
| =========                 |                                                 |
| \\      /  F ield         | OpenFOAM: The Open Source CFD Toolbox           |
|  \\    /   O peration     | Version:  2312                                  |
|   \\  /    A nd           | Website:  www.openfoam.com                      |
|    \\/     M anipulation  |                                                 |
\*---------------------------------------------------------------------------*/
FoamFile
{
    version     2.0;
    format      ascii;
    arch        "LSB;label=32;scalar=64";
    class       volScalarField;
    location    "0.2/water";
    object      p_rgh;
}
// * * * * * * * * * * * * * * * * * * * * * * * * * * * * * * * * * * * * * //

dimensions      [1 -1 -2 0 0 0 0];

internalField   nonuniform List<scalar> 
750
(
101207.775732
101025.783072
100955.354219
100955.285593
101024.805372
101299.899872
101926.185172
102214.946282
102304.206051
102174.949471
101906.749534
102414.629378
102494.850058
102463.019328
102428.069681
102432.663384
102455.240231
102429.078704
102151.104033
101830.835628
101752.660229
101728.624379
101728.714223
101728.599659
101728.687095
101728.619049
101728.666319
101728.624323
101728.64953
101728.604222
102235.381314
102538.193159
102553.932922
102541.553887
102533.473486
102533.658811
102524.264066
102433.792175
102144.003505
101918.927073
101822.464863
101753.995161
101732.413799
101732.464421
101732.410523
101732.438552
101732.412097
101732.418727
101735.180792
101732.401747
102531.658459
102602.837459
102595.693573
102585.142605
102578.058673
102568.5775
102539.239414
102422.004551
102190.926706
102008.344106
101892.735408
101820.99599
101780.574603
101760.31181
101752.378593
101751.878024
101757.151524
101768.24593
101795.191829
101788.767403
102616.491413
102618.806193
102616.863639
102610.069185
102597.11023
102580.735101
102546.815965
102456.380203
102271.37949
102074.179666
101972.744374
101926.293111
101888.222021
101854.287786
101832.498897
101826.595193
101834.05088
101866.787888
101933.651926
102027.940266
102616.293434
102614.711617
102612.952692
102611.326173
102598.586205
102576.407287
102549.180637
102507.87194
102379.481436
102141.972033
102041.584813
102039.406379
102034.125974
102017.452706
101998.051656
101989.494269
102011.038979
102083.881707
102206.337285
102177.14714
102530.870096
102583.26028
102577.117835
102572.016187
102564.514668
102540.174696
102512.970397
102496.381936
102432.926564
102184.86637
102006.836239
102069.747337
102134.131489
102164.733119
102177.774274
102189.337726
102237.751837
102341.703
102452.710858
102203.255477
102128.09645
102446.921272
102478.611147
102473.101305
102468.708934
102458.362057
102436.060153
102423.214642
102393.101473
102161.240772
101891.437797
102017.506134
102156.424868
102232.199505
102272.462767
102301.916443
102345.823654
102409.109919
102451.763468
102288.057787
101711.831175
102156.014428
102296.959852
102314.557134
102318.906015
102321.515069
102320.061944
102315.128483
102278.251966
101946.155512
101745.411707
101982.945887
102162.851061
102233.75854
102261.111944
102275.948527
102293.209019
102315.406718
102321.638145
102268.877588
101601.58219
101937.303774
102158.412614
102215.69635
102225.987573
102225.490489
102223.298197
102217.125939
102066.638033
101544.741946
101745.937755
102049.546127
102139.25527
102162.07754
102171.086267
102177.24531
102186.922318
102202.313096
102214.67012
102174.210191
101526.283007
101673.311708
101885.782913
102037.961386
102102.983286
102132.229326
102138.506954
102116.833613
101536.369731
101385.628792
101824.354951
101988.246962
102035.451476
102051.403653
102060.377155
102068.992966
102080.914712
102098.154735
102118.191952
102102.342046
101429.789438
101484.373746
101608.155694
101810.539215
101959.922337
102072.375409
102110.953594
101738.476863
101055.419509
101324.422053
101788.332196
101920.594383
101952.857287
101963.333017
101971.687253
101984.175143
102001.837307
102025.55616
102054.049242
102061.880628
101285.099244
101401.146135
101565.838676
101791.793364
101973.768245
102096.526854
101907.684754
101085.629838
100934.973885
101209.422729
101773.784511
101967.937272
102000.292861
102005.957008
102007.86917
102016.31943
102030.800535
102050.619615
102075.087246
102090.379497
101083.065645
101334.541956
101630.968634
101896.485318
101995.537294
101910.604098
101185.809064
100894.565277
100930.616721
101051.819482
101619.069111
102013.423808
102077.740806
102085.337138
102084.827666
102085.418988
102092.305645
102103.204378
102117.402547
102129.602917
100993.890273
101242.635322
101709.580554
101912.822767
101855.391997
101211.733336
100902.057956
100894.579878
100929.584498
101004.002602
101377.401945
101976.610422
102121.613667
102139.840157
102141.383322
102140.791292
102143.401884
102150.469146
102159.333117
102166.331347
100997.10968
101173.145721
101609.02505
101678.949364
101266.192833
100912.816618
100895.067655
100895.14316
100929.924617
101002.599132
101298.988458
101909.025776
102131.60444
102165.256881
102169.628522
102170.27413
102173.895778
102182.957181
102191.213132
102191.171532
101018.111442
101079.770229
101227.350537
101167.557971
100947.616927
100895.866955
100895.911024
100895.822404
100928.741999
100999.758047
101270.961308
101899.466483
102154.389803
102190.789069
102194.831856
102194.999313
102198.263619
102207.097059
102216.280994
102216.470114
101054.716888
100955.736069
100948.880152
100920.489869
100896.354705
100896.402553
100896.330372
100896.407383
100922.467427
100993.558666
101220.243918
101876.418127
102179.774024
102218.446546
102221.563007
102220.933915
102223.592704
102231.031619
102240.619647
102241.705569
101147.283307
100905.15614
100897.047181
100897.012694
100897.081584
100897.013582
100897.087989
100897.017012
100910.623158
100983.459194
101147.191784
101777.502208
102184.087405
102246.353408
102250.80743
102249.909961
102251.761794
102257.831176
102266.322727
102267.0416
101239.641388
100898.103594
100897.740536
100897.825123
100897.771655
100897.852047
100897.78637
100897.856475
100898.502415
100967.127398
101087.77992
101573.70806
102114.065749
102263.673151
102280.565724
102282.017004
102283.696591
102288.277598
102295.375543
102290.46452
101335.001484
100898.938306
100898.681891
100898.624046
100898.709117
100898.649441
100898.720542
100898.665109
100898.725538
100947.583768
101051.143404
101376.009169
101934.421366
102246.981978
102309.851848
102317.312018
102319.700207
102323.387532
102328.709061
102305.10969
101765.905925
100928.090219
100899.547202
100899.625128
100899.567204
100899.641665
100899.594811
100899.648962
100899.62333
100929.705764
101029.446012
101255.809059
101758.403157
102167.566152
102329.933188
102353.008049
102357.053144
102360.317004
102364.911779
102329.657079
101661.696243
100948.679228
100900.50094
100900.452646
100900.523696
100900.484983
100900.544038
100900.512205
100900.557986
100920.437347
101016.923205
101193.849251
101652.436067
102121.06617
102352.549719
102389.101159
102393.22503
102395.492612
102398.556669
102355.361197
101360.799626
100934.729504
100901.401332
100901.437356
100901.41271
100901.460827
100901.44638
100901.475673
100901.471106
100920.571931
101013.273935
101172.181404
101652.906208
102180.951277
102401.588639
102423.771362
102425.795339
102427.371404
102428.943346
102392.05686
101348.526825
100982.797102
100902.409976
100902.395922
100902.415639
100902.408504
100903.003245
100906.997783
100911.782591
100933.278898
101018.773695
101172.429562
101731.270097
102336.030955
102450.851521
102454.685981
102455.396585
102455.940684
102456.390333
102436.639252
101312.594567
101184.747903
100954.91995
100906.72342
100906.814549
100911.949945
100922.01058
100933.606123
100944.64685
100970.985305
101038.974806
101234.275722
102050.525914
102462.561408
102482.182424
102482.780534
102482.947577
102483.092751
102483.242284
102473.528781
101204.95569
101486.169971
101152.652414
100946.599846
100932.535073
100945.999771
100968.462634
100987.168523
101004.329168
101030.131513
101081.039247
101593.012814
102410.186531
102506.996424
102508.955464
102509.200499
102509.266249
102509.361442
102509.478611
102502.338007
101139.061886
101776.063246
101440.83654
101041.295712
100986.977801
101004.531554
101035.19888
101057.132242
101080.56398
101068.454374
101260.219272
102239.468292
102527.123115
102534.516895
102535.123013
102535.06201
102535.050502
102535.095357
102535.170248
102528.675375
101158.86137
101930.79136
101715.31667
101175.341639
101057.327059
101070.728457
101100.043229
101120.807868
101137.156335
101081.852882
101723.474653
102516.72647
102558.737517
102560.408012
102560.293052
102560.099306
102560.024098
102560.014591
102560.04923
102554.295052
101244.637841
101985.339215
101923.418869
101364.75498
101125.829781
101126.436155
101143.27184
101156.444602
101156.830598
101102.954179
101791.518101
102551.990698
102583.119063
102584.984081
102584.792047
102584.537518
102584.418807
102584.376149
102584.383816
102579.272602
101527.210694
102048.831167
102084.505435
101614.038159
101169.080603
101158.598452
101162.766058
101162.489592
101158.878838
101143.480981
101485.791101
102485.537965
102607.367788
102610.417153
102610.674081
102610.448637
102610.349828
102610.312803
102610.315086
102604.715163
102007.621799
102103.603614
102100.692494
101707.17341
101187.77605
101173.825726
101170.828857
101161.888561
101160.938911
101160.882772
101222.233754
101980.872293
102596.425777
102630.631398
102633.365813
102633.445792
102633.383859
102633.362695
102633.357615
102624.702937
102039.161172
102120.826929
102074.395515
101607.97337
101223.653251
101207.854649
101188.166906
101169.82364
101166.146956
101170.340843
101209.128803
101413.188979
102324.082992
102642.768495
102659.632272
102662.305643
102662.885776
102663.799659
102664.960884
102645.201245
101943.921811
102027.841227
101779.062479
101554.903667
101359.732372
101323.914577
101263.297657
101231.076084
101221.977362
101225.66389
101245.07974
101342.534197
101906.874673
102553.416843
102663.249785
102680.92282
102688.729482
102697.474148
102707.477793
102656.697007
101932.582929
101731.424923
101632.489969
101601.632073
101590.069972
101582.213782
101500.410509
101442.694441
101426.692797
101419.564085
101421.010951
101470.496765
101775.31013
102318.020181
102556.091083
102615.632643
102652.90702
102703.653301
102755.155862
102514.847862
101587.992053
101416.397687
101491.530595
101595.596813
101721.558923
101813.336603
101790.524696
101738.001364
101688.001439
101623.660365
101555.318115
101536.01114
101622.776272
101846.855281
102005.481642
102048.925129
102126.265036
102318.34688
102492.896637
102085.286323
101054.399155
101055.480635
101238.042884
101478.894864
101663.444396
101808.353545
101809.910729
101717.490831
101467.320554
101194.827487
101029.967351
100955.720875
100955.851601
100937.492886
100890.523407
100855.785858
101003.367248
101455.923263
101691.80255
101525.33629
100747.11009
100876.052246
101246.683508
101581.599531
101795.842676
101851.936389
101671.537397
101225.45455
100838.45596
100596.006421
100496.503638
100469.4863
100451.793821
100402.736814
100354.121314
100366.758034
100636.037483
101237.088184
101386.971948
101354.071812
)
;

boundaryField
{
    emptyPatch
    {
        type            empty;
    }
    minY
    {
        type            zeroGradient;
    }
    maxY
    {
        type            prghTotalPressure;
        U               U.gas;
        p0              uniform 100000;
        value           nonuniform List<scalar> 
20
(
100707.046789
100826.058928
101193.183907
101529.75904
101750.265907
101816.26686
101646.767376
101208.104903
100831.452691
100595.586405
100495.732373
100468.503641
100450.664867
100401.25415
100352.286945
100364.991224
100637.240969
101238.896846
101387.523362
101338.20188
)
;
    }
    maxX
    {
        type            fixedFluxPressure;
        gradient        uniform 0;
        value           nonuniform List<scalar> 
37
(
101728.604222
101732.401747
101788.767403
102027.940266
102177.14714
102203.255477
102288.057787
102268.877588
102174.210191
102102.342046
102061.880628
102090.379497
102129.602917
102166.331347
102191.171532
102216.470114
102241.705569
102267.0416
102290.46452
102305.10969
102329.657079
102355.361197
102392.05686
102436.639252
102473.528781
102502.338007
102528.675375
102554.295052
102579.272602
102604.715163
102624.702937
102645.201245
102656.697007
102514.847862
102085.286323
101525.33629
101354.071812
)
;
    }
    water_to_heater
    {
        type            fixedFluxPressure;
        gradient        nonuniform List<scalar> 0();
        value           nonuniform List<scalar> 0();
    }
    procBoundary2to1
    {
        type            processor;
        value           nonuniform List<scalar> 
20
(
101785.794837
102253.580199
102408.984502
102346.195122
102252.556984
102249.283218
102298.082447
102354.037362
102220.566499
101842.914923
101726.699335
101724.942542
101724.817378
101724.914906
101724.819357
101724.893513
101724.830925
101724.875998
101724.819778
101724.860882
)
;
    }
    procBoundary2to3
    {
        type            processor;
        value           nonuniform List<scalar> 
39
(
101727.789659
101896.038275
102378.764383
102607.707602
102589.152407
102387.206001
101900.436554
101487.74345
101443.969507
101363.943507
101312.760173
101312.760173
101168.930375
101034.127127
100964.308635
100982.514368
101080.404149
101663.152879
102071.90167
102249.625812
102304.614804
102009.056946
101763.375691
101763.375691
101579.788965
101441.714979
101228.520843
100967.772037
100911.757898
100912.379818
100995.87947
101179.358304
101440.37947
101531.669238
101657.411579
102135.97032
102244.854964
101971.805616
100840.785414
)
;
    }
}


// ************************************************************************* //
