/*--------------------------------*- C++ -*----------------------------------*\
| =========                 |                                                 |
| \\      /  F ield         | OpenFOAM: The Open Source CFD Toolbox           |
|  \\    /   O peration     | Version:  2312                                  |
|   \\  /    A nd           | Website:  www.openfoam.com                      |
|    \\/     M anipulation  |                                                 |
\*---------------------------------------------------------------------------*/
FoamFile
{
    version     2.0;
    format      ascii;
    arch        "LSB;label=32;scalar=64";
    class       surfaceScalarField;
    location    "0.2/water";
    object      phi;
}
// * * * * * * * * * * * * * * * * * * * * * * * * * * * * * * * * * * * * * //

dimensions      [0 3 -1 0 0 0 0];

oriented        oriented;

internalField   nonuniform List<scalar> 
1442
(
2.32106982247e-07
5.90755447902e-07
2.06603873219e-07
4.56091463527e-07
1.70660062789e-07
5.38384246519e-07
1.23709750116e-07
4.54355122998e-07
5.73182927067e-08
3.04030421062e-07
3.63615576444e-08
1.23172555758e-07
2.45781822506e-08
1.3171330288e-07
2.05707545192e-08
8.31745071838e-08
2.23857265722e-08
1.5441468305e-08
2.58228585288e-07
7.16871377829e-08
7.06746318138e-07
3.26862043237e-08
6.2329235451e-07
2.17011005027e-09
5.92338122303e-07
-1.24589899674e-08
5.48137781815e-07
-1.455922312e-08
4.99288089178e-07
-1.02227675524e-08
4.493743647e-07
-3.41891529224e-09
3.99151284409e-07
-4.79402441729e-10
3.55051669378e-07
-7.54262802576e-09
3.4383646773e-07
2.05786970896e-09
3.473791083e-07
6.52564895772e-08
3.93917491726e-07
7.48316212147e-08
4.74666515463e-07
7.10197930375e-08
4.88224626257e-07
6.19225505678e-08
4.75823621425e-07
5.09508695543e-08
4.53639338201e-07
3.96755234009e-08
4.27238023125e-07
2.85410083927e-08
3.96472474624e-07
1.74667160404e-08
3.55539120182e-07
7.84804875626e-09
2.87782420708e-07
1.6457626585e-07
-8.42354879397e-09
7.18438769522e-07
-5.54521030474e-08
6.70551864061e-07
-8.8303555015e-08
6.25245495354e-07
-1.08137050789e-07
5.68018518407e-07
-1.18813048003e-07
5.09997253559e-07
-1.2365498367e-07
4.54227366473e-07
-1.26162221776e-07
4.01649544709e-07
-1.32751373389e-07
3.61563350981e-07
-1.37729647732e-07
3.48484290793e-07
-1.31868077474e-07
3.40958789078e-07
-8.21964227887e-08
3.43623336146e-07
-2.40971975051e-08
4.15924459766e-07
5.455041222e-09
4.58047059396e-07
1.70704885536e-08
4.63613857294e-07
1.8805325674e-08
4.51339110197e-07
1.67009576863e-08
4.28803794072e-07
1.44560673638e-08
3.98203431228e-07
1.16838974134e-08
3.57819639794e-07
6.53021664616e-09
2.92465175648e-07
1.70649305481e-07
-1.170514682e-07
7.53768580956e-07
-1.69817252078e-07
7.23367021807e-07
-2.0812011175e-07
6.63559234437e-07
-2.34886821707e-07
5.94789756425e-07
-2.54193531412e-07
5.29300743632e-07
-2.68451760872e-07
4.68472704603e-07
-2.80736717821e-07
4.13899904996e-07
-2.93758857433e-07
3.7445430938e-07
-3.02076602721e-07
3.56464311771e-07
-3.10666662635e-07
3.49062016798e-07
-3.16484816293e-07
3.48883212511e-07
-2.53413732054e-07
3.5226600469e-07
-1.5527463619e-07
3.59321897324e-07
-7.3199491714e-08
3.80969677717e-07
-3.09730285154e-08
4.08568126788e-07
-7.2706854609e-09
4.04583556582e-07
1.58265838672e-08
3.74615310642e-07
5.34142787389e-08
3.1976786957e-07
6.79082840234e-08
2.77539310878e-07
2.38139184516e-07
-2.09344470436e-07
8.08063588502e-07
-2.69593550223e-07
7.83641411318e-07
-3.18922234262e-07
7.12895746464e-07
-3.56517070723e-07
6.32388363223e-07
-3.85838942688e-07
5.58622198168e-07
-4.10319898166e-07
4.92948292661e-07
-4.31737078041e-07
4.35300128599e-07
-4.48093936253e-07
3.90756210094e-07
-4.60180194382e-07
3.68388157512e-07
-4.79851445497e-07
3.68426411334e-07
-4.98442679017e-07
3.67082492411e-07
-4.95777209776e-07
3.49163302235e-07
-4.73547198429e-07
3.36630618996e-07
-4.23559623776e-07
3.30517261149e-07
-3.42686278598e-07
3.27242609578e-07
-2.57248517786e-07
3.18714926614e-07
-1.77974250521e-07
2.94935319495e-07
-1.13580857777e-07
2.55002052788e-07
-4.85653509515e-08
2.1219917232e-07
1.89301540382e-07
-1.75375498176e-07
9.03131772459e-07
-2.48464315355e-07
8.56790753586e-07
-3.1380301677e-07
7.78238047099e-07
-3.65673086157e-07
6.84256164926e-07
-4.03433557309e-07
5.96371874154e-07
-4.31982085489e-07
5.21467724952e-07
-4.53697604241e-07
4.56967788917e-07
-4.64909102251e-07
4.01895174404e-07
-4.64744377069e-07
3.68083015357e-07
-4.66742778903e-07
3.70200694471e-07
-4.76418067733e-07
3.7653901543e-07
-4.57944768054e-07
3.30471027089e-07
-4.16505480413e-07
2.94947586283e-07
-3.60647602705e-07
2.7436949442e-07
-2.94392360296e-07
2.60643289365e-07
-2.22837265216e-07
2.46769858137e-07
-1.52264382211e-07
2.23949213722e-07
-8.79069634813e-08
1.90248567486e-07
-2.93960880286e-08
1.53364036954e-07
1.59548364619e-07
-8.28309328424e-08
1.21034797995e-06
-1.64935750907e-07
9.39330174628e-07
-2.36642661976e-07
8.50016124477e-07
-2.99871026909e-07
7.47497637175e-07
-3.4762522416e-07
6.4412819983e-07
-3.7898445358e-07
5.52822617249e-07
-3.97958412716e-07
4.75924161784e-07
-4.04320678681e-07
4.08227528321e-07
-3.94230659513e-07
3.57929756288e-07
-3.81293584558e-07
3.57081240166e-07
-3.88544516076e-07
3.835478685e-07
-3.65567765377e-07
3.07260124805e-07
-3.25797326363e-07
2.54974855494e-07
-2.77581015344e-07
2.25978283308e-07
-2.2302648898e-07
2.05926354336e-07
-1.65411611055e-07
1.88992099846e-07
-1.10157115342e-07
1.68540160948e-07
-6.27263284357e-08
1.42703105309e-07
-2.77193833991e-08
1.18295610798e-07
1.31603296537e-07
1.72995196487e-07
1.64452019057e-06
1.63708127146e-08
1.09252987397e-06
-8.36168426828e-08
9.49964709814e-07
-1.7142723198e-07
8.35320465042e-07
-2.43318034776e-07
7.16034925537e-07
-2.92368615955e-07
6.01889983429e-07
-3.17245232131e-07
5.00831212921e-07
-3.22593607777e-07
4.13613652415e-07
-3.09910290162e-07
3.45316088914e-07
-3.04719135207e-07
3.52219728785e-07
-3.02150523291e-07
3.81643860746e-07
-2.66354511621e-07
2.71947665977e-07
-2.25877761015e-07
2.14808809748e-07
-1.8408328442e-07
1.84406336631e-07
-1.42464905204e-07
1.64490277437e-07
-1.02049356044e-07
1.48735294891e-07
-6.65310012121e-08
1.33143588263e-07
-4.05188442397e-08
1.16755427972e-07
-2.56712969967e-08
1.0347271739e-07
1.0610372854e-07
5.2189403186e-09
1.89625069712e-06
-1.22915610691e-07
1.21143667883e-06
-1.84186941605e-07
1.01070066949e-06
-2.39200815689e-07
8.90239668082e-07
-2.92002880917e-07
7.68802104752e-07
-3.34830885377e-07
6.4470910082e-07
-3.56131341969e-07
5.22135473642e-07
-3.4816001753e-07
4.05659632783e-07
-3.35666459814e-07
3.3287408323e-07
-3.71923232215e-07
3.8886425595e-07
-3.04584427075e-07
3.14949946489e-07
-2.38988451129e-07
2.06722270055e-07
-1.88212311913e-07
1.64221296462e-07
-1.46814157256e-07
1.43125769784e-07
-1.11548612783e-07
1.29313254291e-07
-8.09073469548e-08
1.18165515479e-07
-5.52910406415e-08
1.07579173977e-07
-3.55607051843e-08
9.7052716561e-08
-2.03792681894e-08
8.83096454633e-08
8.57910842895e-08
2.65234691647e-08
1.87874729839e-06
-1.08771618755e-07
1.33646290305e-06
-1.77525683557e-07
1.07841372783e-06
-2.18076767635e-07
9.30708642966e-07
-2.55317285965e-07
8.06041953541e-07
-2.90555357299e-07
6.7996132222e-07
-3.15623703226e-07
5.47221633237e-07
-3.05353754598e-07
3.95408632044e-07
-3.44359051979e-07
3.72003746617e-07
-4.13233852603e-07
4.58262910768e-07
-2.99922917948e-07
2.0201727509e-07
-2.31769257464e-07
1.38728294969e-07
-1.85272247134e-07
1.17812801514e-07
-1.49004783118e-07
1.06931230573e-07
-1.18125907615e-07
9.85030360841e-08
-9.06115655119e-08
9.07160408816e-08
-6.57841935277e-08
8.28073388305e-08
-4.3295331251e-08
7.46027672025e-08
-2.1825422379e-08
6.68646644154e-08
6.40282015258e-08
3.35371260595e-08
1.81370803113e-06
-5.64340423381e-08
1.42019913515e-06
-1.13999598472e-07
1.13509557622e-06
-1.31655231967e-07
9.48448299853e-07
-1.4100360792e-07
8.1551773666e-07
-1.51001348392e-07
6.90041499053e-07
-1.67513236922e-07
5.63807814087e-07
-1.9817719924e-07
4.26252194782e-07
-4.34722003128e-07
6.11964037605e-07
-3.62813561613e-07
3.9059185943e-07
-2.76808255454e-07
1.17783364867e-07
-2.25187940713e-07
8.80042961356e-08
-1.85644942564e-07
7.89062962825e-08
-1.52032897751e-07
7.38561163362e-08
-1.22192375695e-07
6.91363383275e-08
-9.49480358749e-08
6.38876668665e-08
-6.97507636388e-08
5.79591259445e-08
-4.63185023562e-08
5.1438458815e-08
-2.39304302799e-08
4.4659885806e-08
4.03229061476e-08
3.63336564172e-07
1.9690048808e-06
2.96733654699e-07
1.48097932893e-06
2.69257252138e-07
1.1612146167e-06
2.68727704034e-07
9.48846268105e-07
2.74652783786e-07
8.09686603874e-07
2.79992795311e-07
6.84739406803e-07
2.61701016214e-07
5.82121266051e-07
1.34725913495e-07
5.53509043621e-07
-4.70867595228e-07
1.21969034179e-06
-3.33307525016e-07
2.54635552988e-07
-2.68557841535e-07
5.36738275368e-08
-2.19879409717e-07
3.97304952167e-08
-1.79127633772e-07
3.8507301673e-08
-1.43637289279e-07
3.87021058985e-08
-1.1233190717e-07
3.81499118538e-08
-8.4493326962e-08
3.63389461742e-08
-5.97456801182e-08
3.34603824276e-08
-3.78656024643e-08
2.9755036728e-08
-1.85667450298e-08
2.54986982868e-08
2.18735404287e-08
4.68263502136e-07
2.06918866762e-06
4.41953175463e-07
1.50476096872e-06
4.8438729668e-07
1.1178768661e-06
5.18642477134e-07
9.14473196758e-07
5.35435309882e-07
7.92935451801e-07
5.27706115361e-07
6.9245457881e-07
4.42405630284e-07
6.67548084611e-07
-9.55749689247e-08
1.09332551831e-06
3.09812697714e-08
1.09533659786e-06
-1.64873271646e-07
4.51993264752e-07
-1.42326816377e-07
3.17166413397e-08
-1.18206919306e-07
1.58869935459e-08
-9.59331850971e-08
1.64553196433e-08
-7.57543873664e-08
1.87314056673e-08
-5.77305289646e-08
2.03255934437e-08
-4.19543651725e-08
2.07444604639e-08
-2.83862740313e-08
2.00484809196e-08
-1.70133381591e-08
1.85071637595e-08
-7.77467396787e-09
1.63501434413e-08
1.4166531938e-08
4.86692375772e-07
2.02612130447e-06
4.68472522833e-07
1.5236451611e-06
5.42800588531e-07
1.04335083944e-06
5.8556794545e-07
8.71720404819e-07
5.91750008536e-07
7.86787982441e-07
5.08129125813e-07
7.76300859442e-07
1.03507609584e-07
1.07386557964e-06
-5.299086023e-08
1.25217099653e-06
1.1841251464e-08
1.03263756321e-06
-3.69716429388e-08
5.02561654913e-07
-4.72537420499e-08
4.28337038522e-08
-4.26238042612e-08
1.1487517727e-08
-3.54333387429e-08
9.39757891697e-09
-2.80776895917e-08
1.1493972756e-08
-2.11037883584e-08
1.34664782406e-08
-1.4911157603e-08
1.46615321472e-08
-9.68177738258e-09
1.49161102595e-08
-5.48040713823e-09
1.4386141461e-08
-2.35172775401e-09
1.32825725179e-08
1.18599112234e-08
5.3348321948e-07
1.99207283989e-06
5.43319271496e-07
1.50756390883e-06
5.62091306714e-07
1.02226692317e-06
5.51352867402e-07
8.81745829528e-07
4.71099966221e-07
8.66959859137e-07
1.52941828951e-07
1.09585163987e-06
-4.44498891861e-08
1.27378820961e-06
-4.2910693328e-08
1.2529532804e-06
5.77685225314e-08
9.34029063664e-07
4.96589999982e-08
5.12485371932e-07
1.02365343985e-08
8.34561516478e-08
4.18032739471e-09
1.78542437217e-08
2.17399699743e-09
1.15056536474e-08
1.39441355161e-09
1.23475317123e-08
1.15094510767e-09
1.37789621447e-08
1.13487351542e-09
1.47443634793e-08
1.11600154133e-09
1.49958811894e-08
1.00859132929e-09
1.45442064835e-08
6.75776956649e-10
1.36547431352e-08
1.25661365641e-08
6.83369729362e-07
1.70200884861e-06
6.85978677368e-07
1.4879353392e-06
5.61358797088e-07
1.13910300487e-06
4.27602929111e-07
1.01283453807e-06
1.90118098254e-07
1.10502915713e-06
-6.48038900853e-09
1.29527415959e-06
-3.46686918784e-08
1.30459048759e-06
9.71649182461e-09
1.21087205517e-06
6.81925973493e-08
8.7759949201e-07
8.07556063108e-08
5.0174407797e-07
4.48227600333e-08
1.20720013512e-07
3.46914532189e-08
2.84179758611e-08
2.7814385124e-08
1.85024526588e-08
2.21836073215e-08
1.80499169394e-08
1.7350107049e-08
1.86753800353e-08
1.31383310344e-08
1.90153269668e-08
9.41738206422e-09
1.87693518604e-08
6.08663104568e-09
1.79158690066e-08
3.01701529224e-09
1.67554020762e-08
1.56126790688e-08
7.69525348352e-07
1.18531613673e-06
8.73114766283e-07
1.35894708303e-06
7.14976449807e-07
1.28355649042e-06
4.59424290005e-07
1.26334843812e-06
2.06407635877e-07
1.36001234897e-06
1.31317108695e-07
1.37367223028e-06
1.17005997081e-07
1.32157701826e-06
1.38095087941e-07
1.19205040836e-06
1.39525565054e-07
8.78181107036e-07
1.1047167658e-07
5.32607244989e-07
6.91242805808e-08
1.63427614603e-07
5.62316410608e-08
4.17740777826e-08
4.6626588591e-08
2.82271593291e-08
3.79058861981e-08
2.68403040621e-08
2.99715503926e-08
2.66712835572e-08
2.27823581349e-08
2.62628988387e-08
1.62748090838e-08
2.53290756843e-08
1.03540605534e-08
2.38776530029e-08
4.97705263445e-09
2.21629314281e-08
2.06187538428e-08
4.65945794816e-07
8.13056146908e-07
4.87110420954e-07
1.31894904058e-06
3.25713133165e-07
1.43543516242e-06
1.60176805909e-07
1.42862895114e-06
1.15668495835e-07
1.40842262485e-06
1.26740425999e-07
1.36628107438e-06
1.61984644939e-07
1.28916525836e-06
2.06273225904e-07
1.1501082324e-06
2.08752521371e-07
8.77761265897e-07
1.90503120466e-07
5.52687379258e-07
9.68479390117e-08
2.58523159985e-07
7.50842588937e-08
6.40570721316e-08
6.25564477225e-08
4.08728326854e-08
5.12564063809e-08
3.82062618481e-08
4.07651983348e-08
3.72214447743e-08
3.11002436171e-08
3.59844893252e-08
2.2250242927e-08
3.42302132954e-08
1.41504699452e-08
3.20189680798e-08
6.77359416013e-09
2.95706047284e-08
2.74210706303e-08
3.19923532347e-07
6.06909630706e-07
3.16246564307e-07
1.3074143353e-06
2.76478878626e-07
1.46707645284e-06
2.39584944324e-07
1.46477567614e-06
2.28878255206e-07
1.42226808578e-06
2.38702870586e-07
1.35991779739e-06
2.60154708144e-07
1.27059013469e-06
2.78660442996e-07
1.13401003792e-06
2.48306154513e-07
9.10242385242e-07
2.04023217113e-07
5.98837958758e-07
1.36420578314e-07
3.27668758816e-07
9.51559154476e-08
1.05987477924e-07
7.75057613877e-08
5.86654953136e-08
6.35052698956e-08
5.22691939052e-08
5.06164854964e-08
5.01642813299e-08
3.86939743336e-08
4.79592431801e-08
2.77154755344e-08
4.52565245768e-08
1.76461299748e-08
4.21280896769e-08
8.45403362818e-09
3.87929186937e-08
3.59038374119e-08
1.99043678753e-07
4.82111184075e-07
2.24756241121e-07
1.26850849402e-06
2.42883800611e-07
1.44065691805e-06
2.53802256267e-07
1.45239168433e-06
2.68988559581e-07
1.40943880292e-06
2.89095685704e-07
1.34292646421e-06
3.10734625925e-07
1.25173105332e-06
3.23057704993e-07
1.12410182901e-06
2.95461290277e-07
9.40006787746e-07
2.42762553956e-07
6.53436762754e-07
1.7940497285e-07
3.92652366893e-07
1.2072561453e-07
1.65605729658e-07
9.33621121151e-08
8.62839899391e-08
7.57758547054e-08
6.99273172093e-08
6.04486532621e-08
6.55408184699e-08
4.63001602611e-08
6.21530798921e-08
3.32256387685e-08
5.837257535e-08
2.12022002284e-08
5.41868205943e-08
1.02294290995e-08
4.97929556106e-08
4.6164224826e-08
1.22570900607e-07
3.73504001747e-07
2.12367507125e-07
1.16621163506e-06
2.55926072819e-07
1.38837583946e-06
2.8207329549e-07
1.42400775971e-06
3.02214923529e-07
1.39088248737e-06
3.21083711405e-07
1.32669351305e-06
3.37309552261e-07
1.23810833984e-06
3.43291037662e-07
1.12047449064e-06
3.24748100469e-07
9.60702976061e-07
2.68114896467e-07
7.11997442371e-07
2.10108078525e-07
4.52332671805e-07
1.49339938383e-07
2.2756631671e-07
1.11561698279e-07
1.24552286487e-07
8.86056025059e-08
9.30031681564e-08
7.06487029071e-08
8.35435309264e-08
5.42771014259e-08
7.8560175648e-08
3.90870191743e-08
7.35941504622e-08
2.50066456688e-08
6.82938664101e-08
1.20424858074e-08
6.27778889427e-08
5.82475836718e-08
2.90030062448e-07
3.42762775934e-07
3.55813330027e-07
1.09454837835e-06
3.67029527567e-07
1.36929379978e-06
3.66838556775e-07
1.42013133783e-06
3.65334763167e-07
1.39195903754e-06
3.65879471229e-07
1.32746881854e-06
3.66771889407e-07
1.23910749151e-06
3.62272641591e-07
1.12699953237e-06
3.43333602634e-07
9.81651122711e-07
2.9268763038e-07
7.64535910183e-07
2.4010468546e-07
5.06588466634e-07
1.67441009418e-07
3.01560343096e-07
1.26240731716e-07
1.66459370177e-07
9.92988564136e-08
1.20177523855e-07
7.87164197387e-08
1.04177969593e-07
6.0269140146e-08
9.70328141312e-08
4.3242924676e-08
9.06404507841e-08
2.75093173261e-08
8.40437263408e-08
1.30885737945e-08
7.72101811919e-08
7.13776979685e-08
2.33301420631e-07
3.95154038405e-07
2.60003027406e-07
1.06507281102e-06
2.68890942521e-07
1.35487595324e-06
2.68492916863e-07
1.416990184e-06
2.67715584181e-07
1.39189003407e-06
2.70010034563e-07
1.32598247773e-06
2.74399421275e-07
1.23627715891e-06
2.76902609878e-07
1.12636074025e-06
2.71383771615e-07
9.89108438599e-07
2.46040628799e-07
7.9176383441e-07
2.1034011575e-07
5.43973541341e-07
1.66878593355e-07
3.46426018868e-07
1.32679394527e-07
2.01495206899e-07
1.07500524005e-07
1.45660234717e-07
8.54836672059e-08
1.26249311561e-07
6.53873239901e-08
1.17144516092e-07
4.68729336414e-08
1.091652733e-07
2.97535342084e-08
1.01171115798e-07
1.4013604976e-08
9.29552153131e-08
8.54323840017e-08
1.67801168935e-07
4.77363779488e-07
1.89170539261e-07
1.04083487954e-06
1.86827102191e-07
1.35313950934e-06
1.74317751273e-07
1.42703934181e-06
1.65089061861e-07
1.40094686964e-06
1.64986848982e-07
1.32719500846e-06
1.74353133504e-07
1.22860087555e-06
1.89689403257e-07
1.11291630394e-06
2.03085953425e-07
9.77650762776e-07
2.01193027991e-07
7.95532012873e-07
1.81464893675e-07
5.65383034423e-07
1.52413267162e-07
3.76899621783e-07
1.32341888033e-07
2.2240835469e-07
1.10984477398e-07
1.67277176355e-07
8.85468985213e-08
1.48716926569e-07
6.76075883928e-08
1.38090787943e-07
4.83326145307e-08
1.28444878456e-07
3.05863245662e-08
1.18920542482e-07
1.43186743151e-08
1.09224675871e-07
9.97827362813e-08
1.41175822942e-07
5.44732701233e-07
2.36800444739e-07
9.41392444557e-07
2.30282740702e-07
1.35531263046e-06
1.83984851861e-07
1.47120149034e-06
1.43403106816e-07
1.44188629267e-06
1.25972904454e-07
1.34617465976e-06
1.31875839392e-07
1.22459721024e-06
1.50553970248e-07
1.09619750254e-06
1.69116557684e-07
9.61020775711e-07
1.71128209235e-07
7.9536631698e-07
1.52641173888e-07
5.85533360889e-07
1.41692015772e-07
3.89261127193e-07
1.32766161221e-07
2.32095866556e-07
1.12246460955e-07
1.87918330573e-07
8.9529232144e-08
1.71440685816e-07
6.83089243545e-08
1.59313696519e-07
4.87524672975e-08
1.48003301439e-07
3.08029518552e-08
1.36871609086e-07
1.44428105294e-08
1.25586057353e-07
1.14242369607e-07
1.33155467048e-07
6.11565903921e-07
1.81844050483e-07
8.89924614108e-07
2.81707833364e-07
1.24997563022e-06
2.26578791945e-07
1.52365007558e-06
1.61737006808e-07
1.50708066293e-06
1.2541817384e-07
1.38419405386e-06
1.17091614668e-07
1.23485381011e-06
1.18935598321e-07
1.09625749057e-06
1.19357298226e-07
9.62440084459e-07
1.11632473661e-07
8.04837542919e-07
7.12394747241e-08
6.27526381694e-07
1.41062872436e-07
3.20752130945e-07
1.33709676087e-07
2.39879702974e-07
1.11799762052e-07
2.09847532906e-07
8.9227482647e-08
1.94014532556e-07
6.81557725627e-08
1.80386827409e-07
4.86728553281e-08
1.67487554296e-07
3.07840904624e-08
1.54761643669e-07
1.45052899356e-08
1.4186606047e-07
1.28756329944e-07
6.14499935581e-08
7.78675571437e-07
1.77386042573e-07
7.75640665359e-07
2.87630933495e-07
1.13442818965e-06
2.88173056315e-07
1.51967983304e-06
2.36007982673e-07
1.55896239736e-06
1.94007673673e-07
1.42764857046e-06
1.68231929708e-07
1.26246485431e-06
1.45105838935e-07
1.121194282e-06
1.2043807575e-07
9.88834351935e-07
8.60864799804e-08
8.40813270477e-07
1.30625537314e-07
5.84457912129e-07
1.43694145063e-07
3.08579583787e-07
1.30066227643e-07
2.53597639986e-07
1.08044347589e-07
2.31871185954e-07
8.64923859912e-08
2.15567917917e-07
6.62179060954e-08
2.00662636326e-07
4.73784599979e-08
1.86328263064e-07
3.00309926636e-08
1.72110309651e-07
1.42052608993e-08
1.57692927371e-07
1.42967873754e-07
1.25225728437e-07
9.25874614824e-07
1.82326213777e-07
7.21399025809e-07
3.61652588291e-07
9.52250737671e-07
4.00193265452e-07
1.47765474551e-06
3.53936695128e-07
1.604104275e-06
2.95388073723e-07
1.48695932257e-06
2.34284324448e-07
1.3250030453e-06
1.68594666129e-07
1.18842665799e-06
9.44288860546e-08
1.06449298093e-06
-1.95877407423e-08
9.56272807798e-07
1.38620118938e-07
4.27462834852e-07
1.42245201556e-07
3.05213477603e-07
1.23809060094e-07
2.7203907812e-07
1.02866591925e-07
2.52815050681e-07
8.25152763253e-08
2.35920517119e-07
6.32717501143e-08
2.19907384873e-07
4.53553994892e-08
2.04245770722e-07
2.88352189994e-08
1.88631590066e-07
1.37113426352e-08
1.72817846527e-07
1.56684412279e-07
2.34504803618e-07
9.46740049309e-07
2.50130388177e-07
7.06662947931e-07
3.64333579132e-07
8.3754280948e-07
4.80491691917e-07
1.35902060469e-06
4.97579024195e-07
1.58575444813e-06
4.64009233179e-07
1.52080716687e-06
4.06856761244e-07
1.38320760339e-06
3.3877343993e-07
1.25776958074e-06
2.54350267915e-07
1.15017527946e-06
1.39283922099e-07
1.07261096834e-06
1.50037338363e-07
4.17377180857e-07
1.38400730013e-07
3.16880363794e-07
1.18533489828e-07
2.91907640267e-07
9.8252240913e-08
2.73097482739e-07
7.86593784943e-08
2.55514501302e-07
6.02309711734e-08
2.3833685106e-07
4.31687708432e-08
2.21308978189e-07
2.74945564472e-08
2.04306760294e-07
1.3136337415e-08
1.87176968386e-07
1.69824716956e-07
2.91070612728e-07
8.67739831478e-07
2.91999494114e-07
7.04831030782e-07
3.61159671048e-07
7.68588899669e-07
6.73860985174e-07
1.04513551888e-06
6.7156749901e-07
1.58701344287e-06
6.18586069526e-07
1.57375531591e-06
5.35780368795e-07
1.46671336668e-06
4.33031381562e-07
1.36151032462e-06
3.1359479114e-07
1.27066882895e-06
2.04699964662e-07
1.18258056387e-06
1.62663822404e-07
4.59934274833e-07
1.38748157931e-07
3.4081317437e-07
1.17728116765e-07
3.12928769912e-07
9.67776947888e-08
2.94048916156e-07
7.68711457379e-08
2.75421982637e-07
5.84942159623e-08
2.56714664897e-07
4.17572912641e-08
2.38046739561e-07
2.65670985084e-08
2.19497748001e-07
1.27162313581e-08
2.01028585729e-07
1.82543845581e-07
3.8659932437e-07
7.66675974555e-07
3.79470601435e-07
7.11186350762e-07
4.03715913278e-07
7.44489549314e-07
5.09662945929e-07
9.38909699106e-07
5.58420268826e-07
1.53780150845e-06
5.76710166627e-07
1.55549950318e-06
5.6328405214e-07
1.4806159075e-06
5.22195097584e-07
1.40330408969e-06
4.72112472299e-07
1.32153108679e-06
4.39903477576e-07
1.21557860582e-06
2.1381930836e-07
6.86583597156e-07
1.51529518738e-07
4.03160311449e-07
1.25128190854e-07
3.39330972933e-07
1.00960355101e-07
3.18217538935e-07
7.89942081034e-08
2.97388874358e-07
5.94039879176e-08
2.76305583473e-07
4.2090712017e-08
2.55360676154e-07
2.67361603142e-08
2.34852925908e-07
1.29085717291e-08
2.14856762994e-07
1.95454820828e-07
4.120358189e-07
7.56827186824e-07
3.75091707028e-07
7.48763417897e-07
3.54591578757e-07
7.65210556498e-07
3.74788763987e-07
9.18836632259e-07
4.59150456001e-07
1.45335736732e-06
5.41825255262e-07
1.47293438653e-06
5.90222929736e-07
1.43254828431e-06
6.08459806342e-07
1.38553817999e-06
6.14180178243e-07
1.31633847294e-06
6.10215199343e-07
1.22007633086e-06
2.97727847756e-07
9.99581711088e-07
1.89780534744e-07
5.11308993008e-07
1.35704532129e-07
3.93416125928e-07
1.06139382032e-07
3.47783200912e-07
8.09160891298e-08
3.22612660869e-07
5.95276834535e-08
2.97694462516e-07
4.14296283525e-08
2.73459172677e-07
2.60097862154e-08
2.50273186587e-07
1.25567110735e-08
2.28310233428e-07
2.08013757434e-07
3.49556493112e-07
8.64717886722e-07
2.65049519236e-07
8.33897522422e-07
1.7870029761e-07
8.51745229939e-07
1.1660029894e-07
9.81033976874e-07
2.88327687425e-07
1.28170877359e-06
4.44309233679e-07
1.31709480712e-06
5.28661149865e-07
1.34841486988e-06
5.78916428695e-07
1.33557080885e-06
6.12280546915e-07
1.28329328744e-06
6.25528909711e-07
1.20715779095e-06
5.62659396765e-07
1.06278144824e-06
2.78440870646e-07
7.9580730788e-07
1.72979266122e-07
4.98943265495e-07
1.25245214158e-07
3.95520527989e-07
9.18631024483e-08
3.55995689725e-07
6.53207935163e-08
3.24237406583e-07
4.41818663218e-08
2.94598593016e-07
2.72801136952e-08
2.67175275631e-07
1.35336654112e-08
2.42056871716e-07
2.21549734058e-07
2.10398612017e-07
1.00179193957e-06
4.59176413886e-08
9.94731494867e-07
-1.37179864536e-07
1.03470752922e-06
-2.366627198e-07
1.08067848796e-06
-9.57620567911e-08
1.14093954069e-06
1.28192553628e-07
1.0932702928e-06
3.54939478596e-07
1.12177941134e-06
5.3554199316e-07
1.15508255039e-06
6.67759626641e-07
1.15119346017e-06
7.27111799494e-07
1.14792777996e-06
6.60846392875e-07
1.12917374576e-06
4.43968546248e-07
1.0128311231e-06
2.8632104287e-07
6.5664753744e-07
1.98829511185e-07
4.83018372281e-07
1.41247751559e-07
4.1357796338e-07
9.73428664469e-08
3.68139462164e-07
6.47681883317e-08
3.27169553623e-07
4.12884553956e-08
2.90651932235e-07
2.43064543737e-08
2.59037351723e-07
2.45844218822e-07
6.81198393225e-08
1.1608913865e-06
-2.00965116582e-07
1.25710925348e-06
-3.60573837398e-07
1.1934682463e-06
-3.65262917955e-07
1.08464456822e-06
-2.12235492057e-07
9.86910093402e-07
-2.35750465897e-08
9.03535398616e-07
1.98461933176e-07
8.98657404288e-07
4.42953488946e-07
9.09563160514e-07
6.66030368828e-07
9.27148816609e-07
8.24271387431e-07
9.88800777834e-07
8.7889981846e-07
1.07373482465e-06
8.15718904954e-07
1.07523794811e-06
6.17345557027e-07
8.54299245457e-07
4.58444529986e-07
6.41569791828e-07
3.30062086554e-07
5.41755696685e-07
2.16224660676e-07
4.81755614083e-07
1.34303931118e-07
4.08860065185e-07
8.80029450921e-08
3.36773687822e-07
5.7219051098e-08
2.89729384896e-07
3.02398809329e-07
-3.50793129698e-07
1.26483559536e-06
-3.80594429545e-07
1.27594088259e-06
-1.85752138307e-07
9.91331914324e-07
9.66573467042e-08
7.95696753374e-07
3.85905626368e-07
6.92058844958e-07
6.59614171265e-07
6.25258653927e-07
9.35613923604e-07
6.18630212505e-07
1.20139978673e-06
6.40128060511e-07
1.39650862285e-06
7.28823873069e-07
1.4932073823e-06
8.89478400971e-07
1.50116594304e-06
1.06371830269e-06
1.41833838425e-06
1.15646318921e-06
1.20900647469e-06
1.06218906757e-06
9.27208902677e-07
9.22485102657e-07
6.11915638047e-07
8.5649452583e-07
2.81963861946e-07
8.11239528638e-07
9.49605470387e-08
5.95186385083e-07
4.43923168247e-08
3.86740580881e-07
1.83612559466e-08
3.15455405798e-07
3.19427111274e-07
-1.23474229713e-07
1.19567151501e-06
1.54957626378e-07
9.79480513651e-07
4.84930555883e-07
6.51131598817e-07
7.86467596595e-07
4.8882383607e-07
1.06953770929e-06
4.06171934308e-07
1.32683962677e-06
3.66374089657e-07
1.55643805204e-06
3.87782883241e-07
1.71001419384e-06
4.85260013798e-07
1.76283919407e-06
6.74268408378e-07
1.73227105474e-06
9.18272917915e-07
1.65831325772e-06
1.13632528482e-06
1.54907896585e-06
1.26470951335e-06
1.36125531337e-06
1.24898711057e-06
1.0261912295e-06
1.25644051328e-06
5.24070499072e-07
1.35751175064e-06
2.54531686349e-08
1.3088488375e-06
-9.27161872219e-08
7.11930795457e-07
-7.78582095e-08
3.70761195705e-07
-5.61037171151e-08
2.92908068395e-07
2.62150368949e-07
2.63071386231e-07
3.75590872791e-07
4.96017447634e-07
6.14114160571e-07
7.26438706801e-07
8.21501411973e-07
8.97208922685e-07
9.09977344413e-07
8.24771194459e-07
6.35923418285e-07
4.69871944392e-07
3.50712403458e-07
2.01120774895e-07
2.85561156274e-08
-5.09513788424e-08
-1.58208633621e-08
-5.10445050096e-08
-3.26109199137e-08
-1.83560661213e-08
)
;

boundaryField
{
    emptyPatch
    {
        type            empty;
        value           nonuniform List<scalar> 0();
    }
    minY
    {
        type            calculated;
        value           nonuniform List<scalar> 0();
    }
    maxY
    {
        type            calculated;
        value           nonuniform List<scalar> 
20
(
1.11893121086e-06
8.50298349382e-07
5.25393962966e-07
3.69219479656e-07
2.93491534822e-07
2.71229239603e-07
3.12050390329e-07
4.72474237611e-07
7.5951126982e-07
1.10756477286e-06
1.30328283469e-06
1.38486034834e-06
1.39949540553e-06
1.42990606047e-06
1.43799107693e-06
1.2746352294e-06
7.47587220234e-07
3.52455006251e-07
2.78726020481e-07
2.43845404554e-07
)
;
    }
    maxX
    {
        type            calculated;
        value           uniform 0;
    }
    water_to_heater
    {
        type            calculated;
        value           nonuniform List<scalar> 0();
    }
    procBoundary2to1
    {
        type            processor;
        value           nonuniform List<scalar> 
20
(
-6.69313280911e-07
-5.83727981652e-07
-5.61667285279e-07
-5.33339493089e-07
-4.97009674805e-07
-4.53605160837e-07
-4.05929037256e-07
-3.58029214332e-07
-3.37072484975e-07
-3.57628477477e-07
-4.57797146991e-07
-4.84907126862e-07
-4.85045341428e-07
-4.6732857402e-07
-4.43240869482e-07
-4.16509021168e-07
-3.85859113754e-07
-3.44963351095e-07
-2.78642635293e-07
-1.57190467804e-07
)
;
    }
    procBoundary2to3
    {
        type            processor;
        value           nonuniform List<scalar> 
39
(
-1.03524682085e-07
1.09783286193e-09
8.37552124113e-08
1.5561252761e-07
8.09490381282e-08
-2.35815006384e-07
-6.82938616838e-07
-3.3682978267e-07
-6.24536854125e-08
1.78734071393e-08
-2.85449657043e-07
-5.52711369984e-07
-5.40948918004e-07
-4.32423815326e-07
-5.119496995e-07
-4.19425096483e-07
-2.43214407954e-07
-1.04565026828e-07
-1.21806106192e-07
-7.97773801722e-08
-1.72577851637e-08
-2.67314315876e-07
2.99026295449e-08
-3.04262735656e-07
-2.76314161291e-07
-2.24821669174e-07
-2.10968001422e-07
-2.30921636264e-07
-2.79021505222e-07
-2.76992337736e-07
-2.39273635831e-07
-2.95985675553e-07
-4.03386157657e-07
-4.77794708485e-07
-4.06981087654e-07
-2.72876563599e-07
2.20294494925e-07
1.56733577914e-07
-2.46018402082e-07
)
;
    }
}


// ************************************************************************* //
