/*--------------------------------*- C++ -*----------------------------------*\
| =========                 |                                                 |
| \\      /  F ield         | OpenFOAM: The Open Source CFD Toolbox           |
|  \\    /   O peration     | Version:  2312                                  |
|   \\  /    A nd           | Website:  www.openfoam.com                      |
|    \\/     M anipulation  |                                                 |
\*---------------------------------------------------------------------------*/
FoamFile
{
    version     2.0;
    format      ascii;
    arch        "LSB;label=32;scalar=64";
    class       surfaceScalarField;
    location    "0.14/water";
    object      phi;
}
// * * * * * * * * * * * * * * * * * * * * * * * * * * * * * * * * * * * * * //

dimensions      [0 3 -1 0 0 0 0];

oriented        oriented;

internalField   nonuniform List<scalar> 
1442
(
4.62203704569e-08
1.37977779907e-07
3.77768164174e-08
7.94421911449e-08
3.8858612716e-08
5.18539431963e-08
4.25258930755e-08
8.16095945857e-08
4.17458928115e-08
1.08671629986e-07
3.46854606457e-08
1.31380849232e-07
3.03320981592e-08
8.67672924676e-08
3.22686957707e-08
6.36318565817e-08
3.50451918238e-08
6.74522838899e-08
1.02916000527e-07
1.47808766465e-07
7.91659436919e-07
1.70000764166e-07
9.05014403972e-07
8.72812461307e-09
7.13465037591e-07
-8.6297768195e-09
2.08268780729e-07
-2.44152780282e-08
2.10798713508e-07
-4.02042736103e-08
1.9047151493e-07
-5.36056167081e-08
1.66449819192e-07
-6.40033608208e-08
1.4872032524e-07
-6.54550581598e-08
1.40233433303e-07
8.04174554322e-09
1.68873027484e-07
1.25323805365e-08
4.41706990915e-07
9.801831964e-09
4.70534080168e-07
6.53040916715e-09
4.5390708247e-07
3.78138954516e-09
4.27283687233e-07
1.68877460088e-09
3.98958297197e-07
2.77768303587e-10
3.6947500486e-07
-4.26434167125e-10
3.3570091657e-07
-4.3564575273e-10
2.90502938028e-07
-3.52710616747e-10
2.21087041707e-07
1.1181277649e-07
9.54145760546e-08
7.3998923389e-07
9.4405715909e-08
9.03676664883e-07
6.54456559097e-09
8.01189950495e-07
-9.95775766637e-09
2.24931924091e-07
-2.59720001247e-08
2.26818613054e-07
-4.18465599863e-08
2.06348678911e-07
-5.5458497698e-08
1.80066487156e-07
-6.67619016968e-08
1.60031868797e-07
-7.44849993614e-08
1.47981786825e-07
-7.00447473377e-08
1.64551570641e-07
-5.92365823508e-08
4.31080733571e-07
-5.1757019852e-08
4.6322795286e-07
-4.52475918166e-08
4.47562733074e-07
-3.88069481372e-08
4.21000224855e-07
-3.21554401647e-08
3.92456580552e-07
-2.51983735641e-08
3.62660361608e-07
-1.79375663847e-08
3.28576057067e-07
-1.0589376389e-08
2.83284086622e-07
-4.22836869192e-09
2.14848989601e-07
1.07700022908e-07
4.84856235324e-08
7.32151902069e-07
3.1470021058e-08
9.19123274479e-07
6.16139468724e-10
8.32004311857e-07
-1.36765000436e-08
2.39401742267e-07
-2.97041668018e-08
2.42851215505e-07
-4.50611416057e-08
2.21708412502e-07
-5.85843528542e-08
1.93593489871e-07
-7.03963991794e-08
1.718502562e-07
-8.07958603818e-08
1.58403218186e-07
-9.4714012665e-08
1.7858632086e-07
-8.42970500422e-08
4.20845431251e-07
-7.38354957924e-08
4.52940109337e-07
-6.36825102652e-08
4.37575033508e-07
-5.37052245075e-08
4.11180311804e-07
-4.36956861832e-08
3.82596998589e-07
-3.35626912847e-08
3.52669960591e-07
-2.33595621116e-08
3.18509049749e-07
-1.34647287152e-08
2.73518779062e-07
-4.95805341283e-09
2.06465479697e-07
1.02857825503e-07
-2.1072537099e-09
7.70762593154e-07
-3.35067790472e-08
9.50283599185e-07
-1.26240801513e-08
8.1137881408e-07
-2.71270526206e-08
2.54076803154e-07
-4.24675544527e-08
2.58197438888e-07
-5.69232881388e-08
2.36166504161e-07
-7.02994852064e-08
2.06971744752e-07
-8.24996490869e-08
1.84054029121e-07
-9.40051765974e-08
1.69930053899e-07
-1.13189304125e-07
1.97893162977e-07
-1.03580492647e-07
4.11417621206e-07
-9.04473802032e-08
4.39980129667e-07
-7.7272516071e-08
4.24564792944e-07
-6.44275677721e-08
3.98492072524e-07
-5.18152764566e-08
3.70133908024e-07
-3.93298280949e-08
3.4032654148e-07
-2.70435509929e-08
3.0635811922e-07
-1.5402237834e-08
2.62006258317e-07
-5.59648630632e-09
1.9678218033e-07
9.73772325091e-08
-4.45176672311e-08
8.51702444073e-07
-1.0875397802e-07
1.01587284302e-06
-2.2241218689e-08
7.25312882322e-07
-3.83028045709e-08
2.70248470288e-07
-5.36690397254e-08
2.73568291169e-07
-6.80629402718e-08
2.50562707758e-07
-8.16437769546e-08
2.20554444467e-07
-9.4321361792e-08
1.96733586189e-07
-1.06406461886e-07
1.82035576069e-07
-1.20533827937e-07
2.12147426028e-07
-1.08246837815e-07
3.99313553203e-07
-9.33579465737e-08
4.25266349531e-07
-7.87163501895e-08
4.10089684201e-07
-6.48917864169e-08
3.8482591028e-07
-5.16588840051e-08
3.57052076371e-07
-3.88500225904e-08
3.27661112064e-07
-2.64998109067e-08
2.94145107078e-07
-1.4990000491e-08
2.50627012365e-07
-5.39876802652e-09
1.87315235767e-07
9.20946041721e-08
-4.95426956001e-08
9.35213675929e-07
-1.30912702181e-07
1.09871549697e-06
-2.78593259895e-08
6.2267746365e-07
-4.5243688173e-08
2.87659699948e-07
-6.10668374263e-08
2.89397570348e-07
-7.60600364894e-08
2.65557970341e-07
-9.00827779751e-08
2.34579044386e-07
-1.03003619998e-07
2.09656317231e-07
-1.14854871541e-07
1.93906245305e-07
-1.19662939935e-07
2.17080432496e-07
-9.7758378738e-08
3.77590636952e-07
-7.83471867777e-08
4.06029664487e-07
-6.3224174853e-08
3.95132514967e-07
-5.04119535675e-08
3.721714728e-07
-3.90489447972e-08
3.458394315e-07
-2.87511623792e-08
3.17506225921e-07
-1.93247524799e-08
2.84855170199e-07
-1.08516981455e-08
2.42283835638e-07
-3.86554514061e-09
1.80452702548e-07
8.83452435615e-08
-6.79463386009e-08
1.0337136431e-06
-2.09278326501e-07
1.24203586865e-06
-4.0665698887e-08
4.54969141382e-07
-5.75808745998e-08
3.04584835985e-07
-7.33040751589e-08
3.05124432961e-07
-8.89455456799e-08
2.81201526848e-07
-1.03527181012e-07
2.49162558304e-07
-1.16517356617e-07
2.22648335524e-07
-1.27356827437e-07
2.04761690033e-07
-1.24747331283e-07
2.14583462598e-07
-7.95821316263e-08
3.32603027658e-07
-4.73945631923e-08
3.74015881977e-07
-2.68083513384e-08
3.74712174425e-07
-1.46126164787e-08
3.6013359185e-07
-7.73348272524e-09
3.39110726407e-07
-3.58529813682e-09
3.13501020515e-07
-1.42568901993e-09
2.82832106692e-07
-5.20434954309e-10
2.41508556756e-07
-1.62338052463e-10
1.80218316296e-07
8.8299224157e-08
4.89128757612e-09
1.07445312328e-06
-8.66653426121e-08
1.33457344325e-06
-6.51613793921e-08
4.33952944197e-07
-7.87220814741e-08
3.18152396786e-07
-9.31813695864e-08
3.19588942791e-07
-1.09213672462e-07
2.97236189018e-07
-1.24537508284e-07
2.6448850029e-07
-1.37771087691e-07
2.3588390939e-07
-1.47788587463e-07
2.14788860588e-07
-1.43871318272e-07
2.10748920059e-07
-5.48929572298e-08
2.43788300327e-07
-1.07975674906e-08
3.3009003247e-07
2.20609075448e-08
3.42017677585e-07
4.11704759881e-08
3.41181701688e-07
4.66504909923e-08
3.33781904831e-07
4.17866486287e-08
3.18508406464e-07
3.18330417663e-08
2.92923069863e-07
1.92868778835e-08
2.54185437084e-07
7.28744308599e-09
1.92342225471e-07
9.57030759061e-08
1.33405400784e-08
1.12950411734e-06
-3.2227007792e-08
1.38138560024e-06
-7.76246271621e-08
4.79638244113e-07
-8.80538641197e-08
3.28587366292e-07
-1.01239847529e-07
3.32779561493e-07
-1.1799459682e-07
3.13993000251e-07
-1.34852024502e-07
2.81347670343e-07
-1.49157331011e-07
2.50190955839e-07
-1.59714616419e-07
2.25349716909e-07
-1.5902848639e-07
2.10101424408e-07
-1.33380812968e-07
2.18265012245e-07
-4.11779965068e-08
2.38042351503e-07
1.40423693862e-08
2.86951006786e-07
5.35729407958e-08
3.01801897933e-07
7.56175859518e-08
3.11884483378e-07
7.92830254418e-08
3.14985185621e-07
6.34067360867e-08
3.08935298137e-07
3.8995109985e-08
2.78726471319e-07
1.4599607844e-08
2.16860782057e-07
1.10419081065e-07
1.33504258653e-07
1.09619717414e-06
2.1389825279e-07
1.30232994933e-06
-7.60470734105e-08
7.69766822878e-07
-8.25297698104e-08
3.35085368386e-07
-9.3226671928e-08
3.43485325012e-07
-1.09558834575e-07
3.30327416259e-07
-1.2791335769e-07
2.99704062232e-07
-1.43892008651e-07
2.66171422789e-07
-1.56262498214e-07
2.37722069818e-07
-1.61519871868e-07
2.15367707995e-07
-1.47434322925e-07
2.04240314571e-07
-1.18721574822e-07
2.0945168335e-07
-4.66547906537e-08
2.15021661282e-07
3.79337920066e-08
2.17350989658e-07
9.09441616343e-08
2.59012669545e-07
1.06728657616e-07
2.99338691817e-07
9.82549017942e-08
3.17545025439e-07
6.33764938926e-08
3.13735486299e-07
2.48929492415e-08
2.55468526813e-07
1.35428635187e-07
1.49278119048e-07
1.07399010337e-06
1.77940045186e-07
1.27452852099e-06
-5.0770867662e-08
9.98841494859e-07
-5.70610715246e-08
3.41446520907e-07
-6.57235113604e-08
3.52155165936e-07
-8.0444204398e-08
3.45050779112e-07
-9.94714543301e-08
3.18733056914e-07
-1.1713371585e-07
2.83835317993e-07
-1.31315780041e-07
2.5190580614e-07
-1.4119081194e-07
2.25244850045e-07
-1.411230908e-07
2.04184915217e-07
-1.25288265622e-07
1.9367808452e-07
-1.0422175423e-07
1.94062180492e-07
-8.18152794957e-08
1.95062791601e-07
-1.25373665577e-08
1.89857391354e-07
7.459370387e-08
2.12334564333e-07
8.63436115364e-08
3.05925842736e-07
6.34175379304e-08
3.36792230024e-07
2.62219578144e-08
2.92789052854e-07
1.6176747126e-07
1.58225592244e-07
1.03557258911e-06
1.4357337321e-07
1.28814466253e-06
-1.65719195578e-08
1.15984915431e-06
-2.81165432901e-08
3.53142703807e-07
-3.49830309734e-08
3.59028153239e-07
-4.67922320011e-08
3.56862525129e-07
-6.44058064454e-08
3.36348407816e-07
-8.29105525259e-08
3.02341654767e-07
-9.82351679081e-08
2.67231908955e-07
-1.10240173022e-07
2.37251362701e-07
-1.1810410563e-07
2.12050906707e-07
-1.16563157114e-07
1.92149039879e-07
-1.05015889792e-07
1.82566812391e-07
-9.1989278645e-08
1.82121702226e-07
-8.11200005369e-08
1.79080650463e-07
-4.78934618785e-08
1.79206049836e-07
-8.46231668192e-09
2.66599293532e-07
1.17791008796e-08
3.16661649656e-07
6.03649906352e-09
2.98641251989e-07
1.6790609961e-07
1.09918910027e-07
9.89402480244e-07
7.17727181591e-08
1.32427112883e-06
4.57656782535e-09
1.22754954792e-06
-1.08223033811e-08
3.68669487485e-07
-1.53892566736e-08
3.63600566214e-07
-2.36409930284e-08
3.65118001662e-07
-3.75841078455e-08
3.50293293139e-07
-5.5028288056e-08
3.19787349882e-07
-7.04105035475e-08
2.8261556778e-07
-8.28178468604e-08
2.49660117406e-07
-9.26784044831e-08
2.21912956076e-07
-9.92328667269e-08
1.98705699891e-07
-9.78931051219e-08
1.81241959709e-07
-9.10178448376e-08
1.75303672184e-07
-8.73476911082e-08
1.7549539595e-07
-7.89102262787e-08
1.70859269528e-07
-2.24441209465e-08
2.10232756862e-07
1.26883278055e-09
2.93056600152e-07
4.62721249662e-09
2.95393780151e-07
1.726355819e-07
6.66618719031e-08
9.67583329263e-07
4.6780439937e-08
1.34227117331e-06
2.05357046245e-08
1.25411595052e-06
3.26998704836e-09
3.86096072373e-07
3.76782327826e-10
3.66499112358e-07
-5.46720265494e-09
3.70964619246e-07
-1.56984764171e-08
3.60526065295e-07
-3.07918996847e-08
3.34881908917e-07
-4.54330219952e-08
2.97257796817e-07
-5.73962225721e-08
2.61624535049e-07
-6.71946641123e-08
2.31712669399e-07
-7.53540067254e-08
2.06866425217e-07
-8.06734857191e-08
1.86564510355e-07
-7.90323661973e-08
1.73687246266e-07
-7.61233879193e-08
1.72655643621e-07
-7.56507755728e-08
1.70473278834e-07
-4.05889271495e-08
1.75263696522e-07
-1.82408111925e-08
2.70808473549e-07
-1.476781464e-09
2.78734286913e-07
1.71260762372e-07
5.02742755332e-08
9.96727072049e-07
4.59471503473e-08
1.34633363927e-06
3.93865123634e-08
1.26143763726e-06
1.87501103737e-08
4.06961876346e-07
1.63872042886e-08
3.68869679629e-07
1.1981955415e-08
3.75374453447e-07
4.6630628767e-09
3.67846812751e-07
-7.37070962191e-09
3.46917092043e-07
-2.06996932419e-08
3.10588083492e-07
-3.18077855331e-08
2.72733893455e-07
-4.09681421411e-08
2.40874324223e-07
-4.88555221624e-08
2.14755179931e-07
-5.57170345103e-08
1.93427717816e-07
-5.9023586846e-08
1.77001784216e-07
-5.71612088676e-08
1.70838317026e-07
-5.73499086752e-08
1.70740106945e-07
-5.12014921153e-08
1.69203005145e-07
-2.95835747533e-08
2.49286708441e-07
-7.80357400451e-09
2.57055696321e-07
1.63558366537e-07
8.69546592814e-08
1.01337351593e-06
1.12526492759e-07
1.32174476359e-06
1.20087757776e-07
1.25517430452e-06
5.21474745348e-08
4.75064435627e-07
4.39944313567e-08
3.7703402732e-07
3.74131320777e-08
3.81959708794e-07
2.98800022359e-08
3.75382036248e-07
1.95198426674e-08
3.57278609608e-07
7.69167182036e-09
3.22417381627e-07
-2.26817953262e-09
2.8269494108e-07
-1.06013944796e-08
2.49208724493e-07
-1.78179380259e-08
2.2197302393e-07
-2.43239570024e-08
1.99935228075e-07
-2.96152635414e-08
1.82296129058e-07
-3.07155627166e-08
1.71961189247e-07
-3.09915745884e-08
1.71078156628e-07
-3.23448298292e-08
1.70636806292e-07
-2.20830553118e-08
2.39115913026e-07
-7.513179224e-09
2.42582178151e-07
1.56143183165e-07
2.00299571578e-07
9.27375751529e-07
2.85945207061e-07
1.23258271351e-06
3.44769367129e-07
1.19530929088e-06
5.8837663513e-08
7.60579835426e-07
4.76479846477e-08
3.88239131384e-07
4.12255894695e-08
3.88387576108e-07
3.48479726724e-08
3.81761428264e-07
2.68396131612e-08
3.65288250074e-07
1.77582152244e-08
3.31499829816e-07
1.01371556441e-08
2.90317045762e-07
3.45157718067e-09
2.5589543803e-07
-2.61117022055e-09
2.28036949936e-07
-8.32685158078e-09
2.05652321326e-07
-1.38340626202e-08
1.87805774276e-07
-1.82707631864e-08
1.76411598112e-07
-2.15691199971e-08
1.74426233453e-07
-2.72158266037e-08
1.763599623e-07
-2.20405495431e-08
2.34027534344e-07
-1.05161659114e-08
2.31149505452e-07
1.45720824803e-07
1.44431780321e-07
8.5466356458e-07
1.76617208538e-07
1.1959427787e-06
1.79216394875e-07
1.19142697454e-06
5.63858395343e-08
8.83267205448e-07
4.29372630819e-08
4.01694749806e-07
3.59376937036e-08
3.95391597697e-07
2.97899959189e-08
3.87911559761e-07
2.30144290769e-08
3.72065183534e-07
1.5730808103e-08
3.38784468314e-07
9.91467535838e-09
2.96134296402e-07
4.76213974914e-09
2.61049069165e-07
-2.0883241131e-10
2.3300911016e-07
-5.18110040714e-09
2.10625987156e-07
-1.04546825636e-08
1.93082096275e-07
-1.65947658401e-08
1.82566844439e-07
-2.27209574546e-08
1.80600867307e-07
-2.98157283668e-08
1.83530493843e-07
-2.57783849858e-08
2.30076675641e-07
-1.33693150573e-08
2.18831402504e-07
1.32442808853e-07
1.13021693536e-07
7.95411223675e-07
1.37228472611e-07
1.16710427724e-06
1.39305836025e-07
1.18772467282e-06
4.83357692153e-08
9.74152894603e-07
3.48029160596e-08
4.15241400683e-07
2.72582503337e-08
4.02941411178e-07
2.09852430889e-08
3.94186756945e-07
1.46988641022e-08
3.78352924879e-07
8.32654405767e-09
3.45157775469e-07
3.54876242208e-09
3.00913063022e-07
-7.75155326017e-10
2.65374066162e-07
-5.11169918656e-09
2.37346761168e-07
-9.67021574914e-09
2.15185923495e-07
-1.50645086604e-08
1.98480142943e-07
-2.19348256144e-08
1.8945653478e-07
-2.95265477063e-08
1.88243275536e-07
-3.59166145867e-08
1.89997218039e-07
-2.86359355848e-08
2.22883084391e-07
-1.47942115066e-08
2.05080827606e-07
1.17739122963e-07
7.44700913004e-08
7.83150716517e-07
8.39257089467e-08
1.15433623781e-06
8.03443230646e-08
1.18998173398e-06
3.7686285962e-08
1.01681769795e-06
2.51085659453e-08
4.27853597975e-07
1.7234137266e-08
4.10820332513e-07
1.07485989667e-08
4.00675091463e-07
4.56591897787e-09
3.84536962333e-07
-1.54135774957e-09
3.51265977093e-07
-6.14543771501e-09
3.05518199575e-07
-1.03137956675e-08
2.69543471528e-07
-1.44770154352e-08
2.41511120225e-07
-1.89282577081e-08
2.19638765929e-07
-2.48886373614e-08
2.04447035567e-07
-3.21859461396e-08
1.9677953931e-07
-3.97980829005e-08
1.95911758499e-07
-4.3443018631e-08
1.93718839683e-07
-3.22569029398e-08
2.11782897286e-07
-1.50755887005e-08
1.87989447889e-07
1.02752481946e-07
5.98821405934e-08
8.15625373276e-07
5.74619093525e-08
1.15436549597e-06
5.35581248943e-08
1.19294525819e-06
3.01587243733e-08
1.04033943153e-06
1.72494570854e-08
4.40819364115e-07
9.05702101946e-09
4.19017595678e-07
2.13903377844e-09
4.07595438542e-07
-4.4115809432e-09
3.91088973683e-07
-1.12993177552e-08
3.58154609878e-07
-1.68304557855e-08
3.11050280809e-07
-2.1574087353e-08
2.74288143854e-07
-2.59025467477e-08
2.45840647661e-07
-3.03786036185e-08
2.24117019684e-07
-3.65803588928e-08
2.10660817647e-07
-4.30882556708e-08
2.03320040011e-07
-4.82203613775e-08
2.01103285536e-07
-4.9385214975e-08
1.9495863169e-07
-3.45724169286e-08
1.97056481569e-07
-1.41479144489e-08
1.6765637536e-07
8.86914961679e-08
6.22175678199e-08
8.49047090418e-07
5.26538118734e-08
1.1612539283e-06
4.53669960071e-08
1.1996606839e-06
3.02317020832e-08
1.05574521631e-06
1.5408843705e-08
4.55716952297e-07
7.23032987078e-09
4.27200431008e-07
5.36444728013e-11
4.14775026098e-07
-6.93537324896e-09
3.98079330825e-07
-1.6054845788e-08
3.67274983658e-07
-2.39405778295e-08
3.1893701301e-07
-2.97900517085e-08
2.8013865858e-07
-3.43114023291e-08
2.50363151829e-07
-3.81959418579e-08
2.28005090661e-07
-4.26574014686e-08
2.15140171181e-07
-4.67637899806e-08
2.07462852064e-07
-4.89593717971e-08
2.03356584487e-07
-4.85130008637e-08
1.94583207321e-07
-3.22618032502e-08
1.80887333286e-07
-1.2603985279e-08
1.48086235848e-07
7.6172838177e-08
8.42215508174e-08
8.45556211775e-07
7.1146849711e-08
1.17151516325e-06
5.80148573913e-08
1.212406463e-06
4.54646903843e-08
1.06866311656e-06
2.61262063172e-08
4.75134863683e-07
1.79283462055e-08
4.35404328726e-07
1.0742108363e-08
4.21963806448e-07
3.6305206881e-09
4.05192436755e-07
-7.68815574348e-09
3.78594597639e-07
-2.04764124361e-08
3.31726135517e-07
-2.85058643425e-08
2.88169152282e-07
-3.37747642627e-08
2.556330462e-07
-3.68049613782e-08
2.31038334269e-07
-3.78924803928e-08
2.16244769313e-07
-3.92588291791e-08
2.08863748052e-07
-3.91259632488e-08
2.03276783933e-07
-3.70430056929e-08
1.92563842645e-07
-3.56327383682e-08
1.79553738656e-07
-1.51260575625e-08
1.27664881664e-07
6.1130852755e-08
1.08639663523e-07
8.51212102193e-07
9.11536814052e-08
1.18656074158e-06
7.65516145597e-08
1.22654560911e-06
7.31304391562e-08
1.07240860017e-06
4.90700910315e-08
4.99284315638e-07
3.9680307205e-08
4.44805198481e-07
3.23208985288e-08
4.29325978987e-07
2.51135316814e-08
4.12401237779e-07
1.3873696238e-08
3.89835426e-07
-4.21088554464e-09
3.49811531369e-07
-1.70197766677e-08
3.00978978756e-07
-2.41208854477e-08
2.62735140793e-07
-2.74298659163e-08
2.34348795257e-07
-2.62923982393e-08
2.15117041931e-07
-2.55062375133e-08
2.08106542133e-07
-2.51738813735e-08
2.0299020149e-07
-2.2495932258e-08
1.89940082596e-07
-2.08937704865e-08
1.78018827605e-07
-7.0909784073e-09
1.13943734082e-07
5.41228754519e-08
9.88340644156e-08
8.83748227699e-07
8.71802830945e-08
1.19698814681e-06
8.53421452712e-08
1.22807287536e-06
1.05505311859e-07
1.05252845017e-06
7.81941690486e-08
5.26725981154e-07
6.60290622303e-08
4.56994970969e-07
5.78115388461e-08
4.37547334524e-07
4.99879320815e-08
4.2022656126e-07
3.97939722384e-08
4.00030496296e-07
2.06060999685e-08
3.69000162183e-07
1.91258266103e-10
3.21394708449e-07
-1.09773119176e-08
2.73904561332e-07
-1.60048574256e-08
2.39377376038e-07
-1.57853865482e-08
2.14900675915e-07
-1.4243133739e-08
2.06584751094e-07
-1.76090149406e-08
2.06398296247e-07
-1.89043738694e-08
1.91284244654e-07
-1.70208167654e-08
1.76194046915e-07
3.5371807056e-09
9.34580616941e-08
5.77353510429e-08
9.21248998159e-08
9.20433012648e-07
8.04921896733e-08
1.20638098938e-06
9.06863047413e-08
1.21720204061e-06
1.373020286e-07
1.00597826946e-06
1.17618745045e-07
5.46541159132e-07
1.05160232448e-07
4.69497715663e-07
9.67819751847e-08
4.45935215939e-07
8.97950013846e-08
4.27216248188e-07
8.26357022343e-08
4.07190936214e-07
6.96914267084e-08
3.81945195806e-07
4.97568187437e-08
3.41329924114e-07
3.65265525983e-08
2.87135530515e-07
3.15586042121e-08
2.44346100333e-07
3.07513490509e-08
2.15709191551e-07
2.91265738497e-08
2.08221931496e-07
2.62280086043e-08
2.09333695186e-07
2.71476131237e-08
1.90409114944e-07
3.21248300082e-08
1.71263784926e-07
1.61659548837e-08
1.09471163255e-07
7.39390975183e-08
8.18590524649e-08
9.613874814e-07
4.61212647849e-08
1.23901900259e-06
5.63384073382e-08
1.2066937831e-06
1.27827660624e-07
9.34691487123e-07
1.27697130487e-07
5.46799352283e-07
1.17831708542e-07
4.79423240857e-07
1.08571808129e-07
4.55215303347e-07
1.00559051075e-07
4.35235764889e-07
9.32189818344e-08
4.14532999308e-07
8.35781434001e-08
3.91586752343e-07
6.85801722607e-08
3.56328560199e-07
5.70454887717e-08
2.98670759539e-07
5.16351509408e-08
2.4975727598e-07
4.42576757304e-08
2.23087938845e-07
3.08805987837e-08
2.21614088756e-07
3.11291627945e-08
2.09122179117e-07
3.60425660233e-08
1.8553538431e-07
4.0064007432e-08
1.67283567519e-07
1.42923188802e-08
1.35291106132e-07
8.827050623e-08
6.86113421535e-08
1.00669800682e-06
6.2092114559e-10
1.30714405313e-06
-7.5482058382e-09
1.21572644073e-06
1.09848161738e-07
8.17773760083e-07
1.19564892215e-07
5.37213985201e-07
1.1214557706e-07
4.86904270804e-07
1.02751604226e-07
4.64636052234e-07
9.39586085601e-08
4.44040928443e-07
8.57007624659e-08
4.22795247514e-07
7.70531338362e-08
4.00235435267e-07
6.751614048e-08
3.65866006022e-07
6.13311385663e-08
3.04856324336e-07
5.1219313676e-08
2.5987014346e-07
2.42826849141e-08
2.50033194016e-07
9.83569130924e-09
2.3609673465e-07
1.29004007314e-08
2.06092551016e-07
1.9800289134e-08
1.78669872656e-07
2.47698777028e-08
1.62353072461e-07
9.45566739748e-09
1.50658959297e-07
9.77846879081e-08
9.88112519378e-08
1.09201010875e-06
-2.04340568436e-09
1.40862645337e-06
-2.3649320721e-08
1.23811641845e-06
1.2081000597e-07
6.73858701832e-07
1.30716327263e-07
5.27423982556e-07
1.23504613861e-07
4.9416508415e-07
1.14240756906e-07
4.73922279835e-07
1.05394858326e-07
4.52898592245e-07
9.68114142253e-08
4.31383923815e-07
8.84089259107e-08
4.08638893347e-07
8.37375547182e-08
3.70536789861e-07
7.57449728512e-08
3.12848780866e-07
4.21137544517e-08
2.93501255792e-07
1.23119029737e-08
2.79876504758e-07
5.33661280941e-09
2.43131308123e-07
5.85829475431e-09
2.05631695076e-07
9.10271493492e-09
1.75468751464e-07
1.31490919965e-08
1.58353184581e-07
1.02601008612e-08
1.53626305892e-07
1.08135008832e-07
1.04569331534e-07
1.18477045917e-06
3.8776101362e-08
1.47909001555e-06
1.05080807531e-07
1.17299934541e-06
1.60962582959e-07
6.17973006078e-07
1.64759878947e-07
5.2370534166e-07
1.57192241692e-07
5.01758969941e-07
1.48505360209e-07
4.82620123792e-07
1.40138381045e-07
4.61269748755e-07
1.31603356612e-07
4.39919241177e-07
1.21827017465e-07
4.18412145202e-07
1.11716532305e-07
3.80640766829e-07
7.56457083395e-08
3.48899056265e-07
2.91163756235e-08
3.40186349635e-07
1.4656595254e-08
2.94455580062e-07
9.16476914342e-09
2.48650543758e-07
5.67475117253e-09
2.0914179646e-07
3.64150280537e-09
1.77518074619e-07
5.77422315261e-09
1.56238920389e-07
1.04558135464e-08
1.48979351522e-07
1.18644355439e-07
1.30620223899e-07
1.30286874653e-06
6.570258224e-08
1.54757547792e-06
1.98275573706e-07
1.04165504882e-06
2.29636578044e-07
5.86307859387e-07
2.2522408414e-07
5.28156285816e-07
2.16018446716e-07
5.10977842137e-07
2.07216971035e-07
4.91428843587e-07
1.98807932385e-07
4.69683062785e-07
1.89277836053e-07
4.4945279955e-07
1.67306038819e-07
4.40383922373e-07
1.22465132713e-07
4.25477848636e-07
5.34123502246e-08
4.17985817772e-07
2.69812456415e-08
3.66662208238e-07
1.76041230878e-08
3.03854082053e-07
1.29529440941e-08
2.53318287319e-07
7.5756767815e-09
2.14531525991e-07
3.05461975495e-09
1.82048681432e-07
2.6974806632e-09
1.56603526311e-07
9.07428268032e-09
1.42615188646e-07
1.27749610823e-07
9.30494431658e-08
1.36877017754e-06
8.44474641276e-08
1.55540977594e-06
2.91921613746e-07
8.32949075049e-07
3.04324886143e-07
5.73293460153e-07
2.93409568353e-07
5.39071072164e-07
2.81994757311e-07
5.22397363516e-07
2.72548972959e-07
5.00875744382e-07
2.63981624561e-07
4.78251554434e-07
2.4898649254e-07
4.64450073496e-07
1.80574976256e-07
5.08790378827e-07
7.6868841293e-08
5.29186101238e-07
2.64073111852e-08
4.6846266041e-07
1.52372532106e-08
3.77847473715e-07
1.16644036096e-08
3.07438038125e-07
8.09721688422e-09
2.56892807116e-07
4.08809086954e-09
2.18545521188e-07
5.11167764418e-10
1.85629171366e-07
-1.13422591173e-09
1.58251632431e-07
1.75044791376e-09
1.39731715736e-07
1.29506809743e-07
1.31402773724e-07
1.37563777033e-06
2.13447359464e-07
1.46713610011e-06
3.39399258903e-07
7.041760876e-07
3.40133197548e-07
5.72171473746e-07
3.25695938992e-07
5.53512455277e-07
3.1353466995e-07
5.34558254771e-07
3.04255755806e-07
5.10154660171e-07
2.94435650377e-07
4.8807210564e-07
2.5546136452e-07
5.03423884662e-07
8.2305620995e-08
6.81952015831e-07
7.21840772651e-09
6.04261020725e-07
-1.45951074072e-09
4.77130040637e-07
3.52366802624e-10
3.7602555029e-07
1.45960390803e-09
3.06320882809e-07
1.04718197298e-09
2.57296577366e-07
-3.1653133347e-11
2.19617440915e-07
-1.30962228647e-09
1.86902419331e-07
-2.13505918081e-09
1.59074068796e-07
-1.57588487768e-09
1.3916775293e-07
1.27912038774e-07
1.18407857034e-07
1.46485808236e-06
2.57481069272e-07
1.32674702983e-06
3.19111431283e-07
6.40684996158e-07
3.09992686297e-07
5.81197502629e-07
2.94721578999e-07
5.68781529325e-07
2.82780595275e-07
5.4649885556e-07
2.73037559876e-07
5.19897918322e-07
2.53065471546e-07
5.08046234055e-07
1.39144591019e-07
6.17359861372e-07
-6.0905590558e-09
8.27210046045e-07
-1.50242018804e-08
6.13209009324e-07
-7.47119535882e-09
4.69585772582e-07
-1.58771964499e-09
3.70146218675e-07
1.19699629348e-09
3.03537310242e-07
1.78675861785e-09
2.56706590267e-07
1.43016264236e-09
2.19973380307e-07
6.21234861346e-10
1.87710999055e-07
-2.0661508829e-10
1.59901977719e-07
-6.53771854658e-10
1.39613679744e-07
1.27252998591e-07
6.715328099e-08
1.61858916903e-06
2.59733591192e-07
1.13522370755e-06
2.80316764916e-07
6.19048629645e-07
2.62007303995e-07
5.99524941833e-07
2.45649250786e-07
5.85138893389e-07
2.33000220793e-07
5.59148171579e-07
2.20432575597e-07
5.32466443109e-07
1.61936530927e-07
5.66547735065e-07
-5.61689030494e-08
8.35485877097e-07
-4.66022769311e-08
8.17649547492e-07
-1.87134655653e-08
5.85319117749e-07
-4.52379594085e-09
4.55394503041e-07
2.54095537009e-09
3.63079648361e-07
5.37146867574e-09
3.0070480318e-07
5.63205278382e-09
2.56444176503e-07
4.91127713563e-09
2.20692673527e-07
3.72376110166e-09
1.88897756269e-07
2.35706345809e-09
1.61268519689e-07
9.26578106601e-10
1.41042746792e-07
1.28174070207e-07
-4.56957124557e-08
1.91443241963e-06
2.35265954929e-07
8.56562220653e-07
2.27624813324e-07
6.26292434362e-07
2.06779049395e-07
6.20376312766e-07
1.9115701954e-07
6.0076146645e-07
1.79304635619e-07
5.71001238128e-07
1.58866315003e-07
5.52908289037e-07
8.95613638464e-09
7.16497300711e-07
-8.87966723037e-08
9.33260723871e-07
-4.97934198801e-08
7.78650504401e-07
-2.72120735461e-08
5.62738524417e-07
-9.2740325661e-09
4.37456258051e-07
1.66205032247e-10
3.53638481499e-07
3.9660780233e-09
2.96903693933e-07
4.90813848001e-09
2.5550094242e-07
4.74524664378e-09
2.20854616222e-07
3.999573745e-09
1.89643044648e-07
2.87421975006e-09
1.62393939153e-07
1.45908999402e-09
1.42456716568e-07
1.29628988403e-07
1.37058193868e-08
1.06621955701e-07
1.12270897754e-07
1.07049517159e-07
1.02482367991e-07
9.86921774455e-08
8.50708435505e-08
-3.06787797228e-08
-5.03089891426e-08
-1.69420665232e-08
-8.07373097155e-09
-9.19767978442e-10
3.01376521282e-09
4.41742158388e-09
4.45562660944e-09
3.99249130513e-09
3.32717188068e-09
2.7301615719e-09
2.19388513562e-09
)
;

boundaryField
{
    emptyPatch
    {
        type            empty;
        value           nonuniform List<scalar> 0();
    }
    minY
    {
        type            calculated;
        value           nonuniform List<scalar> 0();
    }
    maxY
    {
        type            calculated;
        value           nonuniform List<scalar> 
20
(
2.03357239023e-06
7.63586380762e-07
6.20626708812e-07
6.25596188248e-07
6.05329168581e-07
5.74791967382e-07
5.66539776288e-07
8.32292936184e-07
9.5292231574e-07
7.45289463183e-07
5.53873795692e-07
4.30305522951e-07
3.49707563916e-07
2.95501936337e-07
2.55464040166e-07
2.213186199e-07
1.9030913362e-07
1.62991536021e-07
1.42992501149e-07
1.31823818871e-07
)
;
    }
    maxX
    {
        type            calculated;
        value           uniform 0;
    }
    water_to_heater
    {
        type            calculated;
        value           nonuniform List<scalar> 0();
    }
    procBoundary2to1
    {
        type            processor;
        value           nonuniform List<scalar> 
20
(
-8.91358056746e-07
-9.3029546212e-07
-5.52636664764e-07
-1.90802977665e-07
-1.95008135696e-07
-1.74679980374e-07
-1.53043444479e-07
-1.38312659537e-07
-1.38738358972e-07
-2.42219715097e-07
-4.46016779704e-07
-4.67630943019e-07
-4.5047119716e-07
-4.24378037113e-07
-3.96716342045e-07
-3.67921973106e-07
-3.3486112898e-07
-2.90364718675e-07
-2.21047550199e-07
-1.1205021468e-07
)
;
    }
    procBoundary2to3
    {
        type            processor;
        value           nonuniform List<scalar> 
39
(
-5.72154341929e-08
-4.99388265293e-08
-4.36123351191e-08
-3.73547334202e-08
-3.76606226809e-08
-3.85672249597e-08
-3.5129634812e-08
-4.86994343843e-08
-6.7586534513e-08
-1.00584355767e-07
-6.09717692859e-08
-1.36707108651e-07
-1.26740070439e-07
-7.15973289249e-08
-5.18349642166e-08
-8.54126386551e-08
-1.10299297656e-07
-1.28106394896e-07
-8.36978426695e-08
-6.59101670677e-08
-7.1066269725e-08
-1.07323783328e-07
3.60113471786e-08
-1.13217117709e-07
-9.39747402932e-08
-1.23391688283e-07
-1.40885095817e-07
-1.46099527219e-07
-1.4403992264e-07
-1.27638998854e-07
-1.92302649779e-07
-1.98449288082e-07
-2.67671512031e-07
-1.79862702366e-07
-1.52750382597e-07
-2.10739584335e-07
-2.18095490023e-07
-2.61111159083e-07
-1.37913713553e-07
)
;
    }
}


// ************************************************************************* //
