/*--------------------------------*- C++ -*----------------------------------*\
| =========                 |                                                 |
| \\      /  F ield         | OpenFOAM: The Open Source CFD Toolbox           |
|  \\    /   O peration     | Version:  2312                                  |
|   \\  /    A nd           | Website:  www.openfoam.com                      |
|    \\/     M anipulation  |                                                 |
\*---------------------------------------------------------------------------*/
FoamFile
{
    version     2.0;
    format      ascii;
    arch        "LSB;label=32;scalar=64";
    class       volVectorField;
    location    "91";
    object      Ur;
}
// * * * * * * * * * * * * * * * * * * * * * * * * * * * * * * * * * * * * * //

dimensions      [0 1 -1 0 0 0 0];

internalField   nonuniform List<vector> 
1875
(
(-0.0118947 0.233321 0)
(-0.0166603 0.2329 0)
(-0.00634134 0.233098 0)
(-0.000544227 0.233025 0)
(0.00570606 0.232236 0)
(0.00980289 0.229931 0)
(0.0113487 0.232592 0)
(0.0100461 0.233371 0)
(0.00684699 0.232432 0)
(0.00169182 0.230934 0)
(-0.00422408 0.228771 0)
(-0.0117631 0.22524 0)
(-0.0184737 0.219037 0)
(-0.0268842 0.211726 0)
(-0.0351355 0.206946 0)
(-0.0431562 0.20358 0)
(-0.0501804 0.20146 0)
(-0.0553978 0.199543 0)
(-0.0573673 0.197897 0)
(-0.0553629 0.197942 0)
(-0.0481796 0.199946 0)
(-0.0376037 0.202168 0)
(-0.0242046 0.203097 0)
(-0.0181877 0.204034 0)
(-0.0105273 0.206305 0)
(-0.00272051 0.287353 0)
(0.00249614 0.288915 0)
(0.0133672 0.289807 0)
(0.0187727 0.289789 0)
(0.0244027 0.288724 0)
(0.0277351 0.287452 0)
(0.0307879 0.282818 0)
(0.0324441 0.278903 0)
(0.0325648 0.275721 0)
(0.0308277 0.272632 0)
(0.0269863 0.270144 0)
(0.0209973 0.268495 0)
(0.0137885 0.268643 0)
(0.0052381 0.269185 0)
(-0.004173 0.26815 0)
(-0.0113579 0.266721 0)
(-0.0145904 0.264706 0)
(-0.0165198 0.263051 0)
(-0.0184137 0.262303 0)
(-0.0185806 0.262099 0)
(-0.0170279 0.26235 0)
(-0.0161226 0.262944 0)
(-0.0150353 0.26386 0)
(-0.0151202 0.263389 0)
(-0.00876475 0.264686 0)
(0.0024609 0.283826 0)
(0.0136392 0.285777 0)
(0.0239132 0.284707 0)
(0.0297839 0.284019 0)
(0.0357738 0.283141 0)
(0.0407826 0.28229 0)
(0.0448451 0.280399 0)
(0.0474331 0.278555 0)
(0.0483454 0.276636 0)
(0.0475274 0.274613 0)
(0.0452373 0.272724 0)
(0.0413626 0.270959 0)
(0.0358434 0.269246 0)
(0.0291201 0.26755 0)
(0.0220259 0.265554 0)
(0.013336 0.26253 0)
(0.0045998 0.259006 0)
(-0.00202255 0.256159 0)
(-0.00604619 0.254631 0)
(-0.00828146 0.254073 0)
(-0.0098498 0.254627 0)
(-0.00981275 0.256002 0)
(-0.00695931 0.259309 0)
(-0.00693962 0.262014 0)
(-0.00396872 0.263615 0)
(0.0144218 0.287263 0)
(0.0258501 0.28886 0)
(0.0260685 0.286389 0)
(0.0314363 0.284542 0)
(0.037578 0.282846 0)
(0.0425252 0.281078 0)
(0.0458097 0.279221 0)
(0.0471025 0.277357 0)
(0.0464037 0.275557 0)
(0.0444341 0.273795 0)
(0.0413298 0.272038 0)
(0.0373156 0.270248 0)
(0.0323423 0.268377 0)
(0.0266199 0.266505 0)
(0.0207803 0.264529 0)
(0.014189 0.263055 0)
(0.00677148 0.26197 0)
(0.00109731 0.261035 0)
(-0.00143134 0.260926 0)
(-0.00259536 0.261128 0)
(-0.00223821 0.261342 0)
(-0.00430758 0.261389 0)
(-0.00190843 0.262356 0)
(-0.00204602 0.263581 0)
(-0.000711912 0.265587 0)
(0.0150134 0.271944 0)
(0.0217395 0.273979 0)
(0.0199863 0.273566 0)
(0.0294246 0.272299 0)
(0.0375658 0.270692 0)
(0.0433868 0.2689 0)
(0.0466889 0.267032 0)
(0.0474919 0.265252 0)
(0.0460334 0.263699 0)
(0.0428321 0.262347 0)
(0.0382211 0.261105 0)
(0.0322509 0.259874 0)
(0.0252683 0.258752 0)
(0.0178269 0.257802 0)
(0.0103362 0.25711 0)
(0.00376039 0.256941 0)
(-0.00136406 0.25801 0)
(-0.00385741 0.259199 0)
(-0.0044003 0.259277 0)
(-0.00376296 0.259422 0)
(-0.00201268 0.260285 0)
(0.00145023 0.263018 0)
(0.000969244 0.263666 0)
(0.00156877 0.263457 0)
(0.00151703 0.26416 0)
(0.0251314 0.262251 0)
(0.0295996 0.265762 0)
(0.018543 0.264668 0)
(0.0297135 0.263127 0)
(0.0385408 0.261285 0)
(0.0432875 0.259129 0)
(0.0450712 0.257158 0)
(0.044189 0.255558 0)
(0.0409192 0.254392 0)
(0.0354834 0.253586 0)
(0.0280633 0.253175 0)
(0.0194745 0.253313 0)
(0.010851 0.253464 0)
(0.0029222 0.253886 0)
(-0.00356993 0.25481 0)
(-0.00800163 0.256194 0)
(-0.0100461 0.257645 0)
(-0.0102396 0.259102 0)
(-0.00910366 0.260899 0)
(-0.00658196 0.262473 0)
(-0.00341769 0.26338 0)
(-0.000211596 0.262845 0)
(0.00115722 0.262464 0)
(0.00429103 0.262005 0)
(0.00437086 0.261917 0)
(0.0344025 0.252336 0)
(0.0357633 0.255148 0)
(0.0142569 0.254254 0)
(0.0275769 0.252522 0)
(0.0340729 0.249653 0)
(0.0359909 0.247083 0)
(0.035388 0.245415 0)
(0.0315617 0.24479 0)
(0.0253484 0.245101 0)
(0.0175562 0.246282 0)
(0.00948892 0.247328 0)
(0.00154237 0.246859 0)
(-0.0056815 0.24877 0)
(-0.0112152 0.251652 0)
(-0.0149245 0.254211 0)
(-0.0165981 0.256598 0)
(-0.0164823 0.258924 0)
(-0.0148593 0.261009 0)
(-0.0117765 0.262874 0)
(-0.00780039 0.264206 0)
(-0.00382029 0.264857 0)
(-0.000611571 0.264767 0)
(0.000685915 0.264415 0)
(0.00490313 0.263647 0)
(0.00540886 0.26329 0)
(0.038852 0.247666 0)
(0.0367817 0.248595 0)
(0.0078596 0.247939 0)
(0.0182196 0.245975 0)
(0.019423 0.243006 0)
(0.0200556 0.241406 0)
(0.0182363 0.241115 0)
(0.0135332 0.241979 0)
(0.0072797 0.243053 0)
(0.000236143 0.241998 0)
(-0.0069857 0.242586 0)
(-0.0131633 0.249339 0)
(-0.0173712 0.253013 0)
(-0.0201556 0.255369 0)
(-0.0216266 0.258528 0)
(-0.0211229 0.260889 0)
(-0.019097 0.263156 0)
(-0.0156052 0.265077 0)
(-0.0113181 0.26648 0)
(-0.0069145 0.267229 0)
(-0.00318488 0.267302 0)
(-0.000414948 0.266843 0)
(0.000569651 0.266172 0)
(0.00523774 0.265329 0)
(0.00550161 0.265096 0)
(0.0386342 0.247971 0)
(0.0305844 0.246857 0)
(-0.00331026 0.245275 0)
(0.00544798 0.243673 0)
(0.00463656 0.242128 0)
(0.00663748 0.242249 0)
(0.00542852 0.24342 0)
(0.00224819 0.245628 0)
(-0.00231008 0.248935 0)
(-0.00877877 0.256933 0)
(-0.0123692 0.261492 0)
(-0.0167589 0.260048 0)
(-0.0214731 0.259866 0)
(-0.0233021 0.26188 0)
(-0.022445 0.263084 0)
(-0.0204352 0.265497 0)
(-0.0170071 0.267339 0)
(-0.0128151 0.268704 0)
(-0.00851037 0.269441 0)
(-0.00468123 0.269586 0)
(-0.00181002 0.269233 0)
(0.000336646 0.268589 0)
(0.00091707 0.267856 0)
(0.00573604 0.267003 0)
(0.00581045 0.266896 0)
(0.0331882 0.250762 0)
(0.0183248 0.247989 0)
(-0.0137067 0.247596 0)
(-0.00346309 0.247138 0)
(-0.00375739 0.247285 0)
(-0.000577717 0.248371 0)
(-0.00142909 0.250059 0)
(-0.00425215 0.252186 0)
(-0.00904482 0.254246 0)
(-0.0141346 0.255632 0)
(-0.0188282 0.258333 0)
(-0.021993 0.261376 0)
(-0.0214535 0.263427 0)
(-0.0207491 0.265397 0)
(-0.0191213 0.267812 0)
(-0.0164246 0.269417 0)
(-0.0130126 0.270653 0)
(-0.00945535 0.27138 0)
(-0.00615423 0.271605 0)
(-0.00336268 0.271436 0)
(-0.00126373 0.270999 0)
(0.000573936 0.270444 0)
(0.00122994 0.269871 0)
(0.00663674 0.269286 0)
(0.00624427 0.269181 0)
(0.0234859 0.252188 0)
(0.0115091 0.249099 0)
(-0.0142169 0.251277 0)
(-0.00692794 0.251992 0)
(-0.00626495 0.253101 0)
(-0.00331387 0.254374 0)
(-0.00391974 0.255973 0)
(-0.00644574 0.257688 0)
(-0.0102808 0.25948 0)
(-0.0140324 0.260859 0)
(-0.0169465 0.262111 0)
(-0.0179 0.264224 0)
(-0.0180324 0.267022 0)
(-0.0173182 0.268957 0)
(-0.0157845 0.27035 0)
(-0.0137248 0.271434 0)
(-0.0114243 0.27216 0)
(-0.00908931 0.272545 0)
(-0.00683925 0.272652 0)
(-0.00472864 0.272571 0)
(-0.00286662 0.272383 0)
(-0.00082198 0.272159 0)
(0.000245093 0.27196 0)
(0.00703867 0.27172 0)
(0.00695057 0.272046 0)
(0.0179289 0.254602 0)
(0.0113913 0.253113 0)
(-0.0100262 0.255026 0)
(-0.0067155 0.256373 0)
(-0.00615929 0.257684 0)
(-0.00412737 0.258797 0)
(-0.00465272 0.259993 0)
(-0.00658427 0.261297 0)
(-0.00907104 0.262835 0)
(-0.0114688 0.264285 0)
(-0.0135011 0.265792 0)
(-0.0147157 0.267463 0)
(-0.0152644 0.268908 0)
(-0.0151305 0.27013 0)
(-0.0145668 0.271112 0)
(-0.0136637 0.27187 0)
(-0.0124754 0.272426 0)
(-0.0110404 0.272817 0)
(-0.00939426 0.273083 0)
(-0.00756485 0.27326 0)
(-0.00565841 0.273387 0)
(-0.0031731 0.273523 0)
(-0.00161775 0.273649 0)
(0.00707221 0.273608 0)
(0.00753835 0.273815 0)
(0.0150393 0.258106 0)
(0.0103441 0.256885 0)
(-0.00750982 0.258034 0)
(-0.00511616 0.259251 0)
(-0.00565867 0.259973 0)
(-0.00429696 0.261165 0)
(-0.00464775 0.262584 0)
(-0.00567124 0.263673 0)
(-0.00702406 0.264856 0)
(-0.0089388 0.265948 0)
(-0.0108746 0.267015 0)
(-0.012544 0.268035 0)
(-0.0138019 0.268977 0)
(-0.0145882 0.269809 0)
(-0.0149371 0.270532 0)
(-0.0148459 0.271161 0)
(-0.0143425 0.271706 0)
(-0.0134663 0.272172 0)
(-0.0122785 0.272568 0)
(-0.0107877 0.272904 0)
(-0.00900932 0.273227 0)
(-0.00667647 0.273592 0)
(-0.00561546 0.273905 0)
(0.00333317 0.274426 0)
(0.00508655 0.273489 0)
(0.0101552 0.261328 0)
(0.0075564 0.259263 0)
(-0.00484266 0.260121 0)
(-0.00308173 0.261026 0)
(-0.00414634 0.262414 0)
(-0.00312002 0.263252 0)
(-0.00328889 0.263687 0)
(-0.00370707 0.264527 0)
(-0.00492147 0.265219 0)
(-0.00695042 0.265826 0)
(-0.00924421 0.266403 0)
(-0.0114726 0.266984 0)
(-0.0133538 0.267582 0)
(-0.0147584 0.268188 0)
(-0.0156432 0.268791 0)
(-0.0160201 0.269377 0)
(-0.0159351 0.269931 0)
(-0.0154397 0.270439 0)
(-0.014602 0.270901 0)
(-0.0133501 0.27133 0)
(-0.0118011 0.271755 0)
(-0.0101947 0.272224 0)
(-0.0105045 0.272759 0)
(-0.00623576 0.27351 0)
(-0.0015521 0.271692 0)
(0.00491136 0.261382 0)
(0.00412019 0.258869 0)
(-0.00218257 0.261632 0)
(-0.00124683 0.262087 0)
(-0.00177821 0.262755 0)
(-0.000971855 0.262922 0)
(-0.000844511 0.263173 0)
(-0.00137708 0.263757 0)
(-0.00300876 0.263967 0)
(-0.0053999 0.264136 0)
(-0.00811569 0.264362 0)
(-0.0107489 0.264685 0)
(-0.0130062 0.265109 0)
(-0.0147572 0.265613 0)
(-0.0159616 0.266167 0)
(-0.0166332 0.266745 0)
(-0.0168121 0.267326 0)
(-0.0165293 0.267895 0)
(-0.0158099 0.268444 0)
(-0.0146353 0.268982 0)
(-0.0131101 0.269464 0)
(-0.0112272 0.269886 0)
(-0.010917 0.270603 0)
(-0.0135044 0.272267 0)
(-0.00824841 0.271366 0)
(-0.000712564 0.26403 0)
(0.00100389 0.261507 0)
(-0.000134619 0.262333 0)
(0.000266224 0.262336 0)
(0.000353307 0.262377 0)
(0.00123157 0.262869 0)
(0.00157992 0.262856 0)
(0.00102932 0.262332 0)
(-0.000868271 0.262187 0)
(-0.00342424 0.262001 0)
(-0.00635776 0.261927 0)
(-0.00925588 0.262014 0)
(-0.0118114 0.262259 0)
(-0.0138673 0.262637 0)
(-0.0153584 0.263115 0)
(-0.0162748 0.263665 0)
(-0.0166402 0.264262 0)
(-0.016479 0.264886 0)
(-0.0157808 0.265519 0)
(-0.014645 0.266141 0)
(-0.013068 0.266725 0)
(-0.01011 0.267315 0)
(-0.00674576 0.267881 0)
(-0.0118279 0.268987 0)
(-0.00957781 0.269256 0)
(-0.00494932 0.265825 0)
(-0.00234192 0.264408 0)
(0.00277323 0.262493 0)
(0.00182728 0.262438 0)
(0.00244345 0.262449 0)
(0.00337662 0.262093 0)
(0.00407455 0.261956 0)
(0.00391525 0.261475 0)
(0.00196634 0.260616 0)
(-0.000824714 0.260094 0)
(-0.00397149 0.259729 0)
(-0.00704902 0.25953 0)
(-0.00980455 0.259509 0)
(-0.01208 0.259672 0)
(-0.0137919 0.259993 0)
(-0.0149141 0.260445 0)
(-0.0154489 0.261 0)
(-0.0154221 0.261628 0)
(-0.014831 0.262296 0)
(-0.0136559 0.262954 0)
(-0.0120614 0.263592 0)
(-0.00916986 0.264101 0)
(-0.00415451 0.264218 0)
(-0.00868395 0.264166 0)
(-0.00832407 0.263797 0)
(-0.00712685 0.263882 0)
(-0.00330308 0.263261 0)
(0.00586212 0.263205 0)
(0.00417507 0.262987 0)
(0.00472363 0.262761 0)
(0.0056685 0.26223 0)
(0.00643977 0.261429 0)
(0.00666994 0.260443 0)
(0.00549524 0.259535 0)
(0.00285225 0.258656 0)
(-0.000516473 0.257934 0)
(-0.00395351 0.25747 0)
(-0.00698381 0.257239 0)
(-0.00945337 0.257163 0)
(-0.0113245 0.25727 0)
(-0.0125809 0.257548 0)
(-0.0132395 0.257978 0)
(-0.0133376 0.258529 0)
(-0.0129366 0.259161 0)
(-0.0119829 0.259814 0)
(-0.0105457 0.260415 0)
(-0.00872776 0.260925 0)
(-0.00419503 0.260894 0)
(-0.0104514 0.261026 0)
(-0.0108129 0.260198 0)
(-0.00943704 0.263892 0)
(-0.00756248 0.264044 0)
(0.00420872 0.263545 0)
(0.00455676 0.26335 0)
(0.00535584 0.263055 0)
(0.00649598 0.262491 0)
(0.00762979 0.261646 0)
(0.00827182 0.260571 0)
(0.00802617 0.259267 0)
(0.00643212 0.258064 0)
(0.00364488 0.257239 0)
(0.000316149 0.256412 0)
(-0.0030806 0.255682 0)
(-0.00599837 0.255378 0)
(-0.00817028 0.25528 0)
(-0.00961387 0.255373 0)
(-0.0103879 0.255638 0)
(-0.0105805 0.256049 0)
(-0.0103298 0.256573 0)
(-0.00971593 0.25716 0)
(-0.00877766 0.257726 0)
(-0.00817421 0.258189 0)
(-0.00457988 0.258285 0)
(-0.013272 0.258158 0)
(-0.0133506 0.257156 0)
(-0.0110264 0.262431 0)
(-0.0111355 0.26336 0)
(0.000893865 0.263302 0)
(0.00488982 0.263201 0)
(0.00641867 0.263073 0)
(0.00749075 0.262706 0)
(0.00869148 0.261997 0)
(0.00945744 0.261002 0)
(0.00963329 0.259803 0)
(0.00898457 0.25806 0)
(0.00738995 0.255321 0)
(0.00487741 0.254601 0)
(0.00187609 0.25507 0)
(-0.00129176 0.254422 0)
(-0.00396713 0.254112 0)
(-0.00584941 0.254039 0)
(-0.00694874 0.254164 0)
(-0.00735469 0.254442 0)
(-0.00726597 0.254838 0)
(-0.00687428 0.255312 0)
(-0.0063709 0.255812 0)
(-0.00683624 0.256271 0)
(-0.00397486 0.256497 0)
(-0.0149719 0.256166 0)
(-0.0151573 0.255201 0)
(-0.0112623 0.264106 0)
(-0.0110598 0.264614 0)
(0.000913639 0.265141 0)
(0.00600824 0.264648 0)
(0.00877441 0.264191 0)
(0.00978924 0.26368 0)
(0.0105579 0.262958 0)
(0.0111771 0.261956 0)
(0.0112607 0.260692 0)
(0.0111199 0.25989 0)
(0.0099321 0.257595 0)
(0.00827864 0.254733 0)
(0.00579133 0.253998 0)
(0.00343674 0.254341 0)
(0.00091025 0.253767 0)
(-0.00129755 0.253509 0)
(-0.00285581 0.253497 0)
(-0.00371081 0.253672 0)
(-0.00399449 0.253975 0)
(-0.00391437 0.254359 0)
(-0.00368278 0.254772 0)
(-0.00484514 0.255231 0)
(-0.00242654 0.255551 0)
(-0.0158918 0.255662 0)
(-0.0167695 0.25498 0)
(-0.0105084 0.266427 0)
(-0.0106069 0.267064 0)
(8.06481e-05 0.267501 0)
(0.00446417 0.266923 0)
(0.00889949 0.266019 0)
(0.0109901 0.265141 0)
(0.0118936 0.26424 0)
(0.0123454 0.263188 0)
(0.0122986 0.262006 0)
(0.0118403 0.260143 0)
(0.0105676 0.26272 0)
(0.00913946 0.261923 0)
(0.00834055 0.256477 0)
(0.0065864 0.254416 0)
(0.00498638 0.254355 0)
(0.00323735 0.253777 0)
(0.00161515 0.253551 0)
(0.000417321 0.253589 0)
(-0.000310821 0.253798 0)
(-0.000684997 0.254115 0)
(-0.000688844 0.254444 0)
(-0.0022185 0.254838 0)
(0.000228326 0.255162 0)
(-0.0154919 0.255087 0)
(-0.0177816 0.254983 0)
(-0.00847149 0.266905 0)
(-0.00848844 0.268011 0)
(-0.000297535 0.268357 0)
(0.00204271 0.268292 0)
(0.00674524 0.267513 0)
(0.0102455 0.266483 0)
(0.0121207 0.265439 0)
(0.0127903 0.264373 0)
(0.0129581 0.263231 0)
(0.0121789 0.26197 0)
(0.01235 0.260176 0)
(0.0117603 0.261241 0)
(0.0103149 0.260664 0)
(0.00924884 0.256556 0)
(0.00783803 0.254706 0)
(0.00670953 0.254817 0)
(0.00549231 0.254383 0)
(0.00432322 0.254184 0)
(0.00335091 0.254201 0)
(0.00249542 0.254371 0)
(0.00207753 0.254578 0)
(0.000130316 0.254812 0)
(0.00140401 0.255059 0)
(-0.0143472 0.254366 0)
(-0.0164764 0.255149 0)
(-0.00579467 0.266593 0)
(-0.0057182 0.267907 0)
(0.000211973 0.268028 0)
(0.000823878 0.268332 0)
(0.00383493 0.268051 0)
(0.00747458 0.267246 0)
(0.0103235 0.266219 0)
(0.0117792 0.265154 0)
(0.0122367 0.264087 0)
(0.0119604 0.263044 0)
(0.0113923 0.261012 0)
(0.0108435 0.258267 0)
(0.0102877 0.259787 0)
(0.00959592 0.260489 0)
(0.00903031 0.258215 0)
(0.00827198 0.256223 0)
(0.00770352 0.255766 0)
(0.00690991 0.255354 0)
(0.00605907 0.255148 0)
(0.00501406 0.255126 0)
(0.00415488 0.255215 0)
(0.00211943 0.255316 0)
(0.00117765 0.255545 0)
(-0.013374 0.254849 0)
(-0.0138771 0.256002 0)
(-0.00257181 0.265211 0)
(-0.00253126 0.267085 0)
(0.000950976 0.267396 0)
(0.00102991 0.267391 0)
(0.00207178 0.267386 0)
(0.00442035 0.267002 0)
(0.00722101 0.266236 0)
(0.00931212 0.265299 0)
(0.0103424 0.264354 0)
(0.0105031 0.263411 0)
(0.0101559 0.262393 0)
(0.0094436 0.261336 0)
(0.00879339 0.259487 0)
(0.00846451 0.25901 0)
(0.00838568 0.259136 0)
(0.0083172 0.258201 0)
(0.00827654 0.257355 0)
(0.00810808 0.256749 0)
(0.00763568 0.256352 0)
(0.00679586 0.256124 0)
(0.00576402 0.256038 0)
(0.00377886 0.255993 0)
(0.00162129 0.255954 0)
(-0.0114273 0.25589 0)
(-0.0113578 0.256969 0)
(0.00345746 0.263607 0)
(0.00520904 0.266028 0)
(0.00156691 0.266461 0)
(-0.00071299 0.266159 0)
(0.00051809 0.26612 0)
(0.00179177 0.266069 0)
(0.00375286 0.265706 0)
(0.00592255 0.265068 0)
(0.00742557 0.264259 0)
(0.00798576 0.263447 0)
(0.00795405 0.262659 0)
(0.00765301 0.261911 0)
(0.00725943 0.261142 0)
(0.00693314 0.261016 0)
(0.00699462 0.26075 0)
(0.00725235 0.259554 0)
(0.00758844 0.258546 0)
(0.00787537 0.258081 0)
(0.00784709 0.257576 0)
(0.00728894 0.257182 0)
(0.00627781 0.256899 0)
(0.00367728 0.256722 0)
(0.00208668 0.256402 0)
(-0.00831389 0.25665 0)
(-0.00904918 0.257702 0)
(0.0109731 0.260882 0)
(0.0139905 0.263698 0)
(0.00183151 0.263761 0)
(-0.00305228 0.263786 0)
(-0.000914292 0.264207 0)
(0.000101797 0.264456 0)
(0.00116752 0.264517 0)
(0.00243668 0.26431 0)
(0.00368523 0.263807 0)
(0.00467128 0.263235 0)
(0.00509526 0.262654 0)
(0.00519814 0.26211 0)
(0.00517047 0.261618 0)
(0.00519699 0.26056 0)
(0.00547697 0.260226 0)
(0.00586227 0.260513 0)
(0.0063298 0.259986 0)
(0.00679155 0.259249 0)
(0.00707338 0.258728 0)
(0.00675575 0.258283 0)
(0.00591679 0.257924 0)
(0.00297771 0.257721 0)
(0.00217929 0.257586 0)
(-0.00511859 0.257614 0)
(-0.00654057 0.258608 0)
(0.0155108 0.261845 0)
(0.0159986 0.262563 0)
(0.00078041 0.260828 0)
(-0.00083137 0.26188 0)
(-0.000190548 0.262388 0)
(-5.90576e-05 0.262696 0)
(5.34882e-05 0.262909 0)
(0.000219852 0.262968 0)
(0.000735376 0.262898 0)
(0.00154761 0.26267 0)
(0.00212072 0.262358 0)
(0.00260807 0.262046 0)
(0.00302435 0.26174 0)
(0.00334893 0.261409 0)
(0.00376394 0.261205 0)
(0.00429737 0.260976 0)
(0.00493865 0.260521 0)
(0.00545963 0.260105 0)
(0.00587015 0.259662 0)
(0.00578889 0.259234 0)
(0.00524092 0.258882 0)
(0.00283553 0.25867 0)
(0.00217368 0.258731 0)
(-0.00305956 0.258518 0)
(-0.0044273 0.259392 0)
(0.0157988 0.262972 0)
(0.0138719 0.261789 0)
(-0.00092993 0.260724 0)
(0.00165465 0.261485 0)
(0.000626316 0.261496 0)
(-0.000322346 0.261615 0)
(-0.000842867 0.261755 0)
(-0.00109531 0.261852 0)
(-0.00105053 0.261961 0)
(-0.000790434 0.261962 0)
(-0.00031345 0.261908 0)
(0.000307088 0.261828 0)
(0.000960844 0.261696 0)
(0.00159953 0.261542 0)
(0.00223594 0.261157 0)
(0.00291619 0.260974 0)
(0.00358618 0.260949 0)
(0.00412613 0.260677 0)
(0.00454406 0.260331 0)
(0.00463467 0.259957 0)
(0.00439493 0.25964 0)
(0.00268176 0.259405 0)
(0.00201058 0.259438 0)
(-0.00132585 0.259051 0)
(-0.00239996 0.25988 0)
(0.0124698 0.260932 0)
(0.00976467 0.259925 0)
(-0.00187724 0.260702 0)
(0.00138278 0.26076 0)
(4.24559e-05 0.260799 0)
(-0.00106545 0.260852 0)
(-0.00180637 0.260973 0)
(-0.00240609 0.261096 0)
(-0.00266461 0.261222 0)
(-0.00259013 0.261327 0)
(-0.00211077 0.261429 0)
(-0.00149032 0.261534 0)
(-0.000715031 0.261567 0)
(0.000156361 0.261591 0)
(0.000939662 0.261532 0)
(0.00166888 0.26138 0)
(0.00234489 0.261239 0)
(0.00290749 0.261047 0)
(0.00332573 0.260792 0)
(0.00353614 0.260521 0)
(0.00349095 0.260273 0)
(0.00230381 0.259994 0)
(0.00164081 0.259953 0)
(1.8494e-05 0.259979 0)
(-0.000684643 0.260697 0)
(0.0103835 0.259655 0)
(0.00784944 0.25922 0)
(-0.00142374 0.259771 0)
(0.00119248 0.259914 0)
(-0.000579884 0.260026 0)
(-0.00170176 0.260141 0)
(-0.00264159 0.260271 0)
(-0.00350265 0.26043 0)
(-0.00395329 0.26062 0)
(-0.00395476 0.260894 0)
(-0.00343762 0.261167 0)
(-0.00275374 0.261235 0)
(-0.0018981 0.261398 0)
(-0.000946939 0.261484 0)
(-8.74357e-05 0.261528 0)
(0.000677807 0.261489 0)
(0.00135625 0.261401 0)
(0.00192204 0.261258 0)
(0.00242551 0.261083 0)
(0.00277229 0.260901 0)
(0.00257944 0.260719 0)
(0.00161871 0.260418 0)
(0.000816336 0.260256 0)
(0.00111569 0.258589 0)
(0.0010004 0.259162 0)
(0.00993272 0.258764 0)
(0.00821346 0.258749 0)
(-0.000244587 0.259297 0)
(0.00139169 0.259433 0)
(-0.000864713 0.259484 0)
(-0.00217078 0.259628 0)
(-0.00340266 0.259747 0)
(-0.00439797 0.259934 0)
(-0.00488326 0.260165 0)
(-0.00486599 0.260268 0)
(-0.00429273 0.259956 0)
(-0.00355823 0.261064 0)
(-0.00266165 0.261253 0)
(-0.00171263 0.26139 0)
(-0.000859037 0.261481 0)
(-0.000104963 0.261491 0)
(0.000565792 0.261444 0)
(0.00117252 0.261352 0)
(0.00176477 0.261237 0)
(0.00218459 0.261078 0)
(0.00164428 0.26084 0)
(0.000616354 0.260631 0)
(-0.000359482 0.260482 0)
(0.00181136 0.26081 0)
(0.00268344 0.261438 0)
(0.00976117 0.258796 0)
(0.00869403 0.258959 0)
(0.000257015 0.259329 0)
(0.00109062 0.259189 0)
(-0.00116141 0.259155 0)
(-0.00264408 0.259251 0)
(-0.00409294 0.259347 0)
(-0.00502464 0.259563 0)
(-0.00536189 0.259845 0)
(-0.00522762 0.259112 0)
(-0.00493022 0.259927 0)
(-0.00413184 0.260824 0)
(-0.00320043 0.261086 0)
(-0.00227542 0.261261 0)
(-0.00145827 0.261379 0)
(-0.000725093 0.261422 0)
(-5.30735e-05 0.261414 0)
(0.000606878 0.261367 0)
(0.00115711 0.261281 0)
(0.00116386 0.261105 0)
(0.000632234 0.26083 0)
(-0.000181836 0.260766 0)
(-0.00178903 0.260644 0)
(0.00240909 0.262116 0)
(0.00395714 0.262622 0)
(0.0102769 0.259039 0)
(0.00940186 0.259313 0)
(-0.000372862 0.259654 0)
(-0.000192212 0.259246 0)
(-0.0019254 0.259102 0)
(-0.00333582 0.259058 0)
(-0.00472374 0.25912 0)
(-0.00542101 0.259318 0)
(-0.00555129 0.259619 0)
(-0.00532316 0.260929 0)
(-0.00493545 0.26207 0)
(-0.00426686 0.26056 0)
(-0.0033784 0.260899 0)
(-0.00257647 0.261107 0)
(-0.00183044 0.261249 0)
(-0.00113965 0.26133 0)
(-0.000471565 0.261364 0)
(0.000146381 0.261359 0)
(0.000421454 0.261283 0)
(9.07652e-05 0.261138 0)
(-0.000109657 0.261037 0)
(-0.000847671 0.261046 0)
(-0.00280997 0.260943 0)
(0.00258723 0.259863 0)
(0.00461147 0.260119 0)
(0.0106393 0.25867 0)
(0.0103291 0.25854 0)
(-0.00140137 0.258853 0)
(-0.002525 0.258853 0)
(-0.00347149 0.258853 0)
(-0.00460091 0.258834 0)
(-0.00551967 0.258961 0)
(-0.00587582 0.259201 0)
(-0.00588034 0.259503 0)
(-0.00559324 0.261096 0)
(-0.00500241 0.261209 0)
(-0.00396645 0.260517 0)
(-0.00334816 0.260794 0)
(-0.00262306 0.261003 0)
(-0.00196717 0.261151 0)
(-0.00131009 0.261253 0)
(-0.000671002 0.261316 0)
(-0.000212297 0.261331 0)
(-0.000138017 0.261275 0)
(-0.000307454 0.261232 0)
(-0.000275287 0.261253 0)
(-0.00119872 0.261266 0)
(-0.00273213 0.261276 0)
(0.00338797 0.261559 0)
(0.00497613 0.261429 0)
(0.00954486 0.25792 0)
(0.00917967 0.257318 0)
(-0.000830672 0.257376 0)
(-0.00191703 0.258086 0)
(-0.00392756 0.258328 0)
(-0.005126 0.258519 0)
(-0.00572403 0.258797 0)
(-0.00589754 0.259131 0)
(-0.00576085 0.259498 0)
(-0.00541329 0.259267 0)
(-0.00456626 0.258972 0)
(-0.00384148 0.260534 0)
(-0.00322032 0.260746 0)
(-0.00257927 0.260931 0)
(-0.00196855 0.261073 0)
(-0.00132949 0.26118 0)
(-0.000761706 0.26125 0)
(-0.000458232 0.261266 0)
(-0.000374512 0.261252 0)
(-0.000418703 0.261268 0)
(-0.000340172 0.261285 0)
(-0.0013176 0.261287 0)
(-0.00214122 0.261373 0)
(0.00408704 0.261736 0)
(0.00494476 0.261455 0)
(0.00790219 0.25815 0)
(0.00717736 0.257571 0)
(0.000359081 0.257608 0)
(-1.80343e-05 0.258069 0)
(-0.00345045 0.258249 0)
(-0.00473888 0.2585 0)
(-0.00528342 0.258818 0)
(-0.00539555 0.259155 0)
(-0.00519331 0.259522 0)
(-0.00475965 0.259583 0)
(-0.00419149 0.260115 0)
(-0.00367962 0.260455 0)
(-0.00304046 0.260676 0)
(-0.00245986 0.260851 0)
(-0.00186623 0.260993 0)
(-0.00125487 0.261101 0)
(-0.000777213 0.261169 0)
(-0.000535493 0.261197 0)
(-0.000415773 0.261227 0)
(-0.000405874 0.26126 0)
(-0.000362104 0.261307 0)
(-0.00117802 0.261331 0)
(-0.00119208 0.261593 0)
(0.00422198 0.261822 0)
(0.00429444 0.261245 0)
(0.00680751 0.258646 0)
(0.00607812 0.258241 0)
(0.000488186 0.258369 0)
(8.84362e-05 0.258355 0)
(-0.00333013 0.258429 0)
(-0.00435159 0.258652 0)
(-0.00478764 0.258941 0)
(-0.00484392 0.259252 0)
(-0.00460549 0.259569 0)
(-0.00422832 0.25977 0)
(-0.00378626 0.260139 0)
(-0.00328539 0.260402 0)
(-0.0027461 0.260611 0)
(-0.00221651 0.260779 0)
(-0.00164995 0.260919 0)
(-0.00109126 0.261023 0)
(-0.000679563 0.261087 0)
(-0.000430866 0.261131 0)
(-0.000249379 0.261179 0)
(-0.000159232 0.261228 0)
(-6.44469e-05 0.261303 0)
(-0.000232113 0.261377 0)
(-2.83798e-05 0.261746 0)
(0.00329242 0.261739 0)
(0.00299763 0.260931 0)
(0.0058561 0.258845 0)
(0.00517141 0.258461 0)
(0.000381211 0.258582 0)
(-6.02956e-05 0.258501 0)
(-0.00308019 0.258595 0)
(-0.00381829 0.258817 0)
(-0.00417112 0.259083 0)
(-0.00420883 0.259367 0)
(-0.0039918 0.259654 0)
(-0.00366738 0.259912 0)
(-0.0032856 0.260165 0)
(-0.00284264 0.260383 0)
(-0.00238476 0.260568 0)
(-0.00189673 0.26072 0)
(-0.00136179 0.260845 0)
(-0.000866969 0.260933 0)
(-0.000491527 0.260986 0)
(-0.000206762 0.261022 0)
(3.04869e-05 0.261055 0)
(0.000223713 0.261077 0)
(0.000446777 0.261064 0)
(0.000927556 0.261144 0)
(0.000796301 0.261504 0)
(0.00145227 0.261355 0)
(0.00121777 0.260477 0)
(0.00492241 0.259066 0)
(0.00430032 0.258703 0)
(0.000207872 0.258809 0)
(-0.000226181 0.25872 0)
(-0.00274001 0.25883 0)
(-0.00327625 0.259036 0)
(-0.00357086 0.259265 0)
(-0.00358667 0.259511 0)
(-0.0034008 0.259754 0)
(-0.00312398 0.25998 0)
(-0.00279312 0.26019 0)
(-0.00240735 0.260378 0)
(-0.00200675 0.260533 0)
(-0.00156164 0.260667 0)
(-0.0010757 0.260773 0)
(-0.000655315 0.260845 0)
(-0.000325908 0.260889 0)
(-4.76812e-05 0.260918 0)
(0.000181352 0.260917 0)
(0.000277458 0.260944 0)
(0.000723588 0.261184 0)
(0.00210576 0.261282 0)
(0.00125212 0.261567 0)
(-0.000571095 0.260812 0)
(-0.000374588 0.260491 0)
(0.00409098 0.259253 0)
(0.00351808 0.258926 0)
(3.71075e-05 0.259017 0)
(-0.000324023 0.258948 0)
(-0.00233706 0.25906 0)
(-0.0027437 0.259243 0)
(-0.00300683 0.259424 0)
(-0.00301304 0.25963 0)
(-0.0028549 0.259845 0)
(-0.00261445 0.260039 0)
(-0.00231579 0.260218 0)
(-0.00198259 0.260361 0)
(-0.00162571 0.260507 0)
(-0.00120849 0.260623 0)
(-0.000775371 0.260715 0)
(-0.000405748 0.260778 0)
(-8.90418e-05 0.260831 0)
(0.0001916 0.260871 0)
(0.000525608 0.261031 0)
(0.000958266 0.261109 0)
(0.00169969 0.259744 0)
(0.00426244 0.259822 0)
(0.00174888 0.261425 0)
(-0.00316612 0.260355 0)
(-0.00173547 0.260473 0)
(0.00331464 0.259407 0)
(0.00281635 0.259109 0)
(-6.61373e-05 0.259225 0)
(-0.00037373 0.259154 0)
(-0.0019549 0.259246 0)
(-0.00229293 0.259384 0)
(-0.00253254 0.259585 0)
(-0.00248754 0.259776 0)
(-0.00234804 0.259909 0)
(-0.00214298 0.260064 0)
(-0.0018981 0.260198 0)
(-0.00159182 0.260387 0)
(-0.0012309 0.26047 0)
(-0.00084184 0.260577 0)
(-0.000454685 0.260641 0)
(-8.94141e-05 0.260694 0)
(0.000246723 0.260696 0)
(0.000539242 0.260729 0)
(0.000981956 0.259695 0)
(0.00172459 0.259519 0)
(0.00250445 0.261675 0)
(0.00496717 0.261518 0)
(0.00211862 0.259759 0)
(-0.00451322 0.261596 0)
(-0.0030858 0.259793 0)
(0.00265147 0.259575 0)
(0.00217086 0.259367 0)
(-0.000116618 0.259158 0)
(-0.000364156 0.259362 0)
(-0.00168348 0.259461 0)
(-0.0019374 0.259639 0)
(-0.00210734 0.259403 0)
(-0.00196063 0.25945 0)
(-0.00183566 0.260002 0)
(-0.00172056 0.260115 0)
(-0.00151968 0.260326 0)
(-0.00115258 0.259621 0)
(-0.000797059 0.260427 0)
(-0.000559073 0.260482 0)
(-0.000194169 0.260555 0)
(0.000103658 0.260539 0)
(0.000447904 0.260699 0)
(0.000916091 0.260682 0)
(0.00134552 0.26023 0)
(0.00155385 0.260317 0)
(0.00181983 0.260669 0)
(0.00335853 0.260342 0)
(0.0025244 0.259575 0)
(-0.00384751 0.260703 0)
(-0.00407743 0.259854 0)
(0.00205837 0.259736 0)
(0.00179434 0.259159 0)
(-0.000117459 0.258712 0)
(-0.000441024 0.259614 0)
(-0.00137685 0.259644 0)
(-0.00144345 0.259223 0)
(-0.0015276 0.258966 0)
(-0.00165252 0.259137 0)
(-0.0016473 0.260062 0)
(-0.00142906 0.260316 0)
(-0.00108209 0.259488 0)
(-0.000770346 0.259836 0)
(-0.000724571 0.26053 0)
(-0.000315745 0.260576 0)
(-5.36221e-05 0.260443 0)
(0.000214115 0.260641 0)
(0.000586662 0.259598 0)
(0.00095872 0.259474 0)
(0.00123954 0.262405 0)
(0.00154037 0.262474 0)
(0.00177215 0.259137 0)
(0.00162904 0.25914 0)
(0.00285624 0.260067 0)
(-0.00262822 0.259809 0)
(-0.00480222 0.260119 0)
(0.00168881 0.259772 0)
(0.00133525 0.258822 0)
(-0.000283196 0.260987 0)
(-0.000417975 0.259098 0)
(-0.000966624 0.259704 0)
(-0.00109699 0.259023 0)
(-0.00134064 0.26124 0)
(-0.00137454 0.261419 0)
(-0.00130546 0.26009 0)
(-0.000951975 0.259581 0)
(-0.000685171 0.259727 0)
(-0.000690841 0.262047 0)
(-0.000548366 0.259242 0)
(-0.00010267 0.259423 0)
(0.000203314 0.260649 0)
(0.000604723 0.259277 0)
(0.000860946 0.259974 0)
(0.000745392 0.260033 0)
(0.000855033 0.259936 0)
(0.00158594 0.259748 0)
(0.00202988 0.262244 0)
(0.00167287 0.261245 0)
(0.00357933 0.259709 0)
(-0.00200956 0.26057 0)
(-0.00498267 0.260282 0)
(0.00126535 0.259293 0)
(0.000916819 0.261057 0)
(-0.000223341 0.259596 0)
(-0.000263046 0.259037 0)
(-0.00102369 0.259182 0)
(-0.00111255 0.261411 0)
(-0.0013507 0.259837 0)
(-0.00101054 0.259905 0)
(-0.000607193 0.259144 0)
(-0.000563966 0.259248 0)
(-0.000618482 0.261935 0)
(-0.000374204 0.259922 0)
(0.000215171 0.260077 0)
(0.000112939 0.259956 0)
(0.000416858 0.259037 0)
(0.000699218 0.260095 0)
(0.000742344 0.262124 0)
(0.00109875 0.262224 0)
(0.00142956 0.259014 0)
(0.00163937 0.25903 0)
(0.00215681 0.259516 0)
(0.00223165 0.260328 0)
(0.00480103 0.259284 0)
(-0.00145455 0.259888 0)
(-0.00538536 0.259721 0)
(0.000807235 0.259238 0)
(0.000777217 0.259608 0)
(3.55551e-05 0.258757 0)
(-0.000240848 0.26133 0)
(-0.000855481 0.259251 0)
(-0.000927534 0.259718 0)
(-0.00065795 0.258828 0)
(-0.000715821 0.258813 0)
(-0.00071272 0.259739 0)
(-0.000732825 0.261637 0)
(-0.000482677 0.259782 0)
(-5.19143e-06 0.258852 0)
(3.54952e-05 0.262174 0)
(0.000288541 0.262069 0)
(0.000389129 0.259981 0)
(0.000373552 0.262282 0)
(0.000647802 0.259826 0)
(0.00142319 0.259645 0)
(0.0018131 0.261967 0)
(0.0020624 0.261923 0)
(0.00255162 0.259006 0)
(0.00235857 0.260599 0)
(0.00522825 0.260716 0)
(-0.00126401 0.25895 0)
(-0.00573059 0.259609 0)
(0.000706203 0.261265 0)
(0.000464886 0.258659 0)
(-0.000282674 0.261622 0)
(-0.000261439 0.259534 0)
(-0.000491987 0.261383 0)
(-0.000677679 0.258628 0)
(-0.000788536 0.261771 0)
(-0.000758166 0.261843 0)
(-0.000721093 0.261819 0)
(-0.000570863 0.259986 0)
(-0.00015498 0.258815 0)
(-0.000306628 0.262092 0)
(-0.000193003 0.259569 0)
(0.00039187 0.259722 0)
(0.000521793 0.262307 0)
(0.000743244 0.259522 0)
(0.00113374 0.258807 0)
(0.000972628 0.25882 0)
(0.00136461 0.259287 0)
(0.00199407 0.259107 0)
(0.00218634 0.26053 0)
(0.00172398 0.25935 0)
(0.00367427 0.259725 0)
(-0.00110364 0.258246 0)
(-0.00400563 0.259139 0)
(0.000614742 0.259612 0)
(0.000306376 0.261659 0)
(-0.000157971 0.259151 0)
(-0.000200436 0.258761 0)
(-0.000650485 0.259638 0)
(-0.000705644 0.261872 0)
(-0.000873613 0.259286 0)
(-0.00051076 0.259379 0)
(-0.000207232 0.25963 0)
(-2.12331e-05 0.258873 0)
(-0.000212477 0.262126 0)
(-2.87054e-05 0.259542 0)
(0.000410605 0.258949 0)
(0.000278416 0.258906 0)
(0.000611891 0.25949 0)
(0.000883314 0.258868 0)
(0.000953287 0.262037 0)
(0.00104317 0.261929 0)
(0.001119 0.258644 0)
(0.00108032 0.258577 0)
(0.00106987 0.259941 0)
(0.000477576 0.2584 0)
(0.000813975 0.258316 0)
(-0.00134468 0.258693 0)
(-0.0020457 0.258808 0)
(0.000277471 0.258923 0)
(0.00035603 0.259265 0)
(0.000124998 0.258843 0)
(-0.000191759 0.261855 0)
(-0.000614861 0.258848 0)
(-0.000573726 0.259358 0)
(-0.000254209 0.258919 0)
(-0.000330099 0.258886 0)
(-0.000357951 0.258871 0)
(-0.000349946 0.262068 0)
(-7.93409e-05 0.259448 0)
(0.000237196 0.258826 0)
(0.000202361 0.260978 0)
(0.000246983 0.262014 0)
(0.00036641 0.258794 0)
(0.000429912 0.26194 0)
(0.000537203 0.259252 0)
(0.00112427 0.259187 0)
(0.00119788 0.261797 0)
(0.0011427 0.261671 0)
(0.00095144 0.259479 0)
(0.000360204 0.259258 0)
(0.000313568 0.259256 0)
(-0.00121733 0.259222 0)
(-0.00145248 0.259564 0)
(0.000335795 0.261702 0)
(0.000146655 0.258721 0)
(-0.000260429 0.261722 0)
(-0.000166468 0.259162 0)
(-0.000285327 0.261793 0)
(-0.000402579 0.258683 0)
(-0.000409669 0.260788 0)
(-0.000409643 0.261851 0)
(-0.000443956 0.261902 0)
(-0.000191973 0.25932 0)
(9.66386e-05 0.258755 0)
(2.22068e-06 0.261961 0)
(-5.54703e-06 0.260073 0)
(0.000284033 0.259323 0)
(0.000418616 0.260936 0)
(0.000584486 0.259774 0)
(0.000777872 0.25873 0)
(0.000516261 0.258714 0)
(0.000696324 0.259158 0)
(0.00111012 0.259111 0)
(0.000982361 0.258318 0)
(0.000263062 0.260033 0)
(0.000126921 0.259181 0)
(-0.00103337 0.259501 0)
(-0.0012167 0.25961 0)
(0.000363728 0.259171 0)
(0.000110125 0.261719 0)
(-5.50974e-05 0.259221 0)
(-0.000125037 0.25878 0)
(-0.000423793 0.259244 0)
(-0.00032319 0.261865 0)
(-0.000495448 0.260043 0)
(-0.00040861 0.259324 0)
(1.50794e-06 0.259361 0)
(0.000110955 0.258796 0)
(-0.000120746 0.261985 0)
(7.70845e-05 0.259361 0)
(0.000391524 0.261136 0)
(0.000394309 0.258799 0)
(0.000336614 0.260056 0)
(0.000524891 0.259014 0)
(0.000736594 0.261895 0)
(0.000728294 0.261829 0)
(0.000786594 0.25864 0)
(0.000696245 0.25865 0)
(0.000547516 0.260148 0)
(-4.22149e-05 0.259866 0)
(-6.90364e-05 0.260219 0)
(-0.000887371 0.259564 0)
(-0.00103728 0.259465 0)
(9.26807e-05 0.258895 0)
(0.000200431 0.259308 0)
(0.000150736 0.258853 0)
(-0.00012374 0.26187 0)
(-0.000553764 0.258832 0)
(-0.000413319 0.259338 0)
(-0.000135736 0.261104 0)
(-0.000130732 0.258841 0)
(-0.000223484 0.258826 0)
(-0.000294546 0.262005 0)
(-9.80193e-05 0.259376 0)
(3.54093e-05 0.258802 0)
(0.000182805 0.259199 0)
(0.000308235 0.261941 0)
(0.00035223 0.260999 0)
(0.000272134 0.259572 0)
(0.000321618 0.259158 0)
(0.000824712 0.259164 0)
(0.000890838 0.26178 0)
(0.000742927 0.261693 0)
(0.000656885 0.260893 0)
(0.000149373 0.258911 0)
(-2.26629e-05 0.259555 0)
(-0.000761441 0.259362 0)
(-0.000865706 0.259702 0)
(0.000212314 0.261708 0)
(6.01848e-05 0.258753 0)
(-0.000240169 0.261756 0)
(-0.000143819 0.259199 0)
(-0.000215374 0.261827 0)
(-0.000449547 0.258756 0)
(-0.000282003 0.25914 0)
(-0.000118587 0.261886 0)
(-0.000265929 0.261909 0)
(-6.77944e-05 0.259307 0)
(0.000129323 0.258778 0)
(4.75591e-05 0.26198 0)
(-5.47231e-05 0.258811 0)
(1.87799e-05 0.259382 0)
(0.000475105 0.259302 0)
(0.000540829 0.26091 0)
(0.000449594 0.258842 0)
(0.000228438 0.258778 0)
(0.000367586 0.259215 0)
(0.000737006 0.259158 0)
(0.00077603 0.259174 0)
(0.000216083 0.259938 0)
(-1.83773e-05 0.260671 0)
(-0.00063337 0.260074 0)
(-0.000722255 0.259284 0)
(0.00029969 0.259196 0)
(7.4438e-05 0.261763 0)
(-1.10519e-05 0.259256 0)
(-4.27487e-05 0.258825 0)
(-0.000261101 0.259293 0)
(-0.000151097 0.261928 0)
(-0.00041269 0.25882 0)
(-0.000356045 0.259366 0)
(6.54069e-05 0.259371 0)
(0.000126634 0.258812 0)
(-7.80663e-05 0.261976 0)
(0.000214962 0.259345 0)
(0.000382625 0.262023 0)
(0.000236952 0.258778 0)
(0.000110764 0.258721 0)
(0.000335333 0.259836 0)
(0.00048224 0.261889 0)
(0.000462663 0.261855 0)
(0.000463808 0.258699 0)
(0.000331382 0.258714 0)
(0.000284731 0.259949 0)
(-0.000114482 0.260432 0)
(-6.68305e-05 0.259433 0)
(-0.000475178 0.259549 0)
(-0.000651593 0.260178 0)
(6.95093e-05 0.258889 0)
(0.000191996 0.25932 0)
(0.000204262 0.258877 0)
(-1.64899e-05 0.261881 0)
(-0.00038299 0.258836 0)
(-0.000213279 0.259327 0)
(-6.99189e-05 0.261949 0)
(-0.000136141 0.258825 0)
(-0.000208425 0.258819 0)
(-0.000274553 0.261995 0)
(-3.83428e-05 0.259362 0)
(0.000181223 0.258824 0)
(0.00016483 0.259312 0)
(0.000169695 0.261932 0)
(0.000172308 0.261909 0)
(1.65834e-05 0.258777 0)
(0.00011964 0.25921 0)
(0.000564109 0.259198 0)
(0.000610195 0.261821 0)
(0.000455084 0.261767 0)
(0.000404226 0.25967 0)
(0.000130843 0.260228 0)
(-1.83475e-05 0.258699 0)
(-0.000516462 0.259981 0)
(-0.00055759 0.260469 0)
(0.000231013 0.261736 0)
(0.000120452 0.258808 0)
(-0.000185133 0.26169 0)
(-6.28255e-05 0.259231 0)
(-7.33638e-05 0.261848 0)
(-0.000387741 0.258776 0)
(-0.000230209 0.259258 0)
(-4.41779e-05 0.261898 0)
(-0.000211195 0.261918 0)
(1.59975e-05 0.259318 0)
(0.000223253 0.258845 0)
(0.000111311 0.262019 0)
(-0.000154364 0.258841 0)
(-0.000163545 0.259385 0)
(0.000409363 0.259393 0)
(0.000391155 0.260977 0)
(0.000178187 0.258869 0)
(9.19409e-06 0.258845 0)
(0.000117317 0.259315 0)
(0.000495836 0.259267 0)
(0.00052249 0.259826 0)
(0.000132681 0.259103 0)
(-7.96028e-05 0.2612 0)
(-0.000443163 0.260569 0)
(-0.000454528 0.260036 0)
(0.000366429 0.259199 0)
(0.000182511 0.261641 0)
(3.79856e-05 0.259338 0)
(-1.43624e-05 0.258846 0)
(-0.000139776 0.259307 0)
(-8.35762e-05 0.261935 0)
(-0.000355586 0.258854 0)
(-0.000271267 0.259374 0)
(0.000135245 0.2594 0)
(0.000331878 0.258865 0)
(6.33394e-05 0.262053 0)
(0.000143561 0.25941 0)
(0.000216736 0.260936 0)
(0.000120513 0.258814 0)
(0.000114383 0.258779 0)
(0.000167718 0.260011 0)
(0.000203487 0.261895 0)
(0.000277333 0.261889 0)
(0.000299483 0.258767 0)
(0.000154419 0.258794 0)
(0.000108233 0.259863 0)
(-0.000255762 0.259654 0)
(-0.000153539 0.260258 0)
(-0.000364736 0.258956 0)
(-0.000487013 0.259833 0)
(0.000218522 0.258841 0)
(0.000286168 0.259593 0)
(0.000239552 0.258898 0)
(9.45358e-05 0.261859 0)
(-0.000288113 0.258813 0)
(-0.000107337 0.259281 0)
(1.57415e-05 0.26195 0)
(5.11123e-06 0.258849 0)
(-1.49853e-05 0.258824 0)
(3.00125e-05 0.261986 0)
(0.000190167 0.259326 0)
(-4.82449e-05 0.258763 0)
(-0.000168523 0.259992 0)
(-4.11356e-05 0.261865 0)
(-0.000123282 0.261849 0)
(-6.5069e-05 0.26096 0)
(7.53331e-05 0.259193 0)
(0.000478651 0.259192 0)
(0.000469307 0.261875 0)
(0.000204589 0.261776 0)
(0.000199448 0.260005 0)
(-5.08894e-07 0.260646 0)
(-6.49818e-06 0.258953 0)
(-0.000369601 0.260111 0)
(-0.000479827 0.259142 0)
(0.000328523 0.260879 0)
(0.000336185 0.258893 0)
(3.07318e-05 0.261492 0)
(9.28622e-05 0.259232 0)
(2.64391e-05 0.261875 0)
(-0.000207848 0.258817 0)
(-1.95666e-05 0.259288 0)
(9.62502e-05 0.260888 0)
(-0.000119647 0.261942 0)
(0.000143704 0.25929 0)
(0.000163853 0.258711 0)
(-0.000279535 0.261885 0)
(-0.000331445 0.261067 0)
(-0.000150671 0.259362 0)
(5.62323e-05 0.259413 0)
(0.000356621 0.259313 0)
(0.000360914 0.258916 0)
(-6.22306e-05 0.258896 0)
(-2.04815e-05 0.259621 0)
(0.000207873 0.259336 0)
(0.000362052 0.260213 0)
(0.000166946 0.260247 0)
(5.97216e-06 0.259443 0)
(-0.000385229 0.260449 0)
(-0.0004435 0.260646 0)
(0.00055911 0.260104 0)
(0.000503637 0.260534 0)
(0.000280896 0.259589 0)
(0.000137474 0.258941 0)
(5.65873e-05 0.259359 0)
(0.000124264 0.261887 0)
(-9.87412e-05 0.258911 0)
(-0.000200065 0.260165 0)
(2.23478e-05 0.259401 0)
(5.44367e-05 0.258884 0)
(-0.000197507 0.261986 0)
(-0.00014481 0.259408 0)
(0.000354548 0.259365 0)
(0.000435139 0.258941 0)
(0.000190567 0.258922 0)
(0.000115692 0.258884 0)
(0.000121506 0.262041 0)
(5.25533e-05 0.262023 0)
(0.000220584 0.259104 0)
(0.000331354 0.258913 0)
(0.000145687 0.259406 0)
(-0.000206384 0.25907 0)
(-0.00028157 0.260553 0)
(-0.000622989 0.260291 0)
(-0.000574146 0.259768 0)
(0.000785945 0.259584 0)
(0.000763887 0.260393 0)
(0.000388687 0.259079 0)
(0.00034748 0.261874 0)
(-0.000181537 0.258959 0)
(4.4792e-05 0.259876 0)
(-1.38078e-05 0.262034 0)
(-1.7535e-05 0.261113 0)
(-4.27221e-05 0.258835 0)
(-0.00030715 0.261965 0)
(-6.60621e-05 0.260138 0)
(0.000211874 0.258733 0)
(0.00015392 0.258705 0)
(0.000146294 0.261921 0)
(-2.4795e-05 0.261911 0)
(-0.000117999 0.261926 0)
(-6.58358e-05 0.259333 0)
(0.000378089 0.259344 0)
(0.000448837 0.260065 0)
(0.000281108 0.26198 0)
(0.000204411 0.261437 0)
(-0.000296361 0.259991 0)
(-0.000408169 0.260845 0)
(-0.000756181 0.259387 0)
(-0.000737441 0.2598 0)
(0.0010401 0.259839 0)
(0.00105016 0.259458 0)
(0.000402529 0.260793 0)
(0.00057145 0.259538 0)
(7.08228e-05 0.261019 0)
(-0.000200284 0.25934 0)
(-0.000168006 0.259342 0)
(1.59924e-05 0.259274 0)
(-0.000210095 0.261847 0)
(-0.000348608 0.259212 0)
(-0.00011283 0.258931 0)
(8.21521e-05 0.261771 0)
(6.72267e-05 0.261733 0)
(0.000110449 0.259196 0)
(0.000178764 0.259258 0)
(0.00033817 0.259288 0)
(0.000494029 0.258749 0)
(0.000277227 0.258812 0)
(0.000184426 0.260788 0)
(5.68766e-05 0.259467 0)
(0.00013871 0.259371 0)
(-0.000384709 0.260604 0)
(-0.000443999 0.259603 0)
(-0.00093779 0.260114 0)
(-0.00101086 0.260212 0)
(0.00120387 0.259699 0)
(0.00122385 0.259502 0)
(0.000504117 0.259725 0)
(0.000462889 0.258752 0)
(0.00018629 0.259679 0)
(-3.68779e-05 0.259516 0)
(-0.000436165 0.258657 0)
(-0.000605804 0.258508 0)
(-0.000321221 0.258649 0)
(-0.000447279 0.258507 0)
(-0.000423048 0.258629 0)
(-0.00012035 0.258742 0)
(0.000421385 0.258747 0)
(0.000623406 0.258415 0)
(0.000494963 0.258431 0)
(0.000532736 0.258491 0)
(0.000520031 0.260337 0)
(0.000395056 0.260353 0)
(0.000326944 0.259253 0)
(0.000470028 0.2587 0)
(0.000104754 0.258853 0)
(-0.000282099 0.25966 0)
(-0.00020925 0.259134 0)
(-0.00132254 0.259972 0)
(-0.00141896 0.258978 0)
(0.00122612 0.259409 0)
(0.00104513 0.260025 0)
(-2.18952e-05 0.259122 0)
(0.000121691 0.259595 0)
(-0.000111682 0.259318 0)
(-0.000576811 0.258786 0)
(-0.000802135 0.259804 0)
(-0.00082376 0.259797 0)
(-0.000859451 0.258358 0)
(-0.000579548 0.259865 0)
(-0.000465197 0.259095 0)
(-0.000226596 0.258211 0)
(4.93411e-05 0.258216 0)
(0.000358166 0.259901 0)
(0.000500835 0.259878 0)
(0.000621353 0.259881 0)
(0.000831414 0.25955 0)
(0.00106283 0.259681 0)
(0.00128814 0.258558 0)
(0.000768231 0.259952 0)
(0.00043521 0.259822 0)
(0.000432596 0.258914 0)
(0.000945106 0.259499 0)
(-0.000818044 0.259063 0)
(-0.00171246 0.259688 0)
(0.00276687 0.269038 0)
(0.00185329 0.267735 0)
(-0.000358769 0.266663 0)
(0.000256747 0.266124 0)
(-0.000173843 0.266186 0)
(-0.000897158 0.266655 0)
(-0.00123203 0.265749 0)
(-0.00121965 0.265622 0)
(-0.00115487 0.266542 0)
(-0.000867349 0.26538 0)
(-0.000452799 0.266322 0)
(-0.000147607 0.266293 0)
(8.71531e-05 0.266289 0)
(0.000469068 0.265274 0)
(0.000878488 0.265166 0)
(0.00110193 0.265061 0)
(0.00134371 0.265303 0)
(0.0015869 0.265394 0)
(0.00175547 0.26639 0)
(0.000824136 0.265457 0)
(0.000399442 0.265042 0)
(0.000679821 0.264732 0)
(0.00206556 0.265639 0)
(-0.000973345 0.267786 0)
(-0.00326037 0.26843 0)
(-0.00384554 0.280973 0)
(-0.00705786 0.275631 0)
(-0.00440532 0.275155 0)
(-0.0015662 0.274945 0)
(-0.00134344 0.274764 0)
(-0.00216962 0.275055 0)
(-0.00264093 0.2752 0)
(-0.00246593 0.275301 0)
(-0.00205175 0.27526 0)
(-0.00157988 0.275465 0)
(-0.000992674 0.275452 0)
(-0.000421073 0.275494 0)
(-0.000115795 0.275502 0)
(-0.000183943 0.275502 0)
(-0.00010265 0.27538 0)
(0.000779429 0.275221 0)
(0.00207056 0.274851 0)
(0.00289006 0.27481 0)
(0.00245227 0.274885 0)
(0.000238222 0.275174 0)
(-0.00141131 0.274575 0)
(0.00171595 0.274397 0)
(0.0079942 0.274786 0)
(0.0083888 0.275276 0)
(0.00297109 0.279352 0)
(-0.0209527 0.317088 0)
(-0.0263436 0.314843 0)
(-0.0107242 0.322693 0)
(-0.00501069 0.323278 0)
(-0.00131497 0.322674 0)
(-0.000585902 0.32299 0)
(-0.000628045 0.324325 0)
(-0.000595098 0.325621 0)
(-0.000552696 0.326464 0)
(-0.000432903 0.327108 0)
(-0.000295636 0.327761 0)
(-0.00018656 0.327814 0)
(-0.00018427 0.327387 0)
(-0.000274088 0.327056 0)
(-0.000225616 0.328461 0)
(5.24983e-05 0.330301 0)
(0.000411269 0.329592 0)
(0.000577375 0.327106 0)
(0.000143257 0.324447 0)
(-0.000203551 0.324164 0)
(0.00139452 0.325495 0)
(0.005368 0.339606 0)
(0.0105766 0.329103 0)
(0.0244969 0.316746 0)
(0.0190448 0.319859 0)
(-0.0169308 0.116911 0)
(-0.0274277 0.122888 0)
(-0.0147681 0.130605 0)
(-0.00496709 0.135275 0)
(-0.000823107 0.136288 0)
(-0.000322997 0.135563 0)
(-0.000754731 0.134807 0)
(-0.000974738 0.134486 0)
(-0.000936073 0.134387 0)
(-0.000743738 0.134468 0)
(-0.000396063 0.134564 0)
(-1.06435e-05 0.134583 0)
(0.000134305 0.134551 0)
(-9.06999e-05 0.134757 0)
(-0.000194509 0.135432 0)
(0.000441011 0.136243 0)
(0.0013877 0.136238 0)
(0.00165222 0.135896 0)
(0.000721768 0.13631 0)
(-0.000766146 0.137948 0)
(-0.00100618 0.139056 0)
(0.00513911 0.142945 0)
(0.0167482 0.134874 0)
(0.0282854 0.125304 0)
(0.0170265 0.119304 0)
(-0.0330141 0.0962792 0)
(-0.039471 0.119846 0)
(-0.0154872 0.13095 0)
(-0.0047022 0.137681 0)
(0.000173849 0.137925 0)
(0.00121315 0.134248 0)
(0.000947066 0.130113 0)
(0.000677921 0.127966 0)
(0.000768572 0.127572 0)
(0.00099205 0.128146 0)
(0.00117853 0.128695 0)
(0.00130564 0.129607 0)
(0.00127364 0.131126 0)
(0.00115761 0.132079 0)
(0.00105384 0.131772 0)
(0.000935426 0.131155 0)
(0.000677249 0.131544 0)
(-4.33586e-05 0.133182 0)
(-0.00126195 0.13689 0)
(-0.00211863 0.141273 0)
(-0.000824077 0.143734 0)
(0.00423227 0.138594 0)
(0.0148701 0.133025 0)
(0.0389964 0.120263 0)
(0.0322468 0.0934703 0)
(-0.223595 0.0706121 0)
(-0.127764 0.243577 0)
(-0.0832792 0.222877 0)
(-0.0666182 0.212866 0)
(-0.0537704 0.207974 0)
(-0.0334122 0.197902 0)
(-0.00715096 0.188477 0)
(0.0201058 0.181261 0)
(0.0435832 0.176136 0)
(0.0571874 0.171923 0)
(0.0608156 0.16754 0)
(0.056996 0.163763 0)
(0.0463037 0.160322 0)
(0.0320546 0.159995 0)
(0.0198288 0.160638 0)
(0.0122985 0.161523 0)
(0.00806098 0.164009 0)
(0.00447066 0.169068 0)
(0.000393905 0.177454 0)
(-0.0024789 0.188236 0)
(0.000746652 0.198635 0)
(0.0153997 0.203985 0)
(0.048476 0.224144 0)
(0.116015 0.239212 0)
(0.207781 0.0534333 0)
(-0.375606 -0.00827314 0)
(-0.327874 0.466334 0)
(-0.204656 0.446811 0)
(-0.196163 0.345246 0)
(-0.130797 0.217492 0)
(-0.0794155 0.116845 0)
(-0.0197112 0.063442 0)
(0.0550019 0.0746785 0)
(0.123817 0.10911 0)
(0.196606 0.182559 0)
(0.245628 0.238223 0)
(0.280955 0.274204 0)
(0.287045 0.292215 0)
(0.276985 0.292444 0)
(0.250816 0.289112 0)
(0.208269 0.279611 0)
(0.166254 0.26555 0)
(0.125755 0.256468 0)
(0.0872309 0.258241 0)
(0.053657 0.274408 0)
(0.0320459 0.302986 0)
(0.0293642 0.325352 0)
(0.0625605 0.326485 0)
(0.249466 0.313635 0)
(0.304404 -0.12441 0)
(-0.190318 0.0516462 0)
(-0.475594 0.545529 0)
(-0.0661108 0.541142 0)
(-0.0342113 0.264535 0)
(-0.000701204 0.0503618 0)
(-0.00814603 0.0630103 0)
(-0.0038265 0.123004 0)
(0.0102844 0.0603068 0)
(0.0442587 -0.0332115 0)
(0.109558 -0.044552 0)
(0.163351 -0.016639 0)
(0.199519 0.0248885 0)
(0.235879 0.10834 0)
(0.24863 0.193015 0)
(0.231854 0.257819 0)
(0.20644 0.293445 0)
(0.17529 0.294438 0)
(0.133293 0.27177 0)
(0.0823214 0.24565 0)
(0.0278757 0.239699 0)
(-0.0149653 0.267369 0)
(-0.0302679 0.321897 0)
(0.0043232 0.429767 0)
(0.399205 0.363013 0)
(0.177841 -0.134461 0)
(-0.00877475 0.259827 0)
(-0.0112686 0.2537 0)
(-0.00358924 0.242694 0)
(-0.00516937 0.221197 0)
(-0.0054382 0.233598 0)
(-0.00584177 0.243101 0)
(-0.00613323 0.250198 0)
(-0.00617362 0.244757 0)
(-0.00810066 0.234505 0)
(-0.00773218 0.218704 0)
(-0.00423698 0.207782 0)
(0.00171062 0.195588 0)
(0.00686163 0.1769 0)
(0.0172043 0.175432 0)
(0.0290483 0.193758 0)
(0.032962 0.21458 0)
(0.0326941 0.227386 0)
(0.02953 0.232866 0)
(0.0223863 0.234138 0)
(0.0107648 0.236595 0)
(-0.000134518 0.235386 0)
(-0.0070928 0.234846 0)
(0.000413246 0.239014 0)
(0.00063942 0.24485 0)
(0.00680057 0.243103 0)
(-0.000530144 0.274354 0)
(0.000855865 0.271519 0)
(-0.00200593 0.264288 0)
(-0.000711725 0.254569 0)
(-0.00150045 0.251497 0)
(-0.00119012 0.249815 0)
(-0.00252701 0.251188 0)
(-0.00140953 0.248387 0)
(-0.00133623 0.239019 0)
(-0.000896162 0.233972 0)
(0.000545555 0.228165 0)
(0.00207205 0.222813 0)
(0.00454604 0.216332 0)
(0.00704317 0.216251 0)
(0.00979948 0.227268 0)
(0.0131868 0.243576 0)
(0.0137521 0.259347 0)
(0.0140739 0.273326 0)
(0.0125533 0.287602 0)
(0.00790186 0.293712 0)
(0.00556683 0.283837 0)
(0.00301398 0.272431 0)
(0.00250779 0.266434 0)
(0.00165103 0.263389 0)
(0.00880567 0.263443 0)
)
;

boundaryField
{
    inlet
    {
        type            calculated;
        value           uniform (0 0.1 0);
    }
    outlet
    {
        type            calculated;
        value           nonuniform List<vector> 
25
(
(-0.000530144 0.274354 0)
(0.000855865 0.271519 0)
(-0.00200593 0.264288 0)
(0.00401725 0.254569 0)
(0 0.251497 0)
(0 0.249815 0)
(0 0.251188 0)
(0 0.248387 0)
(0 0.239019 0)
(0 0.233972 0)
(0 0.228165 0)
(0 0.222813 0)
(0 0.216332 0)
(0.0439064 0.216251 0)
(0.0502346 0.227268 0)
(0.0131868 0.243576 0)
(0.0137521 0.259347 0)
(0.0140739 0.273326 0)
(0.0395144 0.287602 0)
(0.0430504 0.293712 0)
(0.0516471 0.283837 0)
(0.0540852 0.272431 0)
(0.0458292 0.266434 0)
(0.0275967 0.263389 0)
(0.0513203 0.263443 0)
)
;
    }
    walls
    {
        type            calculated;
        value           uniform (0 0 0);
    }
    defaultFaces
    {
        type            empty;
    }
}


// ************************************************************************* //
