/*--------------------------------*- C++ -*----------------------------------*\
| =========                 |                                                 |
| \\      /  F ield         | OpenFOAM: The Open Source CFD Toolbox           |
|  \\    /   O peration     | Version:  2312                                  |
|   \\  /    A nd           | Website:  www.openfoam.com                      |
|    \\/     M anipulation  |                                                 |
\*---------------------------------------------------------------------------*/
FoamFile
{
    version     2.0;
    format      ascii;
    arch        "LSB;label=32;scalar=64";
    class       volScalarField;
    location    "0.12/water";
    object      km;
}
// * * * * * * * * * * * * * * * * * * * * * * * * * * * * * * * * * * * * * //

dimensions      [0 2 -2 0 0 0 0];

internalField   nonuniform List<scalar> 
750
(
1.80048940717
0.866252599637
0.394986927431
0.172525750016
0.0856447196953
0.0510085903896
0.0331296351057
0.0232831526068
0.0180111992006
0.0147568499859
0.0122389114593
0.0100769961349
0.00828767931715
0.00697738755959
0.00619564100728
0.00593597732412
0.00619216372652
0.0069505330402
0.00815498157185
0.00958295209746
1.70754129716
0.830321761187
0.398483453831
0.188072292224
0.0965189392745
0.0576656418028
0.0377920803059
0.0260976772363
0.0193090423752
0.0152891650229
0.0125405563525
0.0103651211211
0.0085354250204
0.00705255455402
0.00602046119897
0.005568643336
0.00570290259005
0.00628904576583
0.00724877746714
0.00842030248555
1.68783028723
0.825814978056
0.406768830095
0.199920851811
0.10494802644
0.0627523685355
0.0412585500228
0.0283482867351
0.0202889770403
0.0152933010753
0.0120437379267
0.00979079760134
0.00817744265571
0.00702501322876
0.00628688058295
0.00598153015047
0.00617394646193
0.00695011721052
0.0080444769479
0.00909307265652
1.59011381166
0.768109896174
0.364846879642
0.171219012755
0.0884884819647
0.0533609700882
0.0351727783622
0.0243076948859
0.0178075052078
0.01383089039
0.0111210804583
0.00912111902235
0.00773537875592
0.00700734052261
0.00686604980395
0.00719678810519
0.0079564106092
0.0092849678097
0.0108494703951
0.0117605500024
1.6829345603
0.806754449138
0.393366531867
0.195339404353
0.10476893424
0.063316339799
0.0417041776611
0.0288476336278
0.0209922270633
0.0161880058062
0.0130358327677
0.0107092069746
0.00886027403141
0.00744826698033
0.00661665277753
0.0065335567949
0.00725874628019
0.00877811091478
0.0106112694097
0.0121281817938
1.82180079937
0.877136387342
0.441070884071
0.229790060008
0.12676125261
0.0764697176139
0.0501130003493
0.0346847630896
0.0251443327503
0.019195803808
0.0153715534865
0.0126962659923
0.0106274540522
0.00894757450261
0.00767141119141
0.00699310949091
0.0071910734615
0.00833526080339
0.0100572406674
0.0118214600252
1.9447379669
0.932637610439
0.472114934338
0.250393810948
0.140287071813
0.0847107592271
0.0552525196565
0.0382469825266
0.0277744628679
0.0212114910575
0.0170643453441
0.0143276698756
0.0123778605061
0.0109053994112
0.00981909752832
0.00911172209383
0.00887330955118
0.00926704835238
0.0102582520632
0.0117413264538
2.07155124621
0.991692799748
0.503090059607
0.268408763299
0.150278440771
0.0891231396801
0.0564591514213
0.0380514652025
0.0270631704261
0.0203628907266
0.0164304249964
0.0143395636905
0.0133696219349
0.0129299220057
0.0126146965514
0.0122766823867
0.0119454934774
0.0117836598519
0.0122870202356
0.0134094543851
2.09628475952
0.998904334735
0.503742850877
0.266658376133
0.147925334188
0.0869833857838
0.0547064098419
0.0366195056637
0.0259258689445
0.0195180647177
0.0158165327645
0.0139668507543
0.0135337970397
0.0140136653307
0.0150585216785
0.0163560842379
0.0176458233949
0.0181141946272
0.0181526705032
0.0185325022508
2.34235923549
1.11640150786
0.564379829741
0.300876445125
0.168795447568
0.10053987064
0.0640731752061
0.0434292798326
0.0310307710905
0.0234279822317
0.0188205444029
0.0160180018222
0.0142509210712
0.0131569552175
0.0126900993148
0.0130219109348
0.0144153815044
0.0164412187395
0.0181943325317
0.019725873377
2.92152675849
1.38667343168
0.699456609776
0.373691891421
0.210575049987
0.125609836011
0.0798987722184
0.0540674384369
0.0384896277131
0.0286085406899
0.0222622249045
0.0181420727006
0.0153716516031
0.0135303811811
0.012566575875
0.0126734042355
0.0140309790046
0.0162672602073
0.018484316624
0.0203813877083
6.61016943644
3.08110763213
1.52158651218
0.798317728435
0.443595507772
0.259983416227
0.160366108216
0.103909123951
0.070456876079
0.049779642002
0.0365547660943
0.027860592752
0.0220035585284
0.0180241377289
0.0154701454675
0.0141768226519
0.0141081235818
0.015123668293
0.0168578808351
0.0186772843469
5.20215951317
2.45931249872
1.22263305025
0.636344635863
0.348497850646
0.200303733899
0.121025720308
0.0779095231383
0.0559924385515
0.0475953011646
0.0447010060665
0.0402004757173
0.0333689036558
0.027103317304
0.0228025246946
0.0200964514328
0.0187162756914
0.0184208445267
0.0189420913931
5.34921901307
2.51957346999
1.25063438875
0.647465272449
0.352411652202
0.201354323491
0.121018956104
0.0769976910939
0.0541432109268
0.0463931176684
0.0484333712036
0.0553150878479
0.0589654329978
0.0551177466234
0.0458422353515
0.0385384041403
0.0335874449837
0.0303444026563
0.0283534486091
8.2116234297
3.82307022141
1.8681942971
0.957672232933
0.518758983852
0.296815992555
0.178995287363
0.112799314408
0.0734410895576
0.0498302557331
0.0363308318613
0.0293319320489
0.0264541505813
0.026055247181
0.0267795361247
0.0278983600257
0.0286692365296
0.0291100775444
0.0292159971361
8.75473732899
4.07690392166
2.00241366209
1.03561436011
0.566322874903
0.326451835136
0.19659893476
0.122066103394
0.0782678907542
0.0525786363668
0.0371958855706
0.0279739483557
0.0228368604527
0.0207531956063
0.0209677079538
0.0225187830156
0.0243131034906
0.0259232995399
0.027055718794
6.76070325293
3.1982610852
1.59155295029
0.835178007467
0.465763349349
0.27333798008
0.167142430491
0.106301192961
0.0708458153459
0.0497692611984
0.0368804160074
0.0288052158478
0.0237726123233
0.0208800945294
0.0196833133937
0.0197962479834
0.0207948627942
0.0221493269392
0.0234120796361
4.31360882987
2.05287849012
1.03378441232
0.542596149765
0.301275601859
0.177810889814
0.113373932435
0.0802929134955
0.0660809121373
0.065086123655
0.0726673133394
0.0763864777455
0.0685087903012
0.0542869453914
0.0431734748188
0.0360884599576
0.0313727401125
0.0282730009405
0.0262482682051
4.78059552562
2.24460035637
1.12406302948
0.58510729181
0.320404759264
0.184783490194
0.11389207065
0.0774348890943
0.0615899187838
0.0588605197034
0.0638901242416
0.0737732720723
0.0875935778859
0.10218160626
0.105063963786
0.0916277249971
0.071700396591
0.0566631649809
0.0458237305289
7.55517970164
3.50520618441
1.73959724166
0.898557922038
0.488356117353
0.279920171996
0.171057023599
0.111909807935
0.0775556943183
0.0570758602986
0.0457063947846
0.0406323503452
0.0393555501054
0.0398829492345
0.0409679488456
0.041809061652
0.0411891617742
0.0391858320466
0.0363255585569
5.90083512932
2.80346335141
1.4110834688
0.756145124746
0.441427322005
0.26980241026
0.164245408998
0.10146206874
0.0678008085472
0.0494048478673
0.0394394927891
0.0342955648472
0.0320005999792
0.031350256966
0.0319814568124
0.0336285048878
0.0358942325284
0.0380587680688
0.0377703875643
5.43862306444
2.59329646733
1.3099605877
0.697287363725
0.402502671986
0.24825332552
0.159308504432
0.106044093146
0.0750187622025
0.0571535559364
0.0465254473961
0.0399856463242
0.0358280803498
0.032854393843
0.0307068198007
0.0294591891758
0.0289348174805
0.0292209982782
0.0310972687638
4.05840765956
1.91819072207
0.969105811373
0.5108058072
0.286136409073
0.172941726715
0.11693524495
0.0916105009923
0.0835327734521
0.0854346932156
0.0943854435974
0.111299453517
0.133611665828
0.133088549036
0.105143393593
0.0791062712295
0.0612739891066
0.0489791302949
0.0402551865042
0.0347613826158
4.47193579873
2.0878217558
1.04937467128
0.549422683401
0.304182374895
0.179285225701
0.114924362966
0.0817518615724
0.0652700438705
0.0578577112141
0.0554144607781
0.055834359883
0.0579976640229
0.0607104747845
0.0624599363225
0.0627225846309
0.06216312584
0.0616520988984
0.0601222989364
0.0538849606153
6.93794983575
3.19875153728
1.60182316283
0.832657825387
0.455725723247
0.263831623353
0.164501512252
0.112002391669
0.0837383696133
0.0682514482085
0.0593322400619
0.0535838900926
0.0494326809953
0.0461339659987
0.0429997185889
0.0401154448176
0.0377486493143
0.0356957292689
0.033782788839
0.0317018915915
7.16878022031
3.3095035909
1.65819148516
0.864497205006
0.49021125271
0.318393158802
0.221762186182
0.14852713315
0.102462890853
0.0783807953919
0.0654218908567
0.0588859178224
0.0574051342921
0.0615497166881
0.0642925447632
0.0555010106665
0.0434479207974
0.0349687698675
0.0291717938225
0.0252890042144
4.57846576018
2.19932802714
1.12425243799
0.601524172177
0.35361238466
0.244380428829
0.186093400128
0.135264192473
0.100236130892
0.0812978992406
0.0702669129657
0.063573010176
0.0597768377157
0.0591668126866
0.0654354496422
0.0777285503145
0.0751255004075
0.0588394179569
0.0460590339029
0.0373246680683
3.2948338526
1.57988849898
0.806036019648
0.431885616225
0.249429523499
0.159798150491
0.118587596188
0.102249503514
0.0974711321336
0.0978315801553
0.100431918722
0.103855517903
0.108011358749
0.113963342779
0.117293367515
0.100927290198
0.0788099804264
0.0659571882676
0.0562959910854
0.0486006992676
3.52348518
1.67455219836
0.850914853216
0.454332853879
0.260232716316
0.16242272355
0.113041068509
0.0884159070474
0.076554274603
0.0711074469534
0.0687313631935
0.0676590714765
0.067000661557
0.0663513345791
0.0655303018857
0.0640429542859
0.0616798467094
0.0587290023014
0.0553748188141
0.0513337495038
4.9897521792
2.35142322367
1.1928306001
0.62994314874
0.354217630425
0.214708433483
0.143608253035
0.107587405778
0.0898695560085
0.0806316711847
0.0750554238977
0.0706801279578
0.0662123318664
0.06119461448
0.0559196793276
0.0513128468994
0.0473342319686
0.0436853578106
0.0401458099357
0.0367135497504
6.76583089048
3.11356598142
1.56849432755
0.82317665184
0.460971218249
0.285051002155
0.209600946377
0.176974603131
0.143914743113
0.115587969603
0.100139934839
0.0927239223496
0.0923065216583
0.098908604893
0.0914723415201
0.0702742487271
0.0541393033782
0.0433176104661
0.0359230972839
0.0308825651017
4.160317903
2.00755881974
1.03551491931
0.560817115745
0.332659599735
0.230857515416
0.199183873478
0.184660577647
0.152287242039
0.125737598978
0.11083543515
0.102670948791
0.101038474094
0.110014832328
0.133453075175
0.135655022081
0.107096555409
0.0820647301532
0.0634551606498
0.0505269357063
3.36604650909
1.61601273672
0.824898801034
0.447533251583
0.263961376314
0.174769973875
0.134933795505
0.121706914371
0.121195509009
0.125315684143
0.130867674439
0.136969382894
0.14465569393
0.153644755301
0.147102649255
0.124565412917
0.106780643393
0.0916885558988
0.0789288356145
0.0681397254892
3.54360005811
1.69421598379
0.862487504447
0.466374407673
0.272703837749
0.175984458425
0.127866227984
0.104664050151
0.0941146512755
0.0897874799971
0.0883120502206
0.087924801321
0.0877496121196
0.0874369257115
0.0866225174119
0.0848005940984
0.0819515270429
0.0782967892772
0.0740936093141
0.0691821605171
5.60274167164
2.60840148577
1.32252719993
0.699785273859
0.395808727997
0.243170379307
0.166092315915
0.126952363452
0.107251954689
0.0977513542062
0.0933704570787
0.0903864301052
0.0872640376289
0.0832548162177
0.0782001793463
0.0732885034829
0.0687202028197
0.0642411117471
0.0596997996104
0.055152608474
6.2569074356
2.88155166037
1.45708118107
0.770472252685
0.437760370171
0.273238702378
0.195193773829
0.163684685257
0.158009334131
0.157994778836
0.142858768346
0.128057303415
0.12010243878
0.118960244296
0.117372525227
0.0978978547666
0.0768671623455
0.0629871189085
0.0537535953747
0.0474474985592
4.26745787281
2.05229896362
1.05644086441
0.573401893303
0.340462076812
0.229325753054
0.183155948169
0.172581481282
0.177928598834
0.172080688114
0.151461267914
0.137540496787
0.130049015309
0.1310555214
0.148160446443
0.163966171614
0.145016946461
0.113838661776
0.0907570220612
0.0746100821844
3.32889100861
1.6067011086
0.823169559849
0.450566061652
0.26923588147
0.180869055535
0.140100315942
0.124902913228
0.123907305183
0.13014383731
0.138735745004
0.147093440805
0.154511995665
0.161757602994
0.16821350453
0.160759459353
0.138882779462
0.120793663468
0.105549895701
0.0922793043234
)
;

boundaryField
{
    emptyPatch
    {
        type            empty;
    }
    minY
    {
        type            fixedValue;
        value           nonuniform List<scalar> 0();
    }
    maxY
    {
        type            inletOutlet;
        inletValue      uniform 1e-05;
        value           nonuniform List<scalar> 
20
(
3.32889100861
1.6067011086
0.823169559849
0.450566061652
0.26923588147
0.180869055535
0.140100315942
0.124902913228
0.123907305183
0.13014383731
0.138735745004
0.147093440805
0.154511995665
0.161757602994
0.16821350453
0.160759459353
0.138882779462
0.120793663468
0.105549895701
0.0922793043234
)
;
    }
    maxX
    {
        type            kqRWallFunction;
        value           nonuniform List<scalar> 0();
    }
    water_to_heater
    {
        type            kqRWallFunction;
        value           nonuniform List<scalar> 
61
(
1.80048940717
1.80048940717
1.70754129716
1.70754129716
1.68783028723
1.59011381166
1.6829345603
1.6829345603
1.82180079937
1.82180079937
1.9447379669
1.9447379669
2.07155124621
2.09628475952
2.34235923549
2.34235923549
2.92152675849
2.92152675849
6.61016943644
6.61016943644
5.20215951317
5.34921901307
8.2116234297
8.2116234297
8.75473732899
8.75473732899
6.76070325293
6.76070325293
4.31360882987
4.78059552562
7.55517970164
7.55517970164
5.90083512932
5.90083512932
5.43862306444
5.43862306444
4.05840765956
4.47193579873
6.93794983575
6.93794983575
7.16878022031
7.16878022031
4.57846576018
4.57846576018
3.2948338526
3.52348518
4.9897521792
4.9897521792
6.76583089048
6.76583089048
4.160317903
4.160317903
3.36604650909
3.54360005811
5.60274167164
5.60274167164
6.2569074356
6.2569074356
4.26745787281
4.26745787281
3.32889100861
)
;
    }
    procBoundary3to0
    {
        type            processor;
        value           nonuniform List<scalar> 
20
(
1.98592643574
0.952957474132
0.430811868893
0.184433551757
0.0897307683033
0.0529788047164
0.0342839701431
0.0241414543468
0.0188125496604
0.0155880530347
0.01315387605
0.0111230801988
0.00948021673506
0.00828430805755
0.00754320462781
0.00720623407073
0.0072171446176
0.00779912307588
0.00902566243185
0.0105554881383
)
;
    }
    procBoundary3to1
    {
        type            processor;
        value           uniform 0.0155861175452;
    }
    procBoundary3to2
    {
        type            processor;
        value           nonuniform List<scalar> 
39
(
0.015361209151
0.0159866587248
0.0174988502962
0.0189960927284
0.0204732661459
0.0221667439843
0.0240043172436
0.0260086135693
0.0274407615618
0.0277391562941
0.0199697386253
0.0271495555471
0.0199697386253
0.0272949640432
0.0289492609116
0.0274381540533
0.024157844911
0.0248435497631
0.0382751803559
0.0332412693027
0.0343202255955
0.0314376624188
0.0314376624188
0.0170324718639
0.022658734035
0.0188201866402
0.0131624547217
0.0134042837667
0.0188189422983
0.0273878124806
0.0202986179755
0.0148975771039
0.0166407260889
0.0278605107059
0.0422802811269
0.0339911560853
0.027014591692
0.0294617119589
0.041657295918
)
;
    }
}


// ************************************************************************* //
