/*--------------------------------*- C++ -*----------------------------------*\
| =========                 |                                                 |
| \\      /  F ield         | OpenFOAM: The Open Source CFD Toolbox           |
|  \\    /   O peration     | Version:  2312                                  |
|   \\  /    A nd           | Website:  www.openfoam.com                      |
|    \\/     M anipulation  |                                                 |
\*---------------------------------------------------------------------------*/
FoamFile
{
    version     2.0;
    format      ascii;
    arch        "LSB;label=32;scalar=64";
    class       volScalarField;
    location    "0.7/water";
    object      p_rgh;
}
// * * * * * * * * * * * * * * * * * * * * * * * * * * * * * * * * * * * * * //

dimensions      [1 -1 -2 0 0 0 0];

internalField   nonuniform List<scalar> 
1496
(
100935.906368
101216.992207
101218.853924
101220.984256
101252.224064
101336.1276
101451.462594
101555.807822
101584.44932
101582.862775
101584.331321
101580.110059
101578.930688
101513.737409
101418.886324
101409.801472
101451.012011
101498.461232
101529.209358
101545.412553
100969.187339
101157.511316
101150.741553
101161.281451
101207.059629
101302.111551
101417.174544
101511.084219
101540.828946
101541.532858
101526.897148
101489.844849
101409.988704
101332.552426
101326.928165
101386.852506
101445.552991
101501.47842
101532.769711
101535.571285
100887.506572
100954.299143
100965.550498
100991.718818
101056.844131
101156.194783
101253.834409
101312.643732
101321.760841
101295.409792
101243.955687
101181.027183
101131.897901
101144.551678
101227.703437
101329.478989
101416.748935
101487.625784
101523.36394
101526.363645
100722.219069
100702.858778
100740.082623
100770.133207
100816.95183
100874.339407
100919.803885
100936.579411
100929.279024
100904.115843
100884.429015
100893.563362
100933.013445
101006.002004
101108.936432
101230.377614
101359.60481
101468.519049
101515.532213
101507.676373
100519.723806
100562.051053
100612.93227
100627.376463
100638.883134
100651.117488
100659.785279
100668.700308
100682.837337
100703.845164
100739.289293
100794.516038
100863.633429
100944.496552
101044.282538
101170.531229
101316.952691
101453.275462
101511.090609
101472.135299
100478.459142
100527.222433
100570.896451
100585.862982
100585.897218
100586.350232
100587.493657
100599.014661
100629.976595
100676.702747
100731.116379
100792.33759
100863.082532
100943.986598
101044.236322
101171.618402
101318.981929
101457.566562
101506.381062
101422.665988
100482.290349
100509.897726
100554.637295
100578.753121
100580.304046
100580.498713
100581.120269
100592.94328
100627.894124
100682.848799
100750.817862
100824.665337
100900.069415
100983.317271
101087.311893
101217.061956
101361.919171
101483.084031
101501.635644
101365.044063
100479.582134
100497.296678
100547.3876
100580.07348
100584.72541
100585.279248
100586.171939
100598.369613
100636.467792
100707.378468
100804.359641
100901.363535
100989.381399
101082.080044
101194.328717
101326.141405
101454.341945
101518.753307
101502.780348
101325.538722
100484.115505
100491.513291
100546.134946
100588.360238
100602.271792
100605.328874
100607.848358
100621.95241
100666.546211
100753.432874
100869.485695
100984.473522
101091.535049
101202.909654
101328.931085
101455.185189
101531.535175
101539.117406
101507.343605
101333.994202
100481.136383
100492.921838
100551.504959
100609.57362
100637.263609
100647.6228
100655.570351
100674.90197
100725.052067
100814.763359
100931.568667
101054.608826
101178.663708
101310.419437
101446.767286
101539.142047
101555.886423
101550.186111
101516.380952
101363.709773
100485.467635
100501.556478
100570.565052
100642.736813
100683.107219
100705.967329
100726.290937
100757.27832
100812.533235
100897.444958
101006.825751
101130.444154
101264.418572
101407.99924
101528.995399
101565.610776
101566.065899
101559.153712
101531.932564
101428.72063
100483.663683
100526.621328
100606.330104
100683.928356
100731.822075
100770.678983
100812.146308
100861.897598
100927.144399
101012.054786
101116.613147
101238.16752
101373.422986
101505.355291
101568.197291
101572.709932
101573.174333
101569.318893
101557.933507
101518.52435
100486.196226
100568.188921
100656.698532
100730.054971
100782.647787
100839.507154
100906.722388
100983.312351
101069.105212
101166.100291
101275.066636
101393.100646
101506.398888
101568.966337
101573.353697
101574.27308
101576.321734
101578.514786
101582.123255
101557.866645
100491.249054
100627.799308
100720.876234
100786.141604
100844.086514
100918.093408
101011.591007
101118.471295
101233.490967
101352.548206
101464.572839
101545.155148
101573.307505
101571.090141
101569.487599
101568.300454
101568.793965
101568.661227
101559.627237
101461.487238
100534.975364
100709.724079
100805.050828
100869.432245
100934.999048
101023.702999
101137.978974
101270.940595
101411.174734
101528.033982
101575.105464
101573.795465
101568.356967
101564.577253
101559.618001
101556.584709
101547.473516
101468.925138
101231.300468
100991.982943
100612.656009
100823.387752
100930.694371
101006.277943
101081.356618
101178.296414
101300.403995
101440.118567
101556.815722
101583.369222
101575.317793
101568.595611
101563.461643
101555.059398
101547.965741
101477.888988
101215.675735
100893.400939
100681.044898
100606.640845
100675.442693
101003.363962
101125.103922
101213.696088
101289.124806
101377.748465
101482.201074
101572.799403
101586.624147
101578.200512
101569.914375
101563.839137
101550.366369
101491.002974
101216.075879
100874.592772
100653.459877
100584.438582
100586.093398
100580.687036
100759.605935
101241.711553
101373.575173
101453.756472
101498.706583
101541.591629
101581.898958
101586.927732
101579.031114
101569.168494
101560.533853
101496.330093
101214.960197
100859.814916
100641.886047
100588.139839
100582.847215
100588.30329
100581.315201
100588.445034
100943.788992
101470.326139
101567.870713
101585.184083
101579.163308
101573.658453
101572.985042
101570.575184
101554.317545
101488.054922
101255.755966
100874.698129
100637.821503
100586.703566
100590.359818
100583.982641
100590.470802
100583.134383
100590.602734
100583.972521
101221.339332
101592.430052
101584.919118
101579.539798
101573.819343
101562.769534
101519.955158
101458.178192
101304.558418
101003.859619
100698.559987
100592.528696
100587.358123
100592.592799
100586.340327
100592.646469
100585.788383
100592.754161
100586.164509
100592.931702
101500.401739
101607.668013
101598.494417
101591.707681
101548.645229
101467.344104
101358.035815
101175.229947
100921.686903
100683.576793
100594.868675
100590.354127
100594.847806
100590.669529
100594.849322
100589.843832
100594.908902
100589.821093
100595.044003
100592.027572
101614.645613
101598.701836
101554.104125
101512.75945
101456.590158
101367.378425
101212.050111
101032.808899
100841.430646
100675.641486
100595.02895
100597.17067
100595.155348
100597.097604
100594.978352
100597.088081
100594.803601
100597.151235
100595.167617
100609.669052
101488.894439
101202.764502
101286.003826
101349.661088
101359.670462
101319.688518
101215.987432
101075.195726
100920.716885
100777.38207
100678.400509
100630.136706
100610.259549
100601.759461
100600.192733
100601.061364
100604.378345
100609.867762
100631.093652
100706.38496
100796.13496
100550.954043
100715.884598
100856.672655
101000.745092
101114.084404
101149.395186
101148.289841
101119.715094
101025.093298
100915.225255
100820.809586
100758.079492
100720.968878
100701.899117
100696.196704
100697.06894
100708.866602
100756.693399
100866.937108
100411.270874
100362.773304
100406.79012
100444.134876
100505.044229
100624.460737
100798.772464
100972.82858
101114.994623
101156.548485
101173.751523
101124.65639
101051.750766
100990.188128
100947.229562
100921.84758
100910.127123
100909.776003
100941.66488
101005.694663
100331.579298
100334.234756
100337.764775
100333.148216
100328.100007
100342.417428
100404.854062
100535.277736
100743.795484
100970.769142
101146.027488
101260.243845
101281.659176
101283.297157
101253.336712
101221.957556
101195.026271
101164.849705
101123.364537
101039.315745
100328.071168
100331.072259
100331.875836
100323.554553
100305.699852
100292.838087
100293.935192
100314.092776
100378.773636
100534.022463
100816.591463
101098.832038
101258.4543
101341.170009
101396.526807
101420.382279
101421.568416
101379.207569
101232.6406
101000.074727
100329.557555
100333.755849
100337.308341
100329.319914
100310.103064
100292.337803
100285.662538
100285.677472
100292.043581
100329.365646
100460.464468
100741.556966
101058.77877
101257.557809
101369.930993
101437.949062
101467.475725
101442.527734
101211.880069
100913.8323
100330.105472
100345.868318
100359.023338
100352.394816
100330.833563
100303.160039
100288.030105
100286.490545
100286.842163
100304.319598
100367.743343
100523.167766
100798.334724
101070.19264
101282.418826
101416.624755
101460.472029
101411.56026
101117.715962
100799.364729
100331.855897
100372.890823
100403.456258
100398.556277
100374.690741
100333.834158
100300.137731
100289.207908
100289.449468
100305.879588
100362.057653
100477.452789
100675.216308
100917.675267
101161.292441
101359.895449
101432.453603
101277.889564
100914.059131
100711.55421
100339.675456
100419.95818
100472.750141
100468.800241
100441.129717
100384.124344
100326.963366
100301.133351
100298.998788
100313.609925
100366.349763
100473.808376
100637.280141
100844.721684
101073.031589
101258.476593
101289.757354
101002.397895
100733.391519
100683.718935
100365.862865
100494.083058
100570.336316
100569.250803
100532.739385
100450.61536
100365.830051
100324.703435
100318.913121
100331.688697
100379.14427
100477.328744
100620.761684
100798.301867
100981.353451
101091.379774
101000.372192
100746.518829
100671.62043
100678.997995
100396.54259
100589.239802
100704.120819
100705.87173
100654.667891
100530.299576
100411.420525
100356.868648
100348.516243
100360.120099
100401.717315
100485.350611
100604.883726
100740.279846
100842.04275
100852.973179
100730.698334
100646.055353
100664.834352
100695.813129
100398.365555
100705.366078
100853.894826
100869.16319
100802.118773
100630.998524
100466.620361
100397.918024
100387.143027
100397.010652
100429.507816
100492.571764
100577.445973
100653.303169
100681.930811
100656.190147
100613.17552
100634.200662
100675.196639
100758.882793
100403.118251
100801.540583
100956.779842
101018.377823
100948.946493
100754.290014
100553.468373
100461.110029
100438.61353
100439.898678
100455.85603
100491.479285
100537.03785
100565.183258
100570.459491
100571.502018
100595.711843
100639.881463
100716.817329
100860.241299
100456.853719
100886.258582
100994.568434
101093.889368
101070.714811
100924.532527
100720.486652
100579.102049
100506.061749
100479.022001
100476.883331
100486.774053
100501.972984
100514.952353
100531.258789
100561.799388
100605.704921
100675.656987
100796.819079
100968.801643
100533.655689
100978.970607
101011.609786
101106.660654
101183.460043
101134.770742
100964.810349
100739.526879
100564.014168
100500.421626
100487.086928
100487.278518
100489.371796
100501.365371
100528.793643
100567.112211
100631.538884
100741.285985
100896.764635
101073.125597
101411.232598
101194.727801
101142.755596
101324.397687
101622.466295
101798.267326
101855.036804
101859.21644
101858.081284
101855.641395
101833.371081
101267.9593
101021.251136
101480.072272
101850.121939
101862.770691
101545.827627
101537.814846
101497.448981
101381.570022
101215.295601
101083.135797
101134.534108
101428.210415
101700.835441
101827.834336
101856.343949
101857.015689
101856.796403
101855.488297
101835.638884
101201.524846
101012.780754
101523.545928
101853.388099
101863.31869
101529.525688
101481.581605
101319.72332
101125.13863
101047.167167
101046.934574
101151.59913
101544.387942
101764.849053
101845.475152
101854.453414
101855.301605
101856.052643
101855.803697
101840.526217
101174.869244
101007.855921
101517.612492
101855.597353
101864.43847
101484.857485
101308.292558
101049.83844
100959.582189
100975.067209
101041.579807
101224.756841
101650.418004
101812.632778
101852.303647
101854.142094
101855.478887
101856.785369
101857.58961
101843.829183
101206.661983
100999.468307
101466.572568
101853.507175
101866.460861
101370.954088
101065.623219
100944.381367
100944.358025
100957.528731
101067.5281
101373.548084
101735.548048
101843.947036
101855.389836
101856.731681
101858.067464
101859.471078
101860.714073
101838.827667
101234.896877
100997.864857
101353.266437
101836.05619
101869.310754
101217.953026
100942.692891
100941.468484
100943.789798
100969.02716
101163.080318
101564.444129
101805.1464
101859.133262
101860.830212
101861.976419
101863.219713
101864.255001
101865.260877
101802.050988
101191.018006
100990.748943
101234.099809
101788.690287
101872.914941
101080.222336
100940.68965
100942.821678
100942.483294
101034.563921
101348.303363
101724.672883
101853.985664
101867.132671
101868.232148
101869.352877
101870.177421
101871.021566
101859.049702
101673.279801
101143.643406
100991.42624
101157.834253
101725.966011
101877.589729
100988.067409
100943.279398
100941.60217
100958.200204
101184.771377
101571.394862
101817.868577
101874.236976
101875.792491
101876.963776
101877.72505
101878.183916
101856.020403
101770.010633
101576.980334
101172.393422
100987.597349
101118.065671
101670.591667
101882.967449
100978.110251
100943.935914
100945.191808
101032.547163
101402.647321
101747.431268
101869.82953
101883.941059
101885.2558
101886.032059
101883.841245
101834.531983
101762.357922
101721.816811
101645.199332
101200.417609
100988.387367
101102.45953
101626.536617
101888.458077
100999.616641
100948.059587
100960.176697
101186.53062
101623.43674
101849.799979
101892.562073
101893.907004
101894.882747
101893.565763
101815.504593
101755.403955
101755.37224
101782.114163
101718.796435
101250.084412
101004.366289
101110.868853
101586.051396
101892.666703
101067.155341
100969.672166
101030.412674
101381.761847
101783.433728
101897.524938
101903.57407
101904.496594
101905.346177
101838.107365
101726.064951
101747.097087
101819.343769
101870.083294
101752.393557
101370.438889
101108.100095
101135.23411
101535.312038
101894.158801
101199.896073
101068.592473
101162.906783
101536.682331
101838.265779
101913.864989
101915.652657
101916.728218
101887.427688
101661.771077
101688.995682
101830.693528
101903.299197
101898.548348
101788.783648
101517.031813
101241.249779
101181.134213
101467.854295
101888.654262
101370.298402
101224.390595
101304.474454
101582.194722
101845.137912
101923.787386
101928.055437
101916.873596
101644.114549
101537.55719
101783.753811
101910.691691
101915.586365
101906.728936
101835.485471
101639.98248
101370.696303
101258.978195
101421.328003
101878.156413
101424.285376
101273.598939
101325.140697
101561.502635
101818.706984
101903.843578
101886.595741
101621.509157
101181.055639
101478.724942
101805.736213
101901.989008
101906.690678
101903.343682
101873.959839
101742.697173
101494.674661
101352.313584
101397.422051
101871.574314
101285.452795
101166.490019
101210.206608
101382.681738
101613.054305
101623.335415
101368.733438
100936.703721
100922.928625
101234.464168
101591.980402
101822.725884
101878.922499
101885.85917
101884.374743
101814.186148
101587.436159
101435.073642
101458.553546
101870.475107
100872.382108
100859.473962
100887.080145
100940.454032
101030.464999
100941.421538
100732.205972
100639.483722
100765.273725
101024.044811
101354.206333
101663.490446
101818.785726
101864.48016
101873.742093
101837.613418
101568.544659
101447.994396
101597.016837
101874.153121
100592.952629
100606.112642
100616.754923
100622.89813
100630.571071
100608.471689
100586.896191
100599.305935
100743.172638
101002.469633
101313.931008
101591.655254
101764.416301
101843.443553
101871.663845
101841.798899
101393.076824
101510.127971
101735.124228
101878.139842
100586.25583
100581.828205
100586.391771
100583.473886
100586.503103
100584.908992
100586.587807
100613.017615
100791.504877
101060.355286
101351.080728
101596.08738
101750.939019
101835.991342
101872.6416
101770.061262
101393.351432
101624.815528
101843.848992
101883.890109
100582.374612
100588.615973
100584.666332
100588.776786
100586.472537
100588.920622
100594.693854
100690.812164
100913.370898
101178.109548
101435.438226
101635.141799
101763.214777
101846.008533
101872.821876
101601.85202
101444.932392
101781.122488
101891.241023
101893.232085
100590.78757
100586.557041
100591.000346
100589.232469
100591.211575
100604.927231
100675.779969
100844.731086
101078.818754
101325.844824
101541.776512
101697.577669
101795.150262
101867.485405
101866.894269
101439.818434
101648.774656
101890.795672
101905.353757
101905.449078
100589.048013
100593.179106
100591.951029
100609.359375
100640.544272
100719.74773
100861.27168
101058.600313
101284.839069
101498.120902
101664.989227
101775.228765
101848.97985
101889.250191
101840.484564
101274.659715
101771.395092
101916.270562
101916.955736
101916.697702
100595.291199
100625.022489
100665.738793
100724.069723
100806.713454
100945.451734
101123.442209
101324.36456
101524.322082
101686.498486
101796.895845
101859.893467
101899.82715
101901.929312
101617.788612
100938.189625
101741.046538
101916.665169
101917.203137
101916.780208
100671.203287
100758.127388
100834.0914
100919.060522
101042.594784
101235.531502
101430.848762
101612.684859
101760.061607
101851.220068
101893.391566
101907.063738
101903.22548
101707.129618
100834.422482
100635.506863
101540.129618
101897.060474
101904.768065
101905.438889
100830.769192
100930.179715
101001.791915
101088.157419
101251.928481
101525.375943
101724.773175
101845.699631
101903.750457
101920.074836
101920.143928
101915.85936
101872.611363
100763.720378
100632.242991
100636.627251
101570.064761
101906.122101
101912.555896
101912.904817
100969.861101
101029.142097
101067.374887
101131.259207
101348.440791
101736.033135
101896.86882
101929.044606
101931.755272
101929.249826
101926.214395
101904.148981
101285.533426
100634.625374
100638.942434
100870.164197
101772.651277
101921.966451
101923.413849
101923.697822
101005.490071
101026.22319
101055.024883
101114.385252
101361.598632
101806.365167
101929.779955
101936.281876
101935.195726
101934.099958
101924.492403
101668.038329
100919.282705
100641.757999
100689.113111
101462.588446
101913.70843
101934.954823
101933.998525
101934.585475
100974.694422
100985.825836
101007.852246
101062.300163
101316.385073
101792.427359
101925.990354
101933.563135
101934.366124
101932.165736
101859.492637
101443.948297
100968.533028
100819.378923
101290.654467
101883.371121
101940.688183
101940.573839
101934.184963
101934.783286
100890.533528
100891.021671
100923.234684
100994.224583
101205.555656
101696.761728
101905.832991
101921.644565
101923.467883
101899.977324
101706.136708
101337.037103
101182.172702
101482.671437
101866.852025
101940.800797
101941.56121
101941.175239
101929.065825
101901.977613
100772.25426
100785.06736
100852.819501
100966.905854
101150.102623
101561.860802
101855.377722
101894.810651
101894.851796
101807.990282
101570.112651
101439.532992
101663.910427
101899.780239
101938.343702
101939.424555
101939.406103
101939.331223
101927.403918
101788.727841
100707.08705
100732.912038
100831.752285
100968.43411
101160.227624
101516.028924
101796.385475
101856.797936
101849.913928
101724.126868
101601.89108
101675.083859
101899.824144
101935.248762
101936.705946
101937.122504
101937.402632
101937.491251
101881.872897
101740.374329
100697.929087
100727.609769
100842.410099
101009.652221
101226.183406
101534.663577
101777.451486
101838.198099
101832.402195
101722.146749
101647.93352
101806.883526
101925.888208
101935.15011
101935.952495
101936.497777
101936.935605
101933.308921
101810.309002
101738.525084
100692.202739
100758.167672
100910.026404
101105.77709
101336.877183
101597.299223
101784.118419
101841.772444
101841.195263
101752.913209
101687.612028
101790.085736
101923.166177
101936.273858
101937.206501
101937.808351
101938.345735
101929.78173
101800.535316
101756.061908
100716.017435
100848.703501
101041.729502
101244.674663
101456.394831
101668.622901
101807.250322
101858.660174
101866.662683
101825.799823
101756.058689
101760.591488
101809.837384
101928.158639
101940.436426
101941.049978
101941.446812
101929.38959
101770.882467
101775.222382
100797.764156
100991.319757
101207.320405
101394.781601
101559.493829
101722.541024
101835.394927
101882.427768
101894.417478
101891.078338
101846.237305
101779.873766
101780.656499
101790.016547
101924.377794
101946.141163
101946.587901
101928.042974
101689.588973
101779.607596
100927.374632
101147.656916
101362.014918
101514.198168
101624.539866
101744.769948
101852.845306
101900.758183
101911.408245
101913.134008
101907.375943
101868.593456
101799.510067
101786.641934
101790.646399
101920.85089
101948.340057
101903.215882
101700.21271
101793.583311
101060.248941
101268.987501
101445.501122
101556.773247
101631.559443
101736.755508
101849.770758
101906.862064
101920.091929
101922.393441
101924.296702
101922.362187
101896.904921
101834.506835
101800.601657
101814.369352
101871.743115
101848.398119
101773.148296
101812.663206
101160.705484
101333.567256
101467.265334
101562.531156
101631.155695
101717.134082
101830.87726
101906.291638
101926.026427
101928.494041
101930.988378
101933.934351
101936.554064
101929.221994
101894.645965
101841.621752
101627.43151
101493.791146
101475.89367
101788.797237
101243.538223
101385.990608
101494.115823
101581.826065
101649.489169
101702.504618
101776.194792
101860.829464
101911.849128
101930.173278
101932.046421
101934.156423
101936.841458
101940.525448
101945.427805
101885.73246
101432.744564
101043.122289
100906.486948
101050.176401
)
;

boundaryField
{
    emptyPatch
    {
        type            empty;
    }
    minY
    {
        type            zeroGradient;
    }
    maxY
    {
        type            prghTotalPressure;
        U               U.gas;
        p0              uniform 100000;
        value           nonuniform List<scalar> 
40
(
100534.05845
100982.536732
101014.371256
101109.562638
101187.028279
101139.284298
100969.762422
100743.24372
100565.120173
100501.295145
100487.902349
100488.088896
100490.191212
100502.237505
100529.78103
100568.268229
100632.886357
100742.975095
100898.96659
101075.951923
101247.026432
101389.990314
101498.310842
101585.894128
101653.191796
101705.736232
101778.873352
101862.532211
101912.017618
101928.683245
101928.816931
101928.875236
101928.875211
101928.893427
101928.924169
101863.909918
101408.460444
101016.594746
100880.595502
101030.297949
)
;
    }
    water_to_cooler
    {
        type            fixedFluxPressure;
        gradient        uniform 0;
        value           nonuniform List<scalar> 
38
(
101862.770691
101863.31869
101864.43847
101866.460861
101869.310754
101872.914941
101877.589729
101882.967449
101888.458077
101892.666703
101894.158801
101888.654262
101878.156413
101871.574314
101870.475107
101874.153121
101878.139842
101883.890109
101893.232085
101905.449078
101916.697702
101916.780208
101905.438889
101912.904817
101923.697822
101934.585475
101934.783286
101901.977613
101788.727841
101740.374329
101738.525084
101756.061908
101775.222382
101779.607596
101793.583311
101812.663206
101788.797237
101050.176401
)
;
    }
    water_to_heater
    {
        type            fixedFluxPressure;
        gradient        uniform 0;
        value           nonuniform List<scalar> 
59
(
100935.906368
100935.906368
100969.187339
100887.506572
100722.219069
100722.219069
100519.723806
100519.723806
100478.459142
100478.459142
100482.290349
100479.582134
100484.115505
100484.115505
100481.136383
100481.136383
100485.467635
100485.467635
100483.663683
100486.196226
100491.249054
100491.249054
100534.975364
100534.975364
100612.656009
100612.656009
100675.442693
100759.605935
100943.788992
100943.788992
101221.339332
101221.339332
101500.401739
101500.401739
101614.645613
101488.894439
100796.13496
100796.13496
100411.270874
100411.270874
100331.579298
100331.579298
100328.071168
100329.557555
100330.105472
100330.105472
100331.855897
100331.855897
100339.675456
100339.675456
100365.862865
100396.54259
100398.365555
100398.365555
100403.118251
100403.118251
100456.853719
100456.853719
100533.655689
)
;
    }
    procBoundary0to1
    {
        type            processor;
        value           nonuniform List<scalar> 
41
(
100894.324499
101228.215501
101181.329334
101166.183771
101180.221881
101246.652412
101370.635548
101517.934971
101596.163642
101593.855789
101591.378433
101591.782574
101587.408992
101587.36323
101536.646439
101434.240986
101448.491409
101475.31823
101510.212961
101539.334968
101499.638556
101342.180771
101152.030745
101261.121901
101540.871887
101757.199823
101846.39846
101860.347691
101858.875174
101855.561419
101825.604073
101305.653124
101036.294368
101458.939962
101849.810802
101862.609358
101554.33193
101552.733592
101545.252693
101515.660998
101515.660998
)
;
    }
}


// ************************************************************************* //
