/*--------------------------------*- C++ -*----------------------------------*\
| =========                 |                                                 |
| \\      /  F ield         | OpenFOAM: The Open Source CFD Toolbox           |
|  \\    /   O peration     | Version:  2312                                  |
|   \\  /    A nd           | Website:  www.openfoam.com                      |
|    \\/     M anipulation  |                                                 |
\*---------------------------------------------------------------------------*/
FoamFile
{
    version     2.0;
    format      ascii;
    arch        "LSB;label=32;scalar=64";
    class       volScalarField;
    location    "145.56841662676084/fluidRegion";
    object      p_rgh;
}
// * * * * * * * * * * * * * * * * * * * * * * * * * * * * * * * * * * * * * //

dimensions      [1 -1 -2 0 0 0 0];

internalField   nonuniform List<scalar> 
625
(
102192.7
102192.7
102192.7
102192.7
102192.7
102192.7
102192.7
102192.7
102192.7
102192.7
102192.7
102192.7
102192.7
102192.7
102192.7
102192.7
102192.7
102192.7
102192.7
102192.7
102192.7
102192.7
102192.7
102192.7
102192.7
102103.2
102103.2
102103.2
102103.2
102103.2
102103.2
102103.2
102103.2
102103.2
102103.2
102103.2
102103.2
102103.2
102103.2
102103.2
102103.2
102103.2
102103.2
102103.2
102103.2
102103.2
102103.2
102103.2
102103.2
102103.2
102013.7
102013.7
102013.7
102013.7
102013.7
102013.7
102013.7
102013.7
102013.7
102013.7
102013.7
102013.7
102013.7
102013.7
102013.7
102013.7
102013.7
102013.7
102013.7
102013.7
102013.7
102013.7
102013.7
102013.7
102013.7
101924.2
101924.2
101924.2
101924.2
101924.2
101924.2
101924.2
101924.2
101924.2
101924.2
101924.2
101924.2
101924.2
101924.2
101924.2
101924.2
101924.2
101924.2
101924.2
101924.2
101924.2
101924.2
101924.2
101924.2
101924.2
101834.7
101834.7
101834.7
101834.7
101834.7
101834.7
101834.7
101834.7
101834.7
101834.7
101834.7
101834.7
101834.7
101834.7
101834.7
101834.7
101834.7
101834.7
101834.7
101834.7
101834.7
101834.7
101834.7
101834.7
101834.7
101745.2
101745.2
101745.2
101745.2
101745.2
101745.2
101745.2
101745.2
101745.2
101745.2
101745.2
101745.2
101745.2
101745.2
101745.2
101745.2
101745.2
101745.2
101745.2
101745.2
101745.2
101745.2
101745.2
101745.2
101745.2
101655.7
101655.7
101655.7
101655.7
101655.7
101655.7
101655.7
101655.7
101655.7
101655.7
101655.7
101655.7
101655.7
101655.7
101655.7
101655.7
101655.7
101655.7
101655.7
101655.7
101655.7
101655.7
101655.7
101655.7
101655.7
101566.2
101566.2
101566.2
101566.2
101566.2
101566.2
101566.2
101566.2
101566.2
101566.2
101566.2
101566.2
101566.2
101566.2
101566.2
101566.2
101566.2
101566.2
101566.2
101566.2
101566.2
101566.2
101566.2
101566.2
101566.2
101476.7
101476.7
101476.7
101476.7
101476.7
101476.7
101476.7
101476.7
101476.7
101476.7
101476.7
101476.7
101476.7
101476.7
101476.7
101476.7
101476.7
101476.7
101476.7
101476.7
101476.7
101476.7
101476.7
101476.7
101476.7
101387.2
101387.2
101387.2
101387.2
101387.2
101387.2
101387.2
101387.2
101387.2
101387.2
101387.2
101387.2
101387.2
101387.2
101387.2
101387.2
101387.2
101387.2
101387.2
101387.2
101387.2
101387.2
101387.2
101387.2
101387.2
101297.7
101297.7
101297.7
101297.7
101297.7
101297.7
101297.7
101297.7
101297.7
101297.7
101297.7
101297.7
101297.7
101297.7
101297.7
101297.7
101297.7
101297.7
101297.7
101297.7
101297.7
101297.7
101297.7
101297.7
101297.7
101208.2
101208.2
101208.2
101208.2
101208.2
101208.2
101208.2
101208.2
101208.2
101208.2
101208.2
101208.2
101208.2
101208.2
101208.2
101208.2
101208.2
101208.2
101208.2
101208.2
101208.2
101208.2
101208.2
101208.2
101208.2
101118.7
101118.7
101118.7
101118.7
101118.7
101118.7
101118.7
101118.7
101118.7
101118.7
101118.7
101118.7
101118.7
101118.7
101118.7
101118.7
101118.7
101118.7
101118.7
101118.7
101118.7
101118.7
101118.7
101118.7
101118.7
101029.2
101029.2
101029.2
101029.2
101029.2
101029.2
101029.2
101029.2
101029.2
101029.2
101029.2
101029.2
101029.2
101029.2
101029.2
101029.2
101029.2
101029.2
101029.2
101029.2
101029.2
101029.2
101029.2
101029.2
101029.2
100939.7
100939.7
100939.7
100939.7
100939.7
100939.7
100939.7
100939.7
100939.7
100939.7
100939.7
100939.7
100939.7
100939.7
100939.7
100939.7
100939.7
100939.7
100939.7
100939.7
100939.7
100939.7
100939.7
100939.7
100939.7
100850.2
100850.2
100850.2
100850.2
100850.2
100850.2
100850.2
100850.2
100850.2
100850.2
100850.2
100850.2
100850.2
100850.2
100850.2
100850.2
100850.2
100850.2
100850.2
100850.2
100850.2
100850.2
100850.2
100850.2
100850.2
100760.7
100760.7
100760.7
100760.7
100760.7
100760.7
100760.7
100760.7
100760.7
100760.7
100760.7
100760.7
100760.7
100760.7
100760.7
100760.7
100760.7
100760.7
100760.7
100760.7
100760.7
100760.7
100760.7
100760.7
100760.7
100671.2
100671.2
100671.2
100671.2
100671.2
100671.2
100671.2
100671.2
100671.2
100671.2
100671.2
100671.2
100671.2
100671.2
100671.2
100671.2
100671.2
100671.2
100671.2
100671.2
100671.2
100671.2
100671.2
100671.2
100671.2
100581.7
100581.7
100581.7
100581.7
100581.7
100581.7
100581.7
100581.7
100581.7
100581.7
100581.7
100581.7
100581.7
100581.7
100581.7
100581.7
100581.7
100581.7
100581.7
100581.7
100581.7
100581.7
100581.7
100581.7
100581.7
100492.2
100492.2
100492.2
100492.2
100492.2
100492.2
100492.2
100492.2
100492.2
100492.2
100492.2
100492.2
100492.2
100492.2
100492.2
100492.2
100492.2
100492.2
100492.2
100492.2
100492.2
100492.2
100492.2
100492.2
100492.2
100402.7
100402.7
100402.7
100402.7
100402.7
100402.7
100402.7
100402.7
100402.7
100402.7
100402.7
100402.7
100402.7
100402.7
100402.7
100402.7
100402.7
100402.7
100402.7
100402.7
100402.7
100402.7
100402.7
100402.7
100402.7
100313.2
100313.2
100313.2
100313.2
100313.2
100313.2
100313.2
100313.2
100313.2
100313.2
100313.2
100313.2
100313.2
100313.2
100313.2
100313.2
100313.2
100313.2
100313.2
100313.2
100313.2
100313.2
100313.2
100313.2
100313.2
100223.7
100223.7
100223.7
100223.7
100223.7
100223.7
100223.7
100223.7
100223.7
100223.7
100223.7
100223.7
100223.7
100223.7
100223.7
100223.7
100223.7
100223.7
100223.7
100223.7
100223.7
100223.7
100223.7
100223.7
100223.7
100134.2
100134.2
100134.2
100134.2
100134.2
100134.2
100134.2
100134.2
100134.2
100134.2
100134.2
100134.2
100134.2
100134.2
100134.2
100134.2
100134.2
100134.2
100134.2
100134.2
100134.2
100134.2
100134.2
100134.2
100134.2
100044.7
100044.7
100044.7
100044.7
100044.7
100044.7
100044.7
100044.7
100044.7
100044.7
100044.7
100044.7
100044.7
100044.7
100044.7
100044.7
100044.7
100044.7
100044.7
100044.7
100044.7
100044.7
100044.7
100044.7
100044.7
)
;

boundaryField
{
    inlet
    {
        type            fixedFluxPressure;
        gradient        nonuniform List<scalar> 
25
(
2237.406
2237.406
2237.406
2237.406
2237.406
2237.406
2237.406
2237.406
2237.406
2237.406
2237.406
2237.406
2237.406
2237.406
2237.406
2237.406
2237.406
2237.406
2237.406
2237.406
2237.406
2237.406
2237.406
2237.406
2237.406
)
;
        value           nonuniform List<scalar> 
25
(
102237.4
102237.4
102237.4
102237.4
102237.4
102237.4
102237.4
102237.4
102237.4
102237.4
102237.4
102237.4
102237.4
102237.4
102237.4
102237.4
102237.4
102237.4
102237.4
102237.4
102237.4
102237.4
102237.4
102237.4
102237.4
)
;
    }
    outlet
    {
        type            fixedValue;
        value           uniform 100000;
    }
    fixedWalls
    {
        type            fixedFluxPressure;
        gradient        nonuniform List<scalar> 
50
(
-4.277571e-08
-2.073409e-07
-2.976824e-07
-3.674962e-07
-4.352167e-07
-5.496404e-07
-7.036264e-07
-8.802504e-07
-1.081654e-06
-1.305229e-06
-1.555675e-06
-1.827522e-06
-2.117201e-06
-2.414373e-06
-2.712699e-06
-3.000226e-06
-3.266684e-06
-3.499002e-06
-3.68687e-06
-3.823356e-06
-3.901947e-06
-3.916228e-06
-3.810767e-06
-3.46466e-06
-2.679362e-06
-5.213035e-07
-2.496842e-06
-4.059759e-06
-5.363951e-06
-6.671122e-06
-8.300126e-06
-1.018206e-05
-1.209411e-05
-1.410091e-05
-1.617735e-05
-1.845132e-05
-2.090597e-05
-2.358008e-05
-2.646402e-05
-2.960017e-05
-3.294706e-05
-3.651341e-05
-4.019008e-05
-4.387412e-05
-4.729233e-05
-5.014245e-05
-5.186499e-05
-5.174718e-05
-4.82405e-05
-3.841671e-05
)
;
        value           nonuniform List<scalar> 
50
(
102192.7
102103.2
102013.7
101924.2
101834.7
101745.2
101655.7
101566.2
101476.7
101387.2
101297.7
101208.2
101118.7
101029.2
100939.7
100850.2
100760.7
100671.2
100581.7
100492.2
100402.7
100313.2
100223.7
100134.2
100044.7
102192.7
102103.2
102013.7
101924.2
101834.7
101745.2
101655.7
101566.2
101476.7
101387.2
101297.7
101208.2
101118.7
101029.2
100939.7
100850.2
100760.7
100671.2
100581.7
100492.2
100402.7
100313.2
100223.7
100134.2
100044.7
)
;
    }
    frontAndBack
    {
        type            empty;
    }
}


// ************************************************************************* //
