/*--------------------------------*- C++ -*----------------------------------*\
| =========                 |                                                 |
| \\      /  F ield         | OpenFOAM: The Open Source CFD Toolbox           |
|  \\    /   O peration     | Version:  2312                                  |
|   \\  /    A nd           | Website:  www.openfoam.com                      |
|    \\/     M anipulation  |                                                 |
\*---------------------------------------------------------------------------*/
FoamFile
{
    version     2.0;
    format      ascii;
    arch        "LSB;label=32;scalar=64";
    class       volScalarField;
    location    "0.42/water";
    object      epsilonm;
}
// * * * * * * * * * * * * * * * * * * * * * * * * * * * * * * * * * * * * * //

dimensions      [0 2 -3 0 0 0 0];

internalField   nonuniform List<scalar> 
1504
(
3596.0364999
959.634693949
273.888668406
87.539317055
31.9457819326
13.0842645734
5.91852348743
2.9737022976
1.66574711834
1.04229378021
0.755119988654
0.63629100459
0.594014413913
0.610413235075
0.663310916939
0.682258497697
0.6408086492
0.500031156684
0.256480374411
0.0429287974931
3738.45397129
988.174555273
281.685833956
90.2534424617
32.8868582475
13.3651298243
6.00953911983
3.00536119132
1.66212217939
1.04553922667
0.782503551973
0.684162675831
0.657806730819
0.683423325183
0.72364776023
0.750105276511
0.739908640338
0.60761653972
0.343694622811
0.078111250776
3775.67550666
1000.18680669
287.316249702
92.7746042516
33.7547345996
13.5960864818
6.05044801879
2.95863314128
1.61249674019
1.03661731421
0.808123974187
0.731016407669
0.718206157701
0.744579710394
0.775449817251
0.823449736018
0.845397339807
0.731049575814
0.452349770748
0.129682779447
3746.28785672
990.73754685
287.861366489
93.7524370614
34.0216161377
13.5561469269
5.88106905797
2.79092926555
1.52821569945
1.02200102123
0.829763188437
0.769522344204
0.764320385168
0.784064871166
0.815510488553
0.894527865819
0.946121217427
0.853792278862
0.567001409207
0.196932720609
3621.83302617
959.171366844
282.398351472
92.7960429798
33.4571183507
12.987439764
5.41373295404
2.53596002635
1.4348348013
1.00620585553
0.840127060299
0.788421309847
0.785449198052
0.797467643078
0.837176596932
0.950687246407
1.03183546665
0.96372273538
0.664400014204
0.274828413686
3388.19623787
895.97398819
270.199459834
90.2533418648
32.0004642048
11.8741285459
4.79249702825
2.29080536414
1.36424270716
0.987216361768
0.827713949105
0.774670161277
0.770067823123
0.780983397954
0.82714600448
0.964828368783
1.07918294133
1.04133670256
0.761038454568
0.355153149412
2746.8324468
794.480005958
257.189278631
87.7336194688
30.0404620621
10.6682451203
4.34127932041
2.1828635263
1.33903337255
0.957308379395
0.782017822525
0.71788640108
0.708743076795
0.722825985012
0.769244249718
0.905060602018
1.04798736042
1.05629396872
0.835614840478
0.43297406598
2163.32178067
737.440296156
259.594100238
88.1427182696
29.7344738693
10.6539655375
4.47467358121
2.27205108044
1.34817789562
0.907290186667
0.702745412073
0.620728349104
0.600187522116
0.612020016441
0.657986564788
0.76758150915
0.911344577607
0.97987758831
0.851604061939
0.487986673545
2227.77858914
817.422813151
286.47141931
97.3161665824
33.111054956
12.3081771001
5.28750780055
2.59560066423
1.41713916881
0.866637442406
0.617402178817
0.511760364279
0.475612089939
0.476163256532
0.505327251733
0.586232232984
0.702130918415
0.813602484961
0.797983216157
0.516482937503
2914.75266355
1000.06829786
324.835013999
109.766481127
39.7970319956
16.0167714722
7.08740419866
3.32571054212
1.64391719667
0.892803701778
0.566442191039
0.4276575289
0.370968303101
0.353306916945
0.363120756297
0.404785897467
0.492846548728
0.609902546232
0.686787940069
0.512542042491
4126.15404556
1197.96540773
368.605542176
130.061256093
51.8725513226
22.6267928895
10.2417397489
4.64728928137
2.11462868848
1.02602267398
0.575905903137
0.390268399228
0.309869240299
0.27181922437
0.262183764593
0.278408022966
0.329750825653
0.435280927849
0.557114367853
0.483947829353
4210.48856994
1235.4052265
418.029973038
163.662360715
73.2007958718
34.8302872992
16.0713436892
6.77484628878
2.85631418043
1.27393720551
0.650090901567
0.402295704201
0.294535948946
0.237150337789
0.208781916794
0.208127020222
0.236657903255
0.319827518095
0.44598977462
0.445515478384
3499.59941116
1080.99338214
390.569671047
167.468756099
83.5997031322
45.9118909977
24.7683265874
9.98323972777
3.89087577389
1.62595696586
0.77734888978
0.452145567257
0.312865777512
0.237137936613
0.192411946449
0.177837025634
0.192517720693
0.25180919433
0.370699182183
0.414359088233
3086.17315634
951.756122647
350.050713615
156.67873915
83.3896712441
50.3142543392
31.047596089
13.3294983585
5.14380290842
2.07067841815
0.946470699443
0.5266043446
0.351348964602
0.25716565745
0.198519900318
0.172198693124
0.176280609135
0.219184923855
0.32803442001
0.396972181579
2849.10997079
873.769950654
320.77210277
145.436895058
79.9057585904
50.9637819297
34.0122667941
15.5160656245
6.08354752574
2.45718047278
1.11528181221
0.610300340179
0.399292511171
0.287000207137
0.216713860124
0.180807147358
0.176256385792
0.207999931758
0.307474963796
0.393894525588
2711.87689865
826.269235563
301.128786664
136.078252819
75.2805123368
49.1622498419
34.1258643763
16.1606932143
6.47370534691
2.67316788462
1.23644887946
0.683795264231
0.447271684752
0.319872941689
0.240430375543
0.197331008397
0.186214617803
0.209226595552
0.299713170833
0.40415322362
2607.13630792
794.488398874
287.433009386
128.463287219
70.4690854575
46.0697829398
32.2624276479
15.256238849
6.30500027028
2.7050976631
1.30102633205
0.741605296084
0.491760595438
0.353303317152
0.267164872765
0.218858575593
0.202785280993
0.219609520392
0.300775774657
0.425730871832
2545.63350658
775.027344253
278.570499668
122.583820771
65.9396318023
42.3618140539
28.927255536
13.3711814818
5.7445393693
2.5992441431
1.31941177805
0.784364207815
0.531655498298
0.386610092305
0.296318908053
0.244543560472
0.224780551483
0.237086023495
0.312561046971
0.456479951464
2506.6738336
767.205856127
273.644739977
117.941485473
61.6162481141
38.1699850767
24.0628382114
11.042465705
5.00837790907
2.41793055648
1.30789930576
0.815905223083
0.567303908315
0.420042250515
0.328074676356
0.274310838799
0.251822369933
0.260714357978
0.334297552157
0.49250563481
2533.97260327
777.072649386
273.756514971
114.619398513
57.5128682683
33.5686021305
18.4462685983
8.82608312082
4.28581026251
2.21926697767
1.28436584399
0.840721370853
0.599982358784
0.45434755567
0.362870830607
0.308273063889
0.283668030888
0.289634081511
0.363327020072
0.53149300762
2642.36750504
815.833464709
281.806973073
112.929512165
53.5907894433
28.3321261855
14.2879156123
7.15921707927
3.70495414695
2.05165618521
1.26476497549
0.862888858728
0.631667250426
0.49064382997
0.401187250125
0.346360281584
0.319831466458
0.322913770531
0.397648957231
0.570703141349
3004.7339151
889.603178949
293.372339193
110.478526021
48.979728227
23.5324381323
11.7914317693
6.11322305781
3.31609085176
1.94438007113
1.25916724693
0.88531339291
0.665109046461
0.530283680366
0.44321279637
0.387903543669
0.359117410826
0.358687575817
0.433803186886
0.607599324443
3813.02391634
1015.85761221
304.364519574
108.344538784
45.738286032
21.3866860069
10.6355809839
5.57472752937
3.10887726943
1.89642170781
1.2662518019
0.911714681925
0.703738724441
0.574361717836
0.488313747158
0.431306047126
0.39921714162
0.394119137248
0.466268209832
0.640895097783
4831.15912276
1187.97000309
334.050332018
114.410474563
46.5524088551
21.0592410509
10.2816740065
5.35207519883
3.02779146592
1.88479564599
1.28179184013
0.949076999526
0.751126649862
0.622833074375
0.534655174196
0.473595440663
0.43665343026
0.425492002153
0.490212610416
0.668313110144
5407.84225734
1328.20961415
372.16802309
123.376147301
48.3075270366
21.2984890019
10.1693333213
5.24751141829
2.98925463924
1.88265756568
1.31440204249
1.00665074695
0.809821323554
0.673532722012
0.578381469823
0.510573963676
0.466505816832
0.448087326384
0.502785100173
0.686346055171
5365.67623422
1360.08811763
390.072909047
128.757578554
49.3950469956
21.2777281203
9.96432844669
5.12920016032
2.9451475219
1.89572247395
1.38419058208
1.09599373996
0.880642995094
0.721001463918
0.613979717769
0.537700936044
0.483690747106
0.456010845291
0.497958431251
0.690974781796
4968.60399132
1304.90397952
384.940741271
128.181922223
48.7255315619
20.6203823631
9.55398902734
4.95004844688
2.89925677565
1.9591191675
1.5192417796
1.23042698654
0.96154850701
0.755960705985
0.633777451973
0.548698173673
0.484541255924
0.445805477568
0.476619251495
0.675720924826
4411.42663084
1206.01804278
364.85220496
123.126148073
46.6637961185
19.5057625533
9.02257705364
4.7629899792
2.9120767032
2.12172221138
1.75593422664
1.4262724093
1.04755148578
0.763106640728
0.616208462039
0.534120296764
0.470982486356
0.423868190062
0.441146063574
0.629258134155
3897.93225274
1101.76626781
340.441372176
116.842766715
44.331728553
18.4271202943
8.58727344773
4.6843560654
3.06141810842
2.43646261178
2.13744536109
1.701185417
1.12636012354
0.721939177991
0.564530512245
0.498026628132
0.442803905706
0.393616432691
0.39852754536
0.541054820484
3700.68794131
1065.23925034
333.047453574
114.295077978
43.3077806174
18.0576159426
8.57042898977
4.8568206796
3.40157319251
2.93104443998
2.68190336266
2.03142182599
1.16817180582
0.669389792107
0.500187544277
0.441329610493
0.395962591536
0.350320549294
0.348993709842
0.440003086799
3997.63677071
1143.23839922
350.149880711
118.13172018
45.0021040471
19.1505368321
9.28274460486
5.37988845081
3.90789408149
3.49104627744
3.18402500804
2.28595913795
1.23700080734
0.654620700469
0.444958233035
0.377015951157
0.338364895039
0.299647031075
0.293545319455
0.353884368933
4645.34570902
1259.13314219
376.799290784
127.0359392
49.1741166496
21.4115139135
10.486844537
6.06535741758
4.3426796048
3.77830647807
3.41492642493
2.52445592182
1.39946518899
0.707115127718
0.426284517233
0.329142656918
0.286583248719
0.254466939703
0.242747067916
0.284841282082
4454.61101653
1256.45940434
386.947153377
134.247667091
53.1547600644
23.439609639
11.5203810565
6.58386815806
4.57043987003
3.85708241697
3.52173321398
2.75958860879
1.6453810442
0.839419963167
0.462457092275
0.316773415583
0.257762260608
0.225570857356
0.208644466992
0.236656838959
4131.83484037
1196.36369018
381.125475144
136.868952915
55.4450896392
24.6287827151
12.1551150497
6.90820972766
4.70424730153
3.88874309459
3.55918135053
2.9149880468
1.86470192732
1.00143825433
0.541083007781
0.341302105517
0.257377335943
0.216851299398
0.196140823049
0.211249138301
3845.28748054
1132.57025909
368.52089787
135.582718194
55.8878841836
25.0582867602
12.4398598928
7.05501975569
4.73874994622
3.83940462736
3.4830381255
2.92588492892
1.9690719713
1.11570069476
0.617926428013
0.381687891366
0.275698245382
0.224064128747
0.198844126008
0.202386696945
3644.90359946
1082.02434752
356.54011703
132.645873442
54.9099612692
24.7109751299
12.3040748212
6.95923931574
4.61639246933
3.66449371791
3.27080257825
2.77019444296
1.93035595909
1.14854935849
0.663845962754
0.41786540109
0.300028209267
0.239644415969
0.209168855262
0.203984147994
3465.72002759
1038.55640639
344.384545365
128.166167507
52.6409978332
23.635120843
11.7729312776
6.6338301324
4.3484225336
3.38325766793
2.95225823979
2.48397585011
1.76928132292
1.1011062885
0.66986109397
0.439140604509
0.321245623375
0.257012537135
0.222567891383
0.211335570842
3382.27564404
1009.079279
333.942053601
123.030933252
49.8804576125
22.2866817224
11.0683758036
0.000148769650222
0.000194895475886
0.000303585201257
0.000545048845565
0.00107573038504
0.00217877912164
0.00418649960107
0.00717685319997
0.0108309740226
0.0147660861982
0.0188429844195
0.0232584992481
0.0286671749747
0.0366614934998
0.0516045886394
0.0878048745975
0.196279680834
0.00162764987959
0.000279251682552
0.000164301913449
0.000167966375993
0.000224706304804
0.000360225402469
0.000659671094862
0.00130196636154
0.00257736560812
0.00475386484872
0.00778832774408
0.0113207821228
0.0150191765376
0.0187971881009
0.0228731969226
0.0278846997557
0.0353293544373
0.049230106277
0.082817639777
0.185052698347
0.00318313274827
0.000386734193002
0.000191353146004
0.000190880211398
0.000260683785795
0.000429104433969
0.000797098817249
0.00156324805267
0.00301006155756
0.00532364223869
0.00835748198446
0.0117416408116
0.0151978674999
0.0186841906564
0.0224344692391
0.0270678307931
0.0339917328473
0.0468921769504
0.0778314583131
0.173036459038
0.00707672180016
0.000582230137309
0.000227956178567
0.000218484745175
0.000304016637703
0.000512071575849
0.000959289144844
0.00185867134174
0.0034683386146
0.00588278728482
0.00887664097961
0.0120929551761
0.0153054675304
0.0185086601959
0.0219469191077
0.0262203192537
0.0326519035699
0.0446003820067
0.0728890898432
0.160252935092
0.0163533740962
0.000947103627626
0.00027983921159
0.000252125807116
0.000356115927061
0.00061103433039
0.00114767969601
0.00218572036433
0.00394244603295
0.00641994841188
0.00934068860258
0.0123755547632
0.0153457890127
0.018275334976
0.0214150949844
0.0253458497912
0.0313128698872
0.0423636335563
0.0680366514085
0.146792832402
0.0350948670257
0.00167670820898
0.000358867375278
0.000293440377005
0.000418214440192
0.000727335145917
0.00136226428146
0.00253936495459
0.00442112877318
0.00692480974097
0.00974577370694
0.0125906654097
0.0153225085766
0.0179886291675
0.0208431700528
0.0244476424482
0.0299768380106
0.040190047596
0.0633296831697
0.132857362838
0.066993850311
0.00338974230264
0.00049254482006
0.000344555316283
0.000491053641179
0.000861239664153
0.00160101325661
0.00291205064804
0.00489253399479
0.00738877491269
0.0100898003418
0.012740667036
0.0152400950087
0.0176535762117
0.0202358198698
0.0235292617073
0.0286459535052
0.0380872811806
0.0588311776095
0.118762900831
0.113729832638
0.00789454708814
0.000739543042243
0.000408779493189
0.000574993164673
0.00101210015893
0.00186047285521
0.00329539822047
0.00534669097469
0.007806963501
0.0103740966413
0.0128306615923
0.015105207343
0.0172770274
0.0195992737195
0.022595617841
0.0273232557244
0.0360626612516
0.0546078130074
0.104924301998
0.17180729463
0.0190968112771
0.00122604505625
0.00049273424906
0.000670569985376
0.00117921299938
0.00213739745563
0.00368286084411
0.00577819182316
0.008179926032
0.0106045494544
0.0128692644101
0.01492720867
0.0168679786043
0.018941585728
0.0216533278567
0.0260131145928
0.034122506337
0.050722775923
0.0918106624361
0.231469524215
0.0419432435574
0.00228699026548
0.000612383115937
0.00077963657919
0.00136326651559
0.00243086579055
0.00407216608765
0.00618773175592
0.00851392915563
0.0107912551728
0.0128679332096
0.0147173304299
0.0164366990428
0.0182718476784
0.0207101355424
0.0247208336022
0.0322705613526
0.0472256730809
0.0798795105412
0.280928611992
0.0771943455181
0.00487309849434
0.000805959826951
0.000907211230056
0.001568030842
0.00274395146031
0.0044662826046
0.00658153364489
0.00881922251885
0.0109463916803
0.0128387888033
0.0144865990157
0.0159928461066
0.0175985425598
0.0197735619799
0.0234517776299
0.0305065661266
0.0441424037256
0.0695061021038
0.299112707874
0.117665339295
0.0110351162775
0.00115615773999
0.00106349063156
0.00180094577985
0.00308323787196
0.00487151947566
0.00696803818281
0.00910623515878
0.0110806194577
0.0127914437185
0.0142431200098
0.0155431500032
0.0169275229537
0.0188490797561
0.0222096718212
0.0288248173789
0.041467824262
0.0609296770732
0.310279343909
0.155128847297
0.0232182958513
0.00183194000238
0.00126577893154
0.00207145024558
0.00345556172433
0.00529324311479
0.00735323406935
0.00938139429519
0.0111997229844
0.0127304195385
0.0139901115931
0.0150898913973
0.0162607769095
0.0179390740615
0.0209962530306
0.0272156197931
0.0391656771216
0.0542320136805
0.322274569466
0.18920761287
0.0424878382175
0.00316171209914
0.00154288600323
0.0023888172083
0.00386456717237
0.00573238757018
0.00773774430404
0.00964518853061
0.0113035704982
0.0126547480464
0.0137259019063
0.0146310789649
0.0155965673734
0.0170425374378
0.0198104244073
0.0256664438559
0.0371753257631
0.0493532736732
0.339399616683
0.220228836026
0.068521141123
0.00569876808771
0.0019433599397
0.00276117116678
0.00430916940328
0.00618466977875
0.0081169803863
0.00989315956002
0.0113876156779
0.0125596872215
0.0134456711217
0.0141621147113
0.0149308939632
0.0161566471478
0.0186504003443
0.0241667981755
0.035423883008
0.0461279426249
0.365140863402
0.252966968468
0.100983589225
0.0102849911136
0.00254912430418
0.00319739058823
0.00478487486601
0.00664244101762
0.00848343105598
0.0101183611364
0.0114452627331
0.0124388577986
0.013143343402
0.0136775323617
0.0142592070392
0.0152785845136
0.0175164955162
0.0227125299461
0.0338395645187
0.044321439856
0.402126238156
0.293614990559
0.139892100423
0.0181636794996
0.00350285060856
0.00371222678411
0.00528621213441
0.00709654766144
0.00882821692869
0.0103126270545
0.0114688552509
0.0122850292101
0.0128122833685
0.0131716626489
0.0135775645458
0.0144073509766
0.0164109896203
0.0213048380629
0.0323637882371
0.0436590421992
0.451506580999
0.344437066925
0.185829369078
0.0311351865252
0.00505175825965
0.00433441361462
0.00580892289923
0.0075371114045
0.00914148285043
0.0104668601732
0.0114499444763
0.0120904192108
0.012445712515
0.0126392238393
0.0128832109568
0.0135435585883
0.0153391670436
0.0199534829571
0.0309586875318
0.0438435363003
0.508297356383
0.405169378798
0.239954736084
0.0516066651043
0.00763956493283
0.00512340761646
0.00635683427705
0.00795752656986
0.00941525262896
0.0105732480269
0.0113809768783
0.0118478655722
0.0120372971736
0.0120754634174
0.0121739488551
0.0126883372634
0.0143053467441
0.0186649030085
0.0295965039167
0.0445609143094
0.569184792255
0.475095869372
0.300908845706
0.0820999518739
0.0120832793776
0.00620313525273
0.00695201124046
0.00835882430242
0.00964544849254
0.010626116142
0.0112553996855
0.0115503597385
0.0115801429582
0.011474441879
0.0114448069818
0.0118352210863
0.0132992808328
0.0174245401128
0.0282346615465
0.0454756494066
0.631928294486
0.554017440841
0.363561452216
0.124064052958
0.0198196299187
0.00780972734102
0.00763878682564
0.00874724563411
0.00982845269191
0.0106190151435
0.0110657334305
0.0111902013972
0.0110670001635
0.0108295980992
0.0106880655681
0.0109729977411
0.0123031982903
0.0162034440286
0.0268129485598
0.0462281410477
0.696648374486
0.645909601791
0.436262543996
0.178737660397
0.0332821790823
0.0103796821786
0.0084957790782
0.00913706808392
0.00996360109288
0.0105484913611
0.0108089682777
0.0107658950798
0.0104982464803
0.0101422525133
0.00990310440332
0.0100951043648
0.0112990518126
0.014966900972
0.0252695111401
0.0464751276811
0.765145942846
0.755072850457
0.528547662024
0.248806269263
0.0562668205381
0.0147461097008
0.00968239028916
0.00957106685703
0.0100686235684
0.010427901194
0.0104997010237
0.0102947514186
0.00989357651016
0.00943195858738
0.00910598407655
0.00920706386068
0.0102745293538
0.0136771984705
0.02353609043
0.0459252786853
0.838306003777
0.875592877876
0.6459599611
0.337241960142
0.0931885855694
0.0223877046063
0.0115007397033
0.0101378053214
0.0101898107709
0.0102951839409
0.01017685701
0.00981903977182
0.00929804087209
0.00874433587154
0.00833962699442
0.00834783916922
0.0092593991923
0.0123512035238
0.0216166619385
0.0443731807709
0.912582155196
1.00257865932
0.790417801216
0.447614178045
0.145798362767
0.0352290536105
0.0144091386188
0.0109673771662
0.0103963601921
0.0102100085677
0.00990325952928
0.00940714767918
0.00878448644955
0.00815520403351
0.00768277513114
0.00760217081102
0.00835547210011
0.0111129040454
0.0196174552463
0.0415900493874
0.98407092158
1.12436230183
0.940767613061
0.545060119014
0.209556940991
0.0548899665006
0.0190370882436
0.0122435264558
0.0107846608133
0.0102618706396
0.00977735895545
0.00916798084391
0.00847021112014
0.00778950603693
0.00727174441762
0.00712704901216
0.0077544542294
0.0102052281449
0.0177674155852
0.0371967147489
1.03887358066
1.22361376621
1.0777470161
0.639957223129
0.275550281853
0.0812101915864
0.0259227106329
0.0141705297624
0.0114755946999
0.0105804753237
0.00995594686384
0.00928815034093
0.00857289117545
0.00790169348275
0.00741269850154
0.00730899956119
0.00796693983164
0.0102885446055
0.0166707724055
0.0306246737442
1.05633528534
1.29193673357
1.18551146133
0.728156771045
0.333455449218
0.111066091562
0.0349856751899
0.0168594693123
0.0125920601241
0.0113556208188
0.0107255963407
0.0101725574824
0.00964486908852
0.00922739883274
0.00906413791352
0.00935231252607
0.0103800374775
0.0126101763274
0.0165530089918
0.020542186419
1.01392369686
1.31683072677
1.25486705448
0.806791334228
0.381533001633
0.141496800537
0.0459006572419
0.0203739859402
0.014335578062
0.0129917790309
0.0127865470773
0.0129181032726
0.0132825132445
0.0139193997093
0.0148162739568
0.0158805353971
0.016912677816
0.0168867447938
0.0146455623388
0.010407511081
0.906833071193
1.27910627362
1.28165471163
0.877390332459
0.423703628209
0.173791775019
0.0594177117227
0.0250127333149
0.0170451671931
0.0161059503137
0.0172099499606
0.0192255350858
0.0220117789373
0.0256013026591
0.0301611720829
0.034765368112
0.0387100168608
0.0416819791105
0.043679419397
0.0455953170479
0.76007521969
1.1640027418
1.26446238025
0.943992445796
0.479817891732
0.215608474198
0.0791889197287
0.0317110819378
0.0207162586802
0.0203686039527
0.0234166426926
0.0281305441214
0.0342082446915
0.0417129705543
0.0501374143765
0.0603709044355
0.0731989152111
0.0899985291364
0.112527567871
0.144207035366
0.592910102561
0.988084562926
1.20153989735
0.996472752705
0.563387081943
0.281296168193
0.114835891941
0.0436049283571
0.0245801952819
0.0231352439187
0.0272482300474
0.0340226863732
0.0432420513235
0.0554423264821
0.071477142625
0.0905761327492
0.113393843194
0.148786093516
0.210425357019
0.317822488429
0.428793073864
0.795346541162
1.08797156537
1.0255677676
0.675532417897
0.389151895786
0.185299196582
0.0742226954198
0.0319687486425
0.0234925564153
0.0268143522519
0.0362888287262
0.0534181168837
0.0796814929109
0.11873041759
0.156092092123
0.176389688578
0.217962330885
0.330856970364
0.570145610767
0.322569543734
0.607036791818
0.933117052806
1.01291757483
0.78631401526
0.538966259645
0.309721493681
0.156881524294
0.0701153202747
0.0354548225163
0.0326094658912
0.0537364238721
0.0952909651833
0.155163403427
0.277094988997
0.381182804875
0.337627548422
0.317526794905
0.483529458698
0.94787657763
0.265540749289
0.436851110569
0.75394918845
0.93053670506
0.846501244529
0.671778738744
0.506235820502
0.317210554078
0.189638642124
0.118854803649
0.100234349396
0.166351022876
0.278565520651
0.409929525983
0.626416983283
0.52123154742
0.401119467292
0.329945209593
0.598471436806
1.52244442022
0.238266524754
0.335816492115
0.587232123197
0.793630898109
0.828348377948
0.738142091457
0.624266137988
0.510646608222
0.382134916198
0.299395362378
0.324004185847
0.558992780004
0.898151339073
0.80344748721
0.455666427318
0.340795775817
0.271865566554
0.211092928931
0.534339885944
2.16921255759
0.227158182376
0.285581401416
0.442137157653
0.650902889065
0.744373793004
0.729029254981
0.660311031281
0.575334113469
0.529254375368
0.591012897206
1.04762602352
1.39823569175
0.781747998088
0.53764202005
0.410892494297
0.294345608206
0.215214695259
0.180712051756
0.470517472231
2.41383401004
0.224432040432
0.259477296439
0.348501175363
0.524097130875
0.638327219471
0.66702071184
0.643975721574
0.636784428002
0.742516002535
0.993134574246
1.06873714582
0.840875349969
0.645284451746
0.530327117446
0.424144917966
0.300918527887
0.209937526767
0.175048601852
0.407132838065
2.17335153145
)
;

boundaryField
{
    emptyPatch
    {
        type            empty;
    }
    minY
    {
        type            fixedValue;
        value           nonuniform List<scalar> 0();
    }
    maxY
    {
        type            inletOutlet;
        inletValue      nonuniform List<scalar> 0();
        value           nonuniform List<scalar> 0();
    }
    maxX
    {
        type            fixedValue;
        value           nonuniform List<scalar> 
38
(
0.64331125584
0.607890853166
0.572360677701
0.53686292655
0.501629577218
0.466993366385
0.433379330103
0.401275005828
0.371174075311
0.343502048799
0.31854772211
0.296427369951
0.277072350564
0.260279813457
0.245760838374
0.233196595245
0.222303903569
0.212846186654
0.204519501724
0.19677372693
0.188864066273
0.180024408762
0.169449025483
0.157044606988
0.143433425955
0.130024110623
0.122546087933
0.138593525598
0.209783652656
0.441037534163
0.871100303333
1.48778418993
2.24378048178
3.1693646959
4.20563098193
5.02019653396
5.00762756818
4.33603278209
)
;
    }
    water_to_heater
    {
        type            fixedValue;
        value           nonuniform List<scalar> 
60
(
10952.1280078
10952.1280078
11198.9553962
11209.7164644
10901.5976104
10901.5976104
10293.2378328
10293.2378328
9127.10764714
9127.10764714
7322.49081038
6429.19518097
7523.99430101
7523.99430101
10425.2753469
10425.2753469
13730.6605233
13730.6605233
13402.3343997
11467.7333147
10166.6043694
10166.6043694
9427.41280448
9427.41280448
8951.50125548
8951.50125548
8638.39463608
8434.20106242
8382.56932616
8382.56932616
8552.72547342
8552.72547342
9148.16254175
9148.16254175
10535.8680109
12825.9449304
14999.489471
14999.489471
15849.4629775
15849.4629775
15405.1330065
15405.1330065
14115.0588867
12394.667168
10949.4907065
10949.4907065
10647.7321249
10647.7321249
11986.5087328
11986.5087328
13918.4370658
13788.2909054
13056.8135414
13056.8135414
12351.908412
12351.908412
11747.6377571
11747.6377571
11301.5906885
11009.5717771
)
;
    }
    procBoundary3to1
    {
        type            processor;
        value           nonuniform List<scalar> 
41
(
6.18974819469
4.00163370886
3.0472491745
2.58602106422
2.13828459505
1.54465327422
1.00279645308
0.644747267359
0.444815581108
0.33506280375
0.271989007003
0.235896540103
0.220664142865
3387.79915453
998.036675803
326.210378949
118.022521014
47.2736142032
21.0068369804
6.18974819469
10.3566798159
0.22552061841
0.245071519406
0.294528512251
0.406544031698
0.531598622833
0.586761833872
0.625421148103
0.730359365099
0.877303696768
0.930222191106
0.862337649579
0.738891049114
0.62206799706
0.521826011778
0.416033451942
0.290601522234
0.212611424391
0.18138373929
0.361473244138
1.75467746845
)
;
    }
    procBoundary3to2
    {
        type            processor;
        value           nonuniform List<scalar> 
41
(
3428.99234723
926.088532503
267.828907755
86.1241004843
31.4583873782
12.9159148063
5.85313225241
2.92242524128
1.63355244116
1.02238715728
0.725338482494
0.590988557934
0.535056311292
0.540594195614
0.597455653415
0.621801271136
0.558475191868
0.417819145265
0.190960916
0.0214705782047
0.000132688548161
0.000170358707418
0.00025755884117
0.000451103311376
0.00088423607237
0.00182140100818
0.0036363591433
0.0065347409263
0.0102759682853
0.0144373241369
0.0188182920032
0.0235869162376
0.0294127993271
0.0379867526
0.0540103648584
0.092778660067
0.206988854575
0.000929912631474
0.000215189949734
0.00014336924667
0.00014336924667
)
;
    }
}


// ************************************************************************* //
