/*--------------------------------*- C++ -*----------------------------------*\
| =========                 |                                                 |
| \\      /  F ield         | OpenFOAM: The Open Source CFD Toolbox           |
|  \\    /   O peration     | Version:  2312                                  |
|   \\  /    A nd           | Website:  www.openfoam.com                      |
|    \\/     M anipulation  |                                                 |
\*---------------------------------------------------------------------------*/
FoamFile
{
    version     2.0;
    format      ascii;
    arch        "LSB;label=32;scalar=64";
    class       volScalarField;
    location    "0.25/water";
    object      rhom;
}
// * * * * * * * * * * * * * * * * * * * * * * * * * * * * * * * * * * * * * //

dimensions      [1 -3 0 0 0 0 0];

internalField   nonuniform List<scalar> 
750
(
794.69434699
719.89884351
647.039883384
597.025892217
573.959342691
601.984117775
694.201638729
960.460973925
998.584297893
998.587709246
920.467590469
888.86895736
787.860457376
744.639438247
761.030825754
792.003777192
805.177363241
805.155016686
789.796533616
757.466797166
723.502204141
703.840218383
678.942472589
660.754920692
680.372428689
727.917150692
751.896088771
746.49076912
760.689341133
830.074797681
920.450651595
844.137232076
777.893141573
777.177736944
815.513017668
815.608284163
779.552384494
685.142979254
642.936522025
615.964288091
601.278545076
599.424747162
593.555167718
581.590041501
578.046157795
587.677980938
598.517488452
600.600560455
593.583474031
665.339599964
760.227976947
742.987285933
795.768689475
863.162008735
860.750268842
732.331405822
614.407529075
579.404232629
570.876701269
567.480316995
566.783308302
566.839523033
566.747720955
566.758548749
566.730569903
566.758595126
570.131746677
572.043391996
573.511715512
582.012180619
577.685378602
683.097889077
821.870487993
885.61850609
877.851989157
744.204220684
631.058087866
582.315973114
567.807464564
566.752822926
566.758551646
566.744850923
566.758573955
566.73295724
566.75858844
566.735933707
567.751410367
568.764262964
571.910566531
570.68370924
521.445117321
572.432098046
729.010514688
885.837611935
892.967559424
875.47822752
762.343795919
656.760448796
592.802985012
569.102943813
566.750760854
566.758556018
566.739506111
566.758574433
566.723214609
566.758584973
568.324411412
569.520111352
571.61131046
569.705720552
516.068374509
527.182554669
599.592357989
762.5349077
887.29715602
918.722053026
914.883008174
828.025222471
709.15309956
606.936422247
570.506613076
566.75520412
566.758537209
566.732616024
566.758553387
566.724944096
570.251202738
574.534454711
574.052403987
569.705695527
517.697629215
530.191333126
575.914887708
665.78576208
745.386103439
862.312936271
932.746694414
932.730301841
886.902312033
740.270075442
602.034975333
582.647974907
567.516572911
566.758504203
566.717879625
566.758517793
567.748624552
581.04636367
581.800679608
574.146305908
527.997696251
552.542541097
591.531390387
641.517094234
674.3809799
736.994791862
839.103075565
917.226000583
935.984307137
900.373660558
697.421484604
624.177906755
578.19297698
566.750481871
566.758464574
566.71525082
566.758472078
580.797097056
594.446493692
620.294856186
553.050376499
587.423126016
616.878216835
638.999058153
654.982223809
682.678330638
744.01864888
827.938539342
903.093429316
924.114678333
829.507883303
661.646471001
602.044639784
566.758400972
566.721610854
566.75841791
566.696995534
572.482485932
609.633876758
757.443825768
596.414356688
611.439172456
627.951397227
637.300947804
646.817804007
664.547257745
704.080004882
767.940015868
844.998321539
913.926098943
851.606918885
683.638735854
618.687375213
566.753396995
566.758353076
566.699091796
566.758356136
577.942898304
733.898627358
802.039042661
677.640468285
622.985477042
624.775766101
631.808817308
641.017011124
658.625261863
693.97204878
752.766752389
828.252020779
877.743325786
826.729841371
691.656530429
614.884150146
566.758277619
566.712979875
566.758289702
566.696971779
616.186021516
802.051219415
802.036731938
789.196997611
653.950479635
624.783549039
624.795040974
635.814554512
658.977540859
700.806133016
765.951598624
833.887923819
844.044220607
777.908777117
667.80217734
595.250931396
566.741815523
566.758212344
566.708795361
566.758204092
676.534261371
802.048598529
802.051208517
860.70441209
736.114557268
624.792812661
624.803375943
634.279982926
667.41197828
729.985109262
802.017322326
833.911548294
800.429021178
691.006452561
614.353845645
579.618428408
566.758125704
566.727764665
566.758136084
566.709129286
704.017203378
802.056426174
802.042561221
860.679014968
843.217365796
681.545371796
624.81144692
640.835008192
695.709997622
774.153560514
802.062821581
795.044547213
690.104073481
608.367425301
586.366182806
575.345024929
567.591327453
566.758063855
566.745319101
566.758057599
692.348469274
802.04660582
802.049022456
818.552225569
935.486136527
838.006883496
674.537725192
680.440698186
742.577744797
774.214090492
753.267988315
649.008658338
596.124880901
582.037033225
577.914233884
574.258147412
569.822924741
567.692914279
568.967969412
570.179691813
667.618773792
802.05360846
802.039687112
808.888313095
973.736651932
960.359643479
816.050487804
732.480464651
742.637984574
732.422238326
624.097961223
582.229244816
575.661135597
574.229959002
573.266596876
571.920567173
569.711815685
569.271338947
579.415556075
591.599769334
671.664801185
802.044818317
802.047663477
855.220876213
990.157380098
991.290258331
924.810802388
786.479798452
735.985682404
637.598906004
578.02719945
572.560318729
571.218536162
570.529144779
569.847088006
569.344729724
569.291898456
569.26667101
588.409740447
635.349920821
708.830281537
802.052105484
768.217382979
926.483977651
995.503128119
994.76430476
949.331207537
817.239025731
718.802438789
608.869770374
575.214704893
571.387594973
569.841489094
569.347493137
569.323986219
569.322577426
569.300789945
569.289861913
576.657900886
694.18112115
736.409321298
802.038704139
708.550630826
991.127772014
995.50786614
993.036000929
933.390678081
832.10075476
740.225029649
617.888110355
580.251847619
573.111931261
569.839871369
569.354079607
569.33945841
569.306902734
569.318298165
569.304579173
569.320449572
720.869240087
728.745592548
775.063504211
706.457524916
998.582839954
995.258633411
957.897461818
876.752595475
848.007000014
781.092531893
656.111351417
603.663173581
586.387663025
576.224939202
570.723308581
569.349206713
569.337447157
569.306581019
569.32042887
569.308422703
717.197816234
717.446075771
733.305581492
706.442540783
993.782557166
942.097983932
875.161377819
867.480049007
860.792119415
799.401365546
714.01718252
662.791096997
630.515935776
605.825086495
588.714988265
578.913620841
574.375919347
572.126257143
570.264286671
569.343370507
682.977810903
698.234625445
710.748209217
706.428499474
902.236851304
827.055170377
851.733461044
869.109791681
869.09110491
838.489820218
795.634216301
755.837911175
720.627927998
686.188217615
654.845585872
628.919897103
611.97688691
603.472224225
600.441844204
601.392919213
662.519947722
683.8718677
706.39774574
706.414232389
675.800454541
675.92062028
752.787061523
817.526129978
854.476650835
868.970234033
868.938048828
867.866337553
854.360868349
825.076463895
791.525185534
759.458595791
733.278743728
715.354021811
702.112557266
696.837900483
709.928284868
720.936397026
754.793065606
706.430331006
541.8655044
555.34080803
590.353033443
653.321421984
733.200075278
790.316653173
823.411109053
853.012355562
886.52175836
906.930240112
906.87257631
902.574837578
883.382182427
867.636411776
860.379231323
847.913805594
843.416154259
848.239522543
868.642061857
706.44605149
514.047490753
525.632086947
548.36831185
594.602223568
665.331062916
726.12317563
755.718404503
784.027330435
823.533982191
860.222730747
895.817821711
928.339533566
928.306458958
876.779770512
918.792017246
943.301515652
958.370003907
961.159427279
961.39146364
806.723915031
512.551400322
528.532452908
556.200391142
603.332192647
669.809964665
729.946628123
758.958136436
782.456395096
814.02326421
844.856361388
873.943001723
911.062828799
904.275353536
874.327309295
909.448971143
978.769711816
986.09508102
985.3570666
984.525186281
859.66339376
514.721793447
540.930130542
583.716160454
632.78172552
704.828740873
763.187931952
794.534854016
817.787871313
845.204256076
872.071406622
895.193265437
893.919792458
874.327234115
874.312707113
955.608686529
986.256167803
986.25877237
986.256208988
986.260270134
849.933691251
519.605394244
553.782032139
609.581104908
658.856134343
751.727980094
825.645928569
860.383166482
883.248105049
906.671406281
927.655387817
933.22546203
888.93877039
874.314448131
937.473083535
986.256210851
986.258757515
986.258105845
986.26100214
986.256909797
812.744160197
522.765540986
557.274501482
611.367919317
661.276063375
755.448774172
862.55955345
926.309098337
952.055210226
967.338977468
976.472042869
957.787277498
904.404156805
904.430162907
976.212603534
986.258676337
986.257953499
986.260364155
986.258027944
986.26245801
783.205655007
522.363942913
554.510548904
604.351647475
656.951773404
745.06842519
855.53631487
933.461246676
977.097293544
992.359059551
993.619307377
975.145927964
937.423492255
935.186496967
978.091278221
986.256439766
986.258522329
986.258283257
986.260832765
986.256931601
744.214736625
520.370075048
549.774543494
594.396054047
649.582293731
724.394447045
824.121270281
912.503492864
968.683259094
992.03695091
993.643574048
990.333941098
970.929448814
961.058063052
974.252543602
986.257287919
986.256900252
986.259178829
986.256581907
973.024623835
729.497860578
518.619847995
548.077996518
592.711001539
650.253351004
718.30535423
789.192023483
860.157702894
923.412051345
967.709273714
988.289717644
990.741952247
988.399191521
979.713320379
975.627684744
985.327561145
986.257398307
986.256410015
979.520399458
912.345027802
729.497966405
521.815524232
555.330425914
605.013018384
665.955291089
727.789476636
787.819242384
835.281515708
876.616300893
915.800407491
949.795087884
976.511627435
986.74436863
984.073265369
977.789780823
980.145574961
981.501345586
975.490690644
940.629544762
838.379449595
729.498162929
548.220018732
593.966681033
652.062695138
713.441285691
766.459213912
811.096769284
848.295485443
880.47227357
910.574164446
935.524638631
957.185737913
974.552908386
975.75698574
964.588990057
936.097753478
923.926398453
904.663974278
858.760415204
856.329438224
729.498541451
647.009367737
710.446464306
760.543486842
809.354640211
852.267727781
887.708865621
915.856513362
935.509020274
945.183658087
946.854331907
947.579901266
923.600596416
857.350944396
794.895642326
744.69984723
719.023155515
729.264521498
859.246683648
903.192418405
746.132710861
845.309482294
879.855435594
907.435613204
935.669941539
954.273866013
955.94278871
955.959282403
929.742419766
870.237970441
801.688518154
737.664606469
685.728547719
648.694540939
623.649102106
602.854779531
600.805208367
610.196060995
795.900718895
903.197694144
798.646873046
967.708091933
972.400590275
974.1741037
970.134308826
919.371304148
817.162262976
763.168252614
736.04430744
712.030764594
679.609994616
650.192366715
631.746109622
616.791335247
601.307818612
596.422228773
596.422250993
599.668231075
755.907907349
893.116859724
782.955135449
)
;

boundaryField
{
    emptyPatch
    {
        type            empty;
    }
    minY
    {
        type            calculated;
        value           nonuniform List<scalar> 0();
    }
    maxY
    {
        type            calculated;
        value           nonuniform List<scalar> 
20
(
967.708070583
972.400572452
974.17408791
970.134294866
919.371319327
817.162385366
763.168355885
736.044357663
712.030780739
679.609990629
650.192354635
631.746096962
616.791322014
601.307804783
596.422214733
596.42223693
599.66821709
755.907922289
893.116863473
782.955116614
)
;
    }
    maxX
    {
        type            calculated;
        value           nonuniform List<scalar> 
37
(
830.074811123
665.339615583
582.012197063
570.683729194
569.705747671
569.705728926
574.146351842
620.294917623
757.443886533
802.039110856
802.03681367
802.051299781
802.042659988
802.049127079
802.039793952
802.047769214
768.217498486
708.55076252
706.45765288
706.442665696
706.428624117
706.414357387
706.43044961
706.446169688
806.724001402
859.663462704
849.933768767
812.74425849
783.205768741
744.214863265
729.497989839
729.498091528
729.498283027
729.498654538
746.132811317
798.646952179
782.955218325
)
;
    }
    water_to_heater
    {
        type            calculated;
        value           nonuniform List<scalar> 0();
    }
    procBoundary2to1
    {
        type            processor;
        value           nonuniform List<scalar> 
20
(
857.008423237
770.380864997
722.32913706
727.165522874
738.206666025
751.813387252
762.770648
774.48991342
788.106043586
788.153738903
781.7210602
758.227671399
754.61293556
810.189363358
911.19328874
954.554120236
954.287216305
946.900795399
972.020394587
886.877312645
)
;
    }
    procBoundary2to3
    {
        type            processor;
        value           nonuniform List<scalar> 
39
(
915.432643141
920.453565859
847.401127539
558.032489127
517.369304889
516.012544794
518.391599191
524.562716459
539.37807448
597.301814048
794.752573803
794.752573803
766.905472579
627.534942283
555.862816488
534.200413756
526.25080863
534.574248743
601.861940474
877.989479431
996.911070312
998.584494346
969.392511444
969.392511444
694.148462715
535.972993608
511.930465249
511.847227571
511.849271982
511.816693615
511.839184925
511.821271189
511.840823811
511.826759111
513.071984082
537.305441036
610.450162566
824.895599618
960.806324709
)
;
    }
}


// ************************************************************************* //
