/*--------------------------------*- C++ -*----------------------------------*\
| =========                 |                                                 |
| \\      /  F ield         | OpenFOAM: The Open Source CFD Toolbox           |
|  \\    /   O peration     | Version:  2312                                  |
|   \\  /    A nd           | Website:  www.openfoam.com                      |
|    \\/     M anipulation  |                                                 |
\*---------------------------------------------------------------------------*/
FoamFile
{
    version     2.0;
    format      ascii;
    arch        "LSB;label=32;scalar=64";
    class       volScalarField;
    location    "0.7/water";
    object      Ct2;
}
// * * * * * * * * * * * * * * * * * * * * * * * * * * * * * * * * * * * * * //

dimensions      [0 0 0 0 0 0 0];

internalField   nonuniform List<scalar> 
1497
(
1
1
1
1
1
1
1
1
1
1
1
1
1
1
1
1
1
1
1
1
1
1
1
1
1
1
1
1
1
1
1
1
1
1
1
1
1
1
1
1
1
1
1
1
1
1
1
1
1
1
1
1
1
1
1
1
1
1
1
1
1
1
1
1
1
1
1
1
1
1
1
1
1
1
1
1
1
1
1
1
1
1
1
1
1
1
1
1
1
1
1
1
1
1
1
1
1
1
1
1
1
1
1
1
1
1
1
1
1
1
1
1
1
1
1
1
1
1
1
1
1
1
1
1
1
1
1
1
1
1
1
1
1
1
1
1
1
1
1
1
1
1
1
1
1
1
1
1
1
1
1
1
1
1
1
1
1
1
1
1
1
1
1
1
1
1
1
1
1
1
1
1
1
1
1
1
1
1
1
1
1
1
1
1
1
1
1
1
1
1
1
1
1
1
1
1
1
1
1
1
1
1
1
1
1
1
1
1
1
1
1
1
1
1
1
1
1
1
1
1
1
1
1
1
1
1
1
1
1
1
1
1
1
1
1
1
1
1
1
1
1
1
1
1
1
1
1
1
1
1
1
1
1
1
1
1
1
1
1
1
1
1
1
1
1
1
1
1
1
1
1
1
1
1
1
1
1
1
1
1
1
1
1
1
1
1
1
1
1
1
1
1
1
1
1
1
1
1
1
1
1
1
1
1
1
1
1
1
1
1
1
1
1
1
1
1
1
1
1
1
1
1
1
1
1
1
1
1
1
1
1
1
1
1
1
1
1
1
1
1
1
1
1
1
1
1
1
1
1
1
1
1
1
1
1
1
1
1
1
1
1
1
1
1
1
1
1
1
1
1
1
1
1
1
1
1
1
1
1
1
1
1
1
1
1
1
1
1
1
1
1
1
1
1
1
1
1
1
1
1
1
1
1
1
1
1
1
1
1
1
1
1
1
1
1
1
1
1
1
1
1
1
1
1
1
1
1
1
1
1
1
1
1
1
1
1
1
1
1
1
1
1
1
1
1
1
1
1
1
1
1
1
1
1
1
1
1
1
1
1
1
1
1
1
1
1
1
1
1
1
1
1
1
1
1
1
1
1
1
1
1
1
1
1
1
1
1
1
1
1
1
1
1
1
1
1
1
1
1
1
1
1
1
1
1
1
1
1
1
1
1
1
1
1
1
1
1
1
1
1
1
1
1
1
1
1
1
1
1
1
1
1
1
1
1
1
1
1
1
1
1
1
1
1
1
1
1
1
1
1
1
1
1
1
1
1
1
1
1
1
1
1
1
1
1
1
1
1
1
1
1
1
1
1
1
1
1
1
1
1
1
1
1
1
1
1
1
1
1
1
1
1
1
1
1
1
1
1
1
1
1
1
1
1
1
1
1
1
1
1
1
1
1
1
1
1
1
1
1
1
1
1
1
1
1
1
1
1
1
1
1
1
1
1
1
1
1
1
1
1
1
1
1
1
1
1
1
1
1
1
1
1
1
1
1
1
1
1
1
1
1
1
1
1
1
1
1
1
1
1
1
1
1
1
1
1
1
1
1
1
1
1
1
1
1
1
1
1
1
1
1
1
1
1
1
1
1
1
1
1
1
1
1
1
1
1
1
1
1
1
1
1
1
1
1
1
1
1
1
1
1
1
1
1
1
1
1
1
1
1
1
1
1
1
1
1
1
1
1
1
1
1
1
1
1
1
1
1
1
1
1
1
1
1
1
1
1
1
1
1
1
1
1
1
1
1
1
1
1
1
4.81756656673
8.54955809737
8.57845185205
1
1
1
1
1
1
1
1
1
1
1
1
1
1
1
1
1.29636443072
8.17542991221
8.57857134142
8.5795360046
1
1
1
1
1
1
1
1
1
1
1
1
1
1
1
1
2.26419980718
8.57871651614
8.58045664298
8.57938020996
1
1
1
1
1
1
1
1
1
1
1
1
1
1
1
1
5.65632545392
8.58108934092
8.57926513922
8.58025132989
1
1
1
1
1
1
1
1
1
1
1
1
1
1
1
1.0165980065
6.84843065767
8.57920529081
8.58085537893
8.5796536659
1
1
1
1
1
1
1
1
1
1
1
1
1
1
1
1.2465813184
6.66489654178
8.44909238311
8.13502602226
8.57985027027
1
1
1
1
1
1
1
1
1
1
1
1
1
1
1
1.25427362281
4.93990062445
6.65487062138
5.48281128745
8.4959233414
1
1
1
1
1
1
1
1
1
1
1
1
1
1
1
1.00901482143
2.01374445176
2.19003991134
1.97583134857
7.70676098295
1
1
1
1
1
1
1
1
1
1
1
1
1
1
1
1
1.14654209153
1.02168672046
1.37436992497
6.85719688369
1
1
1
1
1
1
1
1
1
1
1
1
1
1
1
1
1
1
1.00028290265
6.22872016236
1
1
1
1
1
1
1
1
1
1
1
1
1
1
1
1
1
1
1
6.0140492397
1
1
1
1
1
1
1
1
1
1
1
1
1
1
1
1
1
1
1
5.77276856474
1
1
1
1
1
1
1
1
1
1
1
1
1
1
1
1
1
1
1
5.82857872453
1
1
1
1
1
1
1
1
1
1
1
1
1
1
1
1
1
1
1
6.03261200286
1
1
1
1
1
1
1
1
1
1
1
1
1
1
1
1
1
1
1
6.05328635656
1
1
1
1
1
1
1
1
1
1
1
1
1
1
1
1
1
1
1
6.05328213447
1
1
1
1
1
1
1
1
1
1
1
1
1
1
1
1
1
1
1
6.05323474372
1
1
1
1
1
1
1
1
1
1
1
1
1
1
1
1
1
1
1.00000000001
6.0532174569
1
1
1
1
1
1
1
1
1
1
1
1
1
1
1
1
1
1
1.00000000537
6.05315648573
1
1
1
1
1
1
1
1
1
1
1
1
1
1
1
1
1
1
1.00000002335
6.05312077136
1
1
1
1
1
1
1
1
1
1
1
1
1
1
1
1
1
1
1.00000000218
6.05302670552
1
1
1
1
1
1
1
1
1
1
1
1
1
1
1
1
1
1
1.00000000003
6.02301093022
1
1
1
1
1
1
1
1
1
1
1
1
1
1
1
1
1
1
1
5.94623517374
1
1
1
1
1
1
1
1
1
1
1
1
1
1
1
1
1
1
1.00000000001
6.10140231925
1
1
1
1
1
1
1
1
1
1
1
1
1
1
1
1
1
1
1.0000000005
6.18936040035
1
1
1
1
1
1
1
1
1
1
1
1
1
1
1
1
1
1
1.00000021556
6.19479831556
1
1
1
1
1
1
1
1
1
1
1
1
1
1
1
1
1
1
1.00010580046
6.19208174968
1
1
1
1
1
1
1
1
1
1
1
1
1.00000007943
1
1
1
1
1
1.0184784586
6.19750529391
1
1
1
1
1
1
1
1
1
1
1
1.00000398364
1.01980427046
1.00000077161
1
1
1
1
1.28798346391
6.19496420748
1
1
1
1
1
1
1
1
1
1
1.00000000061
1.01356248892
1.31042567201
1.02117309696
1
1
1
1
1.45903203607
6.19989181679
1
1
1
1
1
1
1
1
1
1
1.00000040558
1.17906774606
1.41992277928
1.28701951979
1
1
1
1.00000000233
3.03111503256
6.19733672347
1
1
1
1
1
1
1
1
1
1
1.00001675434
1.37065663623
1.60333070446
1.4182150269
1
1
1
1.00065923918
6.03901140752
6.20091887189
1
1
1
1
1
1
1
1
1
1
1.00107380711
1.43060614886
2.06570091755
1.5985086603
1
1
1
1.00001978869
6.20264759608
6.19923356151
1
1
1
1
1
1
1
1
1
1
1.06175830751
1.63539953997
2.5145403746
1.95337139591
1
1
1
1
6.20004588497
6.20250853735
1
1
1
1
1
1
1
1
1
1
1.34810976556
2.18126613628
2.74941542491
2.25370304373
1.06450530152
1
1
1
5.02381011925
6.19926631598
1
1
1
1
1
1
1
1
1
1.00000000051
1.43650413986
2.76774357509
2.87994154827
2.44998819152
1.39283754907
1
1
1
3.08407973713
6.2004126175
1
1
1
1
1
1
1
1
1
1.01346241938
1.68593118317
3.03501554308
2.9675076029
2.57332000339
1.44503264481
1
1
1
2.21012517362
6.19737813099
1
1
1
1
)
;

boundaryField
{
    emptyPatch
    {
        type            empty;
    }
    minY
    {
        type            calculated;
        value           nonuniform List<scalar> 0();
    }
    maxY
    {
        type            calculated;
        value           nonuniform List<scalar> 0();
    }
    water_to_cooler
    {
        type            calculated;
        value           nonuniform List<scalar> 
37
(
8.57847671815
8.57957003027
8.5794293097
8.58032385108
8.57975309139
8.57997959623
8.49612720793
7.70738425767
6.85811843207
6.22946810099
6.01437106818
5.77286783773
5.82867225247
6.03272321661
6.05341996483
6.05344488295
6.05343298261
6.05345787937
6.05344567796
6.0534694045
6.05345346459
6.02354872903
5.9469300666
6.10224199666
6.19034853961
6.19592611413
6.19330953879
6.19878217323
6.19625587354
6.20117956754
6.19861152568
6.20217326046
6.20045787877
6.20369631488
6.20041587089
6.20152948608
6.1984681456
)
;
    }
    water_to_heater
    {
        type            calculated;
        value           uniform 1;
    }
    procBoundary1to0
    {
        type            processor;
        value           nonuniform List<scalar> 
41
(
1
1
1
1
1
1
1
1
1
1
1
1
1
1
1
1
1
1
1
1
1
1
1
1
1
1.34900545529
2.31798266625
3.09570361253
3.00302478264
2.67569943119
1.51482448746
1
1
1
2.2383666173
6.19883627387
1
1
1
1
1
)
;
    }
    procBoundary1to3
    {
        type            processor;
        value           nonuniform List<scalar> 
41
(
1
1
1
1
1
1
1
1
1
1
1
1
1
1
1
1
1
1
1
1
1
1
1
1
1
1
1
1
1
1
1
1
1
1
1
1
1
1
2.51843846779
5.92062686226
8.57859902788
)
;
    }
}


// ************************************************************************* //
