/*--------------------------------*- C++ -*----------------------------------*\
| =========                 |                                                 |
| \\      /  F ield         | OpenFOAM: The Open Source CFD Toolbox           |
|  \\    /   O peration     | Version:  2312                                  |
|   \\  /    A nd           | Website:  www.openfoam.com                      |
|    \\/     M anipulation  |                                                 |
\*---------------------------------------------------------------------------*/
FoamFile
{
    version     2.0;
    format      ascii;
    arch        "LSB;label=32;scalar=64";
    class       surfaceScalarField;
    location    "0.465/water";
    object      phi;
}
// * * * * * * * * * * * * * * * * * * * * * * * * * * * * * * * * * * * * * //

dimensions      [0 3 -1 0 0 0 0];

oriented        oriented;

internalField   nonuniform List<scalar> 
2929
(
1.34519680051e-07
7.27623110686e-07
1.01838854678e-07
8.58332558825e-07
9.17574441252e-08
6.54979188573e-07
1.08085733184e-07
5.59424829815e-07
1.22201755529e-07
4.98370860424e-07
1.30615246913e-07
4.64479200919e-07
1.33389087781e-07
4.50502009512e-07
1.31074032601e-07
4.49112465574e-07
1.25043918197e-07
4.56240689897e-07
1.17855701276e-07
4.64391833907e-07
1.10101108399e-07
4.68748613056e-07
1.01418288346e-07
4.68292958176e-07
9.08108763199e-08
4.64859201815e-07
7.78037632918e-08
4.66796742457e-07
6.41098845527e-08
4.77072560047e-07
4.85474461765e-08
4.76018733637e-07
3.14383513699e-08
4.61320144e-07
1.17549274587e-08
4.23961509789e-07
-6.0165422343e-09
3.71619716848e-07
3.28189417422e-07
-1.63805272768e-08
1.59136261635e-07
7.15151586819e-07
1.53845681568e-07
8.48533372246e-07
1.50230687352e-07
6.52629001521e-07
1.55919442992e-07
5.51025235285e-07
1.61970320819e-07
4.91099722648e-07
1.6486090787e-07
4.61016361738e-07
1.63504838153e-07
4.5154289949e-07
1.57686664845e-07
4.5471494629e-07
1.49099367995e-07
4.64637187934e-07
1.4001366129e-07
4.73282934616e-07
1.30474925982e-07
4.7808220358e-07
1.20127793712e-07
4.78421143395e-07
1.07931012242e-07
4.76820704906e-07
9.37615473655e-08
4.80698369625e-07
7.97167975869e-08
4.90799013813e-07
6.31492138056e-08
4.92238299802e-07
4.32134920202e-08
4.8089001354e-07
1.93823519201e-08
4.47444403048e-07
-1.9390121889e-09
3.92687581109e-07
3.40964065236e-07
-1.48188479697e-08
1.48274583498e-07
7.17155410008e-07
1.78355359391e-07
8.0355638242e-07
1.8796942526e-07
6.33940124339e-07
1.93262239343e-07
5.41580097674e-07
1.96217262167e-07
4.86434926638e-07
1.95690859793e-07
4.60835399314e-07
1.90992700587e-07
4.55899523569e-07
1.81981783864e-07
4.63506433386e-07
1.71238437307e-07
4.75186164428e-07
1.60280478414e-07
4.84044885585e-07
1.48858668177e-07
4.89296833616e-07
1.36687686356e-07
4.90370161611e-07
1.23068509637e-07
4.90199550788e-07
1.08392117141e-07
4.95104400283e-07
9.44027287843e-08
5.04478907052e-07
7.73814633986e-08
5.08920998958e-07
5.39642847203e-08
5.03943342549e-07
2.57665797048e-08
4.75279820583e-07
9.46790812377e-10
4.17224954078e-07
3.56343519565e-07
-1.45615210261e-08
1.13858049581e-07
7.53489541386e-07
1.89406864061e-07
7.05562150004e-07
2.09098585972e-07
6.02177025984e-07
2.19278613486e-07
5.26121350462e-07
2.22589918806e-07
4.810246586e-07
2.20035832837e-07
4.62572798319e-07
2.12169238166e-07
4.63403146025e-07
2.00316902185e-07
4.75131981493e-07
1.87860706597e-07
4.87444782732e-07
1.75125475619e-07
4.96582365142e-07
1.62006488715e-07
5.02204042109e-07
1.4848071958e-07
5.03668617026e-07
1.34142904553e-07
5.04292863268e-07
1.19549647694e-07
5.09430068113e-07
1.05713186476e-07
5.18022507397e-07
8.77313798692e-08
5.2658000169e-07
6.09866172256e-08
5.30322656634e-07
2.91515230877e-08
5.06736845758e-07
1.32955634588e-09
4.44737488511e-07
3.74188023315e-07
-1.66662717973e-08
1.59357396849e-07
7.42406161634e-07
1.91813880664e-07
6.49629095975e-07
2.17421994739e-07
5.64490834844e-07
2.3292330708e-07
5.05303498237e-07
2.37602271359e-07
4.7423405766e-07
2.33384024011e-07
4.65979456568e-07
2.22276427296e-07
4.74152530888e-07
2.08647031916e-07
4.88530180881e-07
1.95088718735e-07
5.00801920502e-07
1.81060725396e-07
5.10406311682e-07
1.6719724756e-07
5.15849968487e-07
1.53291715618e-07
5.17344518942e-07
1.39204530856e-07
5.18137785198e-07
1.25537351839e-07
5.2283980613e-07
1.11365529774e-07
5.31922551076e-07
9.1426961969e-08
5.46208819451e-07
6.2669674311e-08
5.5870841431e-07
2.88380339853e-08
5.40175353625e-07
-1.32501260882e-09
4.74568261838e-07
3.94527921274e-07
-2.18372011475e-08
1.69796257646e-07
7.17778763711e-07
2.00294348128e-07
5.95448435985e-07
2.2600691476e-07
5.27229764886e-07
2.41202790001e-07
4.85223001045e-07
2.43573390053e-07
4.69977780078e-07
2.34805084373e-07
4.74028438439e-07
2.20173797379e-07
4.88443809754e-07
2.05519558631e-07
5.02952703625e-07
1.91024686523e-07
5.15091414776e-07
1.76636717842e-07
5.2458516136e-07
1.62934755279e-07
5.29334392601e-07
1.49669714984e-07
5.30383990703e-07
1.36792773854e-07
5.30782032286e-07
1.24081437463e-07
5.35311777745e-07
1.0882871088e-07
5.46920576428e-07
8.68095930724e-08
5.67920644587e-07
5.83646131217e-08
5.86775772232e-07
2.47477303467e-08
5.73389590528e-07
-7.43760023999e-09
5.0640473454e-07
4.17546360271e-07
-3.06487739836e-08
1.69859390425e-07
6.95871250882e-07
2.02814022171e-07
5.39844493431e-07
2.2705687609e-07
4.9237482458e-07
2.37537826993e-07
4.70513456047e-07
2.32791020622e-07
4.73181119905e-07
2.18295695345e-07
4.87911354826e-07
2.02094967451e-07
5.04323216726e-07
1.87431588185e-07
5.17393079707e-07
1.7310120374e-07
5.29220534537e-07
1.59604820683e-07
5.37874814659e-07
1.47021072745e-07
5.41706664044e-07
1.35506681075e-07
5.41684786122e-07
1.24256621469e-07
5.4181830388e-07
1.12310964759e-07
5.47036597117e-07
9.66066621567e-08
5.6237614024e-07
7.43494602141e-08
5.89866466488e-07
4.88111641615e-08
6.11937257623e-07
1.74597151586e-08
6.0433597178e-07
-1.64815797566e-08
5.39985503378e-07
4.43668953748e-07
-4.28201242316e-08
1.72922514534e-07
6.6893980739e-07
2.010280946e-07
4.90400142459e-07
2.16662614225e-07
4.67522452687e-07
2.14593066193e-07
4.69245620999e-07
2.00222683597e-07
4.86320691649e-07
1.82430491214e-07
5.05170700232e-07
1.66373152819e-07
5.20096357034e-07
1.5243196367e-07
5.31130387562e-07
1.39314746886e-07
5.42145223968e-07
1.27531901226e-07
5.4946075906e-07
1.16969089279e-07
5.52073304732e-07
1.07302348323e-07
5.51160885405e-07
9.73791580354e-08
5.515486395e-07
8.66516868365e-08
5.57556317345e-07
7.2933975999e-08
5.75845538531e-07
5.47824593672e-08
6.07703829885e-07
3.43036633989e-08
6.32047267667e-07
8.93141874028e-09
6.29310885069e-07
-2.69065682255e-08
5.75452223658e-07
4.73012119601e-07
-5.64970567253e-08
1.81550905665e-07
6.31681931508e-07
1.92416209573e-07
4.60531637634e-07
1.87877067529e-07
4.64883872219e-07
1.70100042817e-07
4.84413928334e-07
1.4892945e-07
5.0649896953e-07
1.29507871305e-07
5.24175972118e-07
1.13375182363e-07
5.36000931435e-07
9.98818791535e-08
5.44442277931e-07
8.78688994825e-08
5.53982802273e-07
7.76791901979e-08
5.59474238231e-07
6.865398662e-08
5.60927278698e-07
5.9565623744e-08
5.60080791498e-07
5.09171407841e-08
5.60019747228e-07
4.28221689175e-08
5.65451373171e-07
3.45670956702e-08
5.83853721469e-07
2.48876449345e-08
6.17075046527e-07
1.20035926664e-08
6.44575538578e-07
-3.92717779844e-09
6.44845716946e-07
-3.55340809585e-08
6.06664318355e-07
5.05291685917e-07
-6.81050589294e-08
1.78510716291e-07
6.14377981561e-07
1.59182321101e-07
4.66594764957e-07
1.31560657103e-07
4.87176438712e-07
1.027329899e-07
5.11406421496e-07
7.6562911512e-08
5.32018867449e-07
5.45224207702e-08
5.45954871244e-07
3.67517364231e-08
5.53597163341e-07
2.23246259917e-08
5.58720485301e-07
1.13644452109e-08
5.64792722707e-07
2.51374796205e-09
5.68175154416e-07
-5.7547383855e-09
5.69047530098e-07
-1.38144319157e-08
5.67986903013e-07
-2.00556197793e-08
5.66095578024e-07
-2.32620238947e-08
5.684674677e-07
-2.25343238472e-08
5.82889570889e-07
-1.99662473259e-08
6.14210799699e-07
-2.14519619413e-08
6.4571002082e-07
-2.79861269588e-08
6.51003944365e-07
-4.41096923346e-08
6.22377716151e-07
5.3841887134e-07
-7.75812061705e-08
1.53972836055e-07
6.19295687887e-07
8.81502191216e-08
5.21267897825e-07
3.34291708325e-08
5.3788311147e-07
-1.03424906257e-08
5.54071665674e-07
-4.48798252454e-08
5.66294494185e-07
-7.04191291368e-08
5.7136321226e-07
-8.79421062997e-08
5.7100345254e-07
-9.91297337402e-08
5.69786844102e-07
-1.04727012488e-07
5.70267503891e-07
-1.08305621576e-07
5.71626514419e-07
-1.11474896144e-07
5.7208332703e-07
-1.13741421173e-07
5.70111013639e-07
-1.14021134167e-07
5.66220794192e-07
-1.09675316288e-07
5.63946523107e-07
-9.8156046665e-08
5.71155690497e-07
-8.02885281336e-08
5.96069816707e-07
-6.54423091513e-08
6.30536883201e-07
-6.07778426496e-08
6.45974943114e-07
-6.07239374072e-08
6.21933247117e-07
5.6383334823e-07
-8.65181130934e-08
1.11290757136e-07
6.6639711701e-07
-2.42929648098e-08
6.48554983599e-07
-1.30387822375e-07
6.4241770093e-07
-2.0721494058e-07
6.3110071805e-07
-2.5387820024e-07
6.12942963984e-07
-2.75551242981e-07
5.92974298385e-07
-2.78445497249e-07
5.73805790967e-07
-2.70937903552e-07
5.6217646608e-07
-2.58924180568e-07
5.58142791131e-07
-2.4615427097e-07
5.58737252153e-07
-2.34052112903e-07
5.59853387662e-07
-2.22777334752e-07
5.58699136277e-07
-2.1171630379e-07
5.55012112177e-07
-1.98413083125e-07
5.50483683243e-07
-1.7813710844e-07
5.50695718726e-07
-1.48399115479e-07
5.66092981661e-07
-1.16188724824e-07
5.98018816497e-07
-9.6532999567e-08
6.25964027574e-07
-8.65121035573e-08
6.11535096272e-07
5.70428168309e-07
-9.35080637967e-08
1.15901871695e-07
7.30487820034e-07
-8.55696240319e-08
8.46918831573e-07
-2.30061132931e-07
7.92756523344e-07
-3.41808215473e-07
7.45692494189e-07
-4.1666786129e-07
6.88418743684e-07
-4.51339384879e-07
6.2768854012e-07
-4.47840224539e-07
5.70239591755e-07
-4.21046627471e-07
5.35290778019e-07
-3.87689880771e-07
5.24683985985e-07
-3.54858068519e-07
5.25796128182e-07
-3.25114119211e-07
5.29991736326e-07
-2.99232405472e-07
5.32690292165e-07
-2.76525726958e-07
5.32168667435e-07
-2.55691841364e-07
5.29503299741e-07
-2.33101211482e-07
5.27949184292e-07
-2.00831249011e-07
5.33630934572e-07
-1.59632611522e-07
5.56551777808e-07
-1.24571923863e-07
5.90563995357e-07
-1.07731818605e-07
5.94324205049e-07
5.61053688254e-07
-9.87548599687e-08
1.60452299096e-07
7.12236674783e-07
5.25606387805e-08
9.43102914906e-07
-8.87379737165e-08
9.33591970355e-07
-2.33042669159e-07
8.90589899978e-07
-3.46490026687e-07
8.03236487911e-07
-4.19733732245e-07
7.01289035649e-07
-4.45480244267e-07
5.95972146089e-07
-4.32097207712e-07
5.21836293764e-07
-4.00784009252e-07
4.93296999709e-07
-3.65270633112e-07
4.90200679178e-07
-3.32140011708e-07
4.96767482748e-07
-3.03629820858e-07
5.04074344536e-07
-2.79042685134e-07
5.07462241957e-07
-2.57375648864e-07
5.07705781026e-07
-2.37389390777e-07
5.07820667888e-07
-2.13526020978e-07
5.09614802519e-07
-1.76202666572e-07
5.19021256167e-07
-1.34246214377e-07
5.48312658341e-07
-1.12346362608e-07
5.72080749734e-07
5.46998682194e-07
-9.86633672006e-08
8.11179129168e-08
6.64755345661e-07
1.00823402015e-07
9.13634042381e-07
8.60025312942e-08
9.42093387475e-07
4.15740558753e-08
9.32404987648e-07
-5.8764304168e-08
9.02942242894e-07
-1.97221918337e-07
8.39555263176e-07
-2.91284057273e-07
6.89975164114e-07
-3.07997972232e-07
5.38443450979e-07
-3.01368927646e-07
4.86573504234e-07
-2.83205174345e-07
4.71955985833e-07
-2.61808707485e-07
4.75287706472e-07
-2.42406398115e-07
4.84576554641e-07
-2.25590450481e-07
4.90540846026e-07
-2.10465548376e-07
4.92462153196e-07
-1.96395036782e-07
4.9362075775e-07
-1.82767508158e-07
4.9584609931e-07
-1.61183940349e-07
4.97281858761e-07
-1.26411459728e-07
5.13299602238e-07
-1.01515988629e-07
5.46862243457e-07
5.34215848635e-07
-8.90814744354e-08
6.00674633743e-08
6.20541322423e-07
7.93445054896e-08
8.84316445391e-07
7.91977738529e-08
9.35170159786e-07
6.87293496545e-08
9.39491458998e-07
4.04983103968e-08
9.29940961175e-07
-1.02923476258e-08
8.89887736737e-07
-1.11854182366e-07
7.91288962338e-07
-1.48514613721e-07
5.74911139342e-07
-1.63145517569e-07
5.01055554965e-07
-1.65407788838e-07
4.7410949388e-07
-1.60106109243e-07
4.69898536815e-07
-1.52688334348e-07
4.77066471427e-07
-1.46249043926e-07
4.83999235365e-07
-1.4027686207e-07
4.86378797441e-07
-1.34309981533e-07
4.8753152105e-07
-1.28750415726e-07
4.90155673636e-07
-1.22436308139e-07
4.90824573194e-07
-1.02474783351e-07
4.93150152455e-07
-8.02088399773e-08
5.24300286831e-07
5.26245975003e-07
-7.25748903643e-08
3.88300749207e-08
5.99118196583e-07
4.44926945195e-08
8.6895333603e-07
4.9834737499e-08
9.23214892814e-07
5.50310739867e-08
9.30836746367e-07
5.31971513937e-08
9.30261938536e-07
4.09375899943e-08
9.01501664408e-07
1.34827775683e-08
8.18405078603e-07
-1.80954729584e-08
6.06232537143e-07
-3.94231596606e-08
5.22185326952e-07
-5.33301347737e-08
4.87870264182e-07
-6.05218631058e-08
4.76985142455e-07
-6.31519244808e-08
4.79603309692e-07
-6.55376739222e-08
4.86285211206e-07
-6.75913887032e-08
4.88323196942e-07
-6.916868322e-08
4.88993540221e-07
-7.06892535366e-08
4.91549833709e-07
-7.31497171756e-08
4.93153042031e-07
-6.90531199514e-08
4.88905515787e-07
-5.50202532161e-08
5.10020217815e-07
5.24663158006e-07
-5.37514052399e-08
1.9572604176e-08
5.98639067547e-07
1.16539917231e-08
8.69364914923e-07
1.58696235886e-08
9.14440617052e-07
2.87932006387e-08
9.15339200926e-07
4.46808865046e-08
9.13113578604e-07
6.08613933867e-08
8.84706655418e-07
7.6959597093e-08
8.01951568091e-07
6.65740677874e-08
6.16346631742e-07
4.96272016455e-08
5.38916175189e-07
3.4073713904e-08
5.03257720298e-07
2.1553440162e-08
4.89385094678e-07
1.23793646336e-08
4.88682984859e-07
4.15467624968e-09
4.94409343515e-07
-3.43943532063e-09
4.95812182284e-07
-1.0404178497e-08
4.95844758855e-07
-1.70993263793e-08
4.98127545859e-07
-2.4595406885e-08
5.00520756665e-07
-3.17419910163e-08
4.95917741904e-07
-2.84888273863e-08
5.06554563872e-07
5.29709617429e-07
-3.38391300977e-08
-9.61052166626e-09
6.3297603431e-07
-3.72059950708e-08
8.94111037955e-07
-3.96064954314e-08
9.16310873876e-07
-2.71535843264e-08
9.02185524523e-07
-7.3580224933e-09
8.92741108636e-07
1.74514936834e-08
8.59503659921e-07
1.10631645762e-07
7.08451486717e-07
1.18678296124e-07
6.08025021768e-07
1.08928366732e-07
5.48444259017e-07
9.54292406638e-08
5.16585190671e-07
8.20909691591e-08
5.02598591655e-07
6.96379967789e-08
5.01039095931e-07
5.83573532658e-08
5.055908427e-07
4.77627090859e-08
5.06301467217e-07
3.75626338313e-08
5.05935854283e-07
2.76043200834e-08
5.0796829417e-07
1.69164048459e-08
5.11088285798e-07
4.6486880299e-09
5.08055202102e-07
-2.46673992853e-09
5.13471770935e-07
5.39576473347e-07
-1.26247974272e-08
-4.328949363e-08
7.05928729488e-07
-8.52949524336e-08
9.40033219307e-07
-8.85910258219e-08
9.22896231539e-07
-7.50791105578e-08
8.89653258324e-07
-4.57939674232e-08
8.63379423982e-07
7.73638558433e-08
7.3610134844e-07
1.33366381257e-07
6.52128783708e-07
1.49423225481e-07
5.91703562751e-07
1.47153466849e-07
5.50499024324e-07
1.37472840902e-07
5.26098094389e-07
1.25098236244e-07
5.14850542059e-07
1.11141243929e-07
5.14898974451e-07
9.83022135094e-08
5.18327316759e-07
8.61093220274e-08
5.18391764311e-07
7.41568040345e-08
5.1777910696e-07
6.23586560565e-08
5.19653675919e-07
5.01445407687e-08
5.23178057663e-07
3.60787540766e-08
5.21987513724e-07
2.16157952254e-08
5.2777264279e-07
5.52836851229e-07
8.0819143929e-09
-8.37200090555e-08
8.30193397663e-07
-1.3417994524e-07
1.00518768677e-06
-1.47553563214e-07
9.45105186321e-07
-1.1895540147e-07
8.63300447144e-07
3.11103494087e-08
7.13502051377e-07
1.1222102048e-07
6.54616182129e-07
1.51901851312e-07
6.12144339279e-07
1.68225810295e-07
5.7513512545e-07
1.70121487942e-07
5.48406788593e-07
1.64074667745e-07
5.319933145e-07
1.5294233602e-07
5.25871431816e-07
1.38891259663e-07
5.28850611256e-07
1.2577179605e-07
5.3134920294e-07
1.13074147359e-07
5.30985341824e-07
1.00448489083e-07
5.30300332096e-07
8.78606196983e-08
5.32130237213e-07
7.50589501529e-08
5.35868195204e-07
6.06801114309e-08
5.36253804743e-07
4.22011262017e-08
5.46058378716e-07
5.67643309513e-07
2.71254865295e-08
-1.08258434687e-07
9.88855049749e-07
-1.52412289268e-07
1.07356615298e-06
-1.50343170064e-07
9.52709609018e-07
1.52976132734e-08
7.0004500221e-07
8.82053660659e-08
6.4019877484e-07
1.36274364653e-07
6.06194955947e-07
1.66918464016e-07
5.81224413464e-07
1.81416384857e-07
5.60419721891e-07
1.84489532362e-07
5.45163478835e-07
1.7957615966e-07
5.36779056599e-07
1.68016950848e-07
5.37331559055e-07
1.55060710704e-07
5.41711302389e-07
1.42644437481e-07
5.43663555947e-07
1.30380469033e-07
5.43148935021e-07
1.17971228063e-07
5.42603094321e-07
1.0556084539e-07
5.44432653021e-07
9.30750834047e-08
5.48237616954e-07
7.78415474769e-08
5.51342865346e-07
5.97455355558e-08
5.63969944239e-07
5.82431689909e-07
4.47043714339e-08
-9.32647949783e-08
1.11530054385e-06
-1.337480608e-07
1.12964834355e-06
2.74993328083e-08
7.99921317058e-07
7.90202954331e-08
6.47968959219e-07
1.24573404054e-07
5.94138582251e-07
1.58997361727e-07
5.71412195489e-07
1.81646183853e-07
5.58321950557e-07
1.92809983098e-07
5.49068278832e-07
1.9432557567e-07
5.43508526967e-07
1.87063037255e-07
5.43937335477e-07
1.75144803434e-07
5.49155186758e-07
1.63349294243e-07
5.53406557403e-07
1.51825424966e-07
5.55089293118e-07
1.4028945579e-07
5.54580224131e-07
1.28578441846e-07
5.54207212712e-07
1.16988874627e-07
5.55905293737e-07
1.05508259558e-07
5.5959177212e-07
8.97595730048e-08
5.66968066434e-07
7.47837578019e-08
5.78758842657e-07
5.96141688527e-07
6.08290109626e-08
-2.51806246739e-08
1.17669419205e-06
6.74131110462e-08
1.04126649626e-06
1.07060734701e-07
7.5714878206e-07
1.34309451175e-07
6.18826645514e-07
1.60255471832e-07
5.67304932576e-07
1.82187232057e-07
5.49046387948e-07
1.9661736208e-07
5.4364922342e-07
2.02093523852e-07
5.43436422789e-07
1.98141572564e-07
5.47350770884e-07
1.87884479327e-07
5.54100052052e-07
1.76693113257e-07
5.60248765357e-07
1.65731585731e-07
5.64273361475e-07
1.54894784375e-07
5.65825333059e-07
1.43908847599e-07
5.65465824406e-07
1.32756613504e-07
5.65253922069e-07
1.21842169216e-07
5.66710243722e-07
1.0950824058e-07
5.71820649417e-07
9.68851152071e-08
5.79433535502e-07
8.58231961975e-08
5.89631036293e-07
6.07515137803e-07
7.42095540116e-08
5.19595003365e-08
1.19569449001e-06
1.24167232676e-07
9.5583905342e-07
1.5183729039e-07
7.22276774448e-07
1.68714094924e-07
5.98538510257e-07
1.85682925049e-07
5.48932012808e-07
1.99219824448e-07
5.34948142364e-07
2.05762839835e-07
5.36859840193e-07
2.03196282304e-07
5.45870689519e-07
1.94281587737e-07
5.56165344978e-07
1.83768765967e-07
5.64514824775e-07
1.73404023497e-07
5.70520664615e-07
1.63121629407e-07
5.74456866641e-07
1.52700787198e-07
5.76148940087e-07
1.42040290231e-07
5.76025204679e-07
1.31253556642e-07
5.75937353238e-07
1.20128932141e-07
5.77726367968e-07
1.0778341727e-07
5.84011355591e-07
9.83279429455e-08
5.8873015793e-07
9.08938437469e-08
5.96878156156e-07
6.15811573592e-07
8.23612230304e-08
1.60088677356e-07
1.13155583397e-06
1.80834854247e-07
9.06590366425e-07
1.93485718975e-07
6.96944966509e-07
2.030829715e-07
5.83475337668e-07
2.11254184184e-07
5.38675553334e-07
2.14899761669e-07
5.30572081269e-07
2.10497406075e-07
5.40999474901e-07
2.00286621306e-07
5.55944858472e-07
1.89029324195e-07
5.67315067048e-07
1.78250367649e-07
5.75198771418e-07
1.67794980168e-07
5.80877145475e-07
1.57268509387e-07
5.84885808706e-07
1.46509200704e-07
5.86806234562e-07
1.35452799901e-07
5.86975274648e-07
1.24413056175e-07
5.86865625697e-07
1.11557433408e-07
5.90441381557e-07
1.00959717394e-07
5.94467637779e-07
9.35145401782e-08
5.960182953e-07
8.8651397681e-08
6.0156025846e-07
6.2102889051e-07
8.32008910591e-08
1.83074342495e-07
1.06214627771e-06
2.05741669463e-07
8.46447390849e-07
2.2049690426e-07
6.64822077556e-07
2.27824679861e-07
5.68870334673e-07
2.29070897804e-07
5.34796321133e-07
2.22277774646e-07
5.36537231992e-07
2.09021620464e-07
5.53964061818e-07
1.95278197685e-07
5.69539456841e-07
1.82592154288e-07
5.79897451956e-07
1.70838050433e-07
5.8685340821e-07
1.59424961219e-07
5.92194273095e-07
1.47961941398e-07
5.96249046967e-07
1.36141066969e-07
5.98521795562e-07
1.2407033102e-07
5.98934249639e-07
1.11723180591e-07
5.99089027216e-07
9.8374099476e-08
6.03674757057e-07
8.83814932606e-08
6.0431751428e-07
8.17930443686e-08
6.02453113099e-07
7.83624970962e-08
6.04814965891e-07
6.22450006592e-07
7.67093442075e-08
1.80498849611e-07
1.00349404186e-06
2.10767957737e-07
7.74759871823e-07
2.30366617877e-07
6.25691703491e-07
2.37021795783e-07
5.54339766455e-07
2.31524521089e-07
5.37665165694e-07
2.16286269609e-07
5.50978964146e-07
1.99328584221e-07
5.70631007722e-07
1.83830032142e-07
5.84900342712e-07
1.69992046255e-07
5.93630674142e-07
1.57273546612e-07
5.99477795532e-07
1.45064593428e-07
6.04307226082e-07
1.32718697259e-07
6.08493050388e-07
1.20059297294e-07
6.11075766974e-07
1.07209145176e-07
6.11669000736e-07
9.29732519219e-08
6.13224202096e-07
8.01605037507e-08
6.16345572533e-07
7.02845384877e-08
6.14040585459e-07
6.33444741477e-08
6.09237304046e-07
6.03622477627e-08
6.0762253018e-07
6.19801916693e-07
6.27798471591e-08
1.74464762683e-07
9.50104804589e-07
2.05630616005e-07
7.00836208823e-07
2.25260376942e-07
5.87087713415e-07
2.28025880421e-07
5.4457717259e-07
2.14783921966e-07
5.4876259472e-07
1.9541504318e-07
5.69662831807e-07
1.76907377906e-07
5.88896119747e-07
1.60488762812e-07
6.01192981778e-07
1.46062340571e-07
6.07961222672e-07
1.33147287394e-07
6.12298158432e-07
1.20763859141e-07
6.16589888616e-07
1.08385905042e-07
6.2076814607e-07
9.57697502014e-08
6.23579378973e-07
8.32297965344e-08
6.24099916428e-07
6.88474179611e-08
6.27459500998e-07
5.73611780977e-08
6.27678042123e-07
4.80342298802e-08
6.23210937115e-07
4.04698692125e-08
6.16642781617e-07
3.70287478618e-08
6.10889936178e-07
6.14573404528e-07
4.20351986507e-08
1.7950182928e-07
8.90203568094e-07
1.96248007221e-07
6.44672996591e-07
2.03347437682e-07
5.64395134558e-07
1.95422494844e-07
5.47498015231e-07
1.76003971841e-07
5.66582145797e-07
1.55157767585e-07
5.90007833234e-07
1.36012734111e-07
6.07859887672e-07
1.19282225063e-07
6.17817832083e-07
1.05280867676e-07
6.21867496098e-07
9.30811181086e-08
6.2439660475e-07
8.17969585254e-08
6.27772577204e-07
7.07346078846e-08
6.31715363776e-07
5.97721725154e-08
6.34427343424e-07
4.77614967238e-08
6.35970071299e-07
3.70334325794e-08
6.38039688664e-07
2.90981523448e-08
6.35454316445e-07
2.24250305256e-08
6.29720683141e-07
1.65112122159e-08
6.22388850147e-07
1.30760179005e-08
6.14147070285e-07
6.08971543309e-07
1.84669415743e-08
1.8593228295e-07
8.30642250226e-07
1.70462723813e-07
6.27791714024e-07
1.53596856268e-07
5.69673203682e-07
1.31950689677e-07
5.6558046696e-07
1.09303423858e-07
5.88138649393e-07
8.73735497271e-08
6.11631944172e-07
6.75385124606e-08
6.27571181657e-07
5.12413616554e-08
6.34030442796e-07
3.87821522972e-08
6.34234380348e-07
2.92487867234e-08
6.33838368074e-07
2.16116387793e-08
6.352941722e-07
1.49392551382e-08
6.38275929451e-07
8.68074530165e-09
6.40551450385e-07
1.6538144913e-09
6.4286294266e-07
-1.86261063878e-09
6.41399946963e-07
-3.34463596916e-09
6.36770114849e-07
-4.28219083342e-09
6.30485169056e-07
-4.99484867424e-09
6.22922020882e-07
-5.26983743028e-09
6.14232356123e-07
6.04377637243e-07
-8.82763459591e-10
1.63598152738e-07
8.05677531814e-07
1.09432731662e-07
6.57547675099e-07
6.46622959883e-08
6.0621051668e-07
2.85487260866e-08
5.99515235365e-07
6.62338787141e-10
6.15458464338e-07
-2.39539182272e-08
6.36090268129e-07
-4.58839719746e-08
6.49429380788e-07
-6.15802268954e-08
6.49644988416e-07
-6.92909862511e-08
6.4185701681e-07
-7.00082387748e-08
6.34439905847e-07
-6.68605791067e-08
6.32037893451e-07
-6.17089916614e-08
6.32997633403e-07
-5.6391062646e-08
6.35102668481e-07
-4.97264335813e-08
6.36045275181e-07
-4.17947062663e-08
6.33301997621e-07
-3.34769276264e-08
6.28274697696e-07
-2.5584093327e-08
6.2240593087e-07
-1.85189417315e-08
6.15663675033e-07
-1.20980107512e-08
6.07608663284e-07
5.97952418602e-07
-5.88934385002e-09
1.61491655354e-07
8.01412022577e-07
8.12839012336e-08
7.22401080597e-07
6.78633370166e-09
6.75289412193e-07
-5.09538783909e-08
6.55743043889e-07
-9.36684012398e-08
6.5788545184e-07
-1.31182920805e-07
6.73550248796e-07
-1.64168151299e-07
6.82316593827e-07
-1.84708382093e-07
6.70069137891e-07
-1.86157605843e-07
6.43170591581e-07
-1.73097358084e-07
6.21251800666e-07
-1.52604217062e-07
6.1141000485e-07
-1.30098333879e-07
6.10352500643e-07
-1.07647689691e-07
6.1250237558e-07
-8.60175725268e-08
6.1425428893e-07
-6.60202390351e-08
6.1313063836e-07
-4.75278594938e-08
6.09595018943e-07
-3.07074385292e-08
6.05387354792e-07
-1.58671491935e-08
6.00616693685e-07
-2.45052040273e-09
5.93977351655e-07
5.85807007476e-07
9.46601143979e-09
2.29490475713e-07
7.53923515242e-07
1.82654671815e-07
7.43579902198e-07
1.03435192372e-07
7.38305984954e-07
2.66425118922e-08
7.26639386743e-07
-3.95059733493e-08
7.23003126356e-07
-1.01102643639e-07
7.35197828319e-07
-1.56140370122e-07
7.37327997242e-07
-1.92914793723e-07
7.06699025458e-07
-2.02542770699e-07
6.52633296567e-07
-1.89936297995e-07
6.08488706981e-07
-1.64863004409e-07
5.86192173973e-07
-1.34582961313e-07
5.79932123434e-07
-1.04678528031e-07
5.82454456634e-07
-7.76164151587e-08
5.87037640839e-07
-5.32002937727e-08
5.88544802172e-07
-3.06992226294e-08
5.86906740824e-07
-1.0001488007e-08
5.84487004599e-07
8.97195100642e-09
5.81428384888e-07
2.62618543814e-08
5.76463786664e-07
5.69071410432e-07
4.27605985254e-08
2.91741980742e-07
5.67838929687e-07
2.51140640277e-07
7.44558949754e-07
2.03602813113e-07
7.68079004668e-07
1.51780190504e-07
7.71862457869e-07
9.49893953128e-08
7.78210731289e-07
3.92169284366e-08
7.90799272543e-07
-1.49985157793e-08
7.91447083347e-07
-6.15690808344e-08
7.5306402549e-07
-8.45563733763e-08
6.75391691926e-07
-8.92768312431e-08
6.1299910023e-07
-7.93340156868e-08
5.76072772119e-07
-6.06982718538e-08
5.61146814498e-07
-3.86635951592e-08
5.60280266004e-07
-1.80006518571e-08
5.662260426e-07
7.24686914974e-10
5.69655107731e-07
1.86877619008e-08
5.68762349547e-07
3.66134248847e-08
5.66361598842e-07
5.42902608114e-08
5.63535904118e-07
7.14386432278e-08
5.59086073501e-07
5.51778697502e-07
8.84911730277e-08
1.21538147117e-07
4.81187249638e-07
1.564223779e-07
6.84226518522e-07
1.74114755501e-07
7.36941520417e-07
1.80025515136e-07
7.60295233988e-07
1.75192197893e-07
7.81201296273e-07
1.63475733277e-07
8.01994328289e-07
1.43530264572e-07
8.11120813004e-07
1.05623090975e-07
7.90688800966e-07
7.92820152001e-08
7.01427542572e-07
5.92967069184e-08
6.32702370903e-07
5.06250839676e-08
5.84510143293e-07
5.10905685624e-08
5.60496217697e-07
5.79942636205e-08
5.53227390452e-07
6.72669903776e-08
5.56804892985e-07
7.65139187644e-08
5.60246650263e-07
8.63831019207e-08
5.58716680644e-07
9.79207949249e-08
5.54630773928e-07
1.11226275671e-07
5.50019061904e-07
1.25956324824e-07
5.44128702708e-07
5.35585390268e-07
1.41907963359e-07
9.14417343492e-08
4.19254595955e-07
1.29456367959e-07
6.23269069668e-07
1.62849119005e-07
6.90843329795e-07
1.89828983743e-07
7.27238033858e-07
2.09548681666e-07
7.58946592384e-07
2.22757182662e-07
7.87758156563e-07
2.29333231502e-07
8.04017456598e-07
2.28286267103e-07
1.97744666158e-07
1.78151971052e-07
1.63154229716e-07
1.53926652466e-07
1.49847342398e-07
1.49738638691e-07
1.51110290029e-07
1.54130180284e-07
1.59611141655e-07
1.68225491948e-07
1.79876224634e-07
1.94461001725e-07
8.95157597678e-08
1.25518947671e-07
1.62126574756e-07
1.94413019365e-07
2.21747501434e-07
2.43820667656e-07
-2.42928630252e-08
2.58195129428e-07
-2.47381730998e-08
2.45572544656e-07
-2.47731243843e-08
2.32823766134e-07
-2.4244985107e-08
2.19502667005e-07
-2.29969627255e-08
2.05022302113e-07
-2.09982612863e-08
1.88940375361e-07
-1.84485432149e-08
1.71412998052e-07
-1.56697314545e-08
1.53234829407e-07
-1.29148357751e-08
1.35281697793e-07
-1.03252050935e-08
1.18107084154e-07
-7.9712970805e-09
1.01954050527e-07
-5.88719102883e-09
8.68717539676e-08
-4.0894417697e-09
7.28042052375e-08
-2.59005575628e-09
5.96566912248e-08
-1.41129040552e-09
4.73358218752e-08
-5.7725059709e-10
3.5756797367e-08
2.51530942902e-08
-1.97860114524e-08
3.03228272158e-07
-2.15042693842e-08
2.8588663235e-07
-2.2821030489e-08
2.72290510726e-07
-2.38003348872e-08
2.59174443871e-07
-2.43865484277e-08
2.46158748058e-07
-2.44663144096e-08
2.32903533109e-07
-2.38854774272e-08
2.18921816285e-07
-2.25210515954e-08
2.036578728e-07
-2.041543621e-08
1.86834746364e-07
-1.78250286437e-08
1.68822584213e-07
-1.50665090733e-08
1.50476295938e-07
-1.23634043594e-08
1.32578584669e-07
-9.83782402022e-09
1.15581491608e-07
-7.5513965466e-09
9.96676130212e-08
-5.53478060298e-09
8.48551286408e-08
-3.80356883264e-09
7.10729675986e-08
-2.36883707633e-09
5.82219697067e-08
-1.2527189898e-09
4.62196876858e-08
-4.88130619761e-10
3.49921939164e-08
2.46649637631e-08
-1.93157046611e-08
3.07711064199e-07
-2.14818803235e-08
2.88052574295e-07
-2.30774168432e-08
2.73886044526e-07
-2.42265723028e-08
2.60323612365e-07
-2.48763359169e-08
2.46808502275e-07
-2.49099376236e-08
2.32937142228e-07
-2.41862761916e-08
2.18198143902e-07
-2.26333083252e-08
2.02104909738e-07
-2.03700975731e-08
1.84571524701e-07
-1.76933306162e-08
1.66145820701e-07
-1.49037151897e-08
1.47686669295e-07
-1.21975166712e-08
1.29872388958e-07
-9.68090244594e-09
1.13064866046e-07
-7.40820506656e-09
9.73949189842e-08
-5.40733671613e-09
8.28542494134e-08
-3.69311091744e-09
6.93587547862e-08
-2.2759404854e-09
5.68047783737e-08
-1.17668630623e-09
4.51204382607e-08
-4.35986998114e-10
3.42514969095e-08
2.42289764386e-08
-2.03088335237e-08
3.13438257858e-07
-2.2894853838e-08
2.90638155125e-07
-2.46881487934e-08
2.75679339065e-07
-2.58965507132e-08
2.6153203332e-07
-2.64836365668e-08
2.47395581989e-07
-2.63407747346e-08
2.32794293575e-07
-2.53554121809e-08
2.17212774433e-07
-2.35203709732e-08
2.00269878389e-07
-2.10272113603e-08
1.82078359321e-07
-1.81950166833e-08
1.63313632784e-07
-1.53017826097e-08
1.44793430228e-07
-1.25193388499e-08
1.27089948515e-07
-9.94035859744e-09
1.10485881872e-07
-7.61292313711e-09
9.5067482959e-08
-5.56241510699e-09
8.08037391396e-08
-3.80304364842e-09
6.75993663385e-08
-2.34439612736e-09
5.5346142673e-08
-1.20548906629e-09
4.39815197542e-08
-4.32900374557e-10
3.34788988771e-08
2.37960761763e-08
-2.3648330235e-08
3.20393462717e-07
-2.64377186494e-08
2.93426807941e-07
-2.82038612572e-08
2.77445480881e-07
-2.92485364232e-08
2.62576728843e-07
-2.9560697099e-08
2.47707734945e-07
-2.90472707194e-08
2.3228088152e-07
-2.76359714727e-08
2.15801466132e-07
-2.53908466791e-08
1.98024764615e-07
-2.25632669283e-08
1.79250770809e-07
-1.94767812022e-08
1.60227155793e-07
-1.63825076108e-08
1.41699147991e-07
-1.34299675039e-08
1.2413741527e-07
-1.06996808299e-08
1.07755587186e-07
-8.23364744801e-09
9.26014556669e-08
-6.05446788351e-09
7.86245517512e-08
-4.17533282994e-09
6.57202460836e-08
-2.60506281386e-09
5.37758530551e-08
-1.35978430616e-09
4.27362464753e-08
-4.89637103353e-10
3.2608754561e-08
2.33064387659e-08
-3.00732285635e-08
3.2859524008e-07
-3.2732375459e-08
2.96084810306e-07
-3.41153459877e-08
2.78828450729e-07
-3.46651671272e-08
2.63126573531e-07
-3.44067614758e-08
2.4744932272e-07
-3.32680148902e-08
2.31142151924e-07
-3.12240728467e-08
2.13757516698e-07
-2.84076300079e-08
1.95208335032e-07
-2.51105026764e-08
1.7595363762e-07
-2.16443908865e-08
1.56761053644e-07
-1.82307292353e-08
1.38285481744e-07
-1.49977167863e-08
1.20904408368e-07
-1.20137907351e-08
1.04771657853e-07
-9.314246605e-09
8.99019125559e-08
-6.91794546501e-09
7.6228249364e-08
-4.83637422545e-09
6.36386580398e-08
-3.07703494546e-09
5.20165271402e-08
-1.65261043079e-09
4.13118109286e-08
-6.13655299765e-10
3.15697907282e-08
2.26927836495e-08
-4.01828022345e-08
3.38086306597e-07
-4.22432546383e-08
2.98143496562e-07
-4.27397291234e-08
2.7932492138e-07
-4.23606286371e-08
2.62747495415e-07
-4.11650060999e-08
2.4625369034e-07
-3.9100654612e-08
2.29077816065e-07
-3.61892144134e-08
2.10846064657e-07
-3.26190272406e-08
1.91638160089e-07
-2.86985299416e-08
1.72033128646e-07
-2.47133797596e-08
1.52775913469e-07
-2.08528568428e-08
1.34424947428e-07
-1.7223415806e-08
1.17274975594e-07
-1.38804075465e-08
1.01428639559e-07
-1.08509644094e-08
8.68724769494e-08
-8.14878408244e-09
7.35260596717e-08
-5.78235238128e-09
6.1272241906e-08
-3.75750075014e-09
4.99916558709e-08
-2.08267978711e-09
3.96369971264e-08
-8.05600910925e-10
3.02927168874e-08
2.18871825013e-08
-5.4018060054e-08
3.49229357509e-07
-5.50059950931e-08
2.99128600808e-07
-5.40098425915e-08
2.78328759309e-07
-5.22125464452e-08
2.60950224691e-07
-4.96881215251e-08
2.43729256832e-07
-4.63934305232e-08
2.25783143322e-07
-4.23854720276e-08
2.06838095958e-07
-3.78859969252e-08
1.87138699595e-07
-3.31949613222e-08
1.67342084237e-07
-2.85603665692e-08
1.4814132993e-07
-2.41367920122e-08
1.30001365614e-07
-2.00075690151e-08
1.13145759925e-07
-1.62131926489e-08
9.76342576626e-08
-1.27708154059e-08
8.3430102565e-08
-9.68717879801e-09
7.04424199066e-08
-6.96645878302e-09
5.85515060556e-08
-4.61200361757e-09
4.76372137479e-08
-2.62807613797e-09
3.76530606632e-08
-1.05617370185e-09
2.87208078236e-08
2.08310090264e-08
-7.03392666302e-08
3.62997702594e-07
-7.01644075472e-08
2.98948814255e-07
-6.71732505869e-08
2.75337568068e-07
-6.35565322928e-08
2.5733353154e-07
-5.93952539046e-08
2.39567967258e-07
-5.46432262471e-08
2.21031133259e-07
-4.9377329077e-08
2.01572184871e-07
-4.3828066109e-08
1.81589450768e-07
-3.82659358628e-08
1.61779940275e-07
-3.28938432095e-08
1.42769249128e-07
-2.7830222557e-08
1.24937731919e-07
-2.31341031625e-08
1.08449650532e-07
-1.88296784422e-08
9.33298218715e-08
-1.49225463585e-08
7.95229794077e-08
-1.14110688051e-08
6.69309321362e-08
-8.2938086724e-09
5.54342605124e-08
-5.5713963391e-09
4.49147835941e-08
-3.24413799057e-09
3.53258104399e-08
-1.34479231364e-09
2.68214685381e-08
1.94862165517e-08
-8.62563524481e-08
3.81042530505e-07
-8.58923057595e-08
2.98575140653e-07
-8.08106105444e-08
2.70255746572e-07
-7.52269767768e-08
2.51749926237e-07
-6.93169414214e-08
2.33657921842e-07
-6.30384433629e-08
2.14752655651e-07
-5.64792435269e-08
1.95012972539e-07
-4.9860081289e-08
1.74970305216e-07
-4.34097876507e-08
1.55329635476e-07
-3.72844672261e-08
1.36643942057e-07
-3.15674211056e-08
1.19220676583e-07
-2.62938150113e-08
1.03176053995e-07
-2.14713283303e-08
8.85073282098e-08
-1.70935567642e-08
7.51452129179e-08
-1.31498276644e-08
6.29871987096e-08
-9.63259591862e-09
5.1917015611e-08
-6.53960387426e-09
4.18218030941e-08
-3.86858641247e-09
3.26547863491e-08
-1.64200990673e-09
2.45948876477e-08
1.78442068998e-08
-9.9054032541e-08
4.02355203062e-07
-1.0028583853e-07
2.99786094196e-07
-9.34172364998e-08
2.63386654539e-07
-8.59536769806e-08
2.44286393646e-07
-7.83807035909e-08
2.26084935785e-07
-7.06732075813e-08
2.07045180317e-07
-6.29220949128e-08
1.87261843956e-07
-5.53251381751e-08
1.6737336547e-07
-4.80648032865e-08
1.48069285409e-07
-4.12531129648e-08
1.29832266197e-07
-3.49416187391e-08
1.12909168798e-07
-2.91438253571e-08
9.73782728244e-08
-2.38522587445e-08
8.32157508719e-08
-1.9049282096e-08
7.03422467255e-08
-1.47156425987e-08
5.86535493856e-08
-1.08377851e-08
4.80391716176e-08
-7.41123267898e-09
3.83952354862e-08
-4.43280624596e-09
2.96763685765e-08
-1.91479278493e-09
2.20768814668e-08
1.5929414024e-08
-1.06475049742e-07
4.22087802389e-07
-1.11148656098e-07
3.04415074494e-07
-1.03507451916e-07
2.5574361816e-07
-9.45296956203e-08
2.35308650215e-07
-8.55830350823e-08
2.17138263515e-07
-7.67057541944e-08
1.98167923261e-07
-6.79927996753e-08
1.78548874631e-07
-5.96148382106e-08
1.58995423671e-07
-5.17110828678e-08
1.40165517034e-07
-4.43563253692e-08
1.22477524871e-07
-3.75761014121e-08
1.0612893454e-07
-3.13663120393e-08
9.11684956273e-08
-2.57071353428e-08
7.75565668044e-08
-2.05717293298e-08
6.52068481484e-08
-1.59336083053e-08
5.40154240197e-08
-1.17741981034e-08
4.38797512628e-08
-8.08759288397e-09
3.47086407757e-08
-4.87214727199e-09
2.64609184897e-08
-2.13147637518e-09
1.93362082582e-08
1.37979379342e-08
-1.0842835727e-07
4.3673007515e-07
-1.16399035711e-07
3.12301225367e-07
-1.09857436368e-07
2.49195588222e-07
-1.00024074071e-07
2.25475191438e-07
-9.01600443238e-08
2.07274219758e-07
-8.04974591692e-08
1.88505362915e-07
-7.1149329574e-08
1.69200727427e-07
-6.22650821973e-08
1.50111196711e-07
-5.39504885439e-08
1.31850907206e-07
-4.62531133268e-08
1.14780167049e-07
-3.91800584522e-08
9.90558661233e-08
-3.27149994926e-08
8.47034512074e-08
-2.68296673503e-08
7.1671224835e-08
-2.14908309779e-08
5.98680238073e-08
-1.66668487374e-08
4.91914328515e-08
-1.23354794794e-08
3.95483951838e-08
-8.49078362931e-09
3.08639319379e-08
-5.13496585505e-09
2.31051100738e-08
-2.26612536264e-09
1.64673760023e-08
1.15318125404e-08
-1.07735163478e-07
4.45393145435e-07
-1.15956867299e-07
3.20389777498e-07
-1.12072607009e-07
2.45292825041e-07
-1.02131349956e-07
2.15533313813e-07
-9.1805056351e-08
1.96947910583e-07
-8.17563313708e-08
1.78456666115e-07
-7.21220799972e-08
1.59566460033e-07
-6.30319331655e-08
1.41021072767e-07
-5.45659212002e-08
1.23384881208e-07
-4.67527690099e-08
1.06967033713e-07
-3.95878358832e-08
9.189092228e-08
-3.30476657472e-08
7.81632954964e-08
-2.70993905789e-08
6.57229423961e-08
-2.17063509964e-08
5.4474993551e-08
-1.68339068079e-08
4.43189847007e-08
-1.24578060174e-08
3.51722865122e-08
-8.57330498523e-09
2.69794411073e-08
-5.18904245326e-09
1.97208448515e-08
-2.30180648423e-09
1.35801394903e-08
9.23000637149e-09
-1.03703737662e-07
4.50114785299e-07
-1.10547402446e-07
3.27061693305e-07
-1.09796037263e-07
2.44501838316e-07
-1.00754111512e-07
2.06488840915e-07
-9.04591070503e-08
1.86652860319e-07
-8.04283424327e-08
1.68425931262e-07
-7.08599028886e-08
1.49998003046e-07
-6.18678348356e-08
1.32029028521e-07
-5.3514373047e-08
1.15031403252e-07
-4.58171912337e-08
9.92698718927e-08
-3.87661689683e-08
8.48398868979e-08
-3.23355726138e-08
7.17327156331e-08
-2.64917542317e-08
5.98791150938e-08
-2.11975723833e-08
4.91808250704e-08
-1.64176423673e-08
3.95390465791e-08
-1.21272393537e-08
3.08818968951e-08
-8.32430109531e-09
2.31764912718e-08
-5.02599907053e-09
1.64225529603e-08
-2.23291348258e-09
1.07870630556e-08
6.99709290097e-09
-9.40769244908e-08
4.54784964946e-07
-1.00871918222e-07
3.3365402553e-07
-1.02955131073e-07
2.46518413008e-07
-9.59628459811e-08
1.99488985522e-07
-8.62848341977e-08
1.76974633297e-07
-7.66810553885e-08
1.58822185287e-07
-6.75221308202e-08
1.40839062835e-07
-5.89195835642e-08
1.23426507196e-07
-5.09284912083e-08
1.0704029683e-07
-4.35642675895e-08
9.19056694044e-08
-3.68180513655e-08
7.80936601232e-08
-3.06670340305e-08
6.55817144775e-08
-2.50808788634e-08
5.42929531124e-08
-2.00252843763e-08
4.41252412745e-08
-1.54666399314e-08
3.49803988721e-08
-1.1381494221e-08
2.67967446888e-08
-7.7713062603e-09
1.95663139415e-08
-4.66313661398e-09
1.33143818614e-08
-2.06625262185e-09
8.19017980686e-09
4.93084061947e-09
-7.882047398e-08
4.60702720883e-07
-8.78091305333e-08
3.42417277413e-07
-9.24167946015e-08
2.51031728627e-07
-8.82910646932e-08
1.95346476179e-07
-7.98409359507e-08
1.68523630556e-07
-7.10160677982e-08
1.49997347582e-07
-6.25514338994e-08
1.32374412213e-07
-5.45759507793e-08
1.15451050937e-07
-4.71477310015e-08
9.96120610703e-08
-4.02879669692e-08
8.50459275872e-08
-3.39952755985e-08
7.18009559785e-08
-2.82546356954e-08
5.98410927338e-08
-2.3043108495e-08
4.90814176591e-08
-1.83329414623e-08
3.94150888143e-08
-1.40957291293e-08
3.07431790126e-08
-1.03114124396e-08
2.30124421262e-08
-6.98459717799e-09
1.6239487548e-08
-4.14903984418e-09
1.04788353635e-08
-1.82390491249e-09
5.86505478472e-09
3.10693574912e-09
-6.02269098826e-08
4.66857676017e-07
-7.22935231501e-08
3.54247067235e-07
-7.95680101086e-08
2.58187692816e-07
-7.87222274965e-08
1.94471042695e-07
-7.20728267392e-08
1.61871652086e-07
-6.42791863142e-08
1.42203707421e-07
-5.66825860831e-08
1.24777797136e-07
-4.94718139992e-08
1.08240307727e-07
-4.27184378898e-08
9.28586710269e-08
-3.64559435994e-08
7.87834564533e-08
-3.06950689011e-08
6.60400709239e-08
-2.54321990181e-08
5.45782404834e-08
-2.06550463322e-08
4.43042585155e-08
-1.63461020566e-08
3.51061562508e-08
-1.24865450067e-08
2.6883619203e-08
-9.06307049786e-09
1.95889616196e-08
-6.08044434161e-09
1.32568728588e-08
-3.56801483188e-09
7.9664052019e-09
-1.54769833146e-09
3.84473992743e-09
1.55923778162e-09
-4.24147196731e-08
4.75127804253e-07
-5.67397653109e-08
3.68322672789e-07
-6.65313435477e-08
2.67839371755e-07
-6.88451396445e-08
1.96740019675e-07
-6.43091581144e-08
1.57329765489e-07
-5.76245134712e-08
1.35518922374e-07
-5.08920373675e-08
1.18045304614e-07
-4.44357693294e-08
1.01784069249e-07
-3.83471441948e-08
8.67700294211e-08
-3.2673093165e-08
7.31094295069e-08
-2.74368513927e-08
6.08038158976e-08
-2.26464351029e-08
4.97878438256e-08
-1.83005166378e-08
3.99583316114e-08
-1.43923438484e-08
3.11979992091e-08
-1.09133290593e-08
2.34045967047e-08
-7.85590332947e-09
1.65315508679e-08
-5.21928672857e-09
1.06202448644e-08
-3.01979327837e-09
5.76692328492e-09
-1.28771296576e-09
2.11267022526e-09
2.71524878086e-10
-2.58245145867e-08
4.88034013472e-07
-4.25364156468e-08
3.84789931328e-07
-5.4921025189e-08
2.80070479318e-07
-6.01428699034e-08
2.01901911665e-07
-5.77799785094e-08
1.54955788925e-07
-5.21486465464e-08
1.2988703129e-07
-4.61126454513e-08
1.12009286463e-07
-4.02573068561e-08
9.59287624119e-08
-3.47027118308e-08
8.12154200891e-08
-2.95064125694e-08
6.79131553595e-08
-2.47004930784e-08
5.59978856792e-08
-2.03014363157e-08
4.53888061249e-08
-1.6316065455e-08
3.59729541608e-08
-1.27456482102e-08
2.76275946702e-08
-9.58889082715e-09
2.02478367e-08
-6.84129937051e-09
1.37839535043e-08
-4.49465927342e-09
8.27361713564e-09
-2.55510028373e-09
3.82736413454e-09
-1.07458272569e-09
6.3215491172e-10
-8.03057468411e-10
-9.51819386342e-09
5.05352986186e-07
-2.93697755354e-08
4.04390730786e-07
-4.49927617036e-08
2.95526229827e-07
-5.32451967966e-08
2.10078788998e-07
-5.31713830074e-08
1.54863686446e-07
-4.85384920423e-08
1.25252592122e-07
-4.29588199722e-08
1.06429576728e-07
-3.74677071662e-08
9.04376823818e-08
-3.22398124352e-08
7.59875085519e-08
-2.73418938736e-08
6.3015263126e-08
-2.28103061691e-08
5.14662842991e-08
-1.86655379426e-08
4.12440592716e-08
-1.49187412445e-08
3.22261488502e-08
-1.15756987193e-08
2.42845692361e-08
-8.63957079716e-09
1.73117008421e-08
-6.10807038161e-09
1.125246911e-08
-3.96839916388e-09
6.13393381281e-09
-2.21817010314e-09
2.07714709795e-09
-9.23106046451e-10
-6.62898083048e-10
-1.72616344412e-09
6.50431606752e-09
5.25691138275e-07
-1.64585834138e-08
4.27105775956e-07
-3.61482296939e-08
3.15037711241e-07
-4.79833469524e-08
2.21822256643e-07
-5.05927210929e-08
1.57445197387e-07
-4.70223704e-08
1.21678689417e-07
-4.16831716766e-08
1.01090258061e-07
-3.63005512739e-08
8.50550972803e-08
-3.11693710354e-08
7.08563138599e-08
-2.63668292844e-08
5.82127488758e-08
-2.19283822211e-08
4.70278262365e-08
-1.78732730293e-08
3.7188970821e-08
-1.42127915017e-08
2.85656605841e-08
-1.09543526412e-08
2.10261441662e-08
-8.10413443066e-09
1.44614800223e-08
-5.66592785836e-09
8.81425634536e-09
-3.63270980565e-09
4.1007290873e-09
-2.00228388638e-09
4.46721135603e-10
-8.26583696369e-10
-1.83859575428e-09
-2.55274673696e-09
2.3021043241e-08
5.47103071533e-07
-2.35444121648e-09
4.5223041652e-07
-2.68068257675e-08
3.39297918055e-07
-4.31821328698e-08
2.380862504e-07
-4.93291706872e-08
1.63550919385e-07
-4.72748310928e-08
1.19616921145e-07
-4.21660038149e-08
9.59809978905e-08
-3.67222269753e-08
7.96113544781e-08
-3.15175836021e-08
6.56516528841e-08
-2.66509367663e-08
5.3346130962e-08
-2.21534129644e-08
4.25302877364e-08
-1.80379790854e-08
3.30735603057e-08
-1.43122322745e-08
2.48399044128e-08
-1.09829375722e-08
1.76968681189e-08
-8.06061990235e-09
1.15391536702e-08
-5.56019359203e-09
6.31384721649e-09
-3.51099995004e-09
2.05152238461e-09
-1.93956803205e-09
-1.12469799555e-09
-8.34671155756e-10
-2.94348085428e-09
-3.38741781211e-09
4.02315611369e-08
5.6742739308e-07
1.33498458229e-08
4.7885536375e-07
-1.60941091253e-08
3.68530736951e-07
-3.74403279013e-08
2.59295232283e-07
-4.80660866306e-08
1.74115834065e-07
-4.85782472098e-08
1.20114393528e-07
-4.4118477339e-08
9.15197730656e-08
-3.86619085985e-08
7.41547928279e-08
-3.33592619116e-08
6.03489913709e-08
-2.83885296443e-08
4.83754294633e-08
-2.37816761638e-08
3.79234225633e-08
-1.95446442932e-08
2.88365514875e-08
-1.56812411551e-08
2.09764940396e-08
-1.22004456273e-08
1.42160879343e-08
-9.11499342116e-09
8.45369869444e-09
-6.45225203109e-09
3.65109940651e-09
-4.21619397262e-09
-1.84521246228e-10
-2.42817761895e-09
-2.91271426496e-09
-1.02371591786e-09
-4.34793969902e-09
-4.41113329026e-09
5.59905486787e-08
5.85373522851e-07
2.90194708088e-08
5.05559037375e-07
-3.83921724338e-09
4.01154259989e-07
-3.03106635595e-08
2.85597872421e-07
-4.59406580385e-08
1.89658322306e-07
-5.02981632511e-08
1.24444446432e-07
-4.73448014673e-08
8.85621695904e-08
-4.21637498603e-08
6.89735488328e-08
-3.68402802248e-08
5.50255013013e-08
-3.17822366416e-08
4.33174188608e-08
-2.70319550095e-08
3.3173125572e-08
-2.25853631548e-08
2.4389985895e-08
-1.8439038008e-08
1.68301591095e-08
-1.45988319846e-08
1.03759027029e-08
-1.10947728992e-08
4.94963042416e-09
-7.91877209474e-09
4.75117447745e-10
-5.14733911995e-09
-2.95596830208e-09
-2.84298681441e-09
-5.21705261384e-09
-1.05374753566e-09
-6.13716609147e-09
-5.46488072833e-09
6.68203416132e-08
6.00638288828e-07
4.25238799015e-08
5.29573715166e-07
9.77942679673e-09
4.3363439683e-07
-2.13261155568e-08
3.16497864629e-07
-4.21136567584e-08
2.10323991377e-07
-5.15486391858e-08
1.33831645518e-07
-5.15105805582e-08
8.85135531305e-08
-4.73214987747e-08
6.47833803701e-08
-4.22734341086e-08
4.99773781186e-08
-3.72643798555e-08
3.83083998288e-08
-3.24084882764e-08
2.8317221978e-08
-2.76940781441e-08
1.96756018812e-08
-2.31088590954e-08
1.22449324841e-08
-1.86668902894e-08
5.93395124497e-09
-1.43395704644e-08
6.2230769941e-10
-1.02773844532e-08
-3.58707524883e-09
-6.64141375511e-09
-6.59192317623e-09
-3.55941687037e-09
-8.29904912948e-09
-1.24346095983e-09
-8.45311857959e-09
-6.70834118657e-09
7.03013951569e-08
6.13255909674e-07
4.92563061059e-08
5.50323242276e-07
2.17920933987e-08
4.60816410078e-07
-1.23868086472e-08
3.50439407529e-07
-3.8091830203e-08
2.35869187557e-07
-5.29112696416e-08
1.48574924527e-07
-5.70261297349e-08
9.26056974799e-08
-5.47299423637e-08
6.24834107006e-08
-5.03205398985e-08
4.55676361931e-08
-4.54334360029e-08
3.34213260177e-08
-4.03905321235e-08
2.32743019437e-08
-3.51959008972e-08
1.44810002834e-08
-2.9841893705e-08
6.89091480169e-09
-2.4300861217e-08
3.92942024579e-10
-1.88065981162e-08
-4.87196541017e-09
-1.3621419267e-08
-8.77223339505e-09
-8.92254572672e-09
-1.12908116073e-08
-4.92751122769e-09
-1.22940678077e-08
-1.91193400876e-09
-1.14686810859e-08
-8.62027506291e-09
6.81799145683e-08
6.21494966786e-07
4.9440495841e-08
5.68760073696e-07
2.81538316276e-08
4.81796651494e-07
-5.8629955156e-09
3.84177395645e-07
-3.57023575045e-08
2.65503340738e-07
-5.52288467339e-08
1.67987647561e-07
-6.4027877619e-08
1.0136194998e-07
-6.44783978426e-08
6.29240305332e-08
-6.10858493052e-08
4.21736887988e-08
-5.6302862154e-08
2.8638295929e-08
-5.07894198245e-08
1.77608466272e-08
-4.46378078582e-08
8.32941802194e-09
-3.78345132281e-08
8.76121681044e-11
-3.07741097898e-08
-6.66744167237e-09
-2.39502271875e-08
-1.16958511088e-08
-1.76005406918e-08
-1.51219264578e-08
-1.19061969945e-08
-1.69851380273e-08
-7.02984960876e-09
-1.71704140249e-08
-3.09235564521e-09
-1.54061705424e-08
-1.17126301363e-08
6.15698958061e-08
6.22406222687e-07
4.6757587576e-08
5.83236260599e-07
2.83637439752e-08
4.99876142634e-07
3.81373256029e-10
4.11847044536e-07
-3.35005390927e-08
2.99132969735e-07
-5.75088702648e-08
1.91837928194e-07
-7.13469010124e-08
1.15128613449e-07
-7.56083037796e-08
6.71641668542e-08
-7.39663753743e-08
4.0527625508e-08
-6.94485573765e-08
2.41200556951e-08
-6.31783430228e-08
1.14905992339e-08
-5.53614323375e-08
5.12540842643e-10
-4.65965507548e-08
-8.67727982476e-09
-3.7795722259e-08
-1.54682442422e-08
-2.95418398732e-08
-1.99497437737e-08
-2.21177045111e-08
-2.25460391311e-08
-1.54942211271e-08
-2.36086367042e-08
-9.61991754199e-09
-2.30446997433e-08
-4.47848929927e-09
-2.05475820277e-08
-1.61911192615e-08
4.93780660061e-08
6.14761865643e-07
4.03689544394e-08
5.91909396669e-07
2.39805128069e-08
5.1591597494e-07
3.56514687195e-09
4.31929535241e-07
-3.25962518209e-08
3.35009037042e-07
-6.13969154325e-08
2.20436329596e-07
-7.98814206843e-08
1.33507065577e-07
-8.8573869783e-08
7.58179349035e-08
-8.9539992415e-08
4.14841297201e-08
-8.56473717082e-08
2.02258822289e-08
-7.83541184192e-08
4.19720597241e-09
-6.84082145802e-08
-9.43333132812e-09
-5.70425580277e-08
-2.00429441444e-08
-4.56496561374e-08
-2.686112405e-08
-3.54998605828e-08
-3.00995422191e-08
-2.68669937141e-08
-3.11789122486e-08
-1.92888080523e-08
-3.11868035143e-08
-1.23522493001e-08
-2.99812563521e-08
-5.90759395971e-09
-2.69922315729e-08
-2.20987125723e-08
3.32099882279e-08
5.99726671539e-07
3.56397013138e-08
5.89104345534e-07
2.3696036638e-08
5.27503112662e-07
7.61786768161e-09
4.47655429647e-07
-2.39852361369e-08
3.66273048314e-07
-5.88904546402e-08
2.55088848578e-07
-8.40296357064e-08
1.58499691599e-07
-9.89891288044e-08
9.07150385455e-08
-1.04311843736e-07
4.6787832021e-08
-1.02255195688e-07
1.81651892996e-08
-9.4607867601e-08
-3.45068462314e-09
-8.26642557423e-08
-2.13769321845e-08
-6.80083753456e-08
-3.4698834287e-08
-5.31718564373e-08
-4.1697614448e-08
-4.05076330556e-08
-4.27637757756e-08
-3.06347729618e-08
-4.10517472297e-08
-2.23682177318e-08
-3.94533744868e-08
-1.46572139487e-08
-3.7692239884e-08
-7.14617690439e-09
-3.4503249625e-08
-2.92448892724e-08
1.74297748042e-08
5.81140571804e-07
3.545382431e-08
5.70716807239e-07
2.92227649702e-08
5.33343970914e-07
1.73530459312e-08
4.59154979829e-07
-2.42140340754e-09
3.85687938916e-07
-4.09186095697e-08
2.93281443643e-07
-7.45305300986e-08
1.91915484892e-07
-9.79629763557e-08
1.14051772013e-07
-1.10258388162e-07
5.90484651258e-08
-1.12508625451e-07
2.04062262223e-08
-1.06607585146e-07
-9.35344593492e-09
-9.43077816321e-08
-3.36768603978e-08
-7.79585151332e-08
-5.10481118099e-08
-6.03989311613e-08
-5.92571745356e-08
-4.47967173005e-08
-5.83659916679e-08
-3.33217909358e-08
-5.25266816662e-08
-2.45442495455e-08
-4.82308953717e-08
-1.63899172108e-08
-4.5846569896e-08
-8.15058388066e-09
-4.27425762442e-08
-3.73954724038e-08
1.17300874713e-08
5.63275110784e-07
4.2318874343e-08
5.39773792498e-07
4.87570058043e-08
5.26502728807e-07
4.60591424771e-08
4.61446773379e-07
3.71503766384e-08
3.94207536939e-07
7.83560560012e-09
3.22238600087e-07
-3.1891048073e-08
2.31380864244e-07
-6.55298795789e-08
1.47542341714e-07
-8.8180031005e-08
8.16336112188e-08
-9.92269841681e-08
3.14314044184e-08
-9.98082980481e-08
-8.77778289507e-09
-9.24504138843e-08
-4.10358643454e-08
-7.96497260027e-08
-6.38490442458e-08
-6.32883778224e-08
-7.56185171792e-08
-4.64834905751e-08
-7.51709140262e-08
-3.34230212286e-08
-6.55871712258e-08
-2.46832860297e-08
-5.69707003253e-08
-1.68540622072e-08
-5.36758004691e-08
-8.57863809897e-09
-5.10179882875e-08
-4.59741109006e-08
2.45563372001e-08
5.47950969482e-07
5.68119220049e-08
5.07206846047e-07
8.24404318226e-08
5.00436737245e-07
9.03894602594e-08
4.5308176213e-07
9.25354655955e-08
3.916579536e-07
8.38326681894e-08
3.30550640775e-07
5.27991944487e-08
2.62079403035e-07
1.52376341455e-08
1.84868605823e-07
-1.71010255631e-08
1.13841116698e-07
-3.95361679917e-08
5.38077190887e-08
-4.99439282922e-08
1.6071535949e-09
-5.67986183904e-08
-3.41935206217e-08
-5.8434158106e-08
-6.2219501538e-08
-5.16563428284e-08
-8.23968408037e-08
-3.97526027996e-08
-8.70749111962e-08
-2.75639497708e-08
-7.77761935737e-08
-2.05358701194e-08
-6.39992624971e-08
-1.48761975966e-08
-5.93359845882e-08
-7.88787912195e-09
-5.80066083977e-08
-5.38620280229e-08
5.76683053788e-08
5.32801994702e-07
8.43509964411e-08
4.80254233613e-07
1.23960220031e-07
4.60435952439e-07
1.43737387268e-07
4.32866867787e-07
1.55227480398e-07
3.79750403675e-07
1.61254632628e-07
3.24129390566e-07
1.54279398686e-07
2.68670026142e-07
1.30243904502e-07
2.08570681376e-07
9.9960873114e-08
1.4387884842e-07
7.15308205406e-08
8.20847690619e-08
4.69106212922e-08
2.61419979308e-08
2.43824857271e-08
-1.17502472334e-08
3.09667130356e-09
-4.09988808805e-08
-1.34830273685e-08
-6.5834196485e-08
-1.70499013292e-08
-8.35111330153e-08
-1.26332035015e-08
-8.21940620159e-08
-1.03049966895e-08
-6.63291612962e-08
-9.8031736843e-09
-5.98399322681e-08
-5.85239081152e-09
-6.195963116e-08
-5.97149124756e-08
1.04668524724e-07
5.16380520684e-07
1.2507178901e-07
4.59608249472e-07
1.62945555725e-07
4.22239546548e-07
1.97453461957e-07
3.97940610861e-07
2.15487854325e-07
3.6129380445e-07
2.28370589569e-07
3.10839937897e-07
2.36566416461e-07
2.60087633958e-07
2.34473407258e-07
2.10288729127e-07
2.18930768104e-07
1.59083800867e-07
1.94359728099e-07
1.06375881956e-07
1.63929005405e-07
5.63511453987e-08
1.33972699046e-07
1.80126467251e-08
1.01220954714e-07
-8.44787976123e-09
7.03812639446e-08
-3.51625940709e-08
4.97126301841e-08
-6.28963556168e-08
2.85001730801e-08
-6.09933149147e-08
9.86401815594e-09
-4.76976559718e-08
-4.1662532163e-09
-4.58137416186e-08
-4.0594096267e-09
-6.20715352681e-08
-6.37760137649e-08
1.58519675622e-07
4.99526484671e-07
1.75995172511e-07
4.41898534938e-07
2.05092258674e-07
3.92884554608e-07
2.44734452137e-07
3.57948741103e-07
2.75472008104e-07
3.30142471572e-07
2.94078856532e-07
2.91829519883e-07
3.07878495092e-07
2.45898962407e-07
3.17382267935e-07
2.00419224727e-07
3.19799017509e-07
1.56315479752e-07
3.12499599216e-07
1.13345273938e-07
2.9454635806e-07
7.39986551648e-08
2.70985235753e-07
4.12917847263e-08
2.47441135769e-07
1.48364941534e-08
2.19847581633e-07
-7.79503488768e-09
1.82059583141e-07
-2.52759660664e-08
1.34858159496e-07
-1.39323978936e-08
7.11318157053e-08
1.59645633061e-08
2.10985474049e-09
2.31944951611e-08
-5.92999799937e-10
-5.93753411479e-08
-6.4371466614e-08
2.11107802742e-07
2.29015059239e-07
2.52375045818e-07
2.87828378394e-07
3.3061446422e-07
3.6565656114e-07
3.92633707441e-07
4.16960311253e-07
4.39979845806e-07
4.59337781773e-07
4.72698662564e-07
4.81375597626e-07
4.86797556482e-07
4.81889704167e-07
4.61731981088e-07
3.93158288086e-07
1.9208279082e-07
-4.01540595594e-08
-2.07613339103e-08
)
;

boundaryField
{
    emptyPatch
    {
        type            empty;
        value           nonuniform List<scalar> 0();
    }
    minY
    {
        type            calculated;
        value           nonuniform List<scalar> 0();
    }
    maxY
    {
        type            calculated;
        value           nonuniform List<scalar> 0();
    }
    maxX
    {
        type            calculated;
        value           uniform 0;
    }
    water_to_heater
    {
        type            calculated;
        value           uniform 0;
    }
    procBoundary3to1
    {
        type            processor;
        value           nonuniform List<scalar> 
41
(
7.91332964914e-07
7.31601041599e-07
6.51961276266e-07
5.99227040723e-07
5.69501429735e-07
5.57138019441e-07
5.56763277431e-07
5.58714717918e-07
5.55523290927e-07
5.4896212115e-07
5.41200711311e-07
5.32256596662e-07
5.20763462907e-07
3.72220989752e-07
5.63309582866e-07
6.40262314696e-07
6.87607473928e-07
7.28083221678e-07
7.6402587712e-07
2.60114647336e-07
7.86855312744e-07
4.82640690743e-07
4.23762418149e-07
3.69298187462e-07
3.22230586637e-07
2.87010805485e-07
2.56402007176e-07
2.18551311135e-07
1.75738008123e-07
1.32963084917e-07
9.36692251719e-08
6.03375256564e-08
3.23349249954e-08
9.16226937514e-09
-3.10248455688e-09
-5.28695207696e-09
5.44838208094e-08
2.16881090182e-07
2.55319977512e-07
-7.88059042037e-08
-8.51356280933e-08
)
;
    }
    procBoundary3to2
    {
        type            processor;
        value           nonuniform List<scalar> 
41
(
-7.11694802111e-07
-8.35928169261e-07
-6.47721051272e-07
-5.7723110199e-07
-5.13321361633e-07
-4.73362943508e-07
-4.53573777044e-07
-4.47014497839e-07
-4.50400648318e-07
-4.57397707117e-07
-4.61198180222e-07
-4.59827662703e-07
-4.54484150227e-07
-4.54051875303e-07
-4.63701678452e-07
-4.60811159373e-07
-4.44579781577e-07
-4.04615667873e-07
-3.54074238362e-07
-3.17907458005e-07
-2.57439087687e-07
-2.4512720083e-07
-2.32788833083e-07
-2.20030791768e-07
-2.06270338476e-07
-1.90939073495e-07
-1.73962726198e-07
-1.56013647097e-07
-1.38036599516e-07
-1.20696729713e-07
-1.04307959815e-07
-8.89558791503e-08
-7.46019519647e-08
-6.11561193925e-08
-4.85146205131e-08
-3.6590872339e-08
-2.57303451689e-08
-2.998317464e-07
-2.84168456045e-07
2.35367671993e-08
-2.70973757219e-07
)
;
    }
}


// ************************************************************************* //
