/*--------------------------------*- C++ -*----------------------------------*\
| =========                 |                                                 |
| \\      /  F ield         | OpenFOAM: The Open Source CFD Toolbox           |
|  \\    /   O peration     | Version:  2312                                  |
|   \\  /    A nd           | Website:  www.openfoam.com                      |
|    \\/     M anipulation  |                                                 |
\*---------------------------------------------------------------------------*/
FoamFile
{
    version     2.0;
    format      ascii;
    arch        "LSB;label=32;scalar=64";
    class       surfaceScalarField;
    location    "0.08/water";
    object      phi;
}
// * * * * * * * * * * * * * * * * * * * * * * * * * * * * * * * * * * * * * //

dimensions      [0 3 -1 0 0 0 0];

oriented        oriented;

internalField   nonuniform List<scalar> 
2929
(
1.67074912536e-07
4.08489657351e-07
1.60717900634e-07
4.05271076406e-07
1.62033832885e-07
4.38481021263e-07
1.66032163938e-07
4.72861825106e-07
1.73010604838e-07
5.07664923152e-07
1.82573846748e-07
5.24678525932e-07
1.90668712508e-07
5.18348264062e-07
1.95674013366e-07
4.99314728919e-07
1.96192943932e-07
4.80408322349e-07
1.89465104181e-07
4.74597049033e-07
1.71600486893e-07
5.02064866233e-07
1.20848361312e-07
5.78813107168e-07
9.64449654801e-08
6.29393030405e-07
8.27427459145e-08
6.51033669767e-07
7.41437345111e-08
6.51398465707e-07
5.01722328528e-08
5.84960010565e-07
3.16775361205e-08
4.16593652816e-07
2.25098394975e-08
3.31214901195e-07
1.81047939423e-08
3.1216279967e-07
3.14636328172e-07
1.49437367791e-08
1.68543256008e-07
3.99749956375e-07
1.60670522417e-07
3.95566080603e-07
1.63078232328e-07
4.29252823102e-07
1.66478866334e-07
4.67091265331e-07
1.74101796966e-07
4.99470272238e-07
1.8531958513e-07
5.13566615654e-07
1.95521723433e-07
5.08486224571e-07
2.01597302403e-07
4.93634085576e-07
2.01144879852e-07
4.81238853322e-07
1.8719059628e-07
4.88916013951e-07
1.50121572512e-07
5.39613426812e-07
1.17802981617e-07
6.11782564089e-07
1.03310739613e-07
6.44600445446e-07
9.33197303354e-08
6.61781071798e-07
8.54231932743e-08
6.60071762147e-07
6.48042913491e-08
6.06400715006e-07
4.43309853893e-08
4.37649368546e-07
3.3886600919e-08
3.41914322758e-07
2.8761883791e-08
3.17396019224e-07
3.18623972778e-07
2.4838943663e-08
1.69605637404e-07
3.89626706976e-07
1.56553999256e-07
3.91009503177e-07
1.57782918509e-07
4.21133712281e-07
1.60342293171e-07
4.62138611359e-07
1.66743473555e-07
4.92477450552e-07
1.7700033691e-07
5.03399965662e-07
1.86781538013e-07
4.9903142363e-07
1.91479948698e-07
4.89324029657e-07
1.87920949799e-07
4.85188941848e-07
1.70277448522e-07
5.06996610522e-07
1.33069188985e-07
5.77407566027e-07
1.18473494486e-07
6.27079375167e-07
1.07944381297e-07
6.5585955198e-07
1.00147952466e-07
6.70335661657e-07
9.33088115546e-08
6.67728120188e-07
7.8860390571e-08
6.21686502503e-07
5.67083893015e-08
4.60452314703e-07
4.45677070057e-08
3.54355392e-07
3.86823667746e-08
3.23406584631e-07
3.23132315853e-07
3.42492340491e-08
1.67424906867e-07
3.82006990837e-07
1.49356950995e-07
3.92303211284e-07
1.44162852004e-07
4.19752119719e-07
1.41413676251e-07
4.62607172246e-07
1.43732456993e-07
4.89614430856e-07
1.5153928438e-07
4.95705607813e-07
1.59279610003e-07
4.91625548958e-07
1.61809057958e-07
4.87194066625e-07
1.55270711383e-07
4.9215229912e-07
1.38004519672e-07
5.24762389058e-07
1.20376055694e-07
5.95706008313e-07
1.11461773813e-07
6.36679438867e-07
1.05863636268e-07
6.62181564708e-07
1.02417824112e-07
6.74553455695e-07
9.92240911153e-08
6.71708740029e-07
9.03674014242e-08
6.31390744029e-07
6.87957461776e-08
4.82695594281e-07
5.52440840623e-08
3.68251789847e-07
4.8433008936e-08
3.30361696708e-07
3.28041829687e-07
4.36096126407e-08
1.58424617677e-07
3.83592057011e-07
1.36011113479e-07
3.99283698676e-07
1.1932407339e-07
4.30666940854e-07
1.0491699629e-07
4.75143802756e-07
1.01617206158e-07
4.92561257823e-07
1.07156112172e-07
4.90364347087e-07
1.13527781768e-07
4.85625037955e-07
1.15684924923e-07
4.8546299273e-07
1.11756735255e-07
4.96547124692e-07
1.01158525778e-07
5.35915303413e-07
9.61054170356e-08
6.01402336022e-07
9.40934680811e-08
6.39382627675e-07
9.4566183291e-08
6.62437720232e-07
9.68882437129e-08
6.72985206572e-07
9.94299718796e-08
6.69980034242e-07
9.71304802721e-08
6.34511040262e-07
8.01208173548e-08
5.0043483149e-07
6.66339577455e-08
3.82145640847e-07
5.87475417445e-08
3.38419673564e-07
3.33438898334e-07
5.34492343199e-08
1.52697238782e-07
3.90250330674e-07
1.20978802137e-07
4.15822555237e-07
8.31033438574e-08
4.63250341017e-07
5.15657455959e-08
5.05241362273e-07
4.19195568406e-08
5.02134210059e-07
4.5287038726e-08
4.87314115142e-07
5.1460589649e-08
4.7987117297e-07
5.5834756316e-08
4.81546873808e-07
5.90679588571e-08
4.93810762416e-07
5.96962361296e-08
5.35860017334e-07
6.22166317369e-08
5.99541412931e-07
6.7474499347e-08
6.34814867488e-07
7.51802983925e-08
6.55455082692e-07
8.40375825045e-08
6.6490056684e-07
9.29337648825e-08
6.61868559834e-07
9.79247102417e-08
6.3036576869e-07
8.96269594754e-08
5.09480680397e-07
7.85983326998e-08
3.93636223126e-07
7.00032103106e-08
3.47220571323e-07
3.39556309944e-07
6.39983756413e-08
1.40465483266e-07
4.11805082766e-07
8.61018334241e-08
4.55864463439e-07
2.80816177003e-08
5.16599997213e-07
-1.67494011449e-08
5.4916009654e-07
-3.1573993434e-08
5.17188127865e-07
-2.97845315862e-08
4.85952743202e-07
-2.1778694525e-08
4.72325807886e-07
-1.15346469143e-08
4.71784512839e-07
3.22299573574e-11
4.82753931444e-07
1.19338317315e-08
5.24540365429e-07
2.31128659732e-08
5.89020623937e-07
3.69804622954e-08
6.21640855485e-07
5.19183975989e-08
6.41248862611e-07
6.76957757684e-08
6.49874952435e-07
8.28105119312e-08
6.47563661721e-07
9.47620975561e-08
6.19232768876e-07
9.63562441518e-08
5.08655543915e-07
9.00005630624e-08
4.00495671585e-07
8.17935380144e-08
3.55669212813e-07
3.46495989481e-07
7.49811146728e-08
1.12250608671e-07
4.6435968013e-07
2.69655244809e-08
5.266382636e-07
-3.10120146715e-08
5.70410755101e-07
-7.77514549556e-08
5.95288506274e-07
-9.59472989243e-08
5.35839867785e-07
-9.67019080102e-08
4.87210159287e-07
-8.73003540708e-08
4.63411442004e-07
-7.21129556337e-08
4.57088427128e-07
-5.41246546606e-08
4.65279272516e-07
-3.16706576999e-08
5.02667906649e-07
-9.85156694645e-09
5.67862919826e-07
1.12212175105e-08
6.01262854766e-07
3.27595841253e-08
6.204326096e-07
5.38591911567e-08
6.29546115085e-07
7.44263869677e-08
6.27780910239e-07
9.27346450291e-08
6.01768252649e-07
1.02170286619e-07
4.99985801847e-07
1.0014997081e-07
4.03030960565e-07
9.32722663125e-08
3.62812755717e-07
3.54101372542e-07
8.58067909232e-08
1.83409046172e-08
6.16835472971e-07
-5.79936086603e-08
5.95080150756e-07
-8.96414478508e-08
6.01264344427e-07
-1.19638779672e-07
6.25542839213e-07
-1.33058862692e-07
5.49896206454e-07
-1.33265025846e-07
4.87986435548e-07
-1.2311696614e-07
4.53779309324e-07
-1.07192424238e-07
4.41662212356e-07
-8.72411554515e-08
4.45838333516e-07
-5.87610828482e-08
4.74756620617e-07
-2.60682613533e-08
5.35825672412e-07
-6.76551387164e-10
5.76559272622e-07
2.35343550753e-08
5.96948584903e-07
4.74048987643e-08
6.06425224606e-07
7.05879570624e-08
6.05401974023e-07
9.40128148989e-08
5.79159735068e-07
1.09705512592e-07
4.85049249853e-07
1.10117156825e-07
4.03130984284e-07
1.03932273346e-07
3.69270293553e-07
3.62365012782e-07
9.58154554326e-08
1.49686367919e-07
6.24987972184e-07
3.19091052063e-08
7.0053444071e-07
-5.08059521115e-08
6.81128654985e-07
-1.0109164755e-07
6.76156459726e-07
-1.18596314756e-07
5.68032593173e-07
-1.22524135383e-07
4.92495809268e-07
-1.16727584323e-07
4.4850463005e-07
-1.05274512094e-07
4.30700074716e-07
-8.85468888227e-08
4.29599992566e-07
-6.23200784007e-08
4.49062837875e-07
-2.48888893923e-08
4.99028952358e-07
1.16405045907e-09
5.51199253808e-07
2.4823313954e-08
5.74012267866e-07
4.76075142738e-08
5.84410159633e-07
7.09982042955e-08
5.82797332391e-07
9.8697222696e-08
5.52302653118e-07
1.18120254464e-07
4.66362348682e-07
1.19673608325e-07
4.02069937594e-07
1.131922087e-07
3.76021765583e-07
3.71586801999e-07
1.04118440026e-07
1.58569776556e-07
6.21054523806e-07
1.19449958517e-07
7.23565001905e-07
4.06529831279e-08
7.56082372766e-07
-4.46670352895e-08
7.61178547221e-07
-7.4992904087e-08
5.98886284877e-07
-8.67828061854e-08
5.04848717614e-07
-8.7288921504e-08
4.49522101715e-07
-8.17148392184e-08
4.25596348129e-07
-7.11489150527e-08
4.19485151123e-07
-5.25787594562e-08
4.30966680289e-07
-2.00726558705e-08
4.67096135479e-07
9.7685273468e-09
5.22046752108e-07
3.09671768699e-08
5.53542721879e-07
5.2207783971e-08
5.63922813257e-07
7.48686647241e-08
5.60942968411e-07
1.06617933454e-07
5.21370678002e-07
1.24972493216e-07
4.48680773461e-07
1.25935370138e-07
4.01548130087e-07
1.19032062226e-07
3.8317684529e-07
3.81568741299e-07
1.09193789605e-07
1.57418658574e-07
6.21642130031e-07
1.17340237725e-07
7.47008864066e-07
7.68976922501e-08
7.92206466533e-07
2.19906426003e-08
8.15696233832e-07
-2.31208181801e-08
6.44430359431e-07
-4.61914805559e-08
5.28444751183e-07
-5.44056500258e-08
4.58232854565e-07
-5.49180910427e-08
4.26549033729e-07
-5.10260651688e-08
4.15994240533e-07
-4.15412623004e-08
4.21883644889e-07
-1.97033628412e-08
4.45738783941e-07
1.17006092487e-08
4.91279609965e-07
3.63558830784e-08
5.2960519834e-07
5.85345769717e-08
5.4250583442e-07
8.52042450827e-08
5.35059617679e-07
1.15381298539e-07
4.91952506379e-07
1.28253968796e-07
4.36392070614e-07
1.26743946172e-07
4.03433899035e-07
1.19227915381e-07
3.90912480071e-07
3.9165478531e-07
1.09271332186e-07
1.61060869435e-07
6.15765523828e-07
1.42250661631e-07
7.47895360607e-07
1.21655380221e-07
8.07184545596e-07
9.3942819909e-08
8.42513113231e-07
3.34292968453e-08
7.05290355141e-07
-1.4422328805e-09
5.63850373552e-07
-1.86586434779e-08
4.75937168421e-07
-2.70828897711e-08
4.35384118626e-07
-3.07228788624e-08
4.1998353809e-07
-2.92876397651e-08
4.2077712723e-07
-1.8968975455e-08
4.35797975925e-07
6.94230290498e-09
4.65894751847e-07
3.68594485411e-08
5.00359723972e-07
6.5453622316e-08
5.14642140865e-07
9.65017672291e-08
5.04764227251e-07
1.19617399134e-07
4.69501394843e-07
1.25394078217e-07
4.31107328817e-07
1.21023218117e-07
4.08121350318e-07
1.13046888844e-07
3.99074245675e-07
4.01198614266e-07
1.03611936523e-07
1.83301612226e-07
5.89879577376e-07
1.80042128776e-07
7.3048570387e-07
1.86458762319e-07
7.93200299395e-07
1.91270156916e-07
8.35542774665e-07
9.82960130737e-08
7.98249790007e-07
5.4281942169e-08
6.08347365517e-07
2.72835733781e-08
5.0341657239e-07
1.0645768245e-08
4.52427802607e-07
-7.43789637532e-10
4.31698493547e-07
-7.52496643579e-09
4.27824698915e-07
-6.88053852232e-09
4.35435569591e-07
7.57653113106e-09
4.51812864953e-07
3.51357319001e-08
4.73329161727e-07
6.64131348102e-08
4.83982536461e-07
9.62279467574e-08
4.75568294284e-07
1.12465003908e-07
4.53805889214e-07
1.13761635458e-07
4.3022217902e-07
1.08292342976e-07
4.13863143545e-07
1.01007067245e-07
4.06516295329e-07
4.09385564552e-07
9.29082848493e-08
1.75147382664e-07
5.70489608472e-07
1.73696009855e-07
7.12145170893e-07
1.83170789383e-07
7.75721101455e-07
1.91339521535e-07
8.24920342232e-07
1.65516753056e-07
8.2374749948e-07
1.2024459769e-07
6.53990089692e-07
8.46172489944e-08
5.3951395686e-07
6.11535946334e-08
4.76302467267e-07
4.40473337357e-08
4.49132632394e-07
3.06799170972e-08
4.41443291573e-07
2.28086919348e-08
4.43522000736e-07
2.35293438733e-08
4.5133937826e-07
3.85501230187e-08
4.58647858319e-07
6.21848355296e-08
4.60776374484e-07
8.38605985533e-08
4.54340674156e-07
9.50896160784e-08
4.4299956201e-07
9.53950921752e-08
4.30268413731e-07
9.09540035225e-08
4.18548436235e-07
8.5474769362e-08
4.12130829019e-07
4.15673710195e-07
7.92575988128e-08
1.81151961782e-07
5.47987737587e-07
1.86720044179e-07
6.85412461417e-07
2.00918628465e-07
7.52757966372e-07
2.17609806377e-07
8.04985902388e-07
2.19619725267e-07
8.20998441471e-07
1.84471475826e-07
6.8933735264e-07
1.47689222043e-07
5.76736031646e-07
1.19268111317e-07
5.05146792837e-07
9.79859042956e-08
4.70756171454e-07
8.08853011413e-08
4.58798791831e-07
6.70083980117e-08
4.57594601269e-07
5.68027097915e-08
4.61739627862e-07
5.45939736214e-08
4.61077981308e-07
6.19181805076e-08
4.53721774616e-07
7.1855490412e-08
4.44718807621e-07
7.75235855526e-08
4.37665269777e-07
7.74391038243e-08
4.30664807701e-07
7.41814106082e-08
4.22033561537e-07
7.02098588556e-08
4.16222374213e-07
4.20490420807e-07
6.54514022218e-08
1.78840157489e-07
5.25941457035e-07
1.85179188103e-07
6.57384835364e-07
2.02627833302e-07
7.25414345684e-07
2.28481941152e-07
7.7539400914e-07
2.44380331811e-07
8.03984605714e-07
2.28672108655e-07
7.05085275852e-07
2.02268323012e-07
6.03533252e-07
1.7524326296e-07
5.32602235249e-07
1.51813800092e-07
4.94546500754e-07
1.31820020859e-07
4.7905978821e-07
1.14122718713e-07
4.75487506479e-07
9.7746704357e-08
4.78304173054e-07
8.35252533152e-08
4.75499111687e-07
7.39066146713e-08
4.63554059284e-07
6.99667712201e-08
4.48903461011e-07
6.80283841043e-08
4.39886787594e-07
6.51895898791e-08
4.33786658212e-07
6.13885715051e-08
4.26049773435e-07
5.75663026859e-08
4.20153083437e-07
4.24948557286e-07
5.31573069783e-08
1.55143134083e-07
5.31399485058e-07
1.68677722812e-07
6.22549837716e-07
1.87890091454e-07
6.96258988616e-07
2.12411612829e-07
7.46859651849e-07
2.41224106181e-07
7.73980255293e-07
2.50557946317e-07
6.95693653015e-07
2.38615029012e-07
6.15811110593e-07
2.17670811678e-07
5.53960959334e-07
1.95004507479e-07
5.17578481754e-07
1.73158119978e-07
5.01180848508e-07
1.52304446048e-07
4.96537350054e-07
1.31839456064e-07
4.98956562219e-07
1.11515369626e-07
4.96021255488e-07
9.17813955522e-08
4.83498183682e-07
7.56753373686e-08
4.65233452637e-07
6.50777382773e-08
4.50738027956e-07
5.71510667512e-08
4.41974685538e-07
5.12425197583e-08
4.32160777802e-07
4.65678043363e-08
4.24924985356e-07
4.29885238217e-07
4.16730715749e-08
8.14685275026e-08
6.14392197851e-07
9.31685244807e-08
5.95302880672e-07
1.28316252988e-07
6.53384224715e-07
1.73425229039e-07
6.98483397126e-07
2.36663542716e-07
7.09604939381e-07
2.62001589511e-07
6.70227284653e-07
2.61098766854e-07
6.17003148816e-07
2.45826173192e-07
5.69626984369e-07
2.24736507009e-07
5.39025871087e-07
2.02028578622e-07
5.24160431182e-07
1.78758837273e-07
5.20001253615e-07
1.54843469431e-07
5.23057445058e-07
1.30199480528e-07
5.20864999658e-07
1.04533929955e-07
5.09373926797e-07
7.99719160548e-08
4.90015141544e-07
6.09039064832e-08
4.70043336892e-07
4.72878311069e-08
4.55836166809e-07
3.93796840617e-08
4.40254952085e-07
3.38825575816e-08
4.30505090403e-07
4.35273303279e-07
2.85299220153e-08
6.87640299839e-08
7.09677530267e-07
6.72868029137e-08
5.84467582942e-07
1.10201346929e-07
6.04615712817e-07
1.70841891099e-07
6.35203461659e-07
2.2643727754e-07
6.5308760995e-07
2.57901288034e-07
6.38691765911e-07
2.66723614462e-07
6.08463881332e-07
2.58127206969e-07
5.78596538e-07
2.40181835764e-07
5.5731027661e-07
2.18127907873e-07
5.46470145973e-07
1.93179618796e-07
5.45134703936e-07
1.66800538634e-07
5.49624002193e-07
1.3890072741e-07
5.48961433841e-07
1.08556312127e-07
5.39926159799e-07
7.75966764143e-08
5.21194968466e-07
4.97189522623e-08
4.98150196137e-07
3.0525195848e-08
4.75267567747e-07
2.17437897081e-08
4.4919961926e-07
1.60541575395e-08
4.36260043338e-07
4.40262257881e-07
1.10948598306e-08
1.1332006262e-07
7.55487118431e-07
1.05564351275e-07
5.79551914944e-07
1.31449410761e-07
5.7406492988e-07
1.72467858015e-07
5.92301103974e-07
2.16177347063e-07
6.08785899639e-07
2.4750054477e-07
6.07393352712e-07
2.60439366694e-07
5.95801788204e-07
2.57004877373e-07
5.82365914113e-07
2.42952075619e-07
5.71659782808e-07
2.22504250552e-07
5.67136640016e-07
1.9648614056e-07
5.71328176949e-07
1.69180915717e-07
5.7711081286e-07
1.39263418642e-07
5.79076034622e-07
1.05082314974e-07
5.74316111735e-07
6.62757358517e-08
5.60222221207e-07
2.72317254826e-08
5.3744487688e-07
3.90493326575e-09
4.98831482938e-07
-4.53821898807e-09
4.57774738606e-07
-9.27364126113e-09
4.41044309723e-07
4.43237963525e-07
-1.22237673901e-08
1.52650163249e-07
7.5645983979e-07
1.42920443042e-07
5.72674227019e-07
1.57133168873e-07
5.54619628184e-07
1.85215398111e-07
5.62553981137e-07
2.1700007376e-07
5.76580592607e-07
2.4064579117e-07
5.83817254238e-07
2.51129626761e-07
5.85564707484e-07
2.49024754473e-07
5.84747469344e-07
2.37164895265e-07
5.8375341435e-07
2.16619732e-07
5.87857760004e-07
1.92132961967e-07
5.95986215349e-07
1.66882732228e-07
6.02550518713e-07
1.37911757722e-07
6.08248958294e-07
9.86463157576e-08
6.13798585836e-07
4.17458228939e-08
6.17384139034e-07
-7.53188371847e-09
5.87029238938e-07
-3.20762715171e-08
5.23617033611e-07
-3.99498841507e-08
4.65751128086e-07
-4.19371303608e-08
4.43071848649e-07
4.42254855058e-07
-4.09302014709e-08
1.86430129284e-07
7.19016843948e-07
1.80415943458e-07
5.57769092219e-07
1.85710122714e-07
5.42458815836e-07
1.98098130836e-07
5.48167764294e-07
2.13110279201e-07
5.61128283749e-07
2.24851086045e-07
5.72127023752e-07
2.29786266471e-07
5.80821098121e-07
2.2747170333e-07
5.87267470814e-07
2.16044133092e-07
5.9535291582e-07
1.98661469835e-07
6.05404038689e-07
1.82111745753e-07
6.12718191717e-07
1.66244702635e-07
6.18610415544e-07
1.4057423623e-07
6.34128145258e-07
8.50611894165e-08
6.69586255386e-07
8.26662799456e-09
6.94587858383e-07
-4.80690810534e-08
6.4377453074e-07
-7.39743973158e-08
5.49771338289e-07
-8.11831029306e-08
4.73055839449e-07
-7.84982706377e-08
4.40426393142e-07
4.35704909477e-07
-7.19244821291e-08
2.05177602961e-07
6.6464054198e-07
1.97886290385e-07
5.43441560168e-07
1.90680009578e-07
5.42164474949e-07
1.83433496931e-07
5.53250587804e-07
1.79921037651e-07
5.64181886123e-07
1.78813345798e-07
5.73265782418e-07
1.77122843734e-07
5.8265958616e-07
1.74067913209e-07
5.90474791397e-07
1.65671353312e-07
6.03904630544e-07
1.58560945487e-07
6.12688490978e-07
1.55584652809e-07
6.1588175297e-07
1.46435684286e-07
6.27956096728e-07
1.11278164162e-07
6.6956957974e-07
4.76585502041e-08
7.33702690765e-07
-1.63588763765e-08
7.59246221557e-07
-7.1507002124e-08
6.9946905842e-07
-1.06850826146e-07
5.85433239775e-07
-1.17814376339e-07
4.84143630924e-07
-1.11398018521e-07
4.34056805802e-07
4.23611549833e-07
-9.92776319253e-08
2.01652716151e-07
6.15851122911e-07
1.76009188441e-07
5.5113809711e-07
1.49203848252e-07
5.62703324166e-07
1.22497345871e-07
5.78204285631e-07
1.04133734742e-07
5.82259358129e-07
9.38227936234e-08
5.83676026494e-07
8.65961537927e-08
5.90058711101e-07
7.89019599784e-08
5.98335178076e-07
7.13521953072e-08
6.11635740979e-07
6.59069575382e-08
6.18328608952e-07
5.79230905335e-08
6.24076257083e-07
3.36870177913e-08
6.52511294482e-07
-6.88446191291e-09
7.1070222719e-07
-2.94978000414e-08
7.57050740511e-07
-3.96205680309e-08
7.70144485502e-07
-7.09825023309e-08
7.31552458183e-07
-1.13339375272e-07
6.28319287158e-07
-1.33712194858e-07
5.04769273763e-07
-1.29989456118e-07
4.30419824216e-07
4.09196415537e-07
-1.15535294331e-07
1.84559361923e-07
5.86380126398e-07
1.36916707291e-07
5.83283810297e-07
9.18379710479e-08
6.02603910217e-07
4.88319681445e-08
6.19867971053e-07
1.69981631478e-08
6.13945706202e-07
-3.52808747275e-09
6.04355634881e-07
-2.28913405126e-08
6.09636047316e-07
-4.96981206688e-08
6.25361691541e-07
-8.30925923404e-08
6.45266557069e-07
-1.19725801496e-07
6.55234890478e-07
-1.55289452928e-07
6.6002942837e-07
-1.80271282907e-07
6.78061147888e-07
-1.71949268196e-07
7.03083682087e-07
-1.41298746673e-07
7.27166975981e-07
-1.09700906717e-07
7.39355127894e-07
-9.81671607952e-08
7.20842601444e-07
-1.13762519044e-07
6.44663550414e-07
-1.29718874486e-07
5.21212574957e-07
-1.29831434135e-07
4.30726381455e-07
3.96260910938e-07
-1.16825983623e-07
1.7511220399e-07
5.76418285772e-07
1.32725048006e-07
6.10904280562e-07
9.05449703773e-08
6.38443804246e-07
4.43853955582e-08
6.63943951842e-07
-3.42201905626e-09
6.61416629033e-07
-5.20307125549e-08
6.53200169779e-07
-1.09409850904e-07
6.67407644622e-07
-1.83689095216e-07
7.00071446261e-07
-2.72518839158e-07
7.34591332918e-07
-3.5489630759e-07
7.38188111164e-07
-3.89999686286e-07
6.95772711602e-07
-3.7110006022e-07
6.59843223536e-07
-3.21908554264e-07
6.54607937472e-07
-2.62291406608e-07
6.68316968877e-07
-2.05678635725e-07
6.83556986558e-07
-1.61030244974e-07
6.77041765366e-07
-1.31114741595e-07
6.15573176405e-07
-1.20401714265e-07
5.11159957715e-07
-1.14327135641e-07
4.25006392553e-07
3.85659307804e-07
-1.0359489971e-07
2.1251255103e-07
5.1689060317e-07
1.60242481405e-07
6.36779916723e-07
1.01007024063e-07
6.87811164292e-07
3.44880449311e-08
7.27729855626e-07
-4.27763086293e-08
7.38445782439e-07
-1.32496832368e-07
7.43568588835e-07
-2.36626074921e-07
7.72333522249e-07
-3.49155250281e-07
8.13428456569e-07
-4.62288922648e-07
8.48595424341e-07
-5.29380404878e-07
8.06159924549e-07
-5.24307415975e-07
6.91518158441e-07
-4.74845149996e-07
6.1113723222e-07
-4.08275037335e-07
5.88786537723e-07
-3.33872983761e-07
5.94700071896e-07
-2.61106526769e-07
6.11630008725e-07
-1.92730045224e-07
6.09551959236e-07
-1.38974738565e-07
5.62672881211e-07
-1.04854601664e-07
4.77767338871e-07
-8.78204096324e-08
4.08444395495e-07
3.75941717944e-07
-7.78956760778e-08
1.74257765974e-07
4.83137903489e-07
1.34538004203e-07
6.55101094263e-07
8.98811715323e-08
7.24339508199e-07
4.56525644861e-08
7.69775410961e-07
-2.40438452726e-08
8.08104766598e-07
-1.23374174836e-07
8.43642771996e-07
-2.34930592736e-07
8.84803090419e-07
-3.43279915907e-07
9.2272947413e-07
-4.32853631873e-07
9.39161675842e-07
-5.11732065942e-07
8.86057033327e-07
-4.80909269388e-07
6.6165959135e-07
-4.2719226379e-07
5.58287174989e-07
-3.65695688764e-07
5.28108427004e-07
-2.99657412186e-07
5.2949248127e-07
-2.28842663392e-07
5.41692821701e-07
-1.59993684362e-07
5.41607785333e-07
-1.05953698386e-07
5.09529653379e-07
-7.00508152322e-08
4.42628852998e-07
-5.15342204755e-08
3.90452141792e-07
3.67896470494e-07
-4.32256644982e-08
1.3470822394e-07
4.9190666614e-07
8.73109913651e-08
6.84563409708e-07
4.68139371108e-08
7.59024397654e-07
5.67166097302e-09
8.09574613939e-07
-4.29774137065e-08
8.56980939347e-07
-1.03996328736e-07
9.05452311034e-07
-1.73479562914e-07
9.55188540193e-07
-2.45252593757e-07
9.9544312328e-07
-2.90379613076e-07
9.85253669293e-07
-3.19629324924e-07
9.16283732743e-07
-2.93335525452e-07
6.36309254781e-07
-2.60074638574e-07
5.25902906412e-07
-2.23121833184e-07
4.91989965025e-07
-1.8245205178e-07
4.89670770119e-07
-1.34887996995e-07
4.95015105974e-07
-8.76074567638e-08
4.95246895638e-07
-4.68863231463e-08
4.69726073463e-07
-2.11235465536e-08
4.17648379277e-07
-9.41212589648e-09
3.79280801363e-07
3.64184255206e-07
-5.41374083388e-09
1.19375279683e-07
5.15123586615e-07
7.05261458957e-08
7.17390788984e-07
2.9502697906e-08
7.95668733398e-07
-1.13715526773e-08
8.49993967314e-07
-5.87533020625e-08
9.04934849987e-07
-1.14809960542e-07
9.62358320791e-07
-1.79683998324e-07
1.02097931653e-06
-2.49489978518e-07
1.06620214342e-06
-3.0134844268e-07
1.0380832364e-06
-1.52412249374e-07
7.68307702053e-07
-1.13820779759e-07
5.98634064111e-07
-9.35695464046e-08
5.06506671301e-07
-7.75893234116e-08
4.76834744243e-07
-6.06791113804e-08
4.73615631039e-07
-3.82522133084e-08
4.73477976708e-07
-1.31887644508e-08
4.71114286365e-07
1.1609346172e-08
4.4584916785e-07
2.62575306505e-08
4.03770988537e-07
3.07591713589e-08
3.75306251946e-07
3.65331001287e-07
2.99005118136e-08
1.23179219291e-07
5.3611595819e-07
7.93333419062e-08
7.45710154088e-07
4.46090253723e-08
8.26935665587e-07
1.06792227929e-08
8.84081092839e-07
-2.56579380835e-08
9.42125454759e-07
-6.61668446328e-08
1.0037580155e-06
-1.0925786222e-07
1.06499017713e-06
-1.40908867783e-07
1.09880516872e-06
-1.21152459778e-07
1.01927240465e-06
-3.86964100951e-08
6.86756328582e-07
3.04414636676e-09
5.57747512518e-07
1.77147350143e-08
4.92638343702e-07
2.31733950724e-08
4.72180430505e-07
2.70814252609e-08
4.70563947334e-07
3.40154875729e-08
4.67438483697e-07
4.48532673617e-08
4.61210339926e-07
5.79244689186e-08
4.33678332005e-07
6.45222703209e-08
3.97901977536e-07
6.40421193614e-08
3.76272763952e-07
3.7004841721e-07
5.95960359712e-08
1.28401720264e-07
5.49216413344e-07
9.35244953786e-08
7.64905120527e-07
6.73552266934e-08
8.49591983362e-07
4.2565665399e-08
9.09252087232e-07
1.47624792895e-08
9.70989944103e-07
-1.7640938437e-08
1.03713553808e-06
-5.59438778563e-08
1.10424462205e-06
-8.837836541e-08
1.13219803742e-06
3.0302695046e-09
9.28785561288e-07
4.4267241987e-08
6.46359395884e-07
7.01505653445e-08
5.32636242501e-07
7.85866005768e-08
4.84947221444e-07
8.04794290672e-08
4.71068116878e-07
8.0746744683e-08
4.71151029642e-07
8.11841135492e-08
4.67899548816e-07
8.59433824974e-08
4.57389287656e-07
9.21302890051e-08
4.28359126791e-07
9.35509484788e-08
3.97157532103e-07
8.98183974707e-08
3.80445645213e-07
3.77104416935e-07
8.30096729509e-08
1.40958243421e-07
5.50676161102e-07
1.18806977389e-07
7.69391995656e-07
1.06905821231e-07
8.56758171192e-07
9.77146781112e-08
9.18181671525e-07
8.91860920426e-08
9.80397875954e-07
8.03506330726e-08
1.04694855894e-06
7.14700135153e-08
1.11407939702e-06
7.19491526128e-08
1.13266208172e-06
1.01806912202e-07
8.99818478998e-07
1.04626793892e-07
6.44337529904e-07
1.10432532003e-07
5.27548190797e-07
1.12601294299e-07
4.83488356347e-07
1.12959387536e-07
4.71469450164e-07
1.13356495377e-07
4.71596632636e-07
1.12957008225e-07
4.69204276602e-07
1.15671088006e-07
4.55596371394e-07
1.17657262648e-07
4.2719872056e-07
1.15608347152e-07
3.9983094884e-07
1.09766607145e-07
3.86686378884e-07
3.85677097946e-07
1.01420117428e-07
1.51257770455e-07
5.39821705993e-07
1.41912864461e-07
7.59486257204e-07
1.42812764533e-07
8.49382126192e-07
1.47994403186e-07
9.11863154486e-07
1.54979449191e-07
9.73919066213e-07
1.62671305143e-07
1.04013647097e-06
1.71008460026e-07
1.10667536944e-06
1.80418282443e-07
1.12418386761e-06
1.7433138316e-07
9.06787034878e-07
1.55874395286e-07
6.63589206956e-07
1.45758528783e-07
5.38376104009e-07
1.41430753574e-07
4.8851110231e-07
1.39107568769e-07
4.74535916396e-07
1.38755260842e-07
4.72772685294e-07
1.39026375279e-07
4.69823504255e-07
1.39758060965e-07
4.55757741156e-07
1.38326738028e-07
4.29417675653e-07
1.33496806418e-07
4.05245104227e-07
1.25992174111e-07
3.94558574007e-07
3.95345688475e-07
1.16533452224e-07
1.59361616756e-07
5.22123443574e-07
1.58144057109e-07
7.39926784558e-07
1.68259906089e-07
8.31622008639e-07
1.83495047372e-07
8.94553380708e-07
2.01460405297e-07
9.56032729163e-07
2.21685256914e-07
1.02063075788e-06
2.44174943486e-07
1.08506932976e-06
2.62894250651e-07
1.10637973537e-06
2.27019855396e-07
9.43538159232e-07
1.97490825886e-07
6.93916552713e-07
1.79017945622e-07
5.57563978296e-07
1.69750298893e-07
4.9846530446e-07
1.64714169292e-07
4.80300566113e-07
1.62919293377e-07
4.75367924644e-07
1.62449560922e-07
4.7115472723e-07
1.60901925545e-07
4.58170182654e-07
1.56494154057e-07
4.3458718074e-07
1.49239332905e-07
4.13060470686e-07
1.40169647059e-07
4.03976430111e-07
4.06041014826e-07
1.29672749014e-07
1.62553851243e-07
5.00744307945e-07
1.65873536435e-07
7.15018301611e-07
1.81232884161e-07
8.07234690591e-07
2.02013336628e-07
8.70845143486e-07
2.26434180711e-07
9.31127309768e-07
2.53850798372e-07
9.93667642082e-07
2.83499766791e-07
1.05618387363e-06
3.06523964543e-07
2.67786604765e-07
2.33025976779e-07
2.09293695867e-07
1.96570323584e-07
1.8967627639e-07
1.8613380005e-07
1.83734325567e-07
1.79954140105e-07
1.73114259517e-07
1.63807306898e-07
1.53208852316e-07
1.41595546002e-07
1.62896526215e-07
1.66448953001e-07
1.82123356864e-07
2.03940679261e-07
2.28832240679e-07
2.55775848216e-07
2.4772411983e-09
2.59002778158e-07
2.25083554043e-09
2.46821193709e-07
2.00689924434e-09
2.35097482247e-07
1.80716534268e-09
2.23710527411e-07
1.66006751489e-09
2.12872722831e-07
1.53637060396e-09
2.02781298057e-07
1.40482442505e-09
1.93367001721e-07
1.25569000747e-09
1.84451378932e-07
1.09055287221e-09
1.75939180122e-07
9.14312928929e-10
1.6778107988e-07
7.32880117454e-10
1.59783678268e-07
5.63403218393e-10
1.50053730517e-07
3.80101557309e-10
1.32684617521e-07
1.76907615171e-10
1.11058828591e-07
5.06320632304e-11
9.04592125949e-08
1.26291602578e-11
7.15849598616e-08
5.52652505265e-08
1.26210315343e-08
3.07465831413e-07
1.10243775244e-08
2.88858662598e-07
9.88493987643e-09
2.73345553857e-07
8.94312305571e-09
2.59952864653e-07
8.03290712255e-09
2.4773768637e-07
7.12505072984e-09
2.36009135575e-07
6.29900124313e-09
2.24538098779e-07
5.59281757053e-09
2.13579223633e-07
4.96918479917e-09
2.03404981172e-07
4.38099159256e-09
1.93955194592e-07
3.81010173903e-09
1.85022291746e-07
3.25291025028e-09
1.76496372997e-07
2.71062860859e-09
1.68323384583e-07
2.18743409288e-09
1.60306877979e-07
1.70716896486e-09
1.50534019426e-07
1.24530334775e-09
1.33146481147e-07
7.82364307606e-10
1.11521806804e-07
4.17667675521e-10
9.08239278164e-08
1.73926567595e-10
7.18287234991e-08
5.54391787444e-08
2.15871344172e-08
3.10755841048e-07
1.90670003858e-08
2.91399573607e-07
1.7116799719e-08
2.75308435763e-07
1.54883875269e-08
2.61590708113e-07
1.3979114164e-08
2.49254604674e-07
1.24886369002e-08
2.3750499495e-07
1.10641842311e-08
2.25965159386e-07
9.79024700513e-09
2.14853833972e-07
8.64895483506e-09
2.04546366299e-07
7.58266684846e-09
1.95021483817e-07
6.56474713118e-09
1.8604022846e-07
5.5880762999e-09
1.77473047267e-07
4.65112732819e-09
1.69260349855e-07
3.75703450604e-09
1.61200980799e-07
2.93832711864e-09
1.51352740821e-07
2.17762832435e-09
1.33907212723e-07
1.43778592282e-09
1.12261658142e-07
8.17386934639e-10
9.14443754377e-08
3.51409704696e-10
7.22947501737e-08
5.57905898e-08
3.02989964378e-08
3.14751974169e-07
2.69895950072e-08
2.94734226245e-07
2.42978493932e-08
2.78014854448e-07
2.20248470055e-08
2.63874083952e-07
1.99507860473e-08
2.5133715966e-07
1.79378337386e-08
2.39524526148e-07
1.59660223822e-08
2.27940776492e-07
1.4134862922e-08
2.16686220471e-07
1.24708439701e-08
2.06210579656e-07
1.09173513601e-08
1.9657498368e-07
9.43913906868e-09
1.87518462649e-07
8.0269380408e-09
1.78885252662e-07
6.67764189222e-09
1.70609667437e-07
5.39429015033e-09
1.62484342644e-07
4.22098394389e-09
1.52526069348e-07
3.1509311291e-09
1.34977274844e-07
2.1258419068e-09
1.13286787497e-07
1.23959795265e-09
9.23306560617e-08
5.39448670612e-10
7.29949404087e-08
5.63300399951e-08
3.90900377088e-08
3.19326376157e-07
3.5045545192e-08
2.98809925931e-07
3.1608207105e-08
2.81469756243e-07
2.86761068284e-08
2.66817682555e-07
2.60167867572e-08
2.54005616114e-07
2.34737573448e-08
2.42074926585e-07
2.09774076506e-08
2.30442007973e-07
1.85964406158e-08
2.19069129551e-07
1.64012315621e-08
2.08406159406e-07
1.43497256582e-08
1.98626510511e-07
1.23985342251e-08
1.89469677146e-07
1.05367982009e-08
1.80746996503e-07
8.76049279118e-09
1.72385995322e-07
7.07335741261e-09
1.64171491281e-07
5.53416510941e-09
1.5406528085e-07
4.14936786711e-09
1.36362101016e-07
2.83566973347e-09
1.14600500817e-07
1.6783219979e-09
9.34880478031e-08
7.35879460294e-10
7.39374289094e-08
5.70659209828e-08
4.83819854686e-08
3.24459008999e-07
4.35816397292e-08
3.03649455563e-07
3.93126204021e-08
2.85760795977e-07
3.56291085188e-08
2.7051444647e-07
3.23130555269e-08
2.57331531412e-07
2.91774938754e-08
2.45218468664e-07
2.61287705109e-08
2.33496506839e-07
2.3186094464e-08
2.22014564596e-07
2.04387096412e-08
2.11154197589e-07
1.78692590915e-08
2.01196006934e-07
1.54274189538e-08
1.91911544085e-07
1.30997124582e-08
1.83074710357e-07
1.08811473982e-08
1.74604586703e-07
8.77651775709e-09
1.66276134598e-07
6.86257043618e-09
1.5597925557e-07
5.16093871575e-09
1.38063749096e-07
3.55933693146e-09
1.16202143431e-07
2.12946449734e-09
9.49179623433e-08
9.39336006204e-10
7.51276038304e-08
5.80052588627e-08
5.83361967416e-08
3.30197639005e-07
5.27598765724e-08
3.09274589452e-07
4.75624166461e-08
2.9098668715e-07
4.29859650524e-08
2.751070051e-07
3.89003828516e-08
2.61428020173e-07
3.50830929473e-08
2.49044349786e-07
3.14202121622e-08
2.37165921737e-07
2.78862418773e-08
2.25552153382e-07
2.4558246503e-08
2.14483247858e-07
2.1444848252e-08
2.04309503517e-07
1.84925995208e-08
1.94863821989e-07
1.5682857542e-08
1.85884463225e-07
1.30088361544e-08
1.77278636542e-07
1.04763522581e-08
1.68808635463e-07
8.18343673977e-09
1.58272195849e-07
6.16809842077e-09
1.40079118901e-07
4.2846344226e-09
1.18085632565e-07
2.5862392194e-09
9.66164108618e-08
1.14737030408e-09
7.65665297447e-08
5.9152631507e-08
6.86333432007e-08
3.36631440987e-07
6.23180620192e-08
3.15648156006e-07
5.61968701317e-08
2.97144088114e-07
5.06300187302e-08
2.80694169665e-07
4.56629178462e-08
2.66407589804e-07
4.10788452108e-08
2.53637728656e-07
3.67395192179e-08
2.41512458678e-07
3.25857035044e-08
2.29710419261e-07
2.86581492858e-08
2.1841236928e-07
2.49829911019e-08
2.07984847813e-07
2.15091543683e-08
1.98337695104e-07
1.82110304585e-08
1.89182599137e-07
1.50787584073e-08
1.80410942115e-07
1.21189309366e-08
1.71768483378e-07
9.45406208278e-09
1.60937099683e-07
7.13826344795e-09
1.42394947248e-07
4.98854998646e-09
1.20235396378e-07
3.03482702638e-09
9.85701998628e-08
1.35418058775e-09
7.82472469738e-08
6.05068146991e-08
7.86337772308e-08
3.4389685917e-07
7.15921636549e-08
3.22754715888e-07
6.4663438795e-08
3.04116090969e-07
5.81503574125e-08
2.87232521595e-07
5.22601243723e-08
2.72312383406e-07
4.6866821111e-08
2.59041167484e-07
4.18226673539e-08
2.46564420833e-07
3.70464137887e-08
2.34491833721e-07
3.2532348858e-08
2.2292855078e-07
2.83049946267e-08
2.12212519663e-07
2.43224067801e-08
2.02320328339e-07
2.05526778527e-08
1.92952346754e-07
1.69815416234e-08
1.83982117398e-07
1.36162275898e-08
1.75133822732e-07
1.06064228202e-08
1.63946938298e-07
8.02008263661e-09
1.44981321806e-07
5.63428557e-09
1.22621239543e-07
3.45233116164e-09
1.00752226268e-07
1.54958007997e-09
8.01500779327e-08
6.20563985681e-08
8.76401624395e-08
3.52167322784e-07
7.97661618222e-08
3.30696302906e-07
7.21295930246e-08
3.11799938118e-07
6.48480827893e-08
2.94543260575e-07
5.81300042081e-08
2.7904714473e-07
5.19722911983e-08
2.65209830397e-07
4.62619019214e-08
2.52283083176e-07
4.09108251497e-08
2.39848554403e-07
3.58735870889e-08
2.27968352427e-07
3.11506230346e-08
2.16935940486e-07
2.67121737331e-08
2.06758834688e-07
2.25242398028e-08
1.97140300247e-07
1.85674494908e-08
1.8793895067e-07
1.48499595615e-08
1.78851343273e-07
1.15503399787e-08
1.67246601336e-07
8.74563922477e-09
1.47786078136e-07
6.17300881528e-09
1.25193929298e-07
3.80780813827e-09
1.03117536601e-07
1.71934675198e-09
8.22386526108e-08
6.37757483664e-08
9.48629518408e-08
3.61518296758e-07
8.61056460846e-08
3.39521414652e-07
7.77901034136e-08
3.20163557692e-07
6.99141215072e-08
3.02449947581e-07
6.25738084999e-08
2.86405298748e-07
5.58095496018e-08
2.71985546455e-07
4.95634337781e-08
2.58537715031e-07
4.37544392738e-08
2.45663393276e-07
3.83142868288e-08
2.33411271214e-07
3.32117749312e-08
2.22039003559e-07
2.84227474928e-08
2.11547930919e-07
2.39161903268e-08
2.01646885734e-07
1.9668397004e-08
1.92186794556e-07
1.56896488748e-08
1.8283012547e-07
1.21875231207e-08
1.70748770664e-07
9.2410657992e-09
1.50732560915e-07
6.5514166089e-09
1.27883653647e-07
4.06703172822e-09
1.05602001527e-07
1.84739595714e-09
8.44583830008e-08
6.56231497362e-08
9.91438920047e-08
3.71660954346e-07
8.97591737588e-08
3.48972007521e-07
8.09632124157e-08
3.29006700894e-07
7.26968579772e-08
3.10746805468e-07
6.49729568181e-08
2.94147106221e-07
5.78342768654e-08
2.79135755604e-07
5.12634313348e-08
2.65117104149e-07
4.51877643957e-08
2.51744900442e-07
3.95230604659e-08
2.39078732191e-07
3.42090336758e-08
2.27353580626e-07
2.92235745666e-08
2.16533459094e-07
2.45414226775e-08
2.06329061741e-07
2.01362494166e-08
1.96592015871e-07
1.60223039944e-08
1.86944108322e-07
1.24336239729e-08
1.74337496749e-07
9.4427924094e-09
1.53723482857e-07
6.72317674764e-09
1.30603323713e-07
4.19993810344e-09
1.08125400774e-07
1.91943999559e-09
8.6739040879e-08
6.75425922246e-08
9.90730006877e-08
3.81943361298e-07
8.96066806651e-08
3.58497970699e-07
8.08216661253e-08
3.37834700203e-07
7.25823892491e-08
3.19014243667e-07
6.4827233383e-08
3.01919243145e-07
5.76281043001e-08
2.8634613886e-07
5.10172813434e-08
2.71736298276e-07
4.49341500458e-08
2.5783362603e-07
3.92754617782e-08
2.44739918934e-07
3.39544715501e-08
2.32675036957e-07
2.89608024576e-08
2.21527195543e-07
2.42771824856e-08
2.11012715724e-07
1.98764041156e-08
2.00992849563e-07
1.57785929838e-08
1.91041956507e-07
1.22381281962e-08
1.77878009317e-07
9.31221521394e-09
1.56649391053e-07
6.65981393919e-09
1.33255828008e-07
4.18738935184e-09
1.10597882944e-07
1.92596130035e-09
8.90005488582e-08
6.94685600567e-08
9.40173283172e-08
3.91608620211e-07
8.51162734995e-08
3.67448881462e-07
7.68912382002e-08
3.4609519751e-07
6.91607629319e-08
3.26767788971e-07
6.18130275585e-08
3.09281554571e-07
5.49575604689e-08
2.93211978925e-07
4.86611976585e-08
2.78040454517e-07
4.28743629264e-08
2.63625352244e-07
3.74737856031e-08
2.50142352776e-07
3.23708038882e-08
2.37778275645e-07
2.75792703526e-08
2.26318777048e-07
2.30861194585e-08
2.15505887789e-07
1.88659848084e-08
2.05213027062e-07
1.49472546168e-08
1.94960722258e-07
1.15949008516e-08
1.81230400475e-07
8.84420991444e-09
1.5940020736e-07
6.35620929793e-09
1.35743854761e-07
4.02523630291e-09
1.12929055339e-07
1.8647056247e-09
9.1161269485e-08
7.13332661074e-08
8.4636574006e-08
3.99936737625e-07
7.68901168151e-08
3.75234617335e-07
6.96623424067e-08
3.53350002513e-07
6.27753724189e-08
3.33672107236e-07
5.61860235238e-08
3.15882826637e-07
5.00376992893e-08
2.99369508427e-07
4.43832256757e-08
2.83701779071e-07
3.91614710602e-08
2.68850913385e-07
3.42348368332e-08
2.55070067537e-07
2.95603565315e-08
2.42452858196e-07
2.5170648715e-08
2.30708530056e-07
2.1049240674e-08
2.19627328023e-07
1.71759325159e-08
2.09086383234e-07
1.35893187226e-08
1.98547366124e-07
1.05520339427e-08
1.84267726963e-07
8.07337446738e-09
1.61878809002e-07
5.83603150469e-09
1.37981313861e-07
3.72718060008e-09
1.15037897629e-07
1.74149534621e-09
9.31469744912e-08
7.30747677159e-08
7.26782670186e-08
4.06560404856e-07
6.63606109556e-08
3.81582408502e-07
6.03066832695e-08
3.59423921937e-07
5.44145071385e-08
3.39577525485e-07
4.87807961141e-08
3.21526655026e-07
4.35419991226e-08
3.04616396761e-07
3.87165627896e-08
2.88532856631e-07
3.42081263557e-08
2.73361886703e-07
2.98973968015e-08
2.59381268988e-07
2.58090538813e-08
2.46541224505e-07
2.19682641292e-08
2.345493436e-07
1.83560232885e-08
2.23239576691e-07
1.49589352635e-08
2.12483494329e-07
1.18253696286e-08
2.01680951759e-07
9.19968648212e-09
1.86893423387e-07
7.06534813881e-09
1.64013292045e-07
5.14348901792e-09
1.39903143198e-07
3.32020193565e-09
1.16861384055e-07
1.56903057765e-09
9.48983239792e-08
7.46437950972e-08
6.02389635397e-08
4.11808187588e-07
5.5118496683e-08
3.86726145843e-07
5.00862910943e-08
3.64471430717e-07
4.51607028155e-08
3.44514188253e-07
4.0503004287e-08
3.26193387899e-07
3.6202032728e-08
3.08924413786e-07
3.22332397968e-08
2.92505935306e-07
2.84666715907e-08
2.7712990067e-07
2.48472252129e-08
2.63000895106e-07
2.14328400362e-08
2.49955629194e-07
1.82267236344e-08
2.37755481721e-07
1.521035055e-08
2.26255969396e-07
1.23759435688e-08
2.15317925334e-07
9.7787011082e-09
2.04278204452e-07
7.62821594562e-09
1.89043929676e-07
5.88456910676e-09
1.6575681346e-07
4.32278042882e-09
1.414650321e-07
2.830298321e-09
1.18353749132e-07
1.35869015308e-09
9.63698442497e-08
7.60024892247e-08
4.85162293914e-08
4.16478207815e-07
4.40532157986e-08
3.91207722939e-07
3.97292293603e-08
3.6880808482e-07
3.56226251758e-08
3.48630753747e-07
3.18413425199e-08
3.29982871051e-07
2.84091856069e-08
3.12362492248e-07
2.52392377352e-08
2.956788354e-07
2.22046023011e-08
2.80165259341e-07
1.93179563538e-08
2.6588759551e-07
1.66209539918e-08
2.52652623264e-07
1.4099578016e-08
2.40276848677e-07
1.17348656424e-08
2.28620667482e-07
9.52202749529e-09
2.17530753078e-07
7.51860574608e-09
2.06281617364e-07
5.88475969933e-09
1.90677751416e-07
4.56401081935e-09
1.67077695057e-07
3.39397169912e-09
1.42634966049e-07
2.26851997501e-09
1.19479340726e-07
1.11534794897e-09
9.75231230363e-08
7.71178294411e-08
3.70086429518e-08
4.21166915416e-07
3.28315573974e-08
3.95400333157e-07
2.90384050713e-08
3.72612496474e-07
2.56565822617e-08
3.52021820205e-07
2.2691038628e-08
3.32955809223e-07
2.00838766666e-08
3.1497441668e-07
1.76893823061e-08
2.98075252545e-07
1.54228018146e-08
2.82432232833e-07
1.33183470122e-08
2.67992070873e-07
1.13852919766e-08
2.54585676085e-07
9.59983293122e-09
2.42062293206e-07
7.9406924944e-09
2.30279805165e-07
6.4039513186e-09
2.19067478858e-07
5.0446823154e-09
2.07640866027e-07
3.96385849818e-09
1.917585619e-07
3.09663360711e-09
1.67944732013e-07
2.35058411878e-09
1.43381061977e-07
1.62790276683e-09
1.20201775882e-07
8.33916974e-10
9.83168841701e-08
7.79517459035e-08
2.39342880529e-08
4.25783301121e-07
2.01853956473e-08
3.99162814249e-07
1.70924401592e-08
3.75715852899e-07
1.457426281e-08
3.54548614921e-07
1.25368530664e-08
3.3499975797e-07
1.08400983138e-08
3.16674889201e-07
9.32277947486e-09
2.99593853038e-07
7.94192040657e-09
2.83813328443e-07
6.71466045079e-09
2.69219310713e-07
5.62885149419e-09
2.55671454678e-07
4.65619849686e-09
2.43034896972e-07
3.77367570491e-09
2.31162287866e-07
2.97785879323e-09
2.19863243551e-07
2.31686702038e-09
2.08301811657e-07
1.82933319207e-09
1.92246027205e-07
1.45421999172e-09
1.6831992249e-07
1.1697396188e-09
1.43665361187e-07
8.92069924741e-10
1.2047945809e-07
5.0555724096e-10
9.870336896e-08
7.84572913159e-08
7.38872121454e-09
4.29507580964e-07
4.75668272634e-09
4.0180720893e-07
2.91006086331e-09
3.77572265173e-07
1.66980684134e-09
3.55796923513e-07
8.70135187504e-10
3.3580520887e-07
3.29764553808e-10
3.1721827691e-07
-8.15800372771e-11
3.00006178996e-07
-3.88744367129e-10
2.84120683786e-07
-5.92858641297e-10
2.69423395868e-07
-7.11282008338e-10
2.55789852331e-07
-7.699193887e-10
2.43093477555e-07
-7.89591017036e-10
2.31181929332e-07
-7.72690390525e-10
2.19846280257e-07
-6.85700880055e-10
2.08214767719e-07
-5.45004616815e-10
1.92105275598e-07
-3.84989443515e-10
1.6815968943e-07
-1.63287017359e-10
1.43443615801e-07
5.07169864854e-11
1.20265099221e-07
1.24115780326e-10
9.86296196696e-08
7.85814005887e-08
-1.36472156264e-08
4.30947467517e-07
-1.40851210795e-08
4.02256731076e-07
-1.38826061808e-08
3.77379111554e-07
-1.32539504841e-08
3.55175885044e-07
-1.238069605e-08
3.34937240769e-07
-1.1417694582e-08
3.16257967715e-07
-1.04427317525e-08
2.99032087454e-07
-9.46791556721e-09
2.83146031885e-07
-8.49154256429e-09
2.68446968526e-07
-7.5203870715e-09
2.54818649439e-07
-6.5692227036e-09
2.42142227491e-07
-5.65055938663e-09
2.3026320538e-07
-4.76412392668e-09
2.18959754333e-07
-3.89802558488e-09
2.07348588569e-07
-3.11007282965e-09
1.91317217299e-07
-2.38202584886e-09
1.67431620948e-07
-1.62246276831e-09
1.42683824472e-07
-8.82277202069e-10
1.19524747727e-07
-3.05873248415e-10
9.80530120692e-08
7.82755138739e-08
-3.85282832119e-08
4.28561296994e-07
-3.56398708008e-08
3.99379673728e-07
-3.25769741945e-08
3.74325404321e-07
-2.95013642029e-08
3.52107725243e-07
-2.65381533747e-08
3.31979196186e-07
-2.37658310405e-08
3.13488313055e-07
-2.11910119325e-08
2.96458152154e-07
-1.87883183003e-08
2.80743521423e-07
-1.65314196101e-08
2.66190017399e-07
-1.44043132149e-08
2.52691496294e-07
-1.24019843247e-08
2.4013980393e-07
-1.05220529566e-08
2.28383217144e-07
-8.75821457019e-09
2.17195810282e-07
-7.11969800899e-09
2.05709990006e-07
-5.6935165369e-09
1.89890942137e-07
-4.40119581538e-09
1.66139111428e-07
-3.10918930066e-09
1.41391671788e-07
-1.8467668074e-09
1.18261940001e-07
-7.59270218676e-10
9.6965110949e-08
7.75162316063e-08
-6.45516720689e-08
4.21204395529e-07
-5.75815491087e-08
3.92421039422e-07
-5.11689134873e-08
3.67922017e-07
-4.53385532599e-08
3.46284870033e-07
-4.01043850779e-08
3.26750344504e-07
-3.54356291077e-08
3.08822468514e-07
-3.12354940895e-08
2.9225908934e-07
-2.74152882036e-08
2.769235807e-07
-2.39130873086e-08
2.62687777192e-07
-2.06834938665e-08
2.4946185238e-07
-1.7695805722e-08
2.37152010728e-07
-1.49281614902e-08
2.25615505194e-07
-1.23646327599e-08
2.14632170539e-07
-1.00305398484e-08
2.03375797925e-07
-8.03218704967e-09
1.8789246988e-07
-6.23608782544e-09
1.64342871172e-07
-4.47246934907e-09
1.39627838373e-07
-2.74412436511e-09
1.16533255524e-07
-1.18928496958e-09
9.54099099982e-08
7.63269357441e-08
-8.70142702246e-08
4.08958999106e-07
-7.61460065209e-08
3.81565376279e-07
-6.66120804139e-08
3.58397898884e-07
-5.82710731209e-08
3.37951816318e-07
-5.10084332949e-08
3.1949368309e-07
-4.46898371633e-08
3.0250756249e-07
-3.91174988009e-08
2.86688347157e-07
-3.41259832122e-08
2.71932541077e-07
-2.96120526478e-08
2.58173859413e-07
-2.55007606366e-08
2.45350512545e-07
-2.17374402269e-08
2.33388580131e-07
-1.82810970995e-08
2.22159090201e-07
-1.51049888034e-08
2.11455937146e-07
-1.22443425662e-08
2.00515061971e-07
-9.81598517642e-09
1.85464001008e-07
-7.64617218882e-09
1.62172967092e-07
-5.53623510314e-09
1.37517678496e-07
-3.46021677186e-09
1.14456945579e-07
-1.54152985298e-09
9.34908900323e-08
7.47853912399e-08
-1.00376833475e-07
3.93824724135e-07
-8.71116660456e-08
3.68316095284e-07
-7.56314196701e-08
3.46929103461e-07
-6.57033817894e-08
3.28032792209e-07
-5.71407463436e-08
3.10938133507e-07
-4.97766472263e-08
2.95148402961e-07
-4.33823012202e-08
2.80296552995e-07
-3.77187248172e-08
2.66269890919e-07
-3.26336102545e-08
2.53088896998e-07
-2.80321334802e-08
2.40749023063e-07
-2.38463056331e-08
2.29202657906e-07
-2.00230462214e-08
2.18335774066e-07
-1.65273582936e-08
2.07960147014e-07
-1.33987674056e-08
1.97386379718e-07
-1.07557934968e-08
1.82820926695e-07
-8.40743015035e-09
1.59824364497e-07
-6.13605006114e-09
1.35246168189e-07
-3.88745972066e-09
1.12207921873e-07
-1.76393013817e-09
9.13669307615e-08
7.30214568707e-08
-1.01415297432e-07
3.78451153363e-07
-8.78173871544e-08
3.54741075838e-07
-7.60752646725e-08
3.35201958102e-07
-6.58999301455e-08
3.17868288245e-07
-5.71067357187e-08
3.02153360215e-07
-4.95564434451e-08
2.87604494131e-07
-4.30703661653e-08
2.73814421507e-07
-3.73908828621e-08
2.60592150563e-07
-3.23128691427e-08
2.4801132764e-07
-2.77273352288e-08
2.36163524308e-07
-2.35671292867e-08
2.25042360618e-07
-1.97796188483e-08
2.14548192107e-07
-1.63274016306e-08
2.04507817062e-07
-1.32497292521e-08
1.94308633171e-07
-1.06577288329e-08
1.80228825953e-07
-8.36885278142e-09
1.57535537065e-07
-6.160299203e-09
1.33037377249e-07
-3.95101396532e-09
1.09998551635e-07
-1.81884300032e-09
8.92346219684e-08
7.12026010695e-08
-8.99801871098e-08
3.64895489574e-07
-7.78489552578e-08
3.42644734827e-07
-6.74700936626e-08
3.24844733125e-07
-5.8450690737e-08
3.0886289685e-07
-5.0588715719e-08
2.94301517043e-07
-4.37974626617e-08
2.80821078595e-07
-3.79817753079e-08
2.6800430973e-07
-3.29544330645e-08
2.55567862846e-07
-2.84882098287e-08
2.43546172394e-07
-2.44516441864e-08
2.32127175917e-07
-2.07874820804e-08
2.21378163222e-07
-1.74564383919e-08
2.112171172e-07
-1.44263596542e-08
2.01477673257e-07
-1.17325586851e-08
1.91614773817e-07
-9.46912975367e-09
1.77965344933e-07
-7.48860329504e-09
1.55554736061e-07
-5.5747416269e-09
1.31123518946e-07
-3.62600414052e-09
1.08049416775e-07
-1.69276941407e-09
8.73010205386e-08
6.95098358606e-08
-6.76001031066e-08
3.54687603029e-07
-5.84514555495e-08
3.33546440602e-07
-5.07586732958e-08
3.17183674353e-07
-4.41165412761e-08
3.02240118819e-07
-3.82408483473e-08
2.88438407032e-07
-3.30870560161e-08
2.75676570682e-07
-2.86461837101e-08
2.63570484787e-07
-2.48454361132e-08
2.5177170333e-07
-2.15125266691e-08
2.40215312076e-07
-1.84982898633e-08
2.2911346735e-07
-1.57505967108e-08
2.18630487283e-07
-1.32513004534e-08
2.08717770098e-07
-1.09818082806e-08
1.99208111852e-07
-8.97049065719e-09
1.89603417461e-07
-7.28626091803e-09
1.76281054121e-07
-5.83807110763e-09
1.54106726308e-07
-4.42918101802e-09
1.29714448587e-07
-2.94057631465e-09
1.06560974149e-07
-1.39623736272e-09
8.57567949228e-08
6.81135913381e-08
-3.74316729662e-08
3.49007875952e-07
-3.24280032367e-08
3.28607389917e-07
-2.82776821319e-08
3.13075955361e-07
-2.47666727922e-08
2.98755734216e-07
-2.15945215737e-08
2.85282392328e-07
-1.87098094544e-08
2.72802787386e-07
-1.61773916543e-08
2.61046345528e-07
-1.40212796298e-08
2.49621599801e-07
-1.21772209031e-08
2.3837457435e-07
-1.0521110893e-08
2.2745848747e-07
-8.99731094956e-09
2.17106869518e-07
-7.60698789198e-09
2.07327456103e-07
-6.35003340356e-09
1.97951145523e-07
-5.24516520131e-09
1.88498537701e-07
-4.33064951076e-09
1.75366546932e-07
-3.58668324957e-09
1.53362528362e-07
-2.84188177361e-09
1.28969782669e-07
-1.96825628253e-09
1.05687104557e-07
-9.63010546044e-10
8.47513537445e-08
6.71505919033e-08
-4.44307188231e-09
3.48168349109e-07
-3.86147156635e-09
3.28100173156e-07
-3.4277554024e-09
3.12693117826e-07
-3.14115989331e-09
2.98502840207e-07
-2.83749922253e-09
2.84999113823e-07
-2.44338743525e-09
2.72421464133e-07
-2.05027671974e-09
2.60662540434e-07
-1.74113618479e-09
2.49319490289e-07
-1.5409192335e-09
2.38178847164e-07
-1.39280346069e-09
2.27312226724e-07
-1.24546134301e-09
2.16959917425e-07
-1.10998574604e-09
2.07191984003e-07
-1.0031775642e-09
1.9784432827e-07
-9.34111848152e-10
1.8842947577e-07
-9.07993120575e-10
1.75340421176e-07
-9.67398951516e-10
1.53422188542e-07
-9.78861417328e-10
1.28981170063e-07
-8.11570442648e-10
1.0552016697e-07
-4.39332125509e-10
8.43794373497e-08
6.671125972e-08
2.66536543293e-08
3.51552831358e-07
2.34379301616e-08
3.31395716354e-07
2.06096423681e-08
3.15577361344e-07
1.80771279185e-08
3.01074194159e-07
1.58312962862e-08
2.87269239564e-07
1.39168899309e-08
2.7435057281e-07
1.22587336275e-08
2.62330918551e-07
1.07550582009e-08
2.50830954227e-07
9.33915786519e-09
2.39600167668e-07
8.00301415356e-09
2.28651008137e-07
6.77531077606e-09
2.18188327692e-07
5.64245615702e-09
2.08324921119e-07
4.57713495093e-09
1.98909689485e-07
3.57403211365e-09
1.89432611259e-07
2.66068488056e-09
1.76253829382e-07
1.76779088707e-09
1.54314953018e-07
9.80397329838e-10
1.29768781699e-07
4.16882547769e-10
1.06083644085e-07
1.22749314059e-10
8.46735845626e-08
6.68340232351e-08
5.32701242125e-08
3.58016355552e-07
4.72468270197e-08
3.37501224788e-07
4.19100555843e-08
3.20972914932e-07
3.71531986891e-08
3.05872971819e-07
3.28706598933e-08
2.91578839971e-07
2.9046648992e-08
2.78190836693e-07
2.56252911056e-08
2.65763210363e-07
2.25150024853e-08
2.53949534873e-07
1.9640488472e-08
2.42480715206e-07
1.69577787404e-08
2.31336953844e-07
1.4466727577e-08
2.20680366405e-07
1.21514424121e-08
2.10640304456e-07
9.98163006743e-09
2.01079547291e-07
7.95208389506e-09
1.91462194059e-07
6.12039246677e-09
1.78085562335e-07
4.42076734796e-09
1.5601482602e-07
2.88664536972e-09
1.31302943443e-07
1.61979588184e-09
1.07350919401e-07
6.7788509956e-10
8.56159140874e-08
6.75119144159e-08
7.47927112988e-08
3.6636611907e-07
6.69418367518e-08
3.45435087504e-07
5.98578620529e-08
3.28117127623e-07
5.34637058698e-08
3.12310706058e-07
4.76364916596e-08
2.97434743365e-07
4.23216149221e-08
2.83522995949e-07
3.74743056758e-08
2.70621950915e-07
3.30249461978e-08
2.58407542495e-07
2.89052361511e-08
2.46606878374e-07
2.50590761681e-08
2.35186802879e-07
2.14647901484e-08
2.24275892274e-07
1.8102675446e-08
2.14002581007e-07
1.49446337954e-08
2.04237660222e-07
1.19880143906e-08
1.94418870234e-07
9.31845568799e-09
1.80755205931e-07
6.87775069501e-09
1.58455525483e-07
4.65716337024e-09
1.33523752021e-07
2.74071409871e-09
1.09267519864e-07
1.197131731e-09
8.71596867025e-08
6.87090587393e-08
9.20197152172e-08
3.75893763655e-07
8.30165411738e-08
3.54521055597e-07
7.47400177187e-08
3.36454518584e-07
6.71564453732e-08
3.19938576159e-07
6.01608873959e-08
3.04459725983e-07
5.36889977181e-08
2.90012673845e-07
4.77050497326e-08
2.76617588095e-07
4.21620564464e-08
2.63959375604e-07
3.70037454273e-08
2.51771875493e-07
3.21737523593e-08
2.40020743313e-07
2.76383180354e-08
2.28812712029e-07
2.3374020645e-08
2.18267045126e-07
1.93569176331e-08
2.08254838426e-07
1.55889452709e-08
1.98186889777e-07
1.21813042395e-08
1.84162913802e-07
9.08335070498e-09
1.61553641009e-07
6.25126089809e-09
1.36355970325e-07
3.75405809991e-09
1.11765082361e-07
1.66866403204e-09
8.9245456488e-08
7.03777317516e-08
1.06272128507e-07
3.86277657255e-07
9.64232528706e-08
3.64452055325e-07
8.72473977658e-08
3.45691357402e-07
7.87360761249e-08
3.28494362854e-07
7.08072121277e-08
3.12418199901e-07
6.33990809592e-08
2.97438742884e-07
5.64847579164e-08
2.83543697957e-07
5.0035116488e-08
2.70417950067e-07
4.40049718894e-08
2.5780882143e-07
3.8341247057e-08
2.45688542687e-07
3.30038271627e-08
2.34151577096e-07
2.7966689156e-08
2.23304358069e-07
2.32100537325e-08
2.13011539784e-07
1.87412156155e-08
2.02655776754e-07
1.46947384349e-08
1.88209459686e-07
1.1024763784e-08
1.65223714353e-07
7.6591468413e-09
1.39721728001e-07
4.65252099049e-09
1.14771960895e-07
2.08835956085e-09
9.18098835361e-08
7.24660955579e-08
1.18615512988e-07
3.97453474263e-07
1.08000362063e-07
3.751483808e-07
9.80316428205e-08
3.55720692709e-07
8.87107806563e-08
3.3785935694e-07
7.99725400344e-08
3.21185763902e-07
7.17584676511e-08
3.05670620329e-07
6.40464523874e-08
2.912674649e-07
5.68201491387e-08
2.77653204454e-07
5.00420624185e-08
2.64593733249e-07
4.36618028851e-08
2.52072900177e-07
3.76349127661e-08
2.40179902439e-07
3.1932930701e-08
2.29006505188e-07
2.65394702773e-08
2.18405062573e-07
2.14671212872e-08
2.07728154803e-07
1.68720488056e-08
1.92804586884e-07
1.27103987459e-08
1.69385389206e-07
8.88559995824e-09
1.43546628003e-07
5.43865653388e-09
1.18219018484e-07
2.45717977411e-09
9.47914836626e-08
7.49232753991e-08
1.29659056869e-07
1.18246743594e-07
1.0749705636e-07
9.74073826077e-08
8.791998402e-08
7.89769872799e-08
7.05557672308e-08
6.26469106389e-08
5.52166585795e-08
4.82149487213e-08
4.15921358271e-08
3.53169878242e-08
2.93758228262e-08
2.37862479805e-08
1.87250083666e-08
1.41476729494e-08
9.93497209873e-09
6.11496505562e-09
2.7773591298e-09
)
;

boundaryField
{
    emptyPatch
    {
        type            empty;
        value           nonuniform List<scalar> 0();
    }
    minY
    {
        type            calculated;
        value           nonuniform List<scalar> 0();
    }
    maxY
    {
        type            calculated;
        value           nonuniform List<scalar> 0();
    }
    maxX
    {
        type            calculated;
        value           uniform 0;
    }
    water_to_heater
    {
        type            calculated;
        value           uniform 0;
    }
    procBoundary3to1
    {
        type            processor;
        value           nonuniform List<scalar> 
41
(
1.08421915044e-06
9.83134165576e-07
7.29484709174e-07
5.82024280514e-07
5.11872999537e-07
4.87909533896e-07
4.79683907502e-07
4.74385301417e-07
4.62790778623e-07
4.42174393293e-07
4.22918906016e-07
4.14914092512e-07
4.17845374549e-07
4.8033338179e-07
6.89355823818e-07
7.8205886827e-07
8.45420439695e-07
9.05375059646e-07
9.66942929116e-07
2.84049769013e-07
1.02856759233e-06
4.09505039373e-07
3.86640482144e-07
3.66530230974e-07
3.47992434996e-07
3.30701861292e-07
3.14631016488e-07
2.99700299286e-07
2.85570939861e-07
2.72030750649e-07
2.59078614238e-07
2.46804062417e-07
2.35281781237e-07
2.24346268241e-07
2.13317724527e-07
1.97865842344e-07
1.73962739407e-07
1.47759288228e-07
1.22039024357e-07
9.81290934021e-08
7.77006362179e-08
)
;
    }
    procBoundary3to2
    {
        type            processor;
        value           nonuniform List<scalar> 
41
(
-4.15208252927e-07
-4.16068353665e-07
-4.46464874549e-07
-4.79170180474e-07
-5.15181389309e-07
-5.34110352319e-07
-5.26083691678e-07
-5.03911976455e-07
-4.80549625096e-07
-4.67547306695e-07
-4.83856920756e-07
-5.27453353789e-07
-6.04279248781e-07
-6.36582606952e-07
-6.41998049074e-07
-5.60202528593e-07
-3.97560536427e-07
-3.21828712117e-07
-3.0766436064e-07
-3.11420772384e-07
-2.5881756917e-07
-2.4659042448e-07
-2.34851272224e-07
-2.23510074375e-07
-2.12725457917e-07
-2.02657599127e-07
-1.93235419834e-07
-1.84302248465e-07
-1.75774010693e-07
-1.67604841433e-07
-1.59602214638e-07
-1.49884252459e-07
-1.3250128688e-07
-1.10855650437e-07
-9.03329356761e-08
-7.15469562386e-08
-5.52526201526e-08
-3.05111759277e-07
-2.87244826284e-07
-2.65581688748e-09
-2.72195115363e-07
)
;
    }
}


// ************************************************************************* //
