/*--------------------------------*- C++ -*----------------------------------*\
| =========                 |                                                 |
| \\      /  F ield         | OpenFOAM: The Open Source CFD Toolbox           |
|  \\    /   O peration     | Version:  2312                                  |
|   \\  /    A nd           | Website:  www.openfoam.com                      |
|    \\/     M anipulation  |                                                 |
\*---------------------------------------------------------------------------*/
FoamFile
{
    version     2.0;
    format      ascii;
    arch        "LSB;label=32;scalar=64";
    class       volScalarField;
    location    "0.44/water";
    object      p;
}
// * * * * * * * * * * * * * * * * * * * * * * * * * * * * * * * * * * * * * //

dimensions      [1 -1 -2 0 0 0 0];

internalField   nonuniform List<scalar> 
750
(
100068.302435
100064.539455
100063.560817
100063.3096
100059.697307
100057.098619
100052.295246
100050.862649
100050.014228
100046.162842
100136.923853
100134.977353
100134.974104
100135.02205
100135.248104
100135.411732
100135.402291
100135.398283
100135.392453
100135.41001
100135.455756
100135.482543
100135.478344
100135.477952
100135.478366
100135.478475
100135.478368
100135.478282
100135.478253
100135.478098
100135.724877
100134.106549
100134.3868
100134.304528
100134.262486
100134.620774
100134.758143
100134.754682
100134.782924
100134.860733
100134.907547
100134.904116
100134.902838
100134.902183
100134.90144
100134.900826
100134.900393
100134.900055
100134.899829
100134.899491
100134.231124
100132.727217
100133.367387
100133.412709
100133.118823
100133.597059
100134.020898
100134.12424
100134.216398
100134.348182
100134.412765
100134.409325
100134.406992
100134.405051
100134.40349
100134.402245
100134.401273
100134.400555
100134.40011
100134.399573
100133.009315
100131.035136
100131.844051
100131.992764
100131.581104
100132.206123
100132.753184
100133.160321
100133.365348
100133.648648
100133.892651
100133.991489
100133.987034
100133.983082
100133.979901
100133.977285
100133.97527
100133.973801
100133.972982
100133.972153
100131.644478
100128.938732
100129.927272
100130.076587
100129.434965
100129.972444
100130.829441
100131.645339
100131.923673
100132.308916
100132.712903
100133.096872
100133.431616
100133.554883
100133.550927
100133.546904
100133.543948
100133.541697
100133.540274
100133.539182
100130.719219
100128.709737
100129.19809
100128.745409
100127.08731
100127.057701
100128.677282
100129.710889
100130.084777
100130.504695
100130.953574
100131.367266
100131.879706
100132.511179
100132.875811
100132.943478
100132.940535
100132.936908
100132.932614
100132.925962
100122.98587
100122.207819
100123.935711
100124.66979
100123.837834
100124.342104
100126.844296
100127.467574
100127.709455
100127.912359
100128.144981
100128.415931
100128.701864
100129.097432
100129.602518
100129.95383
100130.151908
100130.214061
100130.081749
100129.928917
100115.687101
100115.793389
100116.841753
100117.25556
100116.24137
100115.627712
100118.245602
100119.696558
100120.350714
100120.962868
100121.681829
100122.568811
100123.549297
100124.47908
100125.285341
100125.974697
100126.560356
100126.942516
100126.827578
100126.714756
100099.125185
100101.473231
100102.736103
100103.359205
100103.64775
100102.404915
100100.640036
100099.852136
100103.254378
100104.357401
100105.302194
100106.490506
100107.78333
100108.715711
100109.258206
100109.551174
100109.669021
100109.617043
100109.41633
100109.322861
100088.191305
100089.994081
100089.934211
100089.712781
100089.656306
100089.492931
100087.905135
100080.757395
100083.723515
100084.884735
100085.097948
100085.501833
100086.504506
100087.745959
100088.527663
100088.653134
100088.569027
100088.481889
100088.33995
100087.948159
100071.064883
100072.540565
100072.852902
100072.687497
100072.479415
100072.263259
100071.465257
100058.535599
100065.906155
100065.925765
100066.074729
100066.236542
100066.484078
100066.933636
100067.977429
100069.109778
100069.828813
100070.027856
100069.931063
100069.45379
100067.348151
100066.937602
100065.931826
100064.5552
100063.175638
100061.76474
100057.22557
100052.703753
100062.213288
100062.221884
100062.276858
100062.57562
100062.781516
100062.628097
100062.425259
100062.880481
100064.351978
100065.99665
100066.425367
100065.782189
100063.699441
100063.530296
100063.343713
100062.463978
100061.321074
100059.395236
100041.957094
100058.888381
100058.916433
100058.921035
100058.91921
100059.190262
100059.520297
100059.571627
100059.222222
100058.642201
100058.291395
100059.447859
100061.962248
100062.377524
100063.282597
100062.121588
100062.842145
100062.374161
100060.201799
100041.375661
100057.12021
100057.141971
100057.151127
100057.152125
100057.151766
100057.17421
100057.434409
100057.557404
100057.251249
100056.500219
100055.461347
100054.391747
100055.300381
100059.313238
100063.188881
100061.616546
100059.950651
100053.642497
100045.212067
100055.680389
100055.695294
100055.70355
100055.706358
100055.705994
100055.703203
100055.698885
100055.800087
100055.788576
100055.523922
100055.196632
100054.969493
100054.71252
100054.565612
100056.176415
100059.80679
100058.54641
100052.714562
100052.047977
100054.457937
100054.46844
100054.476666
100054.480829
100054.482592
100054.481722
100054.478228
100054.471312
100054.463386
100054.46101
100054.462202
100054.465135
100054.468557
100054.244246
100054.352525
100054.720369
100056.909637
100055.959656
100050.947416
100053.577336
100053.581144
100053.58262
100053.582065
100053.582238
100053.583259
100053.584765
100053.586418
100053.588176
100053.590848
100053.594324
100053.598542
100053.603099
100053.464841
100053.551385
100054.196799
100053.884972
100053.588568
100053.568841
100049.11307
100052.72474
100052.720759
100052.716495
100052.711267
100052.708035
100052.70613
100052.70547
100052.706129
100052.708137
100052.71097
100052.714266
100052.717859
100052.574577
100052.834213
100053.564417
100053.856187
100052.92289
100053.515287
100053.47825
100049.717417
100051.716944
100051.693196
100051.687697
100051.684665
100051.683856
100051.683817
100051.684748
100051.686727
100051.689722
100051.693341
100051.697142
100051.695896
100051.596288
100052.06617
100052.42433
100052.443126
100051.653937
100051.811654
100051.834841
100048.600532
100049.274288
100050.300789
100050.30713
100050.315145
100050.32505
100050.335104
100050.343751
100050.350601
100050.356118
100050.361171
100050.366149
100050.164467
100050.211543
100050.440987
100050.542909
100050.448375
100050.153863
100047.443477
100047.62605
100043.8683
100040.625163
100048.642342
100048.643305
100048.645251
100048.651123
100048.661171
100048.671701
100048.679291
100048.684163
100048.687731
100048.582466
100048.478723
100048.46046
100048.481952
100048.503793
100048.459813
100048.393514
100045.139236
100045.045416
100041.640671
100034.866929
100046.707358
100046.704622
100046.689671
100046.678146
100046.674973
100046.679405
100046.685669
100046.685501
100046.649804
100046.606481
100046.596893
100046.600453
100046.58678
100046.54576
100046.425319
100046.408423
100045.733952
100045.752952
100043.968045
100039.246626
100044.586574
100044.518314
100044.473811
100044.42887
100044.393645
100044.369026
100044.262216
100044.197439
100044.206634
100044.293594
100044.406003
100044.45066
100044.421003
100044.333252
100044.178647
100044.161307
100042.83501
100041.924357
100040.475646
100035.761333
100031.262954
100041.255436
100041.206386
100041.161376
100041.108218
100041.052474
100041.006182
100040.987764
100040.979722
100041.088064
100041.272942
100041.349885
100041.325878
100041.249113
100041.137668
100041.127072
100039.640423
100039.076225
100038.464355
100036.90015
100031.263216
100026.321825
100037.804615
100037.782241
100037.756761
100037.736742
100037.721973
100037.710465
100037.701502
100037.608664
100037.710332
100037.7675
100037.732063
100037.678586
100037.65215
100037.671014
100037.754519
100037.750356
100037.770489
100037.767124
100036.454167
100031.666762
100033.30119
100034.735471
100034.761944
100034.778028
100034.787815
100034.795343
100034.799031
100034.624651
100034.578358
100034.633898
100034.613105
100034.567304
100034.565898
100034.606492
100036.495309
100035.803006
100035.086545
100034.319909
100033.333079
100030.101714
100025.8562
100033.077923
100033.092867
100033.098479
100033.099676
100033.099881
100033.097767
100033.1017
100033.052063
100033.092656
100033.067836
100032.976864
100032.961451
100033.014313
100036.733893
100036.232109
100035.729724
100035.204542
100034.596057
100033.021856
100029.555863
100032.043537
100032.051977
100032.050316
100032.046464
100032.041868
100032.035675
100032.064176
100032.045298
100032.051545
100032.023514
100031.903167
100031.87172
100031.944266
100034.161395
100034.115269
100033.885543
100033.527883
100032.97656
100031.858809
100030.914909
100031.064998
100031.066885
100031.061429
100031.05253
100031.040819
100031.027835
100031.016734
100031.215204
100031.1418
100031.003304
100030.905957
100030.848726
100030.893724
100030.059001
100030.45309
100030.40945
100030.294626
100030.020952
100029.511558
100029.690005
100029.652586
100029.636814
100029.620583
100029.597754
100029.569064
100029.537402
100029.510218
100029.501093
100029.859048
100030.031322
100030.022639
100029.939164
100029.87074
100011.119427
100012.758702
100015.003934
100017.710113
100020.503024
100023.138367
100025.393767
100026.995959
100026.840417
100026.829483
100026.78259
100026.707722
100026.618627
100026.577783
100026.577775
100026.533262
100027.371948
100027.473616
100027.489863
100027.546022
100003.144618
100003.140048
100003.381334
100004.17962
100006.421018
100009.765661
100012.879062
100015.029048
100015.700163
100015.906095
100015.945769
100015.932922
100015.458515
100015.441111
100015.401496
100015.354532
100015.60851
100015.677685
100015.5481
100015.897573
100002.836296
100002.835972
100002.836454
100002.838673
100003.024384
100004.260761
100006.551093
100008.864245
100010.433633
100010.552312
100009.951401
100009.35298
100008.500115
100008.359782
100008.368358
100008.359428
100008.327219
100008.326217
100006.307051
100006.656034
100002.674079
100002.676825
100002.678241
100002.678746
100002.8504
100003.401899
100004.413336
100005.577027
100006.345205
100006.605522
100006.348
100005.801241
100005.431023
100005.460825
100005.48722
100005.507992
100005.526102
100005.532703
99999.1364688
100000.950324
100002.511425
100002.512697
100002.51066
100002.699959
100003.138218
100003.427069
100003.492226
100003.792238
100003.758965
100003.114052
100002.70329
100002.71678
100002.750196
100002.781441
100002.806995
100002.823521
100002.831414
100002.833714
99998.7129464
99999.5834176
100002.275837
100001.875744
100001.981965
100002.040828
100001.066596
100000.288305
100000.965335
100000.964419
100000.969363
100000.980442
100000.995984
100001.01304
100001.03092
100001.048191
100001.063545
100001.076032
100001.084782
100001.088711
99999.7530654
99999.5564895
100001.453909
100000.40657
100001.49349
100001.963358
99998.4745254
100000.299561
100000.300551
100000.299349
100000.295043
100000.288802
100000.281367
100000.273471
100000.265445
100000.258494
100000.253364
100000.249941
100000.247315
100000.049668
99999.5824159
99999.2545402
)
;

boundaryField
{
    emptyPatch
    {
        type            empty;
    }
    minY
    {
        type            calculated;
        value           nonuniform List<scalar> 0();
    }
    maxY
    {
        type            calculated;
        value           uniform 100000;
    }
    maxX
    {
        type            calculated;
        value           nonuniform List<scalar> 
37
(
100135.478074
100134.899459
100134.39952
100133.972062
100133.539029
100132.925717
100129.928614
100126.714403
100109.322597
100087.948071
100069.453758
100065.782162
100062.377498
100059.31321
100056.176338
100054.720218
100053.884787
100052.922739
100051.6539
100050.153827
100048.393478
100046.408386
100044.161269
100041.127034
100037.670976
100034.606453
100033.014273
100031.944225
100030.89368
100029.870696
100027.545979
100015.89753
100006.655914
100000.95018
99999.58312
99999.555871
99999.253797
)
;
    }
    water_to_heater
    {
        type            calculated;
        value           nonuniform List<scalar> 0();
    }
    procBoundary2to1
    {
        type            processor;
        value           nonuniform List<scalar> 
20
(
100137.416291
100135.692415
100135.73902
100136.033738
100136.026866
100136.016571
100136.007811
100136.002472
100135.997084
100135.988512
100135.967639
100135.970997
100136.041412
100136.109793
100136.106456
100136.106537
100136.108362
100136.109767
100136.110415
100136.110581
)
;
    }
    procBoundary2to3
    {
        type            processor;
        value           nonuniform List<scalar> 
39
(
100136.937728
100135.731979
100134.228131
100133.008695
100131.630948
100130.681448
100123.060183
100116.376004
100102.266834
100084.031533
100075.148434
100075.148434
100068.307813
100064.540759
100063.562186
100063.311135
100059.36588
100056.756051
100051.648839
100050.178931
100049.597993
100045.90295
100044.705859
100044.705859
100045.78802
100043.282987
100039.675309
100037.735684
100036.853518
100037.019158
100033.448562
100025.802574
100011.229067
100003.148844
100002.834666
100002.670718
100002.508304
100002.276694
100001.465319
)
;
    }
}


// ************************************************************************* //
