/*--------------------------------*- C++ -*----------------------------------*\
| =========                 |                                                 |
| \\      /  F ield         | OpenFOAM: The Open Source CFD Toolbox           |
|  \\    /   O peration     | Version:  2312                                  |
|   \\  /    A nd           | Website:  www.openfoam.com                      |
|    \\/     M anipulation  |                                                 |
\*---------------------------------------------------------------------------*/
FoamFile
{
    version     2.0;
    format      ascii;
    arch        "LSB;label=32;scalar=64";
    class       volScalarField;
    location    "0.4/water";
    object      rhom;
}
// * * * * * * * * * * * * * * * * * * * * * * * * * * * * * * * * * * * * * //

dimensions      [1 -3 0 0 0 0 0];

internalField   nonuniform List<scalar> 
1497
(
865.598286091
894.857379339
896.661501664
896.915186256
896.66156277
897.024160735
896.661602658
896.95199899
896.661625736
894.155864002
891.864950647
893.440650203
896.062353671
647.839627449
811.594608363
804.393988214
808.027735467
817.306528484
838.962298458
870.177101687
894.491104077
896.661454895
896.98208886
896.661522045
897.072919505
896.661563614
896.963514658
894.434755357
890.93326052
887.836788329
887.937769323
891.042600393
894.693510721
660.11001026
811.698829503
823.581352209
833.015923372
846.849186474
867.612013094
889.067162713
896.661391539
897.003159418
896.661471289
897.093414526
893.853195672
891.205526177
888.413071889
886.224735768
886.019671665
886.36874266
887.73235308
890.674488627
893.155768107
688.384522785
798.431844687
813.668502302
825.638314411
842.013171941
863.137119473
881.843159089
888.068791275
886.681432338
883.073035395
877.650661851
873.845354737
873.338159214
876.120282208
881.16368013
885.947835108
887.230124503
888.640847879
890.91535466
892.3659693
694.417106536
742.768635621
757.712370742
772.567208565
792.480881044
811.776745722
822.487090465
823.380578356
821.018153885
819.335236981
821.911370863
830.289889768
844.545685196
861.307867405
876.903945393
886.886652393
890.157848144
891.010864842
891.849131914
892.47269801
665.939603437
656.934345163
664.598179585
675.429478659
687.886962457
696.341299035
698.170803552
698.882660008
703.370108691
716.286401973
737.108585974
763.729190841
796.698704395
832.095505557
864.46121099
885.413845619
893.395290267
893.803665308
893.618289067
893.196543371
610.178046515
606.207664775
616.892808725
621.934843197
623.271218926
622.944724148
621.79742401
623.980585299
631.65005223
648.333442674
673.443657595
705.260368558
744.616833699
790.191335131
837.614073725
876.862426515
893.460484072
895.630159928
895.330016948
894.533922945
584.253938316
598.600423426
610.884427601
615.065497483
613.617469484
611.190780734
611.076423274
611.761402334
618.59274989
632.981842418
654.557766183
683.799051128
721.159279661
766.220778793
816.790526916
865.453537492
892.567207349
896.672681704
896.415610318
895.732702243
583.827326621
598.92868077
611.925133377
617.672555215
616.553462922
613.890006699
612.905680024
613.853687778
620.539385877
634.276670692
655.004013291
683.544858446
720.236917886
764.736580638
815.169926403
864.298677379
892.876626795
897.245964763
897.228374152
896.722133074
584.254512433
601.426210942
617.879037914
627.504466424
628.981898532
627.243494829
625.590115353
627.185957616
634.085566048
647.515506089
667.912456887
696.019195313
732.399011339
776.879850543
826.926590582
873.084524582
895.884914384
897.269681155
897.245963669
897.274819406
584.061099262
611.054617904
627.653804467
640.77015797
648.592589895
652.484436331
654.557089732
658.794337507
667.471187422
682.097359087
703.661176607
732.863645844
770.176791721
814.627558396
860.301492423
891.526063694
897.275395427
897.245941474
897.364112036
897.245952134
589.686999666
626.868111251
638.007577573
650.172285181
664.523337622
680.053765206
692.815568772
704.19713667
717.709136136
736.071241197
760.72774786
792.176831714
829.497725556
867.330412441
892.464644238
897.276907152
897.245920943
897.42810762
897.245935876
897.480069411
611.196580666
644.276449971
648.588898107
657.05053465
674.498424555
701.74796882
729.780820249
753.935879749
776.851088624
801.85306482
829.789531128
859.012280179
883.899566641
896.117629915
897.298047468
897.245900879
897.48043704
897.245921578
897.589752578
897.245920352
638.358382076
663.510401349
662.010086713
667.066434181
685.078940294
719.298479178
760.428093697
799.695750064
835.496609597
865.805478953
886.109846642
895.59522022
897.245845525
897.371321764
897.245881337
897.55649503
897.245906959
897.67337947
897.245912287
897.706676811
652.269787655
690.581524122
683.883661471
687.078372946
703.542134319
739.457529847
787.430949233
837.651158744
879.796168171
896.258345379
897.312831232
897.245822218
897.549496527
897.245862811
897.706510649
897.245891756
897.780083608
897.24590379
897.798212293
897.245892235
653.867732104
728.891839794
717.991216882
720.598865062
734.140494572
767.336581113
816.131996477
868.197402637
896.485550238
897.347955403
897.245799054
897.705420227
897.245844054
897.892893281
897.245875585
897.891009608
897.245891849
897.189987975
897.245886322
897.63212328
655.746560258
771.542054054
759.472827923
761.991127234
772.852424407
802.656399738
848.393429679
890.130501835
897.338549469
897.24577143
897.769569002
897.245821532
897.893057929
897.245855048
892.563039617
891.396315233
893.302323717
895.299489837
895.726945046
888.097773403
672.302086976
793.700425848
792.377982403
793.609084504
806.005929718
837.87464819
876.816214961
897.248665264
897.245733408
897.714623039
897.24578947
897.370372841
886.832865101
881.631432621
883.80712191
889.900850043
893.436915695
893.680511215
884.86122484
850.95307371
712.231536198
794.19696732
794.507987474
795.772449024
817.814569945
854.254754372
883.565016997
896.229009394
896.302629897
892.80892122
884.720103279
871.966456688
868.605167531
876.70571428
886.111876872
892.309384424
893.025552109
885.497475526
856.725801787
812.326994582
735.806795634
775.043534668
768.549473829
779.040555911
809.584528675
846.869038097
871.833876199
878.589644358
873.788616796
862.010086771
851.503678726
853.207242302
867.824061299
881.289041774
890.732312231
893.663085653
890.235813686
867.680430102
830.049614542
803.570229643
707.825184463
696.707290445
703.033835422
722.363081101
754.486880009
785.19192283
808.621303717
821.121800538
824.428930023
823.94495474
831.966547667
851.109050864
871.773014553
886.922240405
893.258833145
894.325423896
887.754751922
858.821893804
823.506553218
807.30115336
638.290204492
625.41936309
639.258827979
650.925724643
663.684487175
674.875856217
693.587008486
724.915689868
760.494582892
791.358753741
819.113666655
847.014854187
871.797421104
888.689947001
894.769615705
895.248850352
888.643280225
860.453899271
825.218706977
811.661655187
593.065397908
604.683279852
615.178764607
616.247646128
615.670985244
615.543034285
622.163600811
645.06617627
693.014575819
751.88421574
798.638305163
834.757175792
866.510730385
888.642078048
896.084950653
896.220833009
892.094462124
868.680892309
830.957406706
814.092222227
587.177652655
603.126155356
610.886243904
609.316701825
605.796998792
605.622728237
606.258984651
614.935572784
647.174548726
711.607686014
773.083410134
818.91289161
858.283400806
888.418452946
896.655600899
896.646587068
895.404811762
881.263457766
841.670629011
816.244602087
586.840987562
603.792503101
610.670630823
608.82016282
605.595649862
605.770302276
605.569328151
608.41375077
629.943469963
683.906266159
751.157524293
806.627741347
853.331963337
889.590858636
896.655267616
896.677037419
896.603716665
891.005054337
855.673396264
819.637911839
587.170263292
607.44345024
612.232823808
610.326741013
605.765869386
605.567455987
605.772246358
607.506272216
626.98242028
672.554320562
737.066146922
798.847875013
852.292635826
892.239116125
896.719718308
896.655276547
896.708293864
895.68536882
868.616191681
824.724844985
587.037246889
615.151816659
616.132753238
614.191485416
606.74373786
605.77092797
605.690613402
609.151027257
628.785237677
671.911049382
732.809604647
796.150792937
853.774032606
894.134438139
896.655228307
896.830574982
896.655282488
896.709645476
876.920895719
829.633552949
587.839596057
626.926366714
621.957504716
618.265975654
610.679277914
607.865695612
610.040445457
618.339797765
639.105357032
678.641830942
735.734407993
798.465324439
858.823723272
895.528569583
896.774713441
896.655240586
896.923429181
896.655281844
878.90736628
830.567138817
604.786089268
642.902406033
630.3456987
621.968921697
616.236846245
616.809734691
625.281095184
640.90605701
664.325086103
700.730563083
751.38687409
810.872197782
869.469620595
896.607100679
896.655198127
896.946770733
896.655245665
896.928922968
875.439017277
829.796207606
641.811604701
665.419736429
641.481157954
626.499217622
623.097380861
632.403474316
653.849850154
678.254749185
704.857354548
739.435764615
784.442267363
837.79827671
886.256999227
896.65515612
896.89255635
896.655207115
897.122175341
896.655240096
856.886066438
828.529089121
681.480492844
691.741739676
655.001633863
633.34913373
633.213217937
655.506948799
693.674196904
727.620286395
758.409937235
792.738481007
833.332303982
875.766028582
896.521972939
896.800408334
896.655165497
897.152373647
896.655203055
880.816081707
827.135764926
827.825974488
705.377334563
708.218285331
671.193463784
644.663223235
649.406509741
685.728232746
740.053400622
784.955079103
820.949273146
854.00104316
882.940077783
896.353011383
896.764033133
896.655119978
897.156047857
896.65516076
891.619959281
834.914147855
819.832153837
832.624584648
708.166721723
708.751176977
690.838840954
661.39994601
669.193667374
714.537264275
780.444486115
834.278232433
872.458225701
893.266819149
896.655013825
896.852194624
896.655068184
897.230770058
896.65511205
896.399760955
849.358187669
805.721232605
819.205479228
846.125875234
709.3865124
708.222389504
704.486724682
674.277983131
681.354481443
723.978180809
789.597095537
844.71762628
880.894605476
896.654944859
896.900201586
896.655005336
897.298568951
896.655053142
892.617212634
856.936496542
802.404345096
802.440522634
825.95797898
855.877588564
708.169188477
710.521431901
700.674627691
673.458930969
680.247679216
717.130095924
776.158450549
828.771325239
863.737648621
879.854052143
883.599047187
882.800936555
876.214035676
859.83079551
826.0121892
783.671074679
777.028137927
799.141418429
826.780752526
854.242664704
710.468268103
699.023118599
672.643584876
664.196146583
671.609489067
693.48446803
727.957453846
762.359929221
786.718726143
798.509339332
799.471598415
791.277272395
769.834656736
739.013419233
712.425553345
709.698461404
739.577520259
776.182326895
807.773436754
834.818680552
669.074290263
647.104043915
643.281176056
651.993027698
660.300389522
668.091886835
677.123663878
685.570005765
689.613153555
688.153576725
681.418475161
670.994234149
657.589247312
646.520550592
644.129439559
655.833027614
685.106390397
720.499613368
754.486666276
786.538212165
613.966220085
621.950309168
635.354250602
647.010113735
655.323779306
660.392598748
662.487390394
662.129949185
657.468459181
647.032600381
635.720341304
628.826720926
626.309499306
625.699802826
627.574991868
636.259744987
653.909630929
680.200695516
713.279646562
750.151406819
895.882204497
893.11377838
882.884389326
867.315567846
846.356892863
813.401774288
772.12308714
752.857320084
753.443675882
751.826125946
753.191420733
751.60976705
753.191424406
753.286755465
869.625375941
956.954794916
934.093132495
888.486364721
888.947351919
995.61097719
895.623358225
896.044944463
894.177214431
888.224161903
876.265045414
852.771125
812.940213151
771.453934061
753.047052636
753.443648277
752.241321875
753.191394099
752.622023087
763.489811442
911.682877296
971.417070722
959.404958839
889.217620063
888.763019519
996.264662821
894.952200987
896.080398844
896.220779548
895.869577358
892.993234097
882.12369126
855.123069608
813.698189127
775.32112911
754.203728816
753.443618289
752.759000417
753.443622624
806.317080114
957.110988073
974.518504125
966.161362404
898.645761786
889.227673673
996.839383623
893.871953617
895.654805571
896.21598733
896.109018667
895.566564125
893.18597146
882.360555429
857.555830715
821.595866365
784.30334677
760.084845996
753.443586944
760.082410145
871.247692779
974.518500513
974.616504626
965.833778613
903.387476104
909.553443143
998.182312132
893.332929594
894.766475512
895.765646859
895.770983014
895.339796714
894.110705605
891.052804972
882.426236522
863.997132628
833.922017629
799.840456908
782.252077994
809.693604997
928.55430008
974.616501202
974.650722192
966.643923494
916.403202295
941.112514538
999.170647474
893.486972695
894.375745996
895.140540195
895.299230906
894.984329536
894.079009995
892.334585913
888.978258215
882.159798198
869.124737754
849.212769295
836.021108227
878.380272154
963.192691714
974.650719056
974.751957165
966.626167444
939.855965874
973.496738154
999.778439274
894.163724138
894.560153017
895.077884763
895.253546978
895.003032932
894.261768161
892.936915822
890.600817594
886.88606028
882.453480713
876.665751791
872.612973878
913.861383269
973.173453557
974.745304716
974.828848331
968.496852202
967.367212143
994.226162813
999.888637096
895.201959406
895.265270996
895.437252091
895.557517658
895.401702233
894.884777496
893.802034502
891.987403203
889.941732192
889.642421393
889.362756814
888.039994511
916.010325861
972.93579282
974.805380575
974.895812934
974.909284722
988.767706462
999.719728804
999.888782943
896.198240874
896.208109133
896.288858714
896.393280745
896.301525394
895.893018977
895.11301506
894.427247808
894.790436605
896.49072027
896.55989715
889.57576024
898.995829957
957.959114477
974.469835068
948.771663942
971.736029319
998.562188934
999.888807664
999.888666576
897.244319073
897.209861581
897.222960446
897.235762241
897.202160121
897.094733439
897.106694734
897.268261868
897.245996652
897.284440389
882.518601784
843.297961573
810.961981146
858.831889592
878.248966118
860.006052206
964.202489579
993.099691774
999.408831259
999.888797173
897.337963879
897.245947915
897.327294272
897.245938504
897.33703848
897.245926808
897.47959284
897.245909307
878.944338941
796.768718958
720.860460235
687.365077903
671.636667589
690.328558252
716.290030735
813.272232386
921.897159913
964.780835483
990.754268492
999.888717963
897.245930718
897.474372628
897.245915216
897.517322173
897.245894691
897.622601931
892.668094893
800.752357325
665.269640843
609.918982974
603.497485316
607.00863545
619.23394804
637.002422357
668.797335929
797.754109335
899.199463337
948.27900136
976.529807842
999.334107814
897.607176958
897.245903573
897.691317926
897.245880911
897.813334304
867.038027828
714.202515071
609.607818681
598.652152261
600.357013172
598.515512842
601.554426048
625.499561547
641.60203012
690.467021511
805.094226572
897.93453052
947.354093729
972.602998457
997.962085703
897.245897012
897.809357559
897.245873006
897.813325518
829.705390744
671.940465458
600.357005503
598.361544337
600.357006353
597.672508749
600.357006835
621.710814283
657.119232051
655.906331764
713.576350659
821.039265073
906.386867735
952.419661949
975.163462404
997.388074862
897.811208255
897.245867279
885.55297683
798.425256524
664.602228908
602.576010422
599.180778082
600.356999661
597.802052828
600.356999697
600.011626301
670.076854024
700.744332316
676.376389384
736.788150546
840.783941744
918.949655513
960.314752601
980.97921151
997.938209689
894.51650731
862.429949064
776.076010341
694.332285731
644.988246551
603.550907803
600.356993536
598.507977297
600.356993406
598.14238445
603.432518986
726.602840214
743.523962019
714.785571991
772.916381024
867.217946809
934.621187753
969.780021986
987.951425302
999.063000941
850.528045848
772.400068445
719.275533534
696.405013977
666.91689286
616.508732687
599.700507608
600.356987099
598.357788284
600.356987042
601.660020751
784.771298565
782.233795963
766.078453856
818.538257683
897.767102297
952.175121509
980.406410906
994.741601786
999.783186281
790.116818863
748.629313268
730.207864999
725.28292611
705.914999822
644.39813016
602.251971462
599.308065153
600.356980748
598.741042127
607.409476252
801.378142642
811.54479302
814.501355542
865.063985251
928.564702173
969.961095417
991.041482733
998.931748725
999.892674398
780.659887318
763.123020483
764.769986367
768.382138371
746.963007828
680.748851927
619.612529632
600.356973693
599.355618068
600.356974322
631.660081171
792.87371682
824.720834588
849.71918342
904.199989256
955.961564767
986.318655798
998.026220773
999.828159083
999.892805863
791.204183525
793.386993039
806.558569193
810.450603662
788.251908304
723.492270653
653.426729738
608.070599643
600.356966258
599.863686814
664.604027029
790.849042213
829.817342333
874.871557596
935.518292974
979.089981339
996.865676828
999.708500752
999.890438256
999.893188439
805.45138157
817.745339695
833.225686108
837.55583793
824.407978734
768.493048347
695.512879138
635.266361064
605.13468903
600.642955215
684.657884338
784.74200304
834.426973654
901.02699998
964.792482148
994.632007417
999.590097318
999.852037644
999.893252987
999.893041327
812.23025077
823.972390781
837.311470081
842.972747358
841.209529427
808.917425058
741.964105664
673.923364265
629.645426786
618.178396182
692.23798593
769.480364582
846.805224037
936.792350503
989.354850274
999.39457078
999.812163542
999.881668294
999.89306092
999.893428572
813.630110477
823.396678239
835.769670803
842.914560077
842.749429152
832.459537044
785.262203168
717.397769584
667.13114454
652.586898599
694.447613266
752.428603072
879.761406418
976.098894426
998.887599448
999.788247347
999.837018276
999.883649378
999.893533005
999.893105015
814.003796012
822.271303176
831.521557803
839.34330166
841.823340677
837.894232607
813.202949882
756.06219973
701.998668222
683.288115559
692.317916733
747.955386321
927.624884752
995.773767084
999.82431437
999.834136369
999.842478441
999.857438171
999.88593775
999.874168589
814.395937541
821.768255992
828.189114566
832.750118486
835.741286773
835.570193553
822.780336494
781.747972782
727.940738095
699.735695559
692.49067708
760.865822041
960.537597345
999.242593634
999.878829317
999.859631968
999.849737051
999.837017312
999.828627699
999.752612158
815.311913568
821.866246593
827.118822717
828.726651189
828.726174723
828.210979559
822.704316752
794.068781578
744.391314049
707.17240383
692.13116823
791.727692464
978.610760873
999.738132377
999.900244579
999.878515666
999.862403961
999.839389052
999.793772367
999.612859012
817.259282725
822.875233612
827.059005885
827.483155256
825.419429694
821.820270088
817.811308734
797.33326283
753.463678655
710.165196157
692.500436061
826.291895453
987.897225355
999.863323736
999.910241963
999.893017064
999.876131409
999.850379795
999.794058548
999.464466717
820.560600581
825.646271816
828.021450194
827.437892346
824.597645399
819.723985414
812.604849238
796.559166422
757.341472658
711.159202295
692.182098384
856.476105296
992.587182383
999.905367651
999.91245168
999.904382657
999.88593874
999.856045658
999.809849208
999.27026851
825.42963633
830.923667457
831.483097488
828.617793264
824.963921456
819.948426585
812.295525427
796.007508928
760.029831861
712.298305031
692.514376506
879.683602375
995.083202591
999.912451664
999.91275431
999.911618618
999.892900714
999.854083472
999.833121144
998.988544392
831.927226314
839.276107646
838.752763782
833.66633183
828.188763989
822.51997629
814.123785976
797.706311653
763.731134398
714.671005861
692.512161471
894.958362313
996.406160968
999.913294383
999.912763595
999.912958448
999.897898827
999.836843282
999.820256512
998.581971472
841.187160251
850.156609988
849.804967781
844.60782375
837.869196005
831.035402525
820.997991466
803.261287077
770.203077997
719.724790329
693.515562046
897.57135232
996.614263335
999.91276358
999.91354522
999.913050484
999.905478151
999.790915012
999.775252864
997.804662671
853.369584178
862.19331204
862.750726013
859.503894013
853.544203532
846.158398254
834.568482606
815.028156903
781.713441321
729.099567351
697.36029723
893.82170798
996.213180697
999.914058529
999.913083792
999.913649947
999.913050473
999.785690206
999.725494635
995.81534375
867.399899169
874.050784411
874.757332314
873.1069516
868.884012098
862.406552045
851.699292395
833.269399335
800.672041315
746.060097504
711.942764082
893.677270411
995.595872268
999.913083778
999.91405852
999.913395304
999.913359067
999.816169983
999.682271113
990.115511904
875.079301135
883.365920427
883.457183396
882.106251258
878.983057643
874.239034145
866.985510424
854.588319928
828.117102128
776.027037873
745.600845257
902.054156047
995.260262305
999.914396339
999.913410567
999.914033798
999.913395294
999.845980083
999.504916934
974.457112579
873.364090672
883.773186296
886.463982083
886.388279978
884.729124836
881.889776201
878.447886862
873.783072967
859.764559949
818.381042517
791.319391957
915.409038608
994.965443482
999.9134053
999.914241885
999.9136375
999.913913721
999.74589469
997.369088728
935.451660342
857.528428495
875.347540443
885.403320797
888.557279403
888.479196864
887.773471642
887.34512559
886.941055323
880.104354451
849.39089286
815.064984606
908.981813339
992.521405285
999.773689091
999.842685271
999.805408451
999.517142521
995.995022174
964.05839208
876.033213859
818.088167046
847.896413831
873.113164204
888.051153506
891.815099388
891.92061202
891.94786221
887.956610788
875.702141883
843.223993629
803.858565279
849.639353521
954.81880679
992.475758084
995.532024102
993.772672294
977.54532913
913.351612511
825.180342744
858.180904948
787.821196425
824.558346241
860.062610129
886.913647828
)
;

boundaryField
{
    emptyPatch
    {
        type            empty;
    }
    minY
    {
        type            calculated;
        value           nonuniform List<scalar> 0();
    }
    maxY
    {
        type            calculated;
        value           nonuniform List<scalar> 0();
    }
    maxX
    {
        type            calculated;
        value           nonuniform List<scalar> 
37
(
995.610977191
996.264662822
996.839383624
998.182312132
999.170647474
999.778439274
999.888637096
999.888782943
999.888666576
999.888797173
999.888717963
999.334107815
997.962085704
997.388074863
997.93820969
999.063000941
999.783186281
999.892674398
999.892805863
999.89318844
999.893041327
999.893428572
999.893105015
999.874168589
999.752612158
999.612859012
999.464466718
999.270268511
998.988544393
998.581971473
997.804662672
995.815343752
990.115511908
974.45711259
935.451660364
876.033213888
858.180904971
)
;
    }
    water_to_heater
    {
        type            calculated;
        value           nonuniform List<scalar> 
60
(
647.659523277
647.659507945
659.931128258
659.931115441
688.212545224
688.212536491
694.245948247
665.768630188
610.03992327
610.039926907
584.148135675
584.148143001
583.727405616
583.727408541
584.148146899
583.953224169
589.571772408
589.571766115
611.057537032
611.057521362
638.201327712
638.201310441
652.102587855
653.694349696
655.569703601
655.569685999
672.125915529
672.1258981
712.067135977
712.067120714
735.650859454
707.660171103
638.125740997
638.125728394
592.937485094
592.937480156
587.068307826
587.068308824
586.737384067
587.068310803
586.935326907
586.935330708
587.733657248
587.733662881
604.655425923
604.655427666
641.655986081
681.317828034
705.21465247
705.21464951
708.00075189
708.000748409
709.219213592
709.219210684
708.000645664
710.303073668
668.906215804
668.906212334
613.812752092
613.812751829
)
;
    }
    procBoundary1to0
    {
        type            processor;
        value           nonuniform List<scalar> 
41
(
602.37842726
622.132944461
635.537310177
647.43720479
656.214085789
663.732640549
666.532548489
665.094025323
658.534265926
645.973749538
633.096981759
626.348691448
625.197586892
625.200204127
627.617378181
636.249199189
652.906376244
678.529730955
711.833525782
749.052215707
891.862940342
891.123454478
876.324551462
840.907685922
795.809114368
756.5429893
733.883634404
722.95932836
765.134020824
861.741532968
904.079996509
885.691411481
813.021155607
749.761944836
742.598894365
846.290324027
787.26789681
825.912298811
863.380832555
891.862940342
882.421322692
)
;
    }
    procBoundary1to3
    {
        type            processor;
        value           nonuniform List<scalar> 
41
(
823.499294884
874.428448911
896.468175962
896.661542378
896.908589337
896.661598612
896.999388484
896.661633505
896.908905197
896.661646882
896.437908684
896.118671431
896.685219518
648.266111247
784.796671643
759.007556781
755.579378446
761.238627514
782.744884387
820.193791805
820.193791805
895.689067876
885.422586714
863.908888427
840.953881325
817.083975539
780.744736901
753.110360846
753.552271701
751.671095921
753.443702024
751.336918321
753.191446449
752.13167068
753.443708325
833.12548179
932.724216681
901.143868206
888.956780905
888.580579418
994.48293924
)
;
    }
}


// ************************************************************************* //
