/*--------------------------------*- C++ -*----------------------------------*\
| =========                 |                                                 |
| \\      /  F ield         | OpenFOAM: The Open Source CFD Toolbox           |
|  \\    /   O peration     | Version:  2312                                  |
|   \\  /    A nd           | Website:  www.openfoam.com                      |
|    \\/     M anipulation  |                                                 |
\*---------------------------------------------------------------------------*/
FoamFile
{
    version     2.0;
    format      ascii;
    arch        "LSB;label=32;scalar=64";
    class       volScalarField;
    location    "0.7/water";
    object      rhom;
}
// * * * * * * * * * * * * * * * * * * * * * * * * * * * * * * * * * * * * * //

dimensions      [1 -3 0 0 0 0 0];

internalField   nonuniform List<scalar> 
1503
(
914.894358206
948.455366293
985.252200724
996.20143244
999.264154298
999.884035404
999.985408284
999.998921125
999.999977936
999.999999806
999.999999999
1000
1000
1000
1000
1000
1000
1000
1000
1000
693.686392019
872.014324725
946.659759839
981.608504854
994.076259895
998.396569532
999.63807431
999.936628006
999.993585513
999.999850736
999.999999464
999.999999999
1000
1000
1000
1000
1000
1000
1000
1000
693.683635902
830.567343748
916.833071887
964.422186104
986.141191012
995.317930386
998.683834807
999.704658502
999.955393223
999.997463844
999.999986656
999.999999981
1000
1000
1000
1000
1000
1000
1000
1000
693.684368782
791.465223145
879.281026174
938.713526723
972.375876478
989.285841716
996.552485288
999.107151288
999.831158085
999.983512517
999.999726137
999.999999643
1000
1000
1000
1000
1000
1000
1000
1000
701.50249427
768.097302112
840.077050348
903.017422997
948.637649586
977.024970629
991.644455186
997.611004805
999.490914469
999.934601869
999.997417126
999.999994971
999.999999996
1000
1000
1000
1000
1000
1000
1000
714.793945492
759.324467214
810.16797141
864.845602263
915.336467451
955.068079723
980.753313354
993.709990086
998.521169475
999.78039505
999.986186346
999.999904861
999.999999937
1000
1000
1000
1000
1000
1000
1000
718.139831941
755.001282234
791.808595154
833.571365076
879.715627373
924.640387426
961.055521115
984.554011492
995.710559324
999.261839353
999.938952097
999.998804926
999.999999011
999.999999999
1000
1000
1000
1000
1000
1000
718.361316576
752.205260666
781.907938688
812.468166279
849.955056158
892.509011158
934.083088176
967.661128539
988.612329962
997.522967489
999.73177465
999.990310835
999.999973711
999.999999988
1000
1000
1000
1000
1000
1000
717.412522335
750.926217134
773.283437853
796.534131389
826.766827582
864.277457193
905.109944617
943.73311111
974.448379609
992.47899842
998.85696126
999.934156982
999.99921586
999.999999596
1000
1000
1000
1000
1000
1000
718.369505842
750.965849252
766.57463147
784.482056909
809.529677787
842.329525055
879.04451925
916.835486866
952.761446082
981.12643493
995.833272585
999.621597716
999.9903754
999.999980723
999.999999993
1000
1000
1000
1000
1000
717.144631284
752.545791465
765.333701245
779.822788531
800.142060521
827.59413644
858.651085157
891.891596772
927.247254403
962.453725619
988.222147981
998.341945831
999.926326523
999.999401481
999.999999788
1000
1000
1000
1000
1000
718.447046588
756.585602428
768.092839227
781.685899751
799.131297875
820.08793809
844.397977246
871.828364863
903.693494731
940.317210184
974.986526454
994.771253206
999.623247275
999.993885733
999.999992746
999.999999998
1000
1000
1000
1000
717.360614641
763.58557111
776.918632739
789.175365057
802.140048773
817.329301388
835.141799035
857.703271261
886.286251937
920.867119048
958.871332408
988.055525993
998.699010407
999.965215413
999.999874761
999.999999962
1000
1000
1000
1000
718.494016742
771.765965187
786.438839929
797.58754042
805.82009456
815.65617456
829.003714806
848.683263114
874.779439661
906.090807217
943.19912069
978.768890385
996.719285461
999.86413413
999.998988789
999.999999588
1000
1000
1000
1000
718.439904331
776.76846386
788.501249193
797.763351118
804.787149855
812.397482347
823.918016329
842.292888368
865.854119276
893.213312314
927.63070586
967.080361765
993.088962239
999.557241296
999.993793907
999.999995954
1000
1000
1000
1000
726.106263957
776.182364346
784.478379199
791.018558826
797.161519911
805.308200634
817.983222941
835.576923957
855.727987001
878.275318212
908.84589101
950.405943058
985.872214112
998.547406095
999.959956937
999.999842878
999.999999999
1000
1000
1000
728.250883152
764.281338247
768.608686213
772.556070635
780.890139971
794.037928494
809.819926119
826.206708581
842.238214022
859.816706627
884.878713299
924.557638581
969.963739224
994.868581441
999.722207622
999.996657656
999.999999745
1000
1000
1000
711.854573485
737.112972496
743.981416254
749.514019932
762.230561044
781.012315897
799.946055005
816.235344295
830.157425758
843.123011755
860.783805581
891.250712401
939.621192314
983.021570519
998.302935262
999.955923991
999.999868975
1000
1000
1000
689.268617839
715.595490142
721.270894854
730.0685414
746.931973738
769.826490688
792.222337052
811.695570189
828.252042296
839.836671582
845.764207352
860.64046139
899.400456675
956.623171248
992.423500789
999.612715867
999.995854608
999.999999758
1000
1000
690.096145771
709.637640048
709.39465663
717.751968869
736.880599616
763.243533766
789.254098833
811.627555303
829.812322291
842.123139629
844.382680165
844.489602432
865.809317518
920.758341324
977.668117415
997.951863838
999.955303447
999.999890061
999.99999999
1000
687.893909972
709.009630453
709.109764865
713.730104899
732.448049676
761.087718641
789.306931845
813.864638837
835.64599706
848.497136413
846.085628396
844.522806218
851.108210583
892.227055261
956.383354096
993.457162159
999.748942638
999.998248002
999.999999629
1000
690.080716116
710.457953943
709.180511306
713.823824372
732.528083214
761.827170662
792.277573235
821.435225201
846.40614656
852.457523367
851.088459533
845.337925829
847.328311654
877.698728701
938.215301153
986.576510238
999.188969765
999.990286223
999.999990015
999.999999997
687.885468226
714.644168307
711.073826936
716.804952212
736.252635377
767.213401153
801.58743283
834.980749809
852.457470791
852.573495086
852.457516462
850.105134672
848.425581481
871.120789343
926.62488537
979.91672652
998.317909914
999.970896893
999.999927081
999.999999966
690.080767355
720.834747776
716.090934116
724.214056312
746.259244618
779.862452342
817.171887843
849.118974187
852.577800872
852.457476803
852.795265504
852.457499904
850.810016138
866.960626617
918.70656263
974.403250382
997.302905667
999.939093121
999.999768674
999.999999826
688.181930683
727.738938782
723.492217773
735.178353049
761.587543515
798.015407228
835.198366248
852.517326848
852.457422932
852.94223167
852.457469336
852.897429061
848.180099126
859.499080665
910.181984836
968.482591518
995.955035841
999.884668502
999.999437233
999.999999452
690.095877598
734.247644527
732.613919476
748.165479373
778.530213343
815.973374141
848.967079486
852.457350074
852.919133819
852.457426664
853.208804507
852.457448611
831.162666042
844.308977668
895.78325415
958.401134675
993.377658423
999.756871602
999.99853678
999.999998343
688.793130459
740.764791794
744.710333488
763.227732129
793.833124707
828.519597776
852.457233986
852.730662767
852.457371496
853.208761027
852.457414598
839.416393694
821.073393783
823.921488685
870.467779391
939.462122667
987.704899372
999.385692341
999.995197445
999.999993802
690.190095093
749.615706581
760.462830463
779.763915594
806.591054613
835.669652978
852.53342067
852.457298818
853.18570847
852.457370268
849.68109808
821.073355678
820.606344717
821.073360206
845.727942331
910.958472772
976.323443619
998.326490568
999.981015415
999.999972416
689.972415747
761.428095143
772.873822169
790.226477736
812.88214991
837.77934649
852.457187945
852.949521572
852.457314461
852.982017835
824.00789808
820.606304767
821.073322274
820.802240596
824.71425308
879.501779911
958.300667872
995.64788822
999.918000855
999.99980581
705.499170737
771.221106221
774.544983
789.75421308
812.468011783
836.196404594
850.897742429
851.172034005
846.613836808
830.77131699
820.831600041
821.073278639
820.686804291
821.073282223
820.944509289
856.753783338
935.170900462
989.712580251
999.655854838
999.998369418
728.751897616
765.637519332
764.527856671
778.793142319
804.800860729
826.51375734
835.734667297
833.306765124
828.053975677
827.307235889
826.585638898
823.92809039
821.073238271
820.923642893
821.073240166
842.806018879
909.945302669
978.352149096
998.725490592
999.988149774
723.420014372
729.555392625
726.447687865
744.152725565
781.015197884
805.370551157
814.017505735
817.207727437
824.940562227
834.459667296
841.746015289
837.969990457
827.569604628
822.115149886
821.203477439
835.363027612
885.209609441
959.542670419
995.920952159
999.927059099
684.158411718
677.547908185
677.207796483
692.360432777
735.790746207
773.704552473
794.420614164
808.788912545
825.770300737
845.053073194
855.646203045
853.654832565
842.95001913
831.514462847
827.085481494
832.331538826
862.523792482
932.997239955
988.904878314
999.626679657
670.505862777
669.141181444
670.606206197
669.915918631
686.413947968
731.929070987
770.607900438
797.935317357
823.243209403
846.581625249
861.369941191
861.958688256
856.501717179
846.982052599
837.512805041
830.236865858
843.217744982
901.397601271
974.721768517
998.474872572
667.330917081
670.718711549
668.709580174
670.618546453
670.194231974
697.503763479
741.760780187
780.824830246
814.711959939
844.569236973
862.696432733
863.955552679
862.864558253
858.325538852
847.637625279
829.255036585
822.412586029
869.158985081
952.411255681
995.068415374
670.503566442
668.656448898
670.603348312
668.940739291
670.623258996
681.361117685
718.591368696
763.342792775
804.341740352
840.889247925
862.873567785
864.224934874
864.053330062
863.39386092
854.350561932
827.378843363
816.36572294
845.341316738
925.522644515
987.581090237
667.130350473
670.716996141
668.596968597
670.617334383
669.763472263
675.751128856
707.072242893
752.962073126
798.491074566
839.250530383
863.063632553
864.352199191
864.32507105
864.089467011
858.802410101
829.126368793
816.362307247
832.278842068
901.478684396
975.841990151
670.502893021
668.981572507
670.602959131
668.978763363
670.622881988
674.284446084
704.044340482
750.261916386
797.782027599
839.997278948
863.597406174
864.41357212
864.500717197
864.265614373
862.437237207
833.899401944
816.367663002
826.551945178
884.843206006
962.428905031
1000
1000
1000
1000
1000
1000
1000
1000
1000
1000
1000
1000
1000
1000
1000
1000
1000
1000
1000
1000
1000
1000
1000
1000
1000
1000
1000
1000
1000
1000
1000
1000
1000
1000
1000
1000
1000
1000
1000
1000
1000
1000
1000
1000
1000
1000
1000
1000
1000
1000
1000
1000
1000
1000
1000
1000
1000
1000
1000
1000
1000
1000
1000
1000
1000
1000
1000
1000
1000
1000
1000
1000
1000
1000
1000
1000
1000
1000
1000
1000
1000
1000
1000
1000
1000
1000
1000
1000
1000
1000
1000
1000
1000
1000
1000
1000
1000
1000
1000
1000
1000
1000
1000
1000
1000
1000
1000
1000
1000
1000
1000
1000
1000
1000
1000
1000
1000
1000
1000
1000
1000
1000
1000
1000
1000
1000
1000
1000
1000
1000
1000
1000
1000
1000
1000
1000
1000
1000
1000
1000
1000
1000
1000
1000
1000
1000
1000
1000
1000
1000
1000
1000
1000
1000
1000
1000
1000
1000
1000
1000
1000
1000
1000
1000
1000
1000
1000
1000
1000
1000
1000
1000
1000
1000
1000
1000
1000
1000
1000
1000
1000
1000
1000
1000
1000
1000
1000
1000
1000
1000
1000
1000
1000
1000
1000
1000
1000
1000
1000
1000
1000
1000
1000
1000
1000
1000
1000
1000
1000
1000
1000
1000
1000
1000
1000
1000
1000
1000
1000
1000
1000
1000
1000
1000
1000
1000
1000
1000
1000
1000
1000
1000
1000
1000
1000
1000
1000
1000
1000
1000
1000
1000
1000
1000
1000
1000
1000
1000
1000
1000
1000
1000
1000
1000
1000
1000
1000
1000
1000
1000
1000
1000
1000
1000
1000
1000
1000
1000
1000
1000
1000
1000
1000
1000
1000
1000
1000
1000
1000
1000
1000
1000
1000
1000
1000
1000
1000
1000
1000
1000
1000
1000
1000
1000
1000
1000
1000
1000
1000
1000
1000
1000
1000
1000
1000
1000
1000
1000
1000
1000
1000
1000
1000
1000
1000
1000
1000
1000
1000
1000
1000
1000
1000
1000
1000
1000
1000
1000
1000
1000
1000
1000
1000
1000
1000
1000
1000
1000
1000
1000
1000
1000
1000
1000
1000
1000
1000
1000
1000
1000
1000
1000
1000
1000
1000
1000
1000
1000
1000
1000
1000
1000
1000
1000
1000
1000
1000
1000
1000
1000
1000
1000
1000
1000
1000
1000
1000
1000
1000
1000
1000
1000
1000
1000
1000
1000
1000
1000
1000
1000
1000
1000
1000
1000
1000
1000
1000
1000
1000
1000
1000
1000
1000
1000
1000
1000
1000
1000
1000
1000
1000
1000
1000
1000
1000
1000
1000
1000
1000
1000
1000
1000
1000
1000
1000
1000
1000
1000
1000
1000
1000
1000
1000
1000
1000
1000
1000
1000
1000
1000
1000
1000
1000
1000
1000
1000
1000
1000
1000
1000
1000
1000
1000
1000
1000
1000
1000
1000
1000
1000
1000
1000
1000
1000
1000
1000
1000
1000
1000
1000
1000
1000
1000
1000
1000
1000
1000
1000
1000
1000
1000
1000
1000
1000
1000
1000
1000
1000
1000
1000
1000
1000
1000
1000
1000
1000
1000
1000
1000
1000
1000
1000
1000
1000
1000
1000
1000
1000
1000
1000
1000
1000
1000
1000
1000
1000
1000
1000
1000
1000
1000
1000
1000
1000
1000
1000
1000
1000
1000
1000
1000
1000
1000
1000
1000
1000
1000
1000
1000
1000
999.999999999
1000
1000
1000
1000
1000
1000
1000
1000
1000
1000
1000
1000
1000
1000
1000
1000
1000
1000
1000
999.999999995
1000
1000
1000
1000
1000
1000
1000
1000
1000
1000
1000
1000
1000
1000
1000
1000
1000
1000
1000
999.999999992
1000
1000
1000
1000
1000
1000
1000
1000
1000
1000
1000
1000
1000
1000
1000
1000
1000
1000
1000
999.999998934
1000
1000
1000
1000
1000
1000
1000
1000
1000
1000
1000
1000
1000
1000
1000
1000
1000
1000
1000
999.999950127
1000
1000
1000
1000
1000
1000
1000
1000
1000
1000
1000
1000
1000
1000
1000
1000
1000
1000
1000
999.998939514
1000
1000
1000
1000
1000
1000
1000
1000
1000
1000
1000
1000
1000
1000
1000
1000
1000
1000
1000
999.988527865
1000
1000
1000
1000
1000
1000
1000
1000
1000
1000
1000
1000
1000
1000
1000
1000
1000
1000
1000
999.918189936
1000
1000
1000
1000
1000
1000
1000
1000
1000
1000
1000
1000
1000
1000
1000
1000
1000
1000
1000
999.585047915
999.999517586
1000
1000
1000
1000
1000
1000
1000
1000
1000
1000
1000
1000
1000
1000
1000
1000
1000
1000
998.558519884
999.992930624
1000
1000
1000
1000
1000
1000
1000
1000
1000
1000
1000
1000
1000
1000
1000
1000
1000
1000
996.397281127
999.956608645
1000
)
;

boundaryField
{
    emptyPatch
    {
        type            empty;
    }
    minY
    {
        type            calculated;
        value           uniform 1000;
    }
    maxY
    {
        type            calculated;
        value           nonuniform List<scalar> 0();
    }
    water_to_cooler
    {
        type            calculated;
        value           nonuniform List<scalar> 
37
(
1000
1000
1000
1000
1000
1000
1000
1000
1000
1000
1000
1000
1000
1000
1000
1000
1000
1000
1000
1000
1000
1000
1000
1000
1000
1000
1000
1000
1000
1000
1000
1000
1000
1000
1000
1000
1000
)
;
    }
    water_to_heater
    {
        type            calculated;
        value           nonuniform List<scalar> 
61
(
914.836262864
693.51906795
693.519120789
693.519314408
693.519337127
693.51909701
693.51910572
701.338700774
714.633691767
717.979513563
717.97950921
718.200474517
718.200469937
717.250984422
717.250980105
718.208525837
716.983075609
718.286335113
718.286332943
717.199343152
717.199341606
718.333300713
718.333299164
718.278820839
725.94780341
728.092959878
728.092957985
711.690645425
711.690643096
689.096606327
689.09660348
689.925810934
687.722828113
689.91092769
689.910924168
687.714540487
687.714536814
689.910895704
689.910891647
688.010920465
689.925716089
688.622145618
688.622141559
690.019684307
690.019680257
689.801345877
689.801341589
705.33284556
728.594008131
723.258812919
723.258808492
683.982496223
683.982491457
670.327859017
670.327853482
667.152965148
670.327822093
666.953315635
666.953307443
670.327796175
670.327786008
)
;
    }
    procBoundary2to3
    {
        type            processor;
        value           nonuniform List<scalar> 
41
(
667.524113973
670.569396648
668.836017487
670.617386723
669.836465747
674.439428957
704.626398586
751.421631154
800.402135635
844.206827867
864.074391151
864.510194036
864.413574522
864.528229986
864.018672709
839.882466547
816.364875856
824.339439637
874.646904464
949.801106232
1000
1000
1000
1000
1000
1000
1000
1000
1000
1000
1000
1000
1000
1000
1000
1000
1000
992.982186417
999.8376372
1000
999.999998296
)
;
    }
}


// ************************************************************************* //
