/*--------------------------------*- C++ -*----------------------------------*\
| =========                 |                                                 |
| \\      /  F ield         | OpenFOAM: The Open Source CFD Toolbox           |
|  \\    /   O peration     | Version:  2312                                  |
|   \\  /    A nd           | Website:  www.openfoam.com                      |
|    \\/     M anipulation  |                                                 |
\*---------------------------------------------------------------------------*/
FoamFile
{
    version     2.0;
    format      ascii;
    arch        "LSB;label=32;scalar=64";
    class       volScalarField;
    location    "0.385/water";
    object      rhom;
}
// * * * * * * * * * * * * * * * * * * * * * * * * * * * * * * * * * * * * * //

dimensions      [1 -3 0 0 0 0 0];

internalField   nonuniform List<scalar> 
1496
(
643.3961057
772.775188423
772.917278261
773.432810364
773.457199216
770.068111798
756.694002998
745.785789377
741.764388961
745.455504665
757.82229344
775.928392155
794.67687764
810.627776579
820.393986534
825.858898899
830.009703392
836.702317938
853.343941529
879.844978342
694.359835382
773.714520315
773.424845267
774.441461591
774.025377489
774.915834142
774.49235005
773.414307625
769.99520789
769.829990524
778.056447129
791.144617938
804.826608031
818.33798887
832.210814842
847.850716265
864.721673012
883.907687403
905.406961797
922.804937062
743.684715644
773.405606875
775.387973885
774.022949673
775.493226771
774.492085842
775.553545207
774.942100508
775.328499109
775.50187493
784.975316649
798.562443109
814.90034076
833.929904244
856.294715968
881.117714704
904.051069588
921.683470213
932.611494708
936.968852035
736.546375287
753.764796902
756.975635246
761.290981785
766.157739817
769.052362281
767.402809264
764.506593677
762.555072837
768.180111198
779.274783457
794.153436476
812.716285419
834.754203342
860.358236381
887.773623724
911.875316148
929.283508933
937.768648562
940.830094278
669.824112668
665.39467545
677.778453072
683.969003396
694.161819077
701.370774444
705.065091689
708.993757763
717.566102914
731.43082148
746.475276262
765.652214729
790.001710266
818.732775861
849.614513863
881.315693181
909.046386627
929.70616007
940.714812908
944.223001571
600.22206573
609.667615254
617.852630944
620.173242659
623.651632543
627.982942109
633.550491535
643.778087851
659.087431455
677.164338486
696.864347911
721.86999024
753.487868416
790.725562703
830.91698869
871.429763844
906.831783712
932.53319573
944.24815349
945.063801646
596.444285757
600.474895941
603.092335305
603.715289082
603.55794849
604.4181489
608.623452229
618.803372298
633.728050277
652.168478982
674.559346033
703.6338209
739.832760635
782.170101499
827.813912718
872.517265906
912.26072801
940.126344487
945.07952728
945.058572897
594.822907704
598.92005181
600.532086877
601.351471818
601.345480135
601.375221682
605.456858321
616.027230942
631.458520736
650.296403792
673.9639158
704.516062877
742.629694907
787.545155793
836.821599446
886.324563148
928.859216574
944.998156816
945.061492572
945.180634513
596.438239655
598.653271148
600.114637893
601.346003113
601.346500305
601.378868443
606.147111803
617.625395082
634.238882231
654.916120421
681.715180603
716.072900074
758.321586052
807.588585407
860.892469746
912.278639189
943.282705994
945.061487988
945.386429845
933.300852488
594.888784787
599.336648784
600.690582246
602.631101969
602.012077711
603.162039376
609.840458382
623.686486535
643.010250407
667.557124575
698.965564
737.772297348
784.099447214
836.684922819
891.405157719
936.464511515
945.06148421
945.374114662
945.061487511
805.333486373
596.453045024
601.520696506
602.637901728
605.292678413
604.868455251
607.537504414
616.692008226
633.394690308
655.643004028
684.293329633
719.890605022
762.688812562
812.538216857
867.455451256
920.994695952
945.054457415
945.233462154
945.061489259
917.291500021
636.449557893
595.267303046
605.085992427
605.630307587
608.396449396
608.920523931
613.21522544
624.927628855
644.268219507
669.788834236
702.467693204
742.033629092
788.602680824
841.795664212
898.033490152
941.33925933
945.212770598
945.084616991
945.464295122
792.194196187
594.254856084
596.474684593
609.767666558
609.529040585
611.854047515
613.097133968
619.079811178
633.520325388
655.664996328
685.514907937
722.353609402
765.813260501
816.038793446
871.88217071
926.658383439
945.163843024
945.084615733
945.464297344
898.311258135
691.680121174
606.143505313
595.930539504
615.797637562
614.752778088
616.392702848
617.719804953
625.244993961
642.4123044
668.438821669
703.038858986
744.080995561
791.300606286
844.890100144
901.923285531
943.583580545
945.084610542
945.576984193
932.965647736
792.368491359
694.281525662
635.351230647
596.504167446
623.28393002
621.654770632
622.743827325
623.793018793
632.546634135
652.090449875
682.768836803
721.853929447
766.885692931
817.648091184
873.561636644
928.826386029
945.112940271
945.578290562
945.084613039
861.537046288
761.485969266
731.433754546
673.719506008
598.604401278
632.364487123
630.021698416
631.115700546
632.316156499
642.000204422
663.70080832
698.11377942
740.912622029
789.509117849
843.350701412
899.948908377
943.439853948
945.352282475
945.112949478
921.83461237
798.02194474
778.272296996
779.585485181
719.000558568
614.174662428
642.544621431
639.378701612
641.033257961
644.057926025
655.052416639
678.43680553
714.567142791
759.784742727
811.168679195
866.856798416
922.250472974
945.182254057
945.112940246
945.578722863
877.054091517
779.360417364
806.430888835
820.057090395
773.466732432
642.809824022
655.166887791
650.187965291
652.647292744
659.692760359
673.292709029
697.226064235
733.299618464
779.603221794
832.66680505
888.497075865
937.761364289
945.112919204
945.658015639
944.419294316
835.322123621
771.340373204
815.15969224
840.326228302
828.360872489
673.63410925
674.118862532
665.792167025
669.436892673
681.023480952
697.679419931
721.819814539
757.311882328
803.724262444
856.818767781
911.001908207
944.569139959
945.31993992
945.112924718
941.484384905
817.346576395
760.01584637
809.230670956
843.179935774
848.488057623
695.251495264
698.809079144
688.471995815
693.981603945
709.647068216
729.504630679
755.091723451
790.861865985
836.297694481
886.797460008
933.755054645
945.197004703
945.112897576
945.735973781
941.819054148
815.826997189
736.427996473
783.722748604
830.27121657
849.296706558
709.034750751
715.004975546
707.904996679
716.955585644
739.948161213
767.254083883
797.8837178
835.342803081
877.648726242
921.158732195
944.784356836
945.11286006
945.525130253
945.112891291
943.546301753
812.38460156
712.748245861
743.758189505
788.820336927
823.714130986
714.743263555
714.846499028
710.519156246
723.342204476
757.26648443
798.13914539
838.268895112
878.742453992
916.442597157
942.552501127
945.112817825
945.415812836
945.112862028
945.926921208
942.615874704
797.754070301
708.661515864
722.123439398
750.730988858
778.229995808
700.847354663
700.999180888
701.586997058
718.786628714
756.210874601
802.484055541
849.359954713
893.304314182
930.569154483
945.11277476
945.289997902
945.112823378
945.77411398
945.112852701
935.187223169
761.443180342
708.498757656
721.278880542
744.619644247
763.169757457
650.530142348
657.879815534
677.122861424
698.282028659
737.275405708
789.250902584
841.647538719
889.468366653
929.257011479
945.147784106
945.112781779
945.631889263
945.112825957
946.026410234
896.240938818
715.207765227
708.661343356
724.964129699
748.31471467
766.220463798
601.029623714
629.551614936
653.290038205
670.005856107
699.03479843
747.355567268
806.724286433
865.425685434
916.175417005
944.674362019
945.374104629
945.112793937
946.026386739
945.112818937
796.727778485
705.33201464
710.763619094
736.583070547
762.150327695
780.406940163
598.762826925
631.629304031
649.041275417
660.855297887
679.696444726
715.494089144
769.015436466
831.642431588
893.280430431
941.252246086
945.112764036
945.979695764
945.112802681
895.124955904
712.255498616
705.462460493
722.71512926
756.70148069
785.185681188
804.001001077
600.043091409
648.379151501
656.356124452
666.716043448
683.395066236
716.019943642
766.138250623
826.535089405
888.829078931
940.844131369
945.522285868
945.112781174
932.783577751
760.305329866
711.628005865
711.752733641
745.595667347
782.604203255
809.83940543
825.46398825
598.885355291
684.813504177
686.096332417
695.23731873
707.84342904
734.813690516
779.213986794
836.218226535
896.60080342
944.066031821
945.112759655
944.302467498
824.63534892
714.798227832
711.572026443
736.322479689
776.703959771
808.550492286
828.304002714
836.761562959
600.047194117
740.587448793
745.722017644
756.259677911
764.660031143
784.651440792
820.863164051
871.070046881
925.526146977
945.112737792
945.53942534
877.649425344
730.591743916
717.254267734
734.937841661
773.546680643
806.718026507
827.388995952
837.473759486
839.873091446
599.792622594
810.936367592
823.413479929
838.609413576
844.466279984
858.081078877
887.395742569
926.60670771
945.112714017
945.474136793
916.396651038
761.58285535
729.874561128
739.599492039
774.402930605
806.762671404
826.726164017
837.318250129
841.4956786
840.253447854
616.729102542
828.897974365
879.460868168
905.41138151
914.791374437
927.351257516
941.822642046
945.084344417
945.614933203
938.550174424
817.023996516
751.744767557
748.43105633
778.563679877
808.800280057
827.600523642
838.087380358
843.270317787
844.803415975
840.007267643
670.305156975
828.443162066
884.301465756
917.361009307
936.448017091
945.320684162
945.084301451
945.6149006
945.084349807
882.53775269
773.005860475
763.190720428
786.856781742
813.82471508
830.836983887
840.997392204
846.784731688
849.315113363
849.514123136
840.337534416
732.095312656
825.430044102
875.30381964
910.495235021
933.267079926
945.084174176
945.497552812
944.578960993
901.611941994
804.722154606
772.314557496
792.146611566
819.381819983
836.595139272
846.528804528
852.547536468
855.806002113
857.081251758
856.045650513
843.371431958
740.615736776
784.188667414
821.269827521
859.617806292
890.824988516
907.980940321
901.575574584
860.572531868
790.865390636
753.693106634
767.181245105
795.023909695
824.843852272
845.252065059
856.745788968
862.501794435
864.823981895
865.468756701
863.703842709
850.778687667
700.397145603
680.582808749
695.170941913
720.885790833
745.345495626
753.239749611
733.165184839
693.918212069
672.781956641
685.940970171
713.759745093
749.33176977
797.836211277
836.083661716
855.946370784
865.278112685
870.374783761
871.980715646
870.970925403
860.503770626
616.195968409
592.693476444
598.710221998
604.758372873
609.321935469
607.198652045
597.315420882
588.755569679
591.763279237
604.185113603
615.524097475
639.190642474
695.293306901
770.231959236
827.470741167
856.185799166
868.795714172
874.30628242
875.521572589
869.475153126
565.813053642
567.760019932
574.879953247
573.920985031
570.766164936
566.038464627
562.373434944
561.538563653
563.067287099
565.368062859
567.460842328
579.399642521
614.240928479
678.187682826
750.780835057
810.081753573
849.977669014
872.07254806
879.253477733
878.532890966
932.511778546
934.47933893
934.098505751
924.812813917
886.762894716
908.039876888
986.615226011
999.790295135
999.992630157
999.990448824
999.982012949
999.818616863
980.709108433
887.018596703
875.555706957
899.845866262
905.548106424
922.850294382
931.833824819
936.284707469
937.921507685
937.778525208
936.378147816
930.810458797
896.344353955
890.090844556
982.593699833
999.797901152
999.987734384
999.963975676
999.657182809
990.184077397
903.895159027
886.567470957
909.005323214
920.792684691
931.967662904
936.114781493
938.714096892
940.221833669
940.227016618
940.125854953
939.419303069
933.087247474
896.27354981
828.358597133
949.981704629
999.556964892
999.799751686
998.46166528
987.076232458
936.404613396
890.689340739
888.923413398
910.705284655
921.055028473
938.894347867
940.621874314
941.871880796
942.667108765
942.681271504
941.756834055
915.363030656
831.410325698
750.191123812
684.17456527
730.388315333
920.913602381
972.428926618
918.140323016
930.457088146
931.005174884
923.036387632
883.717934879
878.930480644
913.149491254
942.556020098
944.05756234
944.761153343
944.722050404
922.942572409
792.276849893
651.311922124
586.049411681
564.729629541
561.37727255
571.520715621
664.656099978
735.101101364
665.212862829
687.020843985
836.768780081
917.555863743
825.676404643
749.15188022
895.83448812
944.925792986
945.037318278
944.959037129
866.786059263
660.931603898
558.271905315
539.101057074
537.748443489
538.299421818
537.750687588
538.303503856
549.534705576
564.893505598
550.692792472
555.791016432
605.477834377
662.879187701
628.107958714
595.306140334
895.010739812
945.058579554
945.157174575
824.363415332
599.386820088
538.90889553
538.299420377
537.563554881
538.299420274
537.580984093
538.299420094
537.726874965
538.312085412
538.483078084
538.299419765
538.090802134
539.095387495
542.817110829
543.840903938
558.864431503
906.91463888
945.180636613
833.70200297
586.59395982
537.864172654
538.299419131
537.62738266
538.299418869
537.71079018
538.299418512
537.69641465
538.299418221
537.888017663
538.299418116
537.996067809
538.299418561
538.012958272
538.299419378
538.291879741
583.7975975
921.170757244
882.321071373
609.401203076
537.930827419
538.299417967
537.693147984
538.299417659
537.811262402
538.299417176
537.763773073
538.299416711
537.818228189
538.299416356
537.989191009
538.299416854
538.10929264
538.299417759
538.212393137
547.902843368
636.070488543
929.791135382
673.087698878
538.848067148
538.299416857
537.810112781
538.299416609
537.828121683
538.29941606
537.891546311
538.299415494
537.869880107
538.299415007
538.03203071
538.299415119
538.209821936
538.299416108
538.25110827
542.108551418
574.941209976
684.010009015
929.791025938
561.781050956
538.299415502
537.973743481
538.299415598
537.90856689
538.299415093
538.053689609
538.299414499
538.017597014
538.29941397
538.151992756
538.299413778
538.232458979
539.136781124
541.279635108
545.771053869
561.319806451
616.116478948
713.735307285
926.279716215
551.511793867
538.628447312
538.299414574
538.083930526
538.299414225
538.107484178
538.29941365
538.191975505
538.299413126
538.212342234
539.14047397
541.00633631
543.697647204
548.354621924
555.382374763
567.81851666
595.915967173
655.045617184
749.722679573
914.032472359
558.697458746
544.767489699
539.49947346
538.299413364
538.220081405
538.299412877
538.656621347
539.722183961
541.281424102
543.666419322
547.480003584
552.545884208
559.424633886
568.783093421
581.813021448
601.767002075
635.560283498
689.279257826
789.881548027
911.023168809
573.196961579
555.666758588
547.06971939
544.004170732
543.443388383
543.678850402
545.550521324
548.641466533
552.765135692
558.083090675
564.707806719
573.075354994
583.973811162
598.359000869
617.456305856
642.308400705
673.818211805
723.430150744
826.789439585
921.968804512
592.958096618
570.791790843
560.725782685
556.957304426
556.249669334
556.916095783
560.273279547
565.448033943
571.898792677
579.711379726
589.124069815
600.869122671
615.981552025
635.590804611
659.637537315
685.9422953
714.425254336
762.362776227
862.417902078
943.121797348
620.240514833
592.396721212
580.017475109
575.723834407
574.992890344
576.123497814
581.006544797
588.345778547
597.370916755
608.217439829
621.227222386
637.095532521
656.729843687
680.616263964
707.414319414
734.438741421
762.163574791
808.182380059
897.901869016
967.068619332
659.510043359
624.85812353
607.903433372
601.729028981
600.562138243
601.870139778
608.326917522
618.399804723
630.934106564
646.099735953
664.029368286
684.937419411
708.91091999
735.5730783
763.442619353
790.308400619
817.106500742
857.930753283
932.643767962
986.867308543
715.369454245
674.564517643
651.099360654
640.597733827
637.840189898
638.651721755
646.524313205
659.897493385
676.555274781
696.490813794
719.89957004
746.365628273
774.439411239
802.404744461
828.459793172
851.618009048
874.05843647
906.447279796
964.751096737
997.359244813
786.442311862
745.528273536
717.176485161
700.859698648
694.25911407
693.644704502
701.457157123
716.926904594
736.55306936
760.125646519
787.596430368
817.301226707
846.251627569
872.150246677
893.586339698
910.762834636
927.218599031
950.646073056
988.689813357
999.857852483
843.772776933
824.937266862
802.988006136
785.572556913
774.859571691
771.342667997
775.901458063
790.068988185
809.398308728
832.221933067
857.473772416
882.789835916
904.287911341
920.304657303
934.504774271
950.482240712
966.885443097
983.429655121
998.57079841
999.990019541
855.038088539
858.491124999
860.235736695
864.869432431
867.147876588
864.698956272
864.675101151
872.819414712
886.200762751
901.029517149
914.574652223
924.948561334
930.423406983
931.5164313
938.470899389
956.7904657
978.568194941
994.229009099
999.886458888
999.990280271
842.202741182
852.147124471
859.196948068
872.170089265
898.855025468
926.388982001
937.241826789
939.266465448
942.21935431
944.617430063
945.397085663
940.78357035
933.396997711
931.544063262
937.017356401
954.97855668
977.86682025
994.350809537
999.90665041
999.990264527
802.891088099
820.744624621
831.971133376
846.42125855
880.095383329
923.452467835
946.940083064
950.406161422
950.627567827
950.4061606
950.556538041
946.770967995
935.314764975
931.571774567
936.620808067
953.549722769
975.619995747
993.094251347
999.794050996
999.99032389
778.861500534
791.740740623
798.082011027
802.713596973
825.402117859
869.123549037
910.130409177
947.120867207
950.406143936
950.853482842
950.406143424
950.58414391
940.458108435
936.144317348
941.450225261
956.705575521
975.977314977
991.537863081
999.390140012
999.990285876
780.239387325
791.116245435
795.404193368
795.657909388
792.813101244
765.598851847
779.849250234
872.401736653
940.804320848
950.406126505
950.896103315
950.401005394
947.21038771
949.774380518
956.96091811
967.896273541
979.985444305
990.685571122
998.403985565
999.990336175
793.088361125
801.926919685
804.618703251
802.105052261
777.222913037
719.815325911
718.767609825
752.362809685
857.301258531
922.377589842
935.920003864
941.573042193
955.737971255
968.111139509
975.69082744
980.893906998
985.198437833
989.574858713
996.136550662
999.990293756
815.537861664
821.729169665
821.033117681
806.477836637
748.359132709
717.818768905
719.815257339
719.139739044
763.91019765
844.174414304
891.034857093
923.495308853
961.575762307
981.843013046
986.650157355
987.08045146
987.10097406
987.336632095
991.223745386
999.984379821
832.44993064
832.586244229
824.64977728
795.252020188
718.753815357
719.815188947
717.781025644
719.817702936
728.168985053
783.124010344
845.318156128
905.899529821
966.528509979
989.076554195
990.491554274
989.659657609
987.53919294
983.830147425
984.059592781
999.259474633
836.923246982
832.44827839
817.289039393
767.196031262
719.815111813
717.709113511
719.815110542
718.262431186
719.995908936
755.907916435
813.215029227
904.770452616
974.79456283
992.560859182
992.583587272
991.194221878
987.629682478
980.847630892
976.806311407
997.483309664
836.391448977
825.763104208
797.995422263
742.399810987
718.354937434
719.815031167
717.762634764
719.815028973
719.171507932
740.733078667
792.729290626
914.486516859
984.217818279
994.471637621
994.102444705
992.347581857
987.974590003
979.25546815
971.560843856
995.28088149
831.923387768
813.066174376
778.910402252
732.654655385
719.814944366
718.093270899
719.814944556
717.885319916
719.841404071
730.088110375
786.122367816
935.008004286
992.031798418
995.781351268
995.301679285
993.435209044
988.765320236
978.563141338
966.694415292
992.32305945
825.740200329
803.673477241
770.761955242
732.208742781
719.180315667
719.814853212
717.847198587
719.841315141
718.790687011
724.894850848
790.112123563
954.487717903
995.881353218
996.510749831
996.069474905
994.482408718
990.325988655
979.189245216
960.751357788
987.49395152
823.538386609
801.851756869
770.829779198
734.268784066
719.841213547
718.591075756
719.841218706
718.033259251
719.841220616
724.650127293
816.12441681
969.775385826
996.598625455
996.624409554
996.35008701
995.279801262
992.242879974
980.05171218
937.056748888
976.979483633
825.338194381
804.698757536
777.703706591
743.921187791
719.834446936
719.841114419
718.303491913
719.841119508
719.114808964
729.909375361
867.368531682
983.060564284
996.62440842
996.640376566
996.488725242
995.716408496
993.351666112
979.240673528
932.186250989
965.244356881
832.731959096
814.049382562
792.735686293
763.964915271
731.172576128
719.486684689
719.841011937
718.776205048
719.84101784
753.264594176
920.618380371
992.431671629
996.644099165
996.653696693
996.551658148
995.846614363
993.39571162
975.114542836
932.287673068
964.27920463
843.755433497
826.723242457
809.768210092
788.270680054
755.632948703
724.648202174
719.454264651
719.840907358
721.814757486
804.742470987
957.451676808
996.282682242
996.659062648
996.657803579
996.548409221
995.833689448
993.284676723
969.36252843
932.254206331
967.049015869
855.199888996
839.974637024
826.300751502
812.025607578
788.671599591
752.065812315
728.656880321
726.463057029
753.160884978
875.076283279
980.380752291
996.655433712
996.656320239
996.661972177
996.485341354
995.699338844
992.942201706
965.471647959
932.299206957
970.608776753
868.884257786
856.561848156
846.20925743
838.473199311
826.910968469
798.783012732
764.7983853
756.629545075
828.621133691
953.095941447
994.446063885
996.659885691
996.665537714
996.667239517
996.690922409
996.006607077
991.986819224
959.536983272
932.885800988
973.669783464
)
;

boundaryField
{
    emptyPatch
    {
        type            empty;
    }
    minY
    {
        type            calculated;
        value           nonuniform List<scalar> 0();
    }
    maxY
    {
        type            calculated;
        value           nonuniform List<scalar> 
40
(
565.813052828
567.760018813
574.879951896
573.920983533
570.76616335
566.038462988
562.373433284
561.538562012
563.067285517
565.368061358
567.460840903
579.399641185
614.240927265
678.187682168
750.780833534
810.081747681
849.977658196
872.072533504
879.253459653
878.532868942
868.884230685
856.561815782
846.209220409
838.473158238
826.910922517
798.782959099
764.798325351
756.629485493
828.621090769
953.095929321
994.446062439
996.659884818
996.665536848
996.667238659
996.690921563
996.006606067
991.986817217
959.536973218
932.885784418
973.669776936
)
;
    }
    water_to_cooler
    {
        type            calculated;
        value           nonuniform List<scalar> 
38
(
899.845866261
920.792684691
921.055028477
913.149491261
895.834488124
895.010739817
906.914638886
921.170757248
929.791135384
929.791025939
926.279716215
914.032472359
911.023168809
921.968804512
943.121797348
967.068619332
986.867308544
997.359244813
999.857852483
999.990019541
999.990280271
999.990264527
999.99032389
999.990285877
999.990336176
999.990293759
999.984379826
999.259474934
997.483310854
995.280883922
992.32306339
987.493956598
976.979486342
965.244342338
964.279160719
967.048943163
970.608695276
973.669735061
)
;
    }
    water_to_heater
    {
        type            calculated;
        value           nonuniform List<scalar> 
59
(
643.223144631
643.223136428
694.193481703
743.534109229
736.391684938
736.391678908
669.658137504
669.658132662
600.081715955
600.081716087
596.322380329
594.705696694
596.322381355
596.322381027
594.772759754
594.772758014
596.336884882
596.336881569
595.150511174
596.357521933
595.812327484
595.812319696
596.383530386
596.383522274
598.472677595
598.472669496
614.020999243
642.644463441
673.465985784
673.465976212
695.083805724
695.083796625
708.86839219
708.868383109
714.57707441
700.675616081
650.352541583
650.352529358
600.874557042
600.874545516
598.626080073
598.626070248
599.911793928
598.751590631
599.911782286
599.911780033
599.65815539
599.65816055
616.584517561
616.584529856
670.1551062
731.953705103
740.468337922
740.468357384
700.234658933
700.234686467
616.048727657
616.04875253
565.714008111
)
;
    }
    procBoundary0to1
    {
        type            processor;
        value           nonuniform List<scalar> 
41
(
618.82438741
766.09967469
764.862590787
763.83981939
746.776145057
725.262844504
710.121214823
704.218705865
705.92210468
716.126429883
736.229254397
762.561549903
789.556545751
810.989330274
821.93247959
823.19295017
820.375752271
812.886784665
808.743771141
822.685366812
915.517439041
925.887396658
928.085708929
914.777052311
878.586758544
918.436266383
988.951544225
999.788625787
999.996325714
999.99641721
999.995921586
999.992828485
999.520653748
954.859566776
853.640639664
836.681384005
851.980687994
884.016784052
909.172370802
924.905418983
924.905418983
)
;
    }
}


// ************************************************************************* //
