/*--------------------------------*- C++ -*----------------------------------*\
| =========                 |                                                 |
| \\      /  F ield         | OpenFOAM: The Open Source CFD Toolbox           |
|  \\    /   O peration     | Version:  2312                                  |
|   \\  /    A nd           | Website:  www.openfoam.com                      |
|    \\/     M anipulation  |                                                 |
\*---------------------------------------------------------------------------*/
FoamFile
{
    version     2.0;
    format      ascii;
    arch        "LSB;label=32;scalar=64";
    class       volScalarField;
    location    "0.315/water";
    object      km;
}
// * * * * * * * * * * * * * * * * * * * * * * * * * * * * * * * * * * * * * //

dimensions      [0 2 -2 0 0 0 0];

internalField   nonuniform List<scalar> 
1503
(
0.0361210188801
0.00842569742712
0.00158342335358
0.000318866974985
0.000149318548329
0.000138448307119
0.000140065589659
0.000141258156921
0.00014174609923
0.000141701341187
0.000141301636505
0.000140726481891
0.000140114220984
0.000139549985317
0.00013907464336
0.000138698802472
0.000138415837167
0.000138211618527
0.000138070710334
0.000137979679939
0.489860576837
0.15235510911
0.0417279637941
0.00960209823125
0.00180021005447
0.000358063035567
0.000156169782836
0.000141092433982
0.000142475814148
0.000143154463682
0.000143071685621
0.000142592826344
0.000141912670299
0.000141159194192
0.00014042485266
0.000139769764397
0.000139224349388
0.00013879608308
0.000138478254033
0.000138257918341
0.683069999767
0.256792065713
0.0919532334722
0.029480062878
0.00765202799077
0.0015310641845
0.00031486071324
0.00015277301704
0.000142568158306
0.000143646302974
0.000144105316504
0.000143934206794
0.000143422490714
0.000142719036114
0.000141926842745
0.000141130963528
0.000140397506894
0.000139769432451
0.000139267210186
0.000138894302941
0.836069608383
0.333614986556
0.13236531071
0.0504906645967
0.0169764376685
0.00446451692721
0.00088863906143
0.000221235665562
0.000146857025817
0.000143693943133
0.000144493155067
0.000144696020006
0.000144447241622
0.000143925745476
0.000143231873471
0.000142447021102
0.000141648196293
0.00014090267605
0.000140259933671
0.000139748734158
0.909986281129
0.381961830394
0.161108089823
0.0673546349369
0.0263779718771
0.00877337574371
0.00216509590897
0.000437366594269
0.000168172400653
0.000144722070082
0.000144511681154
0.000145007921923
0.000145034054569
0.000144734700795
0.000144210639957
0.000143531559167
0.000142766942411
0.000141989896407
0.000141268136383
0.000140654045826
0.919931287938
0.405298420587
0.179769103205
0.0798241736712
0.0343123537815
0.0133274017857
0.00414251317262
0.000932871644698
0.000236782754436
0.000150416137433
0.000144683219773
0.000145065323564
0.000145313744963
0.000145227583334
0.000144888312663
0.000144353846172
0.000143679718193
0.000142932189637
0.000142184477074
0.000141504815998
0.928023869636
0.417786230718
0.190222846387
0.0877699752873
0.0401489714915
0.0173451262421
0.00642800903382
0.0017908304848
0.000408784320657
0.000170583371861
0.0001461663128
0.000145125873135
0.000145434625679
0.000145520536932
0.000145351815517
0.000144965824045
0.000144402722078
0.000143716510202
0.000142976954107
0.00014225960373
0.951552725125
0.426464802263
0.196788325911
0.0932671523639
0.0445663068209
0.0207022252924
0.00873317663133
0.00297547479095
0.000760723481475
0.000229342705406
0.000152342337165
0.000145661332142
0.000145564876489
0.000145732238159
0.000145699711049
0.000145445229807
0.000144988945767
0.000144371005286
0.000143653106917
0.000142912694557
0.97096582377
0.434123561635
0.201880474245
0.0974418482758
0.0480230481138
0.0235299906619
0.0109003121458
0.0043792284059
0.00136648002918
0.000374361472486
0.000174191892098
0.000147957766933
0.000145959904729
0.000145988035741
0.000146026795615
0.000145869132408
0.000145496690982
0.000144933618373
0.000144232995674
0.000143470767267
0.979772254975
0.439949072912
0.206018621508
0.100725444594
0.0507921284887
0.0258937736256
0.0128927883231
0.00588416242762
0.00221183077215
0.000667496019655
0.000239190470872
0.000156281662425
0.000147156091047
0.000146443458927
0.000146423552618
0.000146304414256
0.000145975177001
0.00014543694857
0.000144733999651
0.000143940452365
0.980932199556
0.442755512263
0.208864729941
0.103205188066
0.0530354237606
0.0279390934371
0.0147344496316
0.00739672071882
0.00323690369245
0.00113100061468
0.000385726570186
0.000183542918985
0.000150506345164
0.00014730931258
0.000146969455386
0.000146798689607
0.000146455540602
0.000145899408891
0.000145165316573
0.000144323693407
0.973780699619
0.442387411153
0.21013495275
0.104846099312
0.0547802199827
0.0296800655371
0.0163518644558
0.00881186610971
0.00429900762152
0.00172085224557
0.000626978474888
0.000254777701023
0.000159728895254
0.00014889927232
0.000147718605902
0.000147371772959
0.000146946958896
0.000146325402061
0.000145527892657
0.000144620152793
0.967403790499
0.440621293475
0.210383804231
0.105699159386
0.0559392840367
0.0310236018467
0.0176874865521
0.0100061467805
0.00525469113158
0.00232315067946
0.000911587880463
0.000384999053495
0.000182647837231
0.000151734842718
0.000148689624386
0.000148017142135
0.000147444055631
0.000146712992646
0.000145823403712
0.000144835231911
0.967663030452
0.440491990343
0.210134145609
0.105950315553
0.0566684972799
0.0320196343866
0.0187067999797
0.0109109346105
0.00603084824014
0.00286137073715
0.0011917910351
0.000548045445507
0.000230572751766
0.000156921140789
0.000149904721824
0.000148722043105
0.000147943652958
0.000147069768619
0.000146067798847
0.000144990087676
0.977368781307
0.443341447464
0.210777579476
0.106331536519
0.057285490745
0.032770984776
0.0194375149829
0.0115656978451
0.00663846859374
0.00333959922157
0.00145897771326
0.000708348833887
0.000310949442421
0.000167226516848
0.000151591419709
0.000149500033606
0.000148459614212
0.000147424440831
0.000146299366296
0.000145125941118
0.994611081348
0.449775319989
0.213384407118
0.107800834184
0.0583185647935
0.0335000929139
0.0199878828903
0.012068488316
0.00715355903175
0.00382048836067
0.00175880402132
0.000874741194974
0.000422242013898
0.000192959719598
0.000154741890363
0.000150465391408
0.000149037333896
0.00014782822056
0.000146575073691
0.000145298096575
1.01755552125
0.459156092123
0.218665060617
0.11118480422
0.0602288515828
0.0344001669577
0.0204630888164
0.0125143896315
0.0076701474791
0.00440152615465
0.00214484866234
0.00106672390857
0.000565818629136
0.000255141026673
0.000162481824615
0.000152032045625
0.000149785185484
0.000148351130514
0.000146957920024
0.000145562438124
1.04578251992
0.475257814048
0.229622456704
0.117423568778
0.0629122279664
0.0352339974128
0.0207772051678
0.0128928628362
0.00824253363357
0.00504768090644
0.00261938289985
0.00129572863765
0.00075350655652
0.000380354939679
0.000186671422256
0.000155394424241
0.00015092098815
0.000149076970604
0.000147503306093
0.000145962405269
1.08416292774
0.507777094238
0.248031111722
0.125121973122
0.0651436412364
0.0356333100736
0.0209219157642
0.0132816184316
0.00880565147903
0.005671357568
0.00311612446113
0.00155628483081
0.000975093787229
0.000583707733587
0.00025825686067
0.000163492377988
0.000152785842877
0.000150085884995
0.000148246854961
0.000146522005853
1.17538427837
0.558868140781
0.268592073905
0.131056848288
0.0665599276218
0.0360785475172
0.0213379584171
0.0137201399087
0.00930163937908
0.00623806940148
0.00358647117401
0.00177443282582
0.00117627005748
0.000835174250208
0.000415152099389
0.000185123052514
0.000155972893279
0.000151423743589
0.00014919296453
0.000147245577291
1.31681322144
0.608247283297
0.283061733774
0.135821660873
0.0689528098037
0.0375869293242
0.022236128484
0.0142941339415
0.0097937854957
0.00676009613847
0.00403234354925
0.00193565198059
0.00127489463677
0.0010474241961
0.000644318561045
0.000240440815739
0.000161838345522
0.000153130944802
0.000150323935257
0.000148125127433
1.42490719137
0.635359531502
0.293860415056
0.141901319129
0.0726488711746
0.0397503745321
0.0234391148147
0.0149917553522
0.0103076006889
0.00726756274313
0.00446272400035
0.00209973729231
0.00130531014458
0.00116355478365
0.000860208645231
0.000347252005189
0.000173037060322
0.000155270234565
0.000151604692396
0.000149138843549
1.45603804723
0.648946422848
0.301450828704
0.146896269886
0.0758202223388
0.0416423837885
0.0245073306943
0.0156227579374
0.0108130111293
0.00776417347224
0.00485108474913
0.00225542759377
0.00133677053813
0.0012046335015
0.000998328986184
0.000487948529512
0.000193048244072
0.000157936425435
0.000152979913945
0.000150240370415
1.47329652018
0.656650377689
0.305862435504
0.149932148776
0.0778485211279
0.042941850165
0.0252966465905
0.0161769637218
0.011357438034
0.00825463729165
0.00520075379101
0.00241126466664
0.00138245852445
0.00123931806214
0.0010784628914
0.00062214482326
0.000224649945207
0.000161380101902
0.000154386598547
0.000151351323321
1.48327098251
0.662082633391
0.308792096257
0.151530652882
0.078910284041
0.0437271817839
0.0259013510949
0.0167629614445
0.0119511265317
0.00871199988023
0.00553843442591
0.00259980166455
0.00145580994796
0.00130185740265
0.00115453809563
0.000738074970223
0.000271773250104
0.000166150194718
0.000155764905565
0.000152365832656
1.49578547521
0.667813481032
0.311716883737
0.152699913453
0.0796287342328
0.0443498851918
0.0265240462251
0.0174519888069
0.0125495208559
0.00913065971158
0.0058792182176
0.00283550181045
0.00157155709358
0.00140576594503
0.00125820964934
0.000856460305588
0.000344830778057
0.000173593678635
0.000157129464144
0.000153194565502
1.50809727199
0.674609069924
0.315131591466
0.15430717517
0.0805907936466
0.0451134868277
0.027277687333
0.0181982156009
0.0130911041186
0.00951201449701
0.00621406158008
0.00310251927095
0.00172619358063
0.0015448485041
0.0014046150889
0.00100372408882
0.000457674497968
0.000188041597417
0.00015882538738
0.000153855270688
1.5292376152
0.681782991129
0.318703834405
0.156210353832
0.0817373205746
0.045965306007
0.0280727052573
0.0188652111532
0.0135223010763
0.00982897113924
0.00650799630275
0.00336013660534
0.00188711004175
0.00167709444115
0.00155532889965
0.00118952500112
0.0006182856165
0.0002205559788
0.000161664821905
0.000154498212508
1.55430539949
0.69153527706
0.322558478181
0.158048840991
0.082823427138
0.0467622982653
0.0287686270563
0.0193460771009
0.0138121764786
0.0100438771993
0.00672019710989
0.00356959705953
0.00201111738967
0.00177799598883
0.0016934361405
0.00139647759145
0.000815683251775
0.000287944255851
0.000166836913454
0.000155354433319
1.57977242638
0.700372889768
0.325759038757
0.159420540423
0.0836296611748
0.047385652698
0.0292547959225
0.0195934015037
0.0139354771682
0.0101245025443
0.00682640952922
0.0037075725695
0.00208396774159
0.00185228981085
0.00180250553977
0.00156903839899
0.00101817850001
0.00040004931778
0.000176716671498
0.000156740254182
1.59515651773
0.705446602145
0.327399454285
0.160215243003
0.0841989327601
0.0478413788248
0.0294821152726
0.0196117242766
0.0138812602977
0.0100567969325
0.00681938583749
0.0037654464981
0.00213418966459
0.00190779889527
0.00188080281329
0.00166244003055
0.00119352586285
0.000545379494484
0.000197120172466
0.000159086489071
1.59949900504
0.703024049903
0.326240001747
0.160352707591
0.0847023589607
0.0481339120937
0.0294279056309
0.0193968742423
0.0136303660828
0.00982497562936
0.00666762466904
0.00376123168061
0.00219474686896
0.00194841716456
0.0019345768706
0.00173429321938
0.00133239854006
0.000702129707853
0.000238366290449
0.000162899698396
1.58485687306
0.691382986715
0.322690439396
0.160710435861
0.0854384713768
0.0481438407859
0.0289660585965
0.01884828848
0.0131275478407
0.00939011503856
0.00637451769553
0.00375960976094
0.00226360401965
0.00197353753647
0.0019703827224
0.00180812748101
0.00145276636313
0.000861022579204
0.000310952435737
0.000169036766446
1.5338829246
0.669692750379
0.320133551526
0.163242899345
0.0865560934926
0.0474982914744
0.0278255593307
0.0178504046716
0.0123659936446
0.00883794945377
0.00611253204107
0.00379013282975
0.00232646517041
0.00198036049289
0.0019942614286
0.00190079783165
0.00159227997653
0.00102260547262
0.000417178454854
0.000180261269945
1.40505778465
0.651143900981
0.32793021718
0.170323002143
0.0871710440397
0.0453812329485
0.0259683595761
0.0166947673734
0.0116395737687
0.00840030001989
0.00595345230893
0.00383158022901
0.00237455308808
0.00196183164893
0.00200301178587
0.00199065122498
0.00172850112894
0.00118788630189
0.000552816005764
0.000204042579451
1.30795542058
0.672274020356
0.356144398236
0.179918324795
0.0861942277629
0.0430630818355
0.024466606921
0.0158183873975
0.0111001398512
0.00810984222109
0.00585268921355
0.00385392278596
0.002391086415
0.00190281681516
0.00196636014592
0.00201817280275
0.00180296349366
0.00133683904429
0.000712864949121
0.000254434182182
1.39325576579
0.762685248239
0.398707464119
0.191568588632
0.0870049222958
0.0421580314308
0.0237636865962
0.0153331462977
0.0107672288401
0.00791327588738
0.00576449670934
0.00383678407689
0.00235265863184
0.00179587509161
0.00185846873836
0.00195511521259
0.00179421377671
0.0014220636537
0.000874807244437
0.000345418950621
1.68298753322
0.916136241006
0.451921090261
0.206525489348
0.0919122621881
0.0441418987971
0.0243977101979
0.0154074569852
0.0106951410907
0.0078420638246
0.0057491308113
0.00385090804294
0.00229817893148
0.00165611193839
0.0016885440365
0.00181720643679
0.00171055454504
0.00141042161752
0.0009941691432
0.000472277098559
0.000137929269004
0.000137910810569
0.000137916431123
0.000137942021857
0.000137986463234
0.000138050407276
0.000138135354468
0.000138242680486
0.000138372330868
0.000138520947791
0.00013867934873
0.000138829612297
0.000138942712604
0.000138978573744
0.000138891826712
0.000138657975539
0.000138534859352
0.000144000433581
0.000292486416975
0.00259618553902
0.000138124100656
0.000138062439261
0.000138056094958
0.000138093774469
0.00013816952376
0.000138280028829
0.000138422195305
0.000138590869525
0.000138776642039
0.00013896391719
0.000139129667195
0.00013924315627
0.000139266050396
0.000139150531141
0.000138836701609
0.000138373917958
0.000140492048177
0.000191774989554
0.000795541641771
0.0048333102132
0.000138649876976
0.000138521179489
0.000138483890726
0.000138517218626
0.000138606666853
0.00013874044059
0.000138906094054
0.000139087963406
0.000139265648994
0.000139413655832
0.000139501786944
0.000139494722765
0.000139347365485
0.000138991116457
0.000138336104267
0.00013787770541
0.00014855312554
0.00029951228851
0.00144736153722
0.00621644067274
0.000139388832289
0.000139178395519
0.000139090605704
0.000139095933766
0.000139170135931
0.000139291180519
0.000139436288991
0.000139580264593
0.000139695240482
0.000139751144438
0.000139715201213
0.000139547576469
0.000139188809525
0.000138539614747
0.000137560939534
0.000138428004034
0.000171824717274
0.000494996491393
0.00216982737365
0.00697164905965
0.000140191666455
0.00013989697568
0.00013974627211
0.000139704252087
0.000139738186641
0.00013981673958
0.000139908556455
0.000139981870581
0.000140004857448
0.000139945308229
0.000139767397168
0.000139422494869
0.000138831215024
0.000137881311174
0.000136857383939
0.000142264597657
0.000221855928006
0.000778671228989
0.00281940190507
0.00733352827051
0.000140959288461
0.000140584990831
0.000140365426725
0.000140263228392
0.000140239714847
0.000140256513674
0.000140276200875
0.000140262941617
0.000140182567076
0.000140000515159
0.000139675593352
0.000139147256991
0.000138319973358
0.000137134874003
0.000136796332922
0.000152775903961
0.000309654836911
0.00111927066381
0.00331498815819
0.0074771891345
0.000141647961605
0.000141199506558
0.000140907915773
0.000140737031451
0.000140644952981
0.000140588723257
0.00014052698787
0.000140421252405
0.000140235180862
0.000139930696875
0.000139459456678
0.000138749529616
0.000137707602848
0.000136472765877
0.000138265658872
0.000174449904419
0.000440076061292
0.00146555897567
0.00364946940096
0.00750011572681
0.000142245251498
0.000141725592729
0.000141359292231
0.000141113708854
0.00014094601286
0.000140810669298
0.000140663825213
0.000140464870407
0.000140174876659
0.000139751260291
0.00013913830325
0.000138258388064
0.00013706043393
0.00013614774056
0.000142561332177
0.000212260510507
0.000607511900962
0.00177330187753
0.00385639565585
0.00745266683642
0.000142749890027
0.000142158955945
0.000141715409874
0.000141391202118
0.000141144049454
0.000140927166269
0.000140694990079
0.000140404878594
0.000140014866245
0.000139477569104
0.000138731796937
0.000137707028669
0.000136466835856
0.000136527575098
0.000151448841959
0.000270311760889
0.000796791935904
0.00202062315848
0.00397374851066
0.00736228028513
0.000143162012121
0.000142497856908
0.000141975473292
0.000141571188055
0.000141243819038
0.000140945988757
0.000140630775127
0.000140253457932
0.000139768889757
0.000139125567723
0.000138261459047
0.000137135929827
0.000136048114978
0.000138138032448
0.000167128393169
0.000350136789723
0.000988933394265
0.00220615698807
0.00403057245987
0.00724533930435
0.00014348056572
0.00014274154388
0.000142140950486
0.000141658170781
0.0001412529017
0.000140877350099
0.000140483378876
0.000140024239016
0.000139451929339
0.000138712712425
0.000137751957757
0.000136596168383
0.000135972601171
0.000141707414141
0.000192006958142
0.000449598234669
0.00116775466519
0.00233920444456
0.00404659085657
0.00711205468831
0.000143706163537
0.000142893094699
0.000142218031128
0.000141661430952
0.000141183205772
0.000140735104156
0.000140267916272
0.000139733144877
0.000139080849229
0.000138258447732
0.000137231931419
0.00013615324661
0.000136473463126
0.00014819698292
0.000228221701515
0.000563107659985
0.00132360911188
0.00243144964642
0.00403494123651
0.00696888230035
0.000143847668907
0.000142964454314
0.000142221252619
0.000141597488908
0.0001410525434
0.000140537667268
0.000140002839905
0.000139398395297
0.000138674065964
0.00013778378144
0.000136734372296
0.000135892016548
0.000137869612798
0.000158790462409
0.000277014406904
0.000683103556325
0.00145339581316
0.00249305711341
0.00400443598176
0.0068199303173
0.000143928737883
0.000142980183918
0.000142175242571
0.000141490461392
0.0001408840584
0.000140306835846
0.000139708363719
0.000139038708871
0.000138249743293
0.000137309905691
0.000136296973198
0.000135923417957
0.000140586517658
0.000174809206072
0.000338209917894
0.00080204080091
0.00155839687595
0.00253180797755
0.00396102631828
0.00666785035221
0.000143988857095
0.000142976183568
0.000142111983094
0.000141368489024
0.000140702257581
0.000140063735438
0.000139402573297
0.000138669809766
0.000137822996905
0.000136856661292
0.000135963466833
0.0001363937659
0.00014517080002
0.000197535923281
0.00041005902652
0.000914000123745
0.00164188033139
0.00255342519531
0.00390875249127
0.00651442408019
0.000144076485218
0.000142992564884
0.000142063699295
0.000141256921309
0.000140526747639
0.000139823320937
0.000139096879932
0.000138301034815
0.00013740391811
0.00013644253766
0.000135787436464
0.00013749710061
0.000152291563503
0.000227976255739
0.000489548090019
0.00101540678234
0.00170750075285
0.00256210074161
0.00385037802799
0.00636094671875
0.000144237344186
0.000143063908783
0.000142054781499
0.000141171800971
0.000140367255819
0.000139590915088
0.000138794060689
0.000137934869069
0.000136998675111
0.000136087830039
0.000135839679846
0.000139490610838
0.000162723826233
0.000266633418221
0.00057305729015
0.00110489173422
0.00175857975939
0.00256093219813
0.00378781257627
0.00620844787666
0.000144504387785
0.000143212412466
0.000142097779629
0.000141118296396
0.000140224067072
0.000139364239342
0.000138491513982
0.00013757111746
0.000136614483622
0.000135821029507
0.000136218971918
0.000142712577937
0.000177312795405
0.000313374652077
0.000657101839283
0.00118266732916
0.00179792536344
0.00255224294932
0.00372239017114
0.00605777423252
0.000144894682726
0.000143448302033
0.000142196928912
0.000141096484933
0.0001400951551
0.000139141118945
0.000138188926852
0.000137214123615
0.000136266389728
0.00013568643179
0.000137064940095
0.000147601375222
0.000196916483778
0.000367425234329
0.000738890674356
0.00124981466608
0.00182785671985
0.00253780567905
0.00365504921808
0.0059095684049
0.0001454140478
0.000143777438449
0.000142357608762
0.000141111455015
0.000139985929772
0.000138928184804
0.00013789551925
0.000136878474156
0.000135982008876
0.000135750283862
0.000138571689643
0.000154711208327
0.000222318043237
0.000427473319587
0.00081656167247
0.00130771953859
0.00185025782822
0.00251898570252
0.0035864462219
0.00576419567572
0.000146064815209
0.000144209369222
0.00014259381696
0.000141179547444
0.000139913888391
0.000138743817706
0.00013763138164
0.000136589157456
0.000135801722459
0.000136104460144
0.000141001308329
0.000164713809773
0.000254099427771
0.000491842549312
0.000889112242504
0.0013577216839
0.00186661342975
0.00249682364409
0.00351702726407
0.00562167911349
0.000146842946157
0.000144753934591
0.000142923973351
0.000141323433085
0.000139903170806
0.000138612390962
0.000137421695979
0.000136376339202
0.000135775497383
0.000136869246923
0.000144695805278
0.000178368049265
0.000292488307648
0.000558691947457
0.000956154078068
0.00140094603538
0.00187804000977
0.00247208410491
0.0034470771927
0.00548169380051
0.000147723305671
0.000145405621234
0.000143355883991
0.000141558458139
0.000139972568718
0.000138553982785
0.000137288202353
0.000136268973787
0.000135960153959
0.000138197911284
0.000150083539393
0.000196441446327
0.00033722578301
0.000626213876074
0.00101764392951
0.0014382604241
0.00188533368337
0.00244529695824
0.00337676166025
0.0053436405344
0.000148646982778
0.000146129371185
0.000143873354509
0.000141881023905
0.000140125902594
0.000138576726583
0.000137243552997
0.000136291645109
0.000136420459493
0.000140284441098
0.000157673339812
0.000219587645194
0.000387522927333
0.000692805627861
0.00107369268995
0.00147031045989
0.0018890420808
0.00241680743133
0.00330616922305
0.00520678006861
0.000149525301912
0.000146862195644
0.000144436003267
0.000142267420372
0.000140350553699
0.000138675638163
0.000137291089179
0.000136466415144
0.000137235272907
0.000143373443659
0.000168030082964
0.000248213940296
0.000442149269043
0.000757191059296
0.00112447803502
0.00149759042138
0.00188954920097
0.00238683567394
0.00323535215563
0.00507038038238
0.000150272486153
0.000147536608018
0.000144995240641
0.000142684367028
0.000140624525412
0.00013883790869
0.000137429924224
0.000136819560962
0.00013850824483
0.000147769308927
0.000181731742433
0.000282388295652
0.000499633365739
0.000818475228882
0.00117022756282
0.00152051502193
0.00188715268215
0.00235553496152
0.00316435963838
0.00493382621023
0.000150861058371
0.000148119229094
0.000145521274834
0.000143107829424
0.000140929907571
0.000139053304208
0.000137664249374
0.000137391977831
0.000140381021079
0.000153840778987
0.000199315413391
0.000321818258914
0.000558498397527
0.000876128639481
0.00121122119482
0.00153946650655
0.00188211535975
0.00232303474803
0.0030932571581
0.00479666143662
0.000151352250369
0.000148639761453
0.00014602723763
0.000143542016681
0.000141267633454
0.000139325879331
0.000138013463924
0.000138249772176
0.000143044806714
0.000162016209331
0.000221219809002
0.000365895108161
0.000617443905997
0.000929912768362
0.00124777672486
0.00155480675097
0.00187468377234
0.00228945964111
0.00302212942446
0.00465856922307
0.000151885415496
0.000149194649661
0.000146577475675
0.000144028181298
0.000141665043992
0.000139679906908
0.000138517180166
0.000139490032368
0.000146745111882
0.000172763353672
0.000247724027294
0.000413767640112
0.000675423208316
0.000979772265614
0.00128021206085
0.00156686187064
0.00186508029065
0.00225492526367
0.0029510695251
0.00451932576368
0.000152646156365
0.000149924823359
0.000147273771265
0.000144635654993
0.000142169234988
0.000140154457438
0.000139231338504
0.000141239241051
0.000151775755167
0.000186547147699
0.000278880520769
0.000464414574118
0.00073162614305
0.00102572884934
0.0013088024896
0.00157589985975
0.00185348608865
0.0022195221302
0.00288016245113
0.00437877520062
0.000153794782736
0.000150959827335
0.000148215135064
0.000145432704584
0.000142825589069
0.000140787764084
0.000140217788079
0.000143646113848
0.000158460049557
0.00020376367022
0.000314453208704
0.000516710980466
0.00078541840391
0.00106780945677
0.00133375740451
0.00158212196514
0.0018400328222
0.00218330248194
0.00280947271034
0.00423685810145
0.000155394009913
0.000152358005339
0.000149450348382
0.000146450862999
0.00014365247842
0.000141600766594
0.00014153482117
0.000146872679408
0.000167119347436
0.000224661075535
0.000353889602267
0.000569502709236
0.000836291589324
0.00110602446691
0.00135522886036
0.00158567694231
0.00182481210547
0.00214628089993
0.00273904247614
0.00409369333116
0.000157421397939
0.000154076808106
0.00015094571026
0.000147659815275
0.000144625542379
0.000142589922715
0.000143234879415
0.000151085703105
0.000178033629413
0.000249273456333
0.000396357784003
0.00062169804439
0.000883851321328
0.0011403893449
0.00137334607167
0.00158669278915
0.00180790021998
0.0021084508373
0.00266890066553
0.0039496810114
0.000159846771669
0.000155940592422
0.000152555563688
0.000148951941438
0.000145674907182
0.000143732422858
0.00014537018101
0.00015644909669
0.000191406107424
0.000277399175314
0.000440856749055
0.000672367718379
0.000927838768281
0.00117096745578
0.0013882581964
0.00158531201695
0.00178938782087
0.002069811644
0.00259907843792
0.00380557733235
0.000162774698839
0.000157656059794
0.000154033059963
0.00015016056272
0.000146708640202
0.000145008830096
0.00014800706337
0.000163122251217
0.000207350768356
0.000308644297896
0.000486376224623
0.000720830853271
0.000968161128027
0.0011979074214
0.00140016538481
0.00158171497111
0.00176940162639
0.00203039548317
0.0025296234276
0.00366249352555
0.000166936308573
0.000159073356515
0.000155199134543
0.000151169577569
0.000147682666989
0.000146444670594
0.000151247165504
0.000171270130126
0.000225914299593
0.000342519207915
0.000532051037074
0.000766694865268
0.00100489682636
0.00122144881063
0.0014093197764
0.00157611750338
0.00174810496234
0.00199027891789
0.0024606016616
0.00352179142151
0.000174462017717
0.00016037889629
0.000156080386202
0.000152001256096
0.000148646881566
0.000148129040097
0.000155234340584
0.000181073930639
0.00024710956859
0.000378529820786
0.000577239002371
0.000809818330355
0.00103824809383
0.0012418816254
0.00141598932921
0.00156873850799
0.0017256698754
0.00194956009099
0.00239204758874
0.00338487104217
0.000190116483441
0.000161977038534
0.000156814350552
)
;

boundaryField
{
    emptyPatch
    {
        type            empty;
    }
    minY
    {
        type            fixedValue;
        value           uniform 0.000138;
    }
    maxY
    {
        type            inletOutlet;
        inletValue      nonuniform List<scalar> 0();
        value           nonuniform List<scalar> 0();
    }
    water_to_cooler
    {
        type            kqRWallFunction;
        value           nonuniform List<scalar> 
37
(
0.00259618553902
0.0048333102132
0.00621644067274
0.00697164905965
0.00733352827051
0.0074771891345
0.00750011572681
0.00745266683642
0.00736228028513
0.00724533930435
0.00711205468831
0.00696888230035
0.0068199303173
0.00666785035221
0.00651442408019
0.00636094671875
0.00620844787666
0.00605777423252
0.0059095684049
0.00576419567572
0.00562167911349
0.00548169380051
0.0053436405344
0.00520678006861
0.00507038038238
0.00493382621023
0.00479666143662
0.00465856922307
0.00451932576368
0.00437877520062
0.00423685810145
0.00409369333116
0.0039496810114
0.00380557733235
0.00366249352555
0.00352179142151
0.00338487104217
)
;
    }
    water_to_heater
    {
        type            kqRWallFunction;
        value           nonuniform List<scalar> 
61
(
0.0361210188801
0.489860576837
0.489860576837
0.683069999767
0.683069999767
0.836069608383
0.836069608383
0.909986281129
0.919931287938
0.928023869636
0.928023869636
0.951552725125
0.951552725125
0.97096582377
0.97096582377
0.979772254975
0.980932199556
0.973780699619
0.973780699619
0.967403790499
0.967403790499
0.967663030452
0.967663030452
0.977368781307
0.994611081348
1.01755552125
1.01755552125
1.04578251992
1.04578251992
1.08416292774
1.08416292774
1.17538427837
1.31681322144
1.42490719137
1.42490719137
1.45603804723
1.45603804723
1.47329652018
1.47329652018
1.48327098251
1.49578547521
1.50809727199
1.50809727199
1.5292376152
1.5292376152
1.55430539949
1.55430539949
1.57977242638
1.59515651773
1.59949900504
1.59949900504
1.58485687306
1.58485687306
1.5338829246
1.5338829246
1.40505778465
1.30795542058
1.39325576579
1.39325576579
1.68298753322
1.68298753322
)
;
    }
    procBoundary2to3
    {
        type            processor;
        value           nonuniform List<scalar> 
41
(
2.23667289326
1.11247849495
0.508342009285
0.232449072286
0.107001723728
0.0516262099726
0.0273639324157
0.0164193284743
0.0110512073324
0.00802610130851
0.00590988529784
0.00399201331701
0.00231053233452
0.00152250331036
0.00150021493407
0.00164254852209
0.00158452669891
0.00136109012182
0.00105045957835
0.000604486933827
0.000152759879877
0.00014970478998
0.000150184588387
0.000160137288035
0.000192726451892
0.000270923617791
0.000416211221779
0.000621499547849
0.000850212841225
0.00106845929436
0.00125948550128
0.00142041600266
0.00155978416266
0.00170231672598
0.00190854134168
0.00232441511527
0.00325349710843
0.000222070187978
0.000164492509118
0.000152759879877
0.000157564519339
)
;
    }
}


// ************************************************************************* //
