/*--------------------------------*- C++ -*----------------------------------*\
| =========                 |                                                 |
| \\      /  F ield         | OpenFOAM: The Open Source CFD Toolbox           |
|  \\    /   O peration     | Version:  2312                                  |
|   \\  /    A nd           | Website:  www.openfoam.com                      |
|    \\/     M anipulation  |                                                 |
\*---------------------------------------------------------------------------*/
FoamFile
{
    version     2.0;
    format      ascii;
    arch        "LSB;label=32;scalar=64";
    class       volScalarField;
    location    "0.1/heater";
    object      T;
}
// * * * * * * * * * * * * * * * * * * * * * * * * * * * * * * * * * * * * * //

dimensions      [0 0 0 1 0 0 0];

internalField   nonuniform List<scalar> 
150
(
799.126534462
798.993209623
798.724328481
798.316569449
797.768259348
799.127958706
798.994846455
798.726360701
798.31920145
797.771839145
799.129142694
798.996224815
798.728077896
798.321329983
797.774410902
799.129729621
798.9969481
798.72902262
798.322505878
797.775788644
799.130164094
798.997559495
798.729932189
798.323728015
797.777252174
799.130756471
798.998445524
798.731332809
798.325680165
797.779561715
799.131786348
798.99998254
798.733751861
798.329007536
797.783343398
799.133500292
799.002491753
798.737648422
798.334351884
797.789345727
799.136600309
799.006934985
798.744466496
798.343740587
797.799947429
799.142124302
799.014936325
798.756920688
798.361225812
797.820091433
799.150481954
799.027281372
798.776607697
798.389668939
797.854167009
799.156225896
799.036592994
798.793007976
798.415764106
797.888793672
799.159453437
799.043621075
798.809617561
798.450730698
797.946245822
799.160854298
799.048469366
798.824676687
798.490638757
798.025638679
799.160927059
799.050818652
798.834056552
798.522409198
798.118379963
799.159192817
799.050050924
798.836071117
798.533998919
798.180239406
799.155970257
799.047120005
798.834288988
798.535343809
798.198242721
799.15122524
799.041871847
798.828813587
798.53063535
798.196496577
799.147008624
799.036742542
798.822817767
798.524561905
798.190537815
799.147328771
799.036644474
798.82254137
798.524603571
798.189322178
799.15254148
799.041826319
798.827990499
798.530431567
798.192659897
799.163328973
799.052984995
798.839815196
798.542488228
798.20272025
799.176863195
799.067201882
798.854957012
798.557031796
798.214358178
799.186765182
799.077795232
798.86654574
798.567669646
798.220846461
799.192123249
799.083864504
798.873860445
798.574055422
798.221015376
799.194219224
799.086544107
798.877879323
798.577383696
798.215020056
799.193523778
799.085738155
798.877490938
798.575296329
798.195338663
799.188813911
799.079217033
798.867908842
798.560609381
798.154890656
799.178873681
799.063628857
798.840541566
798.517263943
798.075552044
799.170824239
799.049551147
798.81327982
798.473361773
798.013763982
)
;

boundaryField
{
    emptyPatch
    {
        type            empty;
    }
    minY
    {
        type            zeroGradient;
    }
    maxY
    {
        type            zeroGradient;
    }
    minX
    {
        type            zeroGradient;
    }
    heater_to_water
    {
        type            compressible::turbulentTemperatureTwoPhaseRadCoupledMixed;
        refValue        nonuniform List<scalar> 
60
(
339.97703544
341.693136537
341.693156648
341.158690042
342.119109992
341.370096935
341.370149307
342.308401992
342.308452888
341.74929116
341.749331064
342.511755938
342.259123447
342.884562823
342.884549709
342.489051912
342.488972689
342.068270164
342.06805477
340.635974649
335.879611253
330.274246673
330.273933384
326.092460174
326.091969348
323.395638935
323.395003296
322.816202355
327.249110361
369.951383913
369.950244597
511.642494006
511.642313006
541.39878272
541.398842831
549.116362144
553.89748771
553.328560868
553.328616189
551.064476308
551.064462901
534.700253289
534.700147523
522.640517905
524.953373146
517.134213188
517.134163329
527.35901599
527.359050081
535.916073379
535.916191218
541.122246783
546.998779876
549.963013799
549.963644643
524.500075912
524.501466962
389.537140423
389.538689714
339.371630956
)
;
        refGradient     uniform 0;
        valueFraction   nonuniform List<scalar> 
60
(
0.000747361336453
0.000746543384875
0.000746543018993
0.000747371985334
0.000746554339625
0.000747438121887
0.000747437160185
0.000746695569084
0.000746694656502
0.000747450111085
0.000747449385206
0.000746977425339
0.000747501188773
0.000747209151447
0.00074720938334
0.00074751976054
0.000747521174819
0.000747451685604
0.000747455568379
0.000747703676184
0.000748606487786
0.000745331998804
0.000745339863362
0.000738147370888
0.000738161574738
0.000730589377087
0.000730609742168
0.000729802965306
0.000740682629955
0.000722157994237
0.000722169866569
0.000598205789862
0.000598206302944
0.000595777190122
0.000595777041393
0.000596630994668
0.000595819336613
0.000596625056672
0.000596624926098
0.000596220084164
0.000596220116069
0.00059661742771
0.000596617697159
0.000596404499684
0.000596611510332
0.000596510694007
0.000596510831267
0.000596604719831
0.000596604630206
0.000596233141411
0.000596232843099
0.00059659727219
0.000596168350614
0.000596590421113
0.000596588913564
0.000603422117313
0.000603418373205
0.000709291495145
0.000709279170867
0.000747795134541
)
;
        source          uniform 0;
        value           nonuniform List<scalar> 
60
(
797.427518979
797.429174575
797.43276104
797.43198352
797.435633022
797.43467048
797.436056394
797.437095451
797.438556951
797.437794918
797.440099743
797.440884486
797.444243513
797.444843878
797.450840765
797.45040393
797.461015835
797.46073302
797.480907505
797.479723658
797.509966258
797.507301136
797.542016233
797.542293018
797.599907837
797.601510915
797.681240534
797.681201047
797.772524217
797.81208474
797.872618897
798.010465359
798.026664561
798.045088864
798.043138837
798.047524055
798.044535896
798.043999628
798.042791139
798.041540343
798.044987696
798.035126336
798.045363986
798.038227747
798.051176974
798.046540311
798.053008885
798.059082689
798.059045857
798.06424846
798.058070753
798.061081082
798.044751227
798.046413639
798.005847073
797.988785858
797.910858317
797.786165085
797.726138515
797.672890941
)
;
        kappaMethod     solidThermo;
        Tnbr            T.liquid;
        region          solid;
        otherPhase      gas;
    }
    procBoundary1to0
    {
        type            processor;
        value           nonuniform List<scalar> 5(799.124379949 798.990849641 798.721562695 798.313000473 797.762344823);
    }
}


// ************************************************************************* //
