/*--------------------------------*- C++ -*----------------------------------*\
| =========                 |                                                 |
| \\      /  F ield         | OpenFOAM: The Open Source CFD Toolbox           |
|  \\    /   O peration     | Version:  2312                                  |
|   \\  /    A nd           | Website:  www.openfoam.com                      |
|    \\/     M anipulation  |                                                 |
\*---------------------------------------------------------------------------*/
FoamFile
{
    version     2.0;
    format      ascii;
    arch        "LSB;label=32;scalar=64";
    class       volScalarField;
    location    "0.115/water";
    object      Ct2;
}
// * * * * * * * * * * * * * * * * * * * * * * * * * * * * * * * * * * * * * //

dimensions      [0 0 0 0 0 0 0];

internalField   nonuniform List<scalar> 
1496
(
1
1
1
1
1
1
1
1
1
1
1
1
1
1
1
1
1
1
1
1
1
1
1
1
1
1
1
1
1
1
1
1
1
1
1
1
1
1
1
1
1
1
1
1
1
1
1
1
1
1
1
1
1
1
1
1
1
1
1
1
1
1
1
1
1
1
1
1
1
1
1
1
1
1
1
1
1
1
1
1
1
1
1
1
1
1
1
1
1
1
1
1
1
1
1
1
1
1
1
1
1
1
1
1
1
1
1
1
1
1
1
1
1
1
1
1
1
1
1
1
1
1
1
1
1
1
1
1
1
1
1
1
1
1
1
1
1
1
1
1
1
1
1
1
1
1
1
1
1
1
1
1
1
1
1
1
1
1
1
1
1
1
1
1
1
1
1
1
1
1
1
1
1
1
1
1
1
1
1
1
1
1
1
1
1
1
1
1
1
1
1
1
1
1
1
1
1
1
1
1
1
1
1
1
1
1
1
1
1
1
1
1
1
1
1
1
1
1
1
1
1
1
1
1
1
1
1
1
1
1
1
1
1
1
1
1
1
1
1
1
1
1
1
1
1
1
1
1
1
1
1
1
1
1
1
1
1
1
1
1
1
1
1
1
1
1
1
1
1
1
1
1
1
1
1
1
1
1
1
1
1
1
1
1
1
1
1
1
1
1
1
1
1
1
1
1
1
1
1
1
1
1
1
1
1
1
1
1
1
1
1
1
1
1
1
1
1
1
1
1
1
1
1
1
1
1
1
1
1
1
1
1
1
1
1
1
1
1
1
1
1
1
1
1
1
1
1
1
1
1
1
1
1
1
1
1
1
1
1
1
1
1
1
1
1
1
1
1
1
1
1
1
1
1
1
1
1
1
1
1
1
1
1
1
1
1
1
1
1
1
1
1
1
1
1
1
1
1
1
1
1
1
1
1
1
1
1
1
1
1
1
1
1
1
1
1
1
1
1
1
1
1
1
1
1
1
1
1
1
1
1
1
1
1
1
1
1
1
1
1
1
1
1
1
1
1
1
1
1
1
1
1
1
1
1
1
1
1
1
1
1
1
1
1
1
1
1
1
1
1
1
1
1
1
1
1
1
1
1
1
1
1
1
1
1
1
1
1
1
1
1
1
1
1
1
1
1
1
1
1
1
1
1
1
1
1
1
1
1
1
1
1
1
1
1
1
1
1
1
1
1
1
1
1
1
1
1
1
1
1
1
1
1
1
1
1
1
1
1
1
1
1
1
1
1
1
1
1
1
1
1
1
1
1
1
1
1
1
1
1
1
1
1
1
1
1
1
1
1
1
1
1
1
1
1
1
1
1
1
1
1
1
1
1
1
1
1
1
1
1
1
1
1
1
1
1
1
1
1
1
1
1
1
1
1
1
1
1
1
1
1
1
1
1
1
1
1
1
1
1
1
1
1
1
1
1
1
1
1
1
1
1
1
1
1
1
1
1
1
1
1
1
1
1
1
1
1
1
1
1
1
1
1
1
1
1
1
1
1
1
1
1
1
1
1
1
1
1
1
1
1
1
1
1
1
1
1
1
1
1
1
1
1
1
1
1
1
1
1
1
1
1
1
1
1
1
1
1
1
1
1
1
1
1
1
1
1
1
1
1
1
1
1
1
1
1
1
1
1
1
1
1
1
1
1
1
1
1
1
1
1
1
1
1
1
1
1
1
1
1
2.06514918265
2.80441405289
3.50468513466
4.5633124419
6.42891026938
8.28409237815
8.91669186286
8.97272078534
8.9736815415
8.97376449454
8.9738111207
8.97383847434
8.97385967752
8.97387856971
8.9738970752
8.97391536589
1
1
1.31946353129
1.49897694855
1.97832687282
2.716620886
3.41274230125
4.40499531517
6.19614895593
8.1482537751
8.89664257454
8.97228584561
8.97368030767
8.97376404944
8.97381121977
8.97383905857
8.97386067919
8.97387994455
8.97389881053
8.97391749482
1
1
1.29349183064
1.48001587511
1.90860637651
2.63829607718
3.33413391548
4.27026817781
5.98011104525
8.00282048666
8.87189225518
8.97168638564
8.97367793908
8.97376289283
8.97381082551
8.97383928117
8.97386141596
8.97388112339
8.97390038609
8.97391948902
1
1
1.27476155978
1.467298298
1.85278975502
2.56854163917
3.26587218982
4.15447772633
5.78183367511
7.85197190407
8.84279864968
8.97089294189
8.97367466398
8.97376118637
8.9738100649
8.97383925095
8.9738619858
8.97388219976
8.97390189645
8.97392141922
1
1
1.26111721633
1.45819453011
1.80656844299
2.50429078372
3.20371907554
4.05181831953
5.59913810768
7.69850197169
8.81005289954
8.96988518697
8.97367107236
8.9737593965
8.97380928639
8.97383925067
8.97386262502
8.97388337141
8.97390349622
8.97392339866
1
1
1.24678483162
1.45069728327
1.76539104253
2.44087688296
3.1432637155
3.95630381814
5.42572923105
7.54054701568
8.77367893044
8.96859642563
8.97366757748
8.9737581953
8.97380898796
8.97383967875
8.97386365989
8.97388490615
8.97390539872
8.97392558166
1
1
1.22429511014
1.44343668334
1.72545818759
2.37296377635
3.07980114202
3.86188738508
5.25223863081
7.37053310134
8.73089704402
8.96686300389
8.97366505413
8.97375831264
8.97380970836
8.97384096189
8.97386543476
8.97388708259
8.97390782552
8.97392812924
1
1
1.18569193326
1.43576447419
1.6846823475
2.29630235581
3.00898196492
3.76415619489
5.07074620004
7.17783876554
8.6769444595
8.96434429715
8.97366350141
8.97376038004
8.9738119107
8.97384346091
8.97386823414
8.97389012534
8.97391095392
8.97393117367
1
1
1.12733657798
1.42775301404
1.64312106481
2.20984826846
2.92783373808
3.66181747124
4.87946580991
6.95391199155
8.60552834407
8.96043437925
8.97366123049
8.97376479688
8.97381588382
8.97384739251
8.97387221941
8.97389415329
8.973914875
8.97393478767
1
1
1.06095863392
1.41984834936
1.60291372403
2.11707307369
2.8356857895
3.55652611087
4.68457396844
6.6982523633
8.50965733193
8.95415456291
8.97365341079
8.97377165024
8.97382168463
8.97385278575
8.97387739548
8.97389915386
8.97391957259
8.97393896707
1
1
1.01531958885
1.41230557132
1.56683778659
2.02531162588
2.73507256633
3.4514816805
4.49757388169
6.42272923709
8.38474325641
8.94409401849
8.97362776545
8.9737807115
8.97382913747
8.9738594847
8.97388361621
8.97390498975
8.97392492879
8.97394363161
1
1
1.00137756523
1.40455940286
1.53696785884
1.94332276402
2.63250034628
3.35071648
4.33028388855
6.15056836962
8.23375115706
8.92892790678
8.97356119642
8.97379151756
8.97383789287
8.97386719656
8.97389062562
8.97391143471
8.97393075293
8.97394864326
1
1
1.00003367161
1.39495391475
1.51416145393
1.87868156636
2.5383923111
3.25985153581
4.19193210645
5.90956851925
8.07146707594
8.9086766585
8.97342597807
8.97380349372
8.97384751344
8.97387555864
8.97389811281
8.97391821952
8.97393681917
8.97395383263
1
1
1.00000026932
1.38189857831
1.49841538615
1.83627191277
2.4652892993
3.18692675214
4.08976359405
5.72472980625
7.92362839407
8.88596556426
8.97322166254
8.97381603566
8.97385753371
8.97388418646
8.97390575209
8.9739250663
8.97394289564
8.97395902106
1
1
1.00000000157
1.36672641964
1.49007817517
1.81846052117
2.42542441719
3.14180740292
4.0312224606
5.61585266412
7.82114543274
8.86654434582
8.97301152517
8.97382853018
8.97386747951
8.97389269152
8.97391321943
8.97393170377
8.97394875898
8.97396403399
1
1
1.00000000002
1.35492367501
1.48900645897
1.82017603635
2.42086208218
3.13079031384
4.01804402063
5.58944188624
7.78906408826
8.85895588895
8.97289555837
8.97384035603
8.97387687001
8.97390068345
8.97392019478
8.97393787035
8.97395419893
8.97396870738
1
1
1
1.35188382506
1.49619490122
1.85062399218
2.45131943193
3.15093782181
4.04526984946
5.63323282996
7.82189644249
8.86370717228
8.97290843891
8.97385086205
8.97388520196
8.97390775852
8.97392635371
8.97394330857
8.97395901604
8.97397288926
1
1
1
1.3592007477
1.52172112498
1.93145230141
2.54454131016
3.22924849639
4.15161562271
5.81054728247
7.96497529785
8.88642673979
8.97309086105
8.97385930788
8.97389191981
8.97391348409
8.97393135969
8.97394776191
8.97396302162
8.97397644287
1
1
1
1.37855430934
1.57604855319
2.06638259023
2.69160639165
3.36669077274
4.34957684216
6.13248974253
8.1967535602
8.91793306045
8.97335152043
8.97386492459
8.97389646748
8.97391744348
8.9739349013
8.97395100456
8.97396606062
8.97397926552
1
1
1.00000000005
1.39812699117
1.66993304884
2.24528322677
2.86844047376
3.55115005974
4.63951835992
6.56565348507
8.43833223298
8.94151752402
8.97343460471
8.97386716017
8.97389845984
8.97391935878
8.97393678136
8.97395290524
8.97396805506
8.97398131919
1
1
1.00000001838
1.41404267849
1.8036535298
2.43804992791
3.05376806309
3.77683439627
5.0173699664
7.04724114628
8.62724635508
8.95352112918
8.97340619718
8.97386567966
8.97389782123
8.97391918824
8.97393698563
8.97395347342
8.97396903213
8.97398264616
1
1
1.00001606316
1.43877857576
1.94836532385
2.60507192552
3.23277132506
4.0331478647
5.44315310009
7.47498165653
8.73992090706
8.95810626324
8.97330871764
8.97386000753
8.97389476123
8.97391711281
8.97393567447
8.97395285164
8.97396911519
8.97398335663
1
1
1.00490726673
1.4853806503
2.05590971979
2.72485004323
3.39228035324
4.28425215895
5.82240013567
7.75853782945
8.78857369716
8.95933879355
8.97319337026
8.97385081677
8.9738896691
8.97391346688
8.97393313632
8.97395128328
8.97396849985
8.97398360695
1
1
1.11238510461
1.53964030256
2.10038785263
2.79396808565
3.50714702671
4.46388368405
6.05007782876
7.8775703157
8.79831631396
8.95930976054
8.97305688574
8.97383890733
8.97388311684
8.97390873823
8.97392978712
8.97394911239
8.97396745344
8.97398359553
1
1
1.30591659921
1.56389062949
2.10126686926
2.80954294284
3.54615091039
4.5214761331
6.10024825122
7.88321100204
8.78720333995
8.95737452066
8.97280237733
8.97382520836
8.97387596862
8.97390363676
8.97392621455
8.97394681337
8.97396633517
8.97398357375
1
1
1.35888751377
1.55398553969
2.0508899387
2.76333539133
3.51792434151
4.48517100636
6.01838162266
7.76976221296
8.72622505436
8.94943954579
8.97226824796
8.97381091825
8.97386941492
8.97389910327
8.9739231735
8.97394498178
8.97396558806
8.97398383948
1
1
1.34845059401
1.50153320511
1.88999391454
2.56198691933
3.34094143979
4.26332922964
5.65992612517
7.41397464452
8.58175742641
8.92787440528
8.97108075487
8.97379297288
8.97386476029
8.97389613833
8.97392144644
8.9739442238
8.97396565852
8.97398468504
1
1
1.24651823192
1.44097444444
1.68421968338
2.22783498596
2.9869081169
3.85130945627
5.07439546134
6.8303190152
8.31770333603
8.87844897826
8.96789682228
8.97375303841
8.97386300429
8.97389548577
8.97392159904
8.97394496929
8.97396686094
8.97398631099
1
1
1.0584615171
1.4101962851
1.53476892884
1.90307070605
2.56845953861
3.39416969243
4.46152604369
6.10766841231
7.88754146204
8.77475328579
8.95871458156
8.97362092119
8.97386448068
8.97389737121
8.9739237851
8.97394732532
8.97396927146
8.97398875932
1
1
1.0025319445
1.38591105947
1.45968627759
1.67861005778
2.19313746237
2.97110290239
3.92841906062
5.36728311505
7.28241816283
8.57748422162
8.93466338776
8.97312990313
8.97386883847
8.97390149667
8.97392774847
8.97395107996
8.97397272998
8.97399191613
1
1
1.00002923716
1.34460365617
1.42922254437
1.55518752041
1.91450013208
2.60348547694
3.49475698846
4.72608628266
6.58250226073
8.25775194534
8.88176916837
8.97143032936
8.97387453329
8.97390726274
8.9739329957
8.97395583475
8.9739769357
8.9739955743
1
1
1.00000028314
1.29491305313
1.41700999105
1.49628515197
1.73936652552
2.31003039752
3.15236216791
4.23792298045
5.92383602255
7.83626083828
8.7875543114
8.96627311792
8.97387407185
8.97391399257
8.97393897188
8.97396114187
8.97398154816
8.97399949962
1
1
1.00000001078
1.25683500066
1.41154853572
1.47001312952
1.64295410375
2.10292620135
2.89307544908
3.89465590986
5.40512884444
7.39269338085
8.65364216326
8.95391803714
8.97384374
8.97392103984
8.97394515132
8.97396657906
8.97398624558
8.97400346959
1
1
1.00000000439
1.24238352616
1.40945719057
1.45909216021
1.59509550254
1.97604032442
2.71394925716
3.66925976736
5.05174508012
7.02053746803
8.50536163699
8.93460948778
8.97376475736
8.97392780896
8.97395105785
8.97397176954
8.97399074304
8.97400728708
1
1
1.00000001225
1.24634729388
1.40934288367
1.45595669783
1.57501939462
1.9120302602
2.61167989047
3.54017727848
4.84652726182
6.7758967201
8.38460364777
8.91783909053
8.97361558941
8.97393389718
8.97395637517
8.97397646666
8.97399485556
8.97401082469
1
1
1.00000060773
1.2776804558
1.41098170522
1.4564477731
1.57116645429
1.89377977286
2.57827958637
3.4937740705
4.76638618795
6.66910304069
8.33176526276
8.91318893111
8.97353531159
8.97393851864
8.97396049648
8.97398021128
8.97399825498
8.97401386503
1
1
1.00005563192
1.32353076452
1.41483683396
1.46022032305
1.5743801036
1.89751771454
2.58148086163
3.49308116688
4.75794309065
6.65417825839
8.33004773564
8.91572433149
8.97357495204
8.97394408844
8.97396530355
8.97398442028
8.97400193926
8.97401710115
1
1
1.01880871242
1.38325790826
1.42646912175
1.48092578619
1.61932683692
1.9975819255
2.72095445726
3.62981182693
4.9276865355
6.86299402216
8.46153996569
8.94028853378
8.97379237459
8.97393482916
8.97395847077
8.97397976577
8.97399927007
8.97401593501
)
;

boundaryField
{
    emptyPatch
    {
        type            empty;
    }
    minY
    {
        type            calculated;
        value           nonuniform List<scalar> 0();
    }
    maxY
    {
        type            calculated;
        value           nonuniform List<scalar> 
40
(
1
1
1
1
1
1
1
1
1
1
1
1
1
1
1
1
1
1
1
1
1
1
1.01880871426
1.38325794992
1.42646916988
1.48092584222
1.61932691175
1.99758205305
2.72095469317
3.62981220889
4.92768713748
6.86299496637
8.46154119821
8.94028984759
8.97379368746
8.97393613619
8.97395977293
8.97398106382
8.97400056366
8.97401723539
)
;
    }
    water_to_cooler
    {
        type            calculated;
        value           nonuniform List<scalar> 
38
(
8.97397518609
8.97397736086
8.97397961451
8.97398196092
8.97398440862
8.97398695493
8.97398958212
8.97399225659
8.97399493193
8.97399755538
8.9740000758
8.97400245082
8.97400465138
8.97400666318
8.97400848626
8.97401013346
8.9740116287
8.97401300568
8.97401430677
8.97401558106
8.97401688188
8.97401826439
8.97401978371
8.97402149199
8.97402343144
8.97402562239
8.97402805039
8.97403066162
8.9740333734
8.97403609595
8.97403875283
8.97404129192
8.97404368764
8.97404593857
8.97404806275
8.97405009203
8.97405206615
8.97405404107
)
;
    }
    water_to_heater
    {
        type            calculated;
        value           uniform 1;
    }
    procBoundary0to1
    {
        type            processor;
        value           nonuniform List<scalar> 
41
(
1
1
1
1
1
1
1
1
1
1
1
1
1
1
1
1
1
1
1
1
2.16818213427
2.89621736877
3.60261336528
4.73486231375
6.66486265259
8.40527269437
8.93215283107
8.97303003829
8.97368190085
8.97376438115
8.9738106279
8.97383759926
8.97385846279
8.97387704231
8.97389523621
8.97391321179
1
1
1.34937755027
1.52761426256
1.52761426256
)
;
    }
}


// ************************************************************************* //
