/*--------------------------------*- C++ -*----------------------------------*\
| =========                 |                                                 |
| \\      /  F ield         | OpenFOAM: The Open Source CFD Toolbox           |
|  \\    /   O peration     | Version:  2312                                  |
|   \\  /    A nd           | Website:  www.openfoam.com                      |
|    \\/     M anipulation  |                                                 |
\*---------------------------------------------------------------------------*/
FoamFile
{
    version     2.0;
    format      ascii;
    arch        "LSB;label=32;scalar=64";
    class       surfaceScalarField;
    location    "0.11/water";
    object      phi;
}
// * * * * * * * * * * * * * * * * * * * * * * * * * * * * * * * * * * * * * //

dimensions      [0 3 -1 0 0 0 0];

oriented        oriented;

internalField   nonuniform List<scalar> 
2914
(
1.65723416677e-07
5.28800093809e-07
1.4888077126e-07
5.52072772033e-07
1.48178133644e-07
5.91557319027e-07
1.70510476071e-07
6.78776814383e-07
2.2946401991e-07
8.79576867224e-07
2.51791135785e-07
1.48407758837e-06
1.68632035646e-07
1.52775306325e-06
1.20969328128e-07
1.11138455717e-06
9.96468293905e-08
7.86611229469e-07
9.0635154003e-08
6.436856362e-07
8.79866302129e-08
5.94511487478e-07
8.81789561608e-08
5.79188974964e-07
8.88634542534e-08
5.84785693726e-07
8.92836906954e-08
5.92344185241e-07
8.53582599059e-08
6.42478091718e-07
8.26597738249e-08
6.88699415313e-07
7.99350487691e-08
6.98342719845e-07
7.73059292366e-08
6.9954687655e-07
7.3760589609e-08
6.84489116791e-07
5.95486363061e-07
6.68403407328e-08
1.75330801522e-07
5.11190419287e-07
1.72818435013e-07
5.34635944766e-07
1.83017601698e-07
5.71555082343e-07
2.13225819608e-07
6.44454686753e-07
2.68468084937e-07
8.22255082448e-07
2.65525652993e-07
1.48607087946e-06
1.29543309552e-07
1.66335092678e-06
9.10267750093e-08
1.1497479348e-06
7.68240320471e-08
8.00711523748e-07
7.22730162295e-08
6.4815194877e-07
7.20358060152e-08
5.94676169732e-07
7.32504326456e-08
5.7791219902e-07
7.43692134039e-08
5.83599505356e-07
7.5056833406e-08
5.91588541203e-07
7.60601750064e-08
6.41407336168e-07
7.60967378886e-08
6.88549738923e-07
7.57479437871e-08
6.98578799203e-07
7.51998442806e-08
6.99986456026e-07
7.33855947327e-08
6.86173375741e-07
6.0094931431e-07
6.78165697731e-08
1.84460302127e-07
4.87657930862e-07
1.86109291074e-07
5.10843613111e-07
2.03154831045e-07
5.45438611957e-07
2.34399367449e-07
6.08809862642e-07
2.81556878874e-07
7.73203983491e-07
2.47034738098e-07
1.51965247602e-06
1.01642091833e-07
1.80837084274e-06
7.6005791815e-08
1.17526068506e-06
6.48024649902e-08
8.11843580447e-07
6.17458740421e-08
6.51148703867e-07
6.22010232039e-08
5.94166507167e-07
6.35168555064e-08
5.76545997305e-07
6.45400471202e-08
5.82528735264e-07
6.51936635393e-08
5.90884479856e-07
6.98619537414e-08
6.36642746045e-07
7.19775995019e-08
6.86342877094e-07
7.33607149327e-08
6.97091304162e-07
7.42416698067e-08
6.98988838645e-07
7.39013378298e-08
6.8640715184e-07
6.05494311146e-07
6.92460997748e-08
1.79150081168e-07
4.6723432127e-07
1.79399154939e-07
4.90733095241e-07
1.91258854746e-07
5.23916985448e-07
2.13046757903e-07
5.83112780394e-07
2.2422286796e-07
7.60146095654e-07
1.16446821857e-07
1.626488382e-06
1.16334711115e-07
1.80808441885e-06
8.24203319987e-08
1.20906218701e-06
6.64295330104e-08
8.277816426e-07
6.11835354085e-08
6.56352558459e-07
6.02213918479e-08
5.95089467814e-07
6.03538255968e-08
5.76376483908e-07
6.03174488051e-08
5.8251917709e-07
6.01896393446e-08
5.90962971568e-07
6.78939855895e-08
6.28886340416e-07
7.0713119686e-08
6.83431374674e-07
7.31634922588e-08
6.94550952777e-07
7.50259274895e-08
6.97037043001e-07
7.54981695765e-08
6.85822564473e-07
6.09533682676e-07
7.13667462351e-08
1.72736582966e-07
4.57345616051e-07
1.68007239133e-07
4.75827529228e-07
1.76794325271e-07
5.07033216374e-07
1.86383725752e-07
5.69466981443e-07
1.32716528759e-07
8.12188009486e-07
1.07981315805e-07
1.65044511766e-06
1.35886775693e-07
1.77983664711e-06
9.18890369886e-08
1.25296775343e-06
7.04191736826e-08
8.49205468288e-07
6.34604534027e-08
6.63273875089e-07
6.16202025457e-08
5.96894933377e-07
6.08695455238e-08
5.77093471988e-07
5.99438674241e-08
5.83412661978e-07
5.90577653887e-08
5.91809930704e-07
6.76630778555e-08
6.20212973909e-07
7.13321379476e-08
6.79692232392e-07
7.46198318375e-08
6.91175560672e-07
7.71373968951e-08
6.94421797398e-07
7.82932917345e-08
6.8457904516e-07
6.13435483789e-07
7.42974505729e-08
1.76612656456e-07
4.4385124063e-07
1.66124227727e-07
4.66230629388e-07
1.62063327506e-07
5.0036691132e-07
1.3695774783e-07
5.90219876626e-07
-3.09558603763e-08
9.78603079918e-07
5.91332336596e-08
1.55999409388e-06
1.83291914886e-07
1.6553909605e-06
1.09159152088e-07
1.32698557289e-06
8.10539980165e-08
8.77264265006e-07
7.04511835327e-08
6.73841827408e-07
6.70684006159e-08
6.00246216391e-07
6.53000148841e-08
5.78832262439e-07
6.3396950547e-08
5.85277674134e-07
6.15873166518e-08
5.93581383435e-07
6.8850990544e-08
6.12911931394e-07
7.39429869921e-08
6.74518078369e-07
7.79034261967e-08
6.87142783219e-07
8.08974970546e-08
6.9135407385e-07
8.23781291996e-08
6.83002414074e-07
6.17508796627e-07
7.82265743834e-08
1.812302553e-07
4.19244063857e-07
1.31948797475e-07
4.90239086485e-07
9.3762941873e-08
5.30567130838e-07
1.41483876489e-08
6.6836429892e-07
-1.22556567995e-07
1.11420929317e-06
5.52746528396e-09
1.43172684894e-06
1.4362657203e-07
1.51708896181e-06
1.36429242759e-07
1.33408652865e-06
1.03419637431e-07
9.10232247136e-07
8.53589206199e-08
6.91872091642e-07
7.83973596984e-08
6.07179690009e-07
7.46711278055e-08
5.82531190636e-07
7.13396583093e-08
5.88584290359e-07
6.81712186366e-08
5.96716592243e-07
7.20601311332e-08
6.08973437671e-07
8.0646916997e-08
6.6588088845e-07
8.40923105824e-08
6.83625528293e-07
8.68436696662e-08
6.88520305481e-07
8.82096504911e-08
6.81562603634e-07
6.22195106085e-07
8.34417841566e-08
1.1802893298e-07
4.55761808669e-07
-2.53404205361e-09
6.0066964987e-07
-1.19067566202e-07
6.48868938897e-07
-2.63618541831e-07
8.1471874281e-07
-2.08492993803e-07
1.05938621854e-06
-5.10083788906e-08
1.27426387211e-06
1.06689608812e-07
1.3593129121e-06
1.69949099325e-07
1.2707587462e-06
1.36134074749e-07
9.44005555543e-07
1.07675221023e-07
7.20300131571e-07
9.50581816368e-08
6.19769725801e-07
8.86429122728e-08
5.88921023849e-07
8.35695957268e-08
5.93623401209e-07
7.8706236914e-08
6.01547333483e-07
7.77626756664e-08
6.09891244024e-07
8.98638072052e-08
6.53711118179e-07
9.2371117472e-08
6.81051184698e-07
9.4522684666e-08
6.86298895315e-07
9.52552632769e-08
6.80744060762e-07
6.27600935159e-07
8.978129874e-08
1.16058990838e-07
4.90669696875e-07
4.04243732525e-08
6.64104110445e-07
-5.3944542601e-08
7.43771714049e-07
-9.11150875884e-08
8.53901678629e-07
-4.85912411346e-08
1.01732446099e-06
6.10115801132e-08
1.16471000679e-06
1.72871998201e-07
1.24740824338e-06
2.18914230271e-07
1.22466881726e-06
1.82823874497e-07
9.80057536827e-07
1.39361717304e-07
7.637287712e-07
1.17663770504e-07
6.41439398283e-07
1.07225053006e-07
5.99334061431e-07
1.00314847539e-07
6.00512039193e-07
9.38808366302e-08
6.07951927581e-07
8.87172144065e-08
6.15019028691e-07
1.00566947992e-07
6.41824742625e-07
1.01301741828e-07
6.80251645583e-07
1.02851387268e-07
6.84683748606e-07
1.02965446621e-07
6.80571677132e-07
6.33626587071e-07
9.68696601958e-08
1.45416106579e-07
4.91890992522e-07
1.11130122778e-07
6.81227612651e-07
7.94262750003e-08
7.7230399636e-07
7.25917528579e-08
8.61062287225e-07
1.16505677487e-07
9.73649303103e-07
1.9729447213e-07
1.08395654302e-06
2.81983836011e-07
1.16267455887e-06
3.28600147904e-07
1.17798878997e-06
2.398220692e-07
1.06877848464e-06
1.81184587489e-07
8.22323069088e-07
1.46724035152e-07
6.75867989499e-07
1.29712154594e-07
6.16320894743e-07
1.20262105378e-07
6.09932581702e-07
1.11592765604e-07
6.16597085916e-07
1.03800784793e-07
6.22783688976e-07
1.10517836316e-07
6.35056513408e-07
1.12488481921e-07
6.78234540546e-07
1.1245705037e-07
6.84655595342e-07
1.11224232648e-07
6.81730732447e-07
6.40300174036e-07
1.04491280229e-07
1.58587953525e-07
4.79367645103e-07
1.45320196712e-07
6.74599459635e-07
1.41366840663e-07
7.69796508289e-07
1.52943391613e-07
8.48041873276e-07
1.88983452029e-07
9.37358117699e-07
2.44968116841e-07
1.0278946998e-06
3.02469730637e-07
1.10510486626e-06
3.29721208568e-07
1.15066759071e-06
2.91623516725e-07
1.10681073087e-06
2.28488349213e-07
8.85404168754e-07
1.80683869786e-07
7.2363229933e-07
1.54884106358e-07
6.42089100065e-07
1.42558578796e-07
6.22232667061e-07
1.31642888057e-07
6.27480793674e-07
1.21127374476e-07
6.33265092381e-07
1.18614714919e-07
6.37550904382e-07
1.24888505695e-07
6.71898913877e-07
1.22721749933e-07
6.86759976585e-07
1.19840040649e-07
6.84555982714e-07
6.47736340038e-07
1.12336732885e-07
1.64564198302e-07
4.60223299022e-07
1.62243299765e-07
6.55809274018e-07
1.71831734082e-07
7.51702531949e-07
1.9160400013e-07
8.2542233518e-07
2.25627552703e-07
9.02472262741e-07
2.71628473486e-07
9.81607506115e-07
3.20591098722e-07
1.05600975424e-06
3.55639859281e-07
1.11552768836e-06
3.40418578523e-07
1.1219564477e-06
2.79263477486e-07
9.46495667312e-07
2.19863757841e-07
7.82982554241e-07
1.83873043322e-07
6.78044848838e-07
1.66604769806e-07
6.39473048326e-07
1.54106915545e-07
6.39956007782e-07
1.41893041938e-07
6.45450134248e-07
1.3170715166e-07
6.47698555078e-07
1.37943110081e-07
6.65630664217e-07
1.33148963134e-07
6.91498983496e-07
1.28255256322e-07
6.89384316388e-07
6.55978528623e-07
1.19959465074e-07
1.68943279555e-07
4.37201823784e-07
1.73292005433e-07
6.29337915319e-07
1.90401545395e-07
7.24627872545e-07
2.16331120557e-07
7.95415869053e-07
2.5192026883e-07
8.65331664415e-07
2.96297889826e-07
9.36615497681e-07
3.45649246305e-07
1.00637941669e-06
3.92762538711e-07
1.06825289276e-06
4.1423845141e-07
1.10036226327e-06
3.24833525021e-07
1.03580898742e-06
2.60769155442e-07
8.46981580176e-07
2.15942926176e-07
7.22826420946e-07
1.9123231756e-07
6.64152642295e-07
1.76362571048e-07
6.54793817932e-07
1.61592058889e-07
6.60195237097e-07
1.47591315163e-07
6.61674980558e-07
1.48152344306e-07
6.6501976257e-07
1.4449872105e-07
6.95103678084e-07
1.36768931971e-07
6.97061577561e-07
6.65415080481e-07
1.27271104027e-07
1.68797747982e-07
4.15519631349e-07
1.74498563425e-07
6.01393308941e-07
1.92702009664e-07
6.95886144565e-07
2.18098996175e-07
7.65398797099e-07
2.49560081473e-07
8.31929542801e-07
2.85808193601e-07
8.99541823739e-07
3.24475835717e-07
9.67326860766e-07
3.6025447073e-07
1.03226415327e-06
3.77635633288e-07
1.08284125e-06
3.48305638602e-07
1.06503271614e-06
2.92855133837e-07
9.02354232796e-07
2.46012709618e-07
7.69614837446e-07
2.15414010835e-07
6.94713227814e-07
1.97472634606e-07
6.72705792786e-07
1.80315583845e-07
6.77316057825e-07
1.62886361092e-07
6.79072177255e-07
1.53579062509e-07
6.74312275991e-07
1.53970673079e-07
6.94660066508e-07
1.44022793366e-07
7.0694457761e-07
6.75791042574e-07
1.33592211002e-07
1.67452662961e-07
3.96094580999e-07
1.73912013772e-07
5.72942842673e-07
1.92805756897e-07
6.66495489863e-07
2.16431102163e-07
7.37058009496e-07
2.43380566924e-07
8.02920661709e-07
2.72980724092e-07
8.69011210705e-07
3.03924949044e-07
9.35935534734e-07
3.34082303824e-07
1.00186290527e-06
3.57674903835e-07
1.0590915659e-06
3.50822142249e-07
1.07177008717e-06
3.10581864787e-07
9.4251025716e-07
2.70596656419e-07
8.09540133449e-07
2.39124541707e-07
7.26143261372e-07
2.17699212909e-07
6.94099592879e-07
1.98876119479e-07
6.96118584911e-07
1.79148073763e-07
6.98771042663e-07
1.61362230603e-07
6.92061830557e-07
1.59712051332e-07
6.96274389123e-07
1.49885515999e-07
7.16718784387e-07
6.8699377559e-07
1.38631237041e-07
1.67242829612e-07
3.77125322249e-07
1.79864305516e-07
5.37998238931e-07
2.05167782824e-07
6.2986810452e-07
2.27632881169e-07
7.09093825968e-07
2.48679901595e-07
7.793097044e-07
2.70344547724e-07
8.4616405264e-07
2.93126815633e-07
9.12588983099e-07
3.16686908993e-07
9.78009941174e-07
3.38066269519e-07
1.03753568773e-06
3.4735567067e-07
1.06235807324e-06
3.13378165663e-07
9.76401616351e-07
2.86462770664e-07
8.36392981592e-07
2.59127379267e-07
7.53433613628e-07
2.35751253975e-07
7.17443779009e-07
2.14724895392e-07
7.17110480247e-07
1.92098172488e-07
7.21377254526e-07
1.69441955308e-07
7.14693018824e-07
1.60109554309e-07
7.05555293294e-07
1.5285203789e-07
7.23929040424e-07
6.98621414148e-07
1.41177915381e-07
1.75224824786e-07
3.49635418685e-07
2.13349643419e-07
4.71980402251e-07
2.38020218249e-07
5.87639516765e-07
2.54043405131e-07
6.84067457643e-07
2.62394982622e-07
7.66829505263e-07
2.70594101938e-07
8.36170195464e-07
2.79961618867e-07
9.02442962758e-07
2.9071483418e-07
9.66893693415e-07
3.01560704027e-07
1.02649602842e-06
3.0853150687e-07
1.05526445787e-06
3.10465548036e-07
9.74382445688e-07
2.96542303199e-07
8.50253307773e-07
2.75128549891e-07
7.74800330031e-07
2.52203811426e-07
7.40332474361e-07
2.29328072795e-07
7.39959883289e-07
2.03946672894e-07
7.46717499514e-07
1.76903012032e-07
7.41703323279e-07
1.56691483264e-07
7.25756824374e-07
1.49900048257e-07
7.30683134192e-07
7.10366846673e-07
1.38115492228e-07
1.9330155389e-07
3.01987837123e-07
2.13186543766e-07
4.25423179247e-07
2.56431013226e-07
5.30551520849e-07
2.6248128358e-07
6.70321716659e-07
2.60061985567e-07
7.65526292674e-07
2.5609346806e-07
8.38463323574e-07
2.54317505295e-07
9.03482413933e-07
2.55923838216e-07
9.64951731159e-07
2.63054563278e-07
1.01918959117e-06
2.79655390892e-07
1.03855333998e-06
3.12687435041e-07
9.4127007053e-07
3.08195254876e-07
8.54684013471e-07
2.91152501809e-07
7.91797107836e-07
2.69524433387e-07
7.61926853211e-07
2.45512063394e-07
7.63940445139e-07
2.18605316049e-07
7.73612254726e-07
1.89264422021e-07
7.71017919668e-07
1.59754387945e-07
7.55233684812e-07
1.44619710501e-07
7.45799307816e-07
7.25197774208e-07
1.29752262684e-07
1.13212985759e-07
3.45621630459e-07
1.03591040238e-07
4.23196950844e-07
1.1708256885e-07
5.11464324312e-07
1.58844336661e-07
6.24885171758e-07
1.72664301315e-07
7.49540603918e-07
1.79413572015e-07
8.30656811672e-07
1.86062761246e-07
8.96353178299e-07
1.98226857437e-07
9.52561965196e-07
2.25863413858e-07
9.91426844665e-07
2.87691583412e-07
9.76634234636e-07
3.19876312033e-07
9.09009892775e-07
3.22711020948e-07
8.51788648996e-07
3.09270079996e-07
8.05191990647e-07
2.88522089065e-07
7.8264087837e-07
2.63210328176e-07
7.89230874077e-07
2.34286801296e-07
8.02497976665e-07
2.01963914201e-07
8.03333533928e-07
1.67605782801e-07
7.89577685072e-07
1.39090430351e-07
7.74260419116e-07
7.46372567753e-07
1.17891196035e-07
4.17794180186e-08
4.66948255359e-07
2.10616252153e-08
4.4069616223e-07
2.42360010855e-08
5.07090483445e-07
4.48288326104e-08
6.02944957421e-07
7.21935609188e-08
7.21169570232e-07
9.30935702037e-08
8.09200810193e-07
1.14542292373e-07
8.74621307499e-07
1.51802877633e-07
9.15142725741e-07
2.23954642442e-07
9.1916574357e-07
2.96262240195e-07
9.04240435594e-07
3.27146280634e-07
8.78056974496e-07
3.35883548021e-07
8.42995971636e-07
3.27411950914e-07
8.13621219123e-07
3.0826848722e-07
8.01753386569e-07
2.81714973078e-07
8.15750585329e-07
2.5108874038e-07
8.33119536316e-07
2.15854443496e-07
8.38524818681e-07
1.75861612664e-07
8.29532566049e-07
1.30650768993e-07
8.19498316055e-07
7.74680596293e-07
1.02322001501e-07
5.98662769619e-08
5.60383501716e-07
2.04807882456e-08
4.73192808785e-07
7.85256684239e-09
5.18393590625e-07
1.54433880193e-08
5.94832307628e-07
3.73547645739e-08
6.9871159435e-07
7.54478259253e-08
7.70763268491e-07
1.30922739932e-07
8.18945594092e-07
1.96036894216e-07
8.49901500923e-07
2.51973455557e-07
8.63137446937e-07
2.96760103886e-07
8.59379552096e-07
3.29083184764e-07
8.45673659579e-07
3.43682961369e-07
8.28348136546e-07
3.41496430754e-07
8.15771823988e-07
3.24347801437e-07
8.18875257086e-07
2.98758650621e-07
8.4133354018e-07
2.68391670486e-07
8.63447998489e-07
2.3144244742e-07
8.75485519071e-07
1.79189728123e-07
8.81829430953e-07
1.08601912127e-07
8.90025400718e-07
8.03559770701e-07
7.96988953485e-08
1.19339612828e-07
5.93356171406e-07
6.83906660837e-08
5.09415723057e-07
4.12580829318e-08
5.42069748414e-07
3.160369596e-08
6.03697549758e-07
4.58745219413e-08
6.84059841457e-07
8.26878846415e-08
7.33726742502e-07
1.3323183865e-07
7.68269669745e-07
1.88862784445e-07
7.94183731594e-07
2.43033387263e-07
8.08903341631e-07
2.89040351638e-07
8.13321341563e-07
3.22783003427e-07
8.11889470374e-07
3.41903969453e-07
8.09194996004e-07
3.44265866914e-07
8.13386583901e-07
3.30664690713e-07
8.32461345132e-07
3.1139628663e-07
8.60559419345e-07
2.86984750194e-07
8.87879294977e-07
2.4681138365e-07
9.15690350692e-07
1.54591915175e-07
9.73972028242e-07
7.16829159512e-08
9.7292795605e-07
8.22817561697e-07
5.24068833886e-08
1.61572612136e-07
5.88374834039e-07
1.04567502668e-07
5.48225767519e-07
6.51376554936e-08
5.76334963229e-07
3.64612146738e-08
6.31196574877e-07
3.74001050431e-08
6.82802199793e-07
6.76610573273e-08
7.03332576398e-07
1.14447100025e-07
7.21411717977e-07
1.670789994e-07
7.41504544854e-07
2.17677370616e-07
7.58269560579e-07
2.6114206249e-07
7.69828526051e-07
2.94331047381e-07
7.78678414571e-07
3.14315630899e-07
7.89194028028e-07
3.19456142243e-07
8.08235412385e-07
3.15123475678e-07
8.36772035976e-07
3.0707512292e-07
8.6863498183e-07
2.82986433183e-07
9.11999089742e-07
2.13637052298e-07
9.84987462873e-07
9.95430865208e-08
1.08803397894e-06
4.12329739557e-08
1.03120522626e-06
8.31948785588e-07
3.2071267392e-08
1.53344187126e-07
5.94374774639e-07
9.39833572606e-08
5.91510702844e-07
4.60428722595e-08
6.19024040364e-07
5.72888157712e-09
6.70236694291e-07
-7.88571943473e-10
6.8912990148e-07
2.14741287951e-08
6.81020677263e-07
6.07442574218e-08
6.82119572969e-07
1.07449437952e-07
6.94785111868e-07
1.53612292969e-07
7.12094792606e-07
1.94058741516e-07
7.29372064131e-07
2.26047709091e-07
7.46681896251e-07
2.47126015105e-07
7.68112304921e-07
2.5812749967e-07
7.97229785078e-07
2.61382477715e-07
8.3352596864e-07
2.48711793489e-07
8.81313973759e-07
1.94595323451e-07
9.66092101758e-07
1.05306412762e-07
1.07424733745e-06
5.87086963089e-08
1.13463441533e-06
3.16692690481e-08
1.0582443587e-06
8.36442226576e-07
2.71574820932e-08
1.20810397544e-07
6.38810396469e-07
3.79100965548e-08
6.63681488854e-07
-2.20429606871e-08
6.7591317592e-07
-6.47304348465e-08
7.12684823644e-07
-7.24869228455e-08
6.96945698181e-07
-5.88828411379e-08
6.67449335615e-07
-3.07728494977e-08
6.54024850475e-07
6.69373994173e-09
6.57327326964e-07
4.74528357814e-08
6.71339409083e-07
8.63236667562e-08
6.90501520279e-07
1.21746592437e-07
7.11256361942e-07
1.48120887283e-07
7.41732349553e-07
1.62310718007e-07
7.83030680562e-07
1.57381377917e-07
8.38444869818e-07
1.1776694268e-07
9.20917209295e-07
5.46907060589e-08
1.02915116999e-06
3.09478901963e-08
1.09799562458e-06
3.08071433806e-08
1.13477327427e-06
3.12265535085e-08
1.05782385901e-06
8.35521537152e-07
3.21340076478e-08
1.21279878788e-07
7.03998033297e-07
-2.42069252908e-08
8.07278655803e-07
-9.08491499361e-08
7.47914830215e-07
-1.30340419287e-07
7.54424391384e-07
-1.45852096383e-07
7.1308601214e-07
-1.49121936369e-07
6.70883390925e-07
-1.38990630137e-07
6.43951393206e-07
-1.15317941048e-07
6.3368430955e-07
-8.1927859856e-08
6.37967518466e-07
-4.43710207033e-08
6.52955222028e-07
-6.44720571393e-09
6.73338993906e-07
2.31648769408e-08
7.12124349632e-07
3.74363628817e-08
7.68764888699e-07
2.58356963733e-08
8.50057210809e-07
-1.00533996047e-08
9.56819551999e-07
-1.48315331482e-08
1.03394661312e-06
-5.1165735594e-09
1.08828728705e-06
1.6081984697e-08
1.11357586583e-06
3.72934390006e-08
1.0366076323e-06
8.29993499333e-07
4.28042855429e-08
1.47138212089e-07
7.13012708034e-07
5.95427555799e-08
8.89990560061e-07
-4.38702192187e-08
8.53343361134e-07
-8.69816796926e-08
7.99562872053e-07
-1.26036071023e-07
7.53378242477e-07
-1.64886491785e-07
7.10190981334e-07
-1.93425840486e-07
6.72633355748e-07
-2.01771237453e-07
6.42085351463e-07
-1.87668630386e-07
6.2389879955e-07
-1.60457463151e-07
6.2576724055e-07
-1.3156225558e-07
6.44460371557e-07
-1.03633869252e-07
6.84210398367e-07
-7.89643255951e-08
7.44109196345e-07
-6.2983086374e-08
8.34090202973e-07
-5.45194457217e-08
9.48373446827e-07
-3.68122261566e-08
1.01625440671e-06
-1.1333072183e-08
1.06281903353e-06
2.14807528029e-08
1.08077574988e-06
5.04989928565e-08
1.00758552569e-06
8.22902305513e-07
5.75802728662e-08
1.09143454594e-07
6.46746288767e-07
1.36050103801e-07
8.51623580511e-07
1.44228762075e-07
8.38198563304e-07
1.14521281575e-07
8.27238493794e-07
4.6514812597e-08
8.20950533508e-07
-4.56936961735e-08
8.02417500004e-07
-1.3253779458e-07
7.59554856427e-07
-1.95743561211e-07
7.0538690902e-07
-2.22488938081e-07
6.50689445821e-07
-2.17361874658e-07
6.20668536035e-07
-1.99954525391e-07
6.2707478479e-07
-1.73356693261e-07
6.57630281937e-07
-1.36322400346e-07
7.07090076729e-07
-9.28926294607e-08
7.90674036075e-07
-5.71858161588e-08
9.12680244544e-07
-2.9758209283e-08
9.88836326619e-07
2.54914417946e-09
1.03052390936e-06
3.88256203266e-08
1.04450495868e-06
6.80923713522e-08
9.78330926604e-07
8.16300342441e-07
7.46933745119e-08
1.00483160517e-07
5.617254282e-07
1.45929081316e-07
7.88926121702e-07
1.67024388059e-07
8.06182424304e-07
1.81164389691e-07
8.08311801706e-07
1.76620355214e-07
8.23649496194e-07
1.38595183153e-07
8.39853619997e-07
5.0065271248e-08
8.47955856985e-07
-8.22475568669e-08
8.3770176976e-07
-1.71089684766e-07
7.39581359676e-07
-2.00334851433e-07
6.49948337525e-07
-1.97450142495e-07
6.24212904032e-07
-1.77488046131e-07
6.37686819925e-07
-1.42662337554e-07
6.72281365829e-07
-9.16894726236e-08
7.39718271752e-07
-3.67509643381e-08
8.57760404592e-07
-5.68388438104e-09
9.57788016261e-07
2.71476056452e-08
9.97702685534e-07
6.02045715657e-08
1.01146216053e-06
8.68047919483e-08
9.51735418302e-07
8.11051757385e-07
9.20522399777e-08
7.10632768441e-08
5.06465993285e-07
1.04966182133e-07
7.39390389706e-07
1.30197773145e-07
7.71003661034e-07
1.52469938426e-07
7.81212484728e-07
1.6404147974e-07
8.10042788115e-07
1.59860023798e-07
8.43278404022e-07
1.35402214524e-07
8.72171974527e-07
8.56406428327e-08
8.87405936786e-07
-3.86315310282e-08
8.63861721649e-07
-1.19115313785e-07
7.3045410194e-07
-1.38776536878e-07
6.43897021639e-07
-1.31994740264e-07
6.30920734777e-07
-1.11749792613e-07
6.52048233269e-07
-6.98932870966e-08
6.97872582789e-07
-1.06168638834e-08
7.98495916975e-07
2.46171240949e-08
9.22564082698e-07
5.39743950146e-08
9.68356617098e-07
8.11884895638e-08
9.84252842542e-07
1.03582379288e-07
9.29348741482e-07
8.07013842073e-07
1.07621883781e-07
5.0666165072e-08
4.75496063216e-07
6.98598073337e-08
7.07588423393e-07
8.82140367816e-08
7.44730721082e-07
1.09306635066e-07
7.56211141321e-07
1.27074798322e-07
7.90595228791e-07
1.38148581561e-07
8.31553047575e-07
1.39004356345e-07
8.71087186624e-07
1.26125755505e-07
9.00216218745e-07
9.36634184123e-08
8.96315586147e-07
-1.16102873931e-08
8.35740559168e-07
-5.09382034806e-08
6.83240991287e-07
-6.21066048072e-08
6.42101911219e-07
-5.72571145849e-08
6.47207813915e-07
-3.61063181281e-08
6.76728666709e-07
1.18264545001e-08
7.50571566081e-07
5.4341898749e-08
8.80057714872e-07
7.87372059438e-08
9.43967941504e-07
9.95554116076e-08
9.63446411685e-07
1.17210754898e-07
9.11699539356e-07
8.04059079791e-07
1.20168159265e-07
3.57476922629e-08
4.61938577462e-07
4.0469874822e-08
6.92200871992e-07
5.10144395582e-08
7.28525649438e-07
6.60238025061e-08
7.38704136408e-07
8.16639977212e-08
7.73898734377e-07
9.5041394388e-08
8.17756353067e-07
1.04458209612e-07
8.61515402429e-07
1.0829787485e-07
8.96326166791e-07
9.91131905632e-08
9.05492512152e-07
7.19244771327e-08
8.62937009662e-07
3.6282288314e-08
7.18893526527e-07
1.2937776727e-08
6.65455216471e-07
5.75660210898e-09
6.5439527081e-07
9.00654126218e-09
6.73483433175e-07
3.60284425205e-08
7.23555579467e-07
7.90113712924e-08
8.37087854345e-07
9.81241966795e-08
9.24869330603e-07
1.13808611076e-07
9.4777091754e-07
1.27800195624e-07
8.97718690307e-07
8.02168154092e-07
1.29696651836e-07
1.75265648652e-08
4.69662777015e-07
8.4017228182e-09
6.94860796998e-07
1.01673442525e-08
7.24007466995e-07
1.78297638258e-08
7.29869977134e-07
3.0787140097e-08
7.60468308239e-07
4.6864418056e-08
8.01493883046e-07
6.53441388561e-08
8.42966384976e-07
8.53386604498e-08
8.76311481751e-07
1.04074283009e-07
8.86755273964e-07
1.16890736764e-07
8.50127141426e-07
1.00769474263e-07
7.35020174504e-07
7.94917423599e-08
6.86738707391e-07
6.47944448172e-08
6.6909706016e-07
5.96053031137e-08
6.7867601905e-07
6.73901219815e-08
7.15774157966e-07
9.88930545987e-08
8.05591642896e-07
1.12810567463e-07
9.1096058804e-07
1.24030399795e-07
9.36564349696e-07
1.35451282183e-07
8.86306417652e-07
8.01117230896e-07
1.36507787433e-07
-1.34062487037e-08
5.14025702137e-07
-4.04142486738e-08
7.19794255739e-07
-5.04171325692e-08
7.35345173232e-07
-5.2357051991e-08
7.32697231583e-07
-4.4558373333e-08
7.52927866213e-07
-2.749224551e-08
7.84481861229e-07
-6.08330082156e-10
8.16098018822e-07
3.63480119747e-08
8.39364519755e-07
8.4575532685e-08
8.38537375732e-07
1.462369906e-07
7.88468852566e-07
1.430938245e-07
7.3816461739e-07
1.28624824893e-07
7.01209794178e-07
1.1342738346e-07
6.84296907186e-07
1.03767727431e-07
6.88336996288e-07
1.00705663989e-07
7.18838091445e-07
1.15665378394e-07
7.90637821034e-07
1.23798779467e-07
9.02836697027e-07
1.30830910129e-07
9.29540736092e-07
1.40247986913e-07
8.7690037776e-07
8.00779446628e-07
1.40593002614e-07
-6.01374661959e-08
6.13142958553e-07
-1.12784409082e-07
7.82635793075e-07
-1.48222263673e-07
7.78801418456e-07
-1.77094003123e-07
7.6492451098e-07
-1.82116396357e-07
7.58885386706e-07
-1.39212059857e-07
7.41808560325e-07
-5.1959685573e-08
7.28905804022e-07
4.34951165193e-08
7.43931773791e-07
1.27943732094e-07
7.54091151691e-07
1.63440695672e-07
7.52971588877e-07
1.69061264835e-07
7.32542811912e-07
1.59859518627e-07
7.1041121539e-07
1.47154947383e-07
6.97001915164e-07
1.35693214779e-07
6.99798751927e-07
1.27963687816e-07
7.26568953395e-07
1.29372000073e-07
7.8923557715e-07
1.31323895011e-07
9.00899181096e-07
1.34276666109e-07
9.26606565958e-07
1.42411157436e-07
8.68779510935e-07
8.01294975063e-07
1.41904202095e-07
-6.99494633273e-08
7.37818080919e-07
-1.44870006832e-07
8.80143592215e-07
-2.23132019294e-07
8.70119504871e-07
-2.33753720921e-07
7.79835108625e-07
-1.31969759632e-07
6.58035758522e-07
-3.69324329271e-08
6.46915845464e-07
2.88457031596e-08
6.63158987124e-07
8.61603257266e-08
6.86626003469e-07
1.31951915005e-07
7.08303891684e-07
1.64152301606e-07
7.20773745617e-07
1.76434020292e-07
7.20262358059e-07
1.74425285935e-07
7.12420790946e-07
1.65629910823e-07
7.05797677038e-07
1.54492957947e-07
7.10935303095e-07
1.45369824436e-07
7.35693116731e-07
1.39271291569e-07
7.95340387715e-07
1.33912359058e-07
9.06271826859e-07
1.33989562963e-07
9.26544556623e-07
1.41070453867e-07
8.61712937537e-07
8.02180951578e-07
1.40193833568e-07
5.84909959776e-08
2.13362792523e-08
-9.99591898442e-09
-4.7584016889e-09
1.41670418596e-08
4.1137320413e-08
7.21846837439e-08
1.03030380067e-07
1.3034804102e-07
1.50950033646e-07
1.62682093524e-07
1.65654763746e-07
1.62285808058e-07
1.55655104647e-07
1.50902012615e-07
1.48115772493e-07
1.41104863456e-07
1.35543284709e-07
1.3457066005e-07
1.30463688476e-07
3.98985287624e-08
3.42625289068e-07
3.6100565241e-08
3.2477739337e-07
3.24983904052e-08
3.08605496535e-07
2.90492459657e-08
2.93371132948e-07
2.57492770934e-08
2.78806441104e-07
2.26113226377e-08
2.6504715086e-07
1.96289590392e-08
2.5221452312e-07
1.67903278522e-08
2.40021271994e-07
1.41103782944e-08
2.26273451271e-07
1.15748979335e-08
2.05314918571e-07
9.15920105519e-09
1.79880708413e-07
6.89659989192e-09
1.53965324923e-07
4.81625898469e-09
1.28564165763e-07
2.95481290429e-09
1.045063247e-07
1.34665019171e-09
8.30116219361e-08
6.56751116022e-08
6.03273675692e-08
4.94263357459e-07
5.47736462128e-08
4.28162401528e-07
4.99453459311e-08
3.92550092475e-07
4.54528783683e-08
3.67664007492e-07
4.12542791068e-08
3.46821491682e-07
3.73303261169e-08
3.28699886807e-07
3.36068831707e-08
3.12327917363e-07
3.00417684055e-08
2.9693556141e-07
2.66285166895e-08
2.8221936957e-07
2.33801024109e-08
2.68295477768e-07
2.02920039051e-08
2.55302612662e-07
1.73524005702e-08
2.4296087058e-07
1.45789387675e-08
2.29046911764e-07
1.19588159469e-08
2.079350393e-07
9.46430949781e-09
1.82375214376e-07
7.12707261515e-09
1.56302561572e-07
4.9764159332e-09
1.30714823269e-07
3.05112688454e-09
1.06431615768e-07
1.38832477943e-09
8.46744263895e-08
6.70634366796e-08
6.17842296235e-08
5.00233021357e-07
5.63481725559e-08
4.33575172241e-07
5.15042519282e-08
3.97384936162e-07
4.6951518115e-08
3.72212112314e-07
4.26523018522e-08
3.51118268997e-07
3.86145072668e-08
3.3273623769e-07
3.47758924153e-08
3.16165530719e-07
3.10970188698e-08
3.00613754913e-07
2.75702280304e-08
2.85745828183e-07
2.4208485758e-08
2.71657132613e-07
2.10097057886e-08
2.58501392626e-07
1.79630284236e-08
2.46007553755e-07
1.50894033419e-08
2.31920546864e-07
1.2378058321e-08
2.10646391076e-07
9.79849870062e-09
1.84954784448e-07
7.38055974414e-09
1.58720506828e-07
5.15343976272e-09
1.32941953212e-07
3.15799979978e-09
1.08427064427e-07
1.435523375e-09
8.63969115135e-08
6.84989601015e-08
6.35044344995e-08
5.05912444489e-07
5.81193050342e-08
4.38937209918e-07
5.32342695529e-08
4.02261007587e-07
4.86077386342e-08
3.76834036998e-07
4.42007368192e-08
3.55522807816e-07
4.00396514566e-08
3.36895888571e-07
3.6075836939e-08
3.20128359162e-07
3.22727940928e-08
3.04416113925e-07
2.86222303851e-08
2.89396037424e-07
2.51367037053e-08
2.75142552873e-07
2.18164265777e-08
2.61821659532e-07
1.86519459835e-08
2.49172032138e-07
1.56675392748e-08
2.3490495421e-07
1.28543686244e-08
2.13459560986e-07
1.0179582555e-08
1.87629571089e-07
7.67109091382e-09
1.61228998527e-07
5.35757568322e-09
1.35255469208e-07
3.28188383363e-09
1.10502757388e-07
1.49031873729e-09
8.81884779891e-08
6.99892788533e-08
6.57028679312e-08
5.1151986007e-07
6.02653173348e-08
4.44352835296e-07
5.5284640612e-08
4.07233062451e-07
5.0546692324e-08
3.81567503379e-07
4.60050709277e-08
3.60061986542e-07
4.16951139086e-08
3.41204440333e-07
3.75828506186e-08
3.24239667884e-07
3.36339369871e-08
3.08364356023e-07
2.98395516435e-08
2.93190061746e-07
2.62116042395e-08
2.78770384475e-07
2.27520851899e-08
2.65281167479e-07
1.94531610407e-08
2.52470953828e-07
1.63420808043e-08
2.38016035957e-07
1.34115219432e-08
2.16390118745e-07
1.06267028821e-08
1.90414391031e-07
8.01349257627e-09
1.63842208428e-07
5.59977447617e-09
1.3766918785e-07
3.43034041186e-09
1.12672191765e-07
1.5566798502e-09
9.00621388688e-08
7.1545958611e-08
6.85034509443e-08
5.17258900085e-07
6.29059631987e-08
4.49929020095e-07
5.7766565194e-08
4.12364125844e-07
5.28692803509e-08
3.86460446094e-07
4.8154594877e-08
3.64774266632e-07
4.36595641796e-08
3.45698095251e-07
3.93655988624e-08
3.28532710541e-07
3.52400298884e-08
3.12489267506e-07
3.12733648464e-08
2.97156357449e-07
2.74767473574e-08
2.8256687424e-07
2.38536825386e-08
2.68904214965e-07
2.03976437402e-08
2.55926986558e-07
1.71386058577e-08
2.4127507071e-07
1.40704009718e-08
2.19458319413e-07
1.11565906995e-08
1.93328197567e-07
8.42081753791e-09
1.6657797875e-07
5.88979409786e-09
1.4020020776e-07
3.6098549711e-09
1.14952128202e-07
1.63775577444e-09
9.20342354605e-08
7.31837144583e-08
7.20716075176e-08
5.23364124808e-07
6.61803754124e-08
4.5580008297e-07
6.07974144162e-08
4.17739126312e-07
5.56758447782e-08
3.91577858309e-07
5.07342538678e-08
3.69713515377e-07
4.60057280379e-08
3.50425287462e-07
4.14856134814e-08
3.33051944692e-07
3.71431352427e-08
3.1683111644e-07
3.29675180842e-08
3.01331611139e-07
2.89685458299e-08
2.86565718239e-07
2.51510374096e-08
2.72721710062e-07
2.15093559167e-08
2.59568667831e-07
1.80760370614e-08
2.44708393034e-07
1.48459850501e-08
2.22688372465e-07
1.17810486128e-08
1.96393137115e-07
8.90222158524e-09
1.6945680713e-07
6.23452504706e-09
1.4286790698e-07
3.82512922728e-09
1.17361526225e-07
1.73593141138e-09
9.41234353834e-08
7.49196458654e-08
7.6630831143e-08
5.30125934157e-07
7.02577988005e-08
4.62153287006e-07
6.45047100339e-08
4.2348448005e-07
5.9065054056e-08
3.97013511292e-07
5.38212711345e-08
3.74955017078e-07
4.87952421205e-08
3.55450014272e-07
4.39915153089e-08
3.37854824962e-07
3.93816414457e-08
3.21440382362e-07
3.49523785379e-08
3.0576050931e-07
3.07105949122e-08
2.90807364757e-07
2.66618019911e-08
2.76770483748e-07
2.28009048726e-08
2.63429561962e-07
1.91629600099e-08
2.48346337176e-07
1.5744297987e-08
2.26107033095e-07
1.25044510338e-08
1.99632983222e-07
9.46101593863e-09
1.72500241638e-07
6.63659794016e-09
1.45692324315e-07
4.07818312106e-09
1.19919940907e-07
1.85235329983e-09
9.63492652029e-08
7.67719992754e-08
8.21766237942e-08
5.37685625378e-07
7.51791295031e-08
4.69131733123e-07
6.89303952548e-08
4.2972574559e-07
6.30711932555e-08
4.0286888369e-07
5.74419112925e-08
3.80582093672e-07
5.20473094411e-08
3.60843353018e-07
4.68958086313e-08
3.43005517687e-07
4.19623399264e-08
3.26373273115e-07
3.7230514228e-08
3.10491980499e-07
3.27023110233e-08
2.95335430516e-07
2.83825593195e-08
2.8109021851e-07
2.42665723475e-08
2.67545550096e-07
2.03922401491e-08
2.52220673449e-07
1.67581979155e-08
2.29741077654e-07
1.33204692751e-08
2.03070715883e-07
1.00921480963e-08
1.75728565143e-07
7.09257201086e-09
1.48691904097e-07
4.36721507878e-09
1.22645301083e-07
1.98643266394e-09
9.87300508471e-08
7.87584319692e-08
8.85116627892e-08
5.45999038833e-07
8.08411892019e-08
4.76783244786e-07
7.40051644818e-08
4.36554419147e-07
6.76372264479e-08
4.09233128807e-07
6.15460851501e-08
3.86671101795e-07
5.57163607512e-08
3.66671846762e-07
5.01562423242e-08
3.48564858024e-07
4.48449587797e-08
3.31684001719e-07
3.9763806192e-08
3.15572784657e-07
3.49083336758e-08
3.00190759509e-07
3.028043575e-08
2.85718094388e-07
2.58758575349e-08
2.719501266e-07
2.17361553792e-08
2.56360376391e-07
1.78636647345e-08
2.33613568095e-07
1.42091931356e-08
2.06725188118e-07
1.07800185973e-08
1.79157739916e-07
7.5913198108e-09
1.51880603514e-07
4.68551713072e-09
1.25551104549e-07
2.1352876346e-09
1.01280281244e-07
8.08937196355e-08
9.54525622758e-08
5.54996321659e-07
8.70931780225e-08
4.85124146007e-07
7.9595705542e-08
4.44044689965e-07
7.26375796239e-08
4.16187706443e-07
6.60149714375e-08
3.93291663411e-07
5.96922466197e-08
3.72993382753e-07
5.36722172421e-08
3.54584141917e-07
4.7937777195e-08
3.37417912961e-07
4.24688732129e-08
3.21041353606e-07
3.72540633956e-08
3.05405425798e-07
3.22894253933e-08
2.90682709362e-07
2.757067482e-08
2.7666887561e-07
2.31444132344e-08
2.60786639539e-07
1.9018352433e-08
2.37739628928e-07
1.51360602751e-08
2.10607481471e-07
1.14976625759e-08
1.82796137981e-07
8.11341542215e-09
1.55264851649e-07
5.02104652765e-09
1.28643474337e-07
2.29354450904e-09
1.04007784176e-07
8.31872641388e-08
1.02687940768e-07
5.6460228335e-07
9.36622123351e-08
4.94131194087e-07
8.54662975136e-08
4.52233455522e-07
7.78579245142e-08
4.2379265925e-07
7.06486468176e-08
4.00498989295e-07
6.3791909716e-08
3.79848980937e-07
5.72793184294e-08
3.610960206e-07
5.10943065886e-08
3.43602420919e-07
4.52153459697e-08
3.2691999336e-07
3.96244199853e-08
3.10996210378e-07
3.4309533411e-08
2.9599757091e-07
2.92651629321e-08
2.81713243093e-07
2.45444302072e-08
2.65507372377e-07
2.016205708e-08
2.42122000928e-07
1.60523286263e-08
2.14717209629e-07
1.22071484041e-08
1.86641317637e-07
8.63137913348e-09
1.5884062055e-07
5.3565139774e-09
1.31918339298e-07
2.45333878054e-09
1.06910959218e-07
8.56406029304e-08
1.09749454777e-07
5.74773795888e-07
1.00111271741e-07
5.03751679572e-07
9.12334151847e-08
4.61104456495e-07
8.29649421247e-08
4.32057898993e-07
7.51613698915e-08
4.08300725112e-07
6.77629002829e-08
3.87246376644e-07
6.07529909675e-08
3.68105257047e-07
5.41164711519e-08
3.50238465549e-07
4.78298723905e-08
3.33206290362e-07
4.18680000723e-08
3.1695794943e-07
3.62100824299e-08
3.01655465412e-07
3.08485876949e-08
2.8707473549e-07
2.58439120205e-08
2.70512049036e-07
2.12188976097e-08
2.46747014778e-07
1.68968516619e-08
2.19039256114e-07
1.28609338963e-08
1.9067723528e-07
9.11061053687e-09
1.62590944253e-07
5.66990418284e-09
1.35359045975e-07
2.60452804032e-09
1.09976335673e-07
8.82451309626e-08
1.16323086924e-07
5.85682139225e-07
1.06029901745e-07
5.14027372771e-07
9.64933139569e-08
4.70634419651e-07
8.75984236501e-08
4.40949737803e-07
7.92279136557e-08
4.16669533845e-07
7.1311161344e-08
3.95162132283e-07
6.38277342885e-08
3.75588053751e-07
5.67671715117e-08
3.57298582508e-07
5.01041570795e-08
3.39869023686e-07
4.38041682336e-08
3.23257815096e-07
3.7835820125e-08
3.07623791959e-07
3.21900074193e-08
2.92720545317e-07
2.69344586107e-08
2.75767598023e-07
2.21000952898e-08
2.51581376936e-07
1.75981996132e-08
2.23541151526e-07
1.34034366887e-08
1.94871997585e-07
9.51043785726e-09
1.66483942716e-07
5.93503271221e-09
1.38934450866e-07
2.73487276485e-09
1.13176495378e-07
9.09800037218e-08
1.21903532736e-07
5.97334136883e-07
1.10978692165e-07
5.24935915753e-07
1.00839890311e-07
4.80767103728e-07
9.13610360665e-08
4.50425837719e-07
8.24620279722e-08
4.25567031986e-07
7.4076477918e-08
4.03546792623e-07
6.61789210402e-08
3.83485035551e-07
5.87589931093e-08
3.6471810122e-07
5.17868666441e-08
3.46840897479e-07
4.52159140969e-08
3.29828661597e-07
3.90024868672e-08
3.13837202367e-07
3.31364064263e-08
2.98586623336e-07
2.76911677396e-08
2.81212837142e-07
2.27042774665e-08
2.56568266183e-07
1.80752743122e-08
2.28170154628e-07
1.37717096993e-08
1.99175561668e-07
9.78467240409e-09
1.70470979801e-07
6.12184238738e-09
1.42597280712e-07
2.83008537765e-09
1.16468252206e-07
9.38100890842e-08
1.25906040389e-07
6.1002538853e-07
1.14329551246e-07
5.36497595117e-07
1.0367178767e-07
4.9141946002e-07
9.36906742868e-08
4.60404570443e-07
8.435549453e-08
4.34900924137e-07
7.56054250443e-08
4.12296092469e-07
6.74105123741e-08
3.91679434373e-07
5.97513601866e-08
3.72376885099e-07
5.25869402748e-08
3.54005097625e-07
4.5855224256e-08
3.36560292154e-07
3.95029852803e-08
3.20189429441e-07
3.35191648194e-08
3.04570441384e-07
2.79787881054e-08
2.86753213817e-07
2.29229770871e-08
2.61624075907e-07
1.82420374747e-08
2.32851093754e-07
1.38993120503e-08
2.03518286341e-07
9.8845231829e-09
1.74485768093e-07
6.19826559303e-09
1.46283537859e-07
2.87464116658e-09
1.19791876189e-07
9.66847302485e-08
1.27300824715e-07
6.23871685528e-07
1.15181949512e-07
5.48603377698e-07
1.04172985397e-07
5.0242386133e-07
9.38842388001e-08
4.70691351576e-07
8.43125144921e-08
4.44471589337e-07
7.53978229762e-08
4.21210131865e-07
6.71039303658e-08
3.99972875113e-07
5.93948471643e-08
3.80085644723e-07
5.22128504031e-08
3.61186911996e-07
4.54799271712e-08
3.43293151999e-07
3.91398769905e-08
3.2652947287e-07
3.31805570456e-08
3.10529759644e-07
2.76729727731e-08
2.92260798579e-07
2.26576342895e-08
2.66639413536e-07
1.8020997139e-08
2.37487730962e-07
1.37267219882e-08
2.07812561076e-07
9.76620394413e-09
1.78446286053e-07
6.13514784833e-09
1.49914593892e-07
2.85410564471e-09
1.23072918313e-07
9.95388358824e-08
1.24290519909e-07
6.37669292529e-07
1.12428124671e-07
5.60454553274e-07
1.01510562542e-07
5.13337751637e-07
9.12796719248e-08
4.80920679571e-07
8.18051307834e-08
4.53945276066e-07
7.30349990279e-08
4.2997971248e-07
6.49240058134e-08
4.08083473807e-07
5.74181011353e-08
3.87591270848e-07
5.04428938308e-08
3.68161973876e-07
4.39112560964e-08
3.49824744877e-07
3.7772293757e-08
3.32668431157e-07
3.20114723345e-08
3.16290579245e-07
2.6690258307e-08
2.97582012685e-07
2.18434638719e-08
2.71486206884e-07
1.73620286857e-08
2.41969165827e-07
1.32157800725e-08
2.11958809074e-07
9.40144720802e-09
1.82260618505e-07
5.91309024999e-09
1.53402950532e-07
2.75842556668e-09
1.26227582676e-07
1.02297261442e-07
1.16798901244e-07
6.50598207877e-07
1.05922111252e-07
5.71322179184e-07
9.54626010682e-08
5.23794436095e-07
8.56586547826e-08
4.90723397583e-07
7.6650217842e-08
4.62953017305e-07
6.83725031599e-08
4.38256956631e-07
6.07575468722e-08
4.15698087314e-07
5.37313578254e-08
3.94617224964e-07
4.7206162695e-08
3.74687057101e-07
4.10980625356e-08
3.55932813863e-07
3.53656227918e-08
3.3840086867e-07
2.99899967803e-08
3.21666203687e-07
2.50179824657e-08
3.02554027272e-07
2.0472961173e-08
2.7603122725e-07
1.62607245265e-08
2.46181402336e-07
1.23636552676e-08
2.15855877826e-07
8.78763729461e-09
1.85836636217e-07
5.52907084437e-09
1.56661516763e-07
2.58514431522e-09
1.29171508974e-07
1.04882405744e-07
1.05681841236e-07
6.62789514822e-07
9.59058436057e-08
5.81091589359e-07
8.61307126753e-08
5.33567470103e-07
7.71198353115e-08
4.99733282937e-07
6.89576089055e-08
4.71114656299e-07
6.15251883822e-08
4.45688966288e-07
5.47190440943e-08
4.22503931325e-07
4.84441663565e-08
4.00891903751e-07
4.2608397653e-08
3.80522737441e-07
3.71430506828e-08
3.6139813692e-07
3.20148726064e-08
3.43529044824e-07
2.72012636267e-08
3.26479810983e-07
2.27306462921e-08
3.07024644579e-07
1.86094797628e-08
2.80152392732e-07
1.47693750879e-08
2.50021506616e-07
1.12114030898e-08
2.19413849217e-07
7.95415587524e-09
1.89093882956e-07
5.00070669043e-09
1.59614965582e-07
2.34151062638e-09
1.3183070467e-07
1.07223916369e-07
9.08252555526e-08
6.74272188721e-07
8.19749668899e-08
5.89937030591e-07
7.34199326506e-08
5.42120787328e-07
6.57920339679e-08
5.07360296771e-07
5.89699985414e-08
4.77936158697e-07
5.27865868942e-08
4.51872002799e-07
4.71178282712e-08
4.28172418045e-07
4.18628632876e-08
4.06146692903e-07
3.69442244231e-08
3.8544130041e-07
3.23172528779e-08
3.66025087665e-07
2.79592921061e-08
3.47887004189e-07
2.38507804972e-08
3.30588321362e-07
2.00013956998e-08
3.10874029796e-07
1.63970700483e-08
2.83756717719e-07
1.30050687004e-08
2.53413508037e-07
9.85036663039e-09
2.22568550976e-07
6.96723778805e-09
1.91977011753e-07
4.36966832291e-09
1.62212535017e-07
2.04631392948e-09
1.34154059019e-07
1.09270230291e-07
7.04956835401e-08
6.83462136884e-07
6.37388861738e-08
5.96689472296e-07
5.76588041184e-08
5.48199177901e-07
5.22633101388e-08
5.12754909614e-07
4.73720707383e-08
4.82826873243e-07
4.28609800737e-08
4.56382728782e-07
3.86354105807e-08
4.32397726796e-07
3.46232740733e-08
4.10158661779e-07
3.07869793704e-08
3.89277522069e-07
2.7121152876e-08
3.69690893431e-07
2.3626867969e-08
3.51381287104e-07
2.02965959486e-08
3.33918591947e-07
1.71251239341e-08
3.14045501913e-07
1.4077239029e-08
2.86804601789e-07
1.11617929709e-08
2.56328953876e-07
8.43081879191e-09
2.25299524704e-07
5.93604768739e-09
1.9447178255e-07
3.70579062965e-09
1.64442791849e-07
1.73218371412e-09
1.3612766571e-07
1.11002414002e-07
4.75282564959e-08
6.88327858487e-07
4.42483797914e-08
5.99964843749e-07
4.14395494756e-08
5.51006189509e-07
3.87162668819e-08
5.15477237937e-07
3.60061743203e-08
4.85536411074e-07
3.33081868852e-08
4.59080346675e-07
3.05948185446e-08
4.35110837478e-07
2.78437160441e-08
4.12909597584e-07
2.50742264134e-08
3.920469353e-07
2.23361886339e-08
3.72428907314e-07
1.96631354466e-08
3.54054337424e-07
1.70635856026e-08
3.36518140452e-07
1.45238457045e-08
3.16585242114e-07
1.19890837402e-08
2.8933936307e-07
9.50791430098e-09
2.58810123292e-07
7.15851554509e-09
2.27648923121e-07
5.00948920497e-09
1.96620808748e-07
3.104919036e-09
1.66347361906e-07
1.44479173202e-09
1.37787792895e-07
1.12447205725e-07
3.049173522e-08
6.89890716018e-07
2.97429196928e-08
6.00707981782e-07
2.94259274743e-08
5.51320914679e-07
2.87566178683e-08
5.16145384545e-07
2.76890355142e-08
4.86603344376e-07
2.63434110046e-08
4.60425569251e-07
2.47571306717e-08
4.36696848586e-07
2.29429121113e-08
4.14723636659e-07
2.09582269068e-08
3.94031529192e-07
1.88964627293e-08
3.74490638968e-07
1.6819262044e-08
3.56131532717e-07
1.47488050814e-08
3.38588595705e-07
1.26680291551e-08
3.18666018068e-07
1.05041085317e-08
2.91503282893e-07
8.33336106402e-09
2.60980870503e-07
6.25346917841e-09
2.29728814582e-07
4.34595628865e-09
1.98528321295e-07
2.66921566493e-09
1.68024102287e-07
1.23336278425e-09
1.39223645536e-07
1.13680568512e-07
2.6116524614e-08
6.90916711957e-07
2.5334975616e-08
6.01483457833e-07
2.54919051993e-08
5.51161423869e-07
2.53512232591e-08
5.16284712184e-07
2.47126954559e-08
4.87241107687e-07
2.37417615555e-08
4.61396052778e-07
2.25135357172e-08
4.37924787454e-07
2.10319952666e-08
4.1620498232e-07
1.93357040057e-08
3.95727710437e-07
1.75203177673e-08
3.76305980515e-07
1.56651559942e-08
3.57986685563e-07
1.37995242675e-08
3.40454225616e-07
1.19052731115e-08
3.20560269677e-07
9.89305883605e-09
2.93515496729e-07
7.84705637037e-09
2.63026873178e-07
5.87294311417e-09
2.31702927698e-07
4.0583503607e-09
2.00342914133e-07
2.47182540897e-09
1.69610627329e-07
1.13351370649e-09
1.4056195732e-07
1.14814082215e-07
3.18195278275e-08
6.9121788877e-07
3.02593191123e-08
6.03037372615e-07
2.94281671308e-08
5.51989836017e-07
2.85362303413e-08
5.17175176062e-07
2.72544079037e-08
4.88522063383e-07
2.57318999659e-08
4.62918053494e-07
2.40887810985e-08
4.39567600781e-07
2.23096578012e-08
4.17983901927e-07
2.03797559852e-08
3.97657487362e-07
1.83577947856e-08
3.78327882666e-07
1.63247334926e-08
3.60019731683e-07
1.43137589763e-08
3.42465197076e-07
1.23103588566e-08
3.22563669858e-07
1.02124908327e-08
2.95613364111e-07
8.09161810409e-09
2.65147745797e-07
6.04870296483e-09
2.33745842533e-07
4.16996404719e-09
2.0222165285e-07
2.52878028656e-09
1.71251810965e-07
1.15364469301e-09
1.41937092795e-07
1.15967726908e-07
4.28550634246e-08
6.91153193891e-07
4.06205984883e-08
6.05265284111e-07
3.83892560176e-08
5.54218363334e-07
3.62083213908e-08
5.19354625397e-07
3.37855254243e-08
4.90943953227e-07
3.12135090716e-08
4.65489522073e-07
2.86612864004e-08
4.42119504586e-07
2.61370588723e-08
4.20507926403e-07
2.35863721629e-08
4.00208044848e-07
2.10169067893e-08
3.80897278209e-07
1.84920830579e-08
3.62544533377e-07
1.60506509121e-08
3.44906624674e-07
1.36926823487e-08
3.24921638554e-07
1.13108475989e-08
2.97995198364e-07
8.94841693545e-09
2.67510176548e-07
6.69112790335e-09
2.36003131371e-07
4.61754225695e-09
2.04295238461e-07
2.80091902265e-09
1.73068434185e-07
1.27583431538e-09
1.43462177485e-07
1.17243561217e-07
5.68525459645e-08
6.91870843603e-07
5.36619933262e-08
6.08450553039e-07
4.99440611102e-08
5.57933893437e-07
4.62880808171e-08
5.23009323154e-07
4.2556016702e-08
4.94675201443e-07
3.87698241231e-08
4.69275187822e-07
3.50920540178e-08
4.45796962679e-07
3.15847363183e-08
4.24015052896e-07
2.81884689933e-08
4.03604189924e-07
2.48698094653e-08
3.84215864763e-07
2.16604078926e-08
3.65753906916e-07
1.86034407454e-08
3.47963585024e-07
1.57275232549e-08
3.2779755563e-07
1.29291450807e-08
3.00793575896e-07
1.02142595432e-08
2.70225061899e-07
7.64620543417e-09
2.38571185175e-07
5.29150499992e-09
2.06649938629e-07
3.21932317296e-09
1.75140615845e-07
1.46796247082e-09
1.45213538028e-07
1.18711523695e-07
7.24602342485e-08
6.9409907149e-07
6.78673395998e-08
6.13040168574e-07
6.25726986383e-08
5.63226857377e-07
5.73553800587e-08
5.28225699807e-07
5.22407459024e-08
4.99789207087e-07
4.72117303413e-08
4.74303767557e-07
4.23662438126e-08
4.50642176556e-07
3.77940758996e-08
4.28587055462e-07
3.34559105616e-08
4.07942251158e-07
2.92967289806e-08
3.88374980404e-07
2.53151671725e-08
3.69735439617e-07
2.15521370769e-08
3.51726607107e-07
1.80761183687e-08
3.31273574107e-07
1.47954441362e-08
3.04074249893e-07
1.16746809754e-08
2.73345825397e-07
8.75066570788e-09
2.41495200461e-07
6.07514699597e-09
2.09325457555e-07
3.71018718193e-09
1.77505575863e-07
1.69549053326e-09
1.47228234875e-07
1.20407014226e-07
8.81029063806e-08
6.98045422536e-07
8.18935722615e-08
6.19247497799e-07
7.50457322346e-08
5.70073624955e-07
6.83162669034e-08
5.34954542673e-07
6.18452221908e-08
5.06259822631e-07
5.56166203096e-08
4.80532054887e-07
4.96631877695e-08
4.56595400593e-07
4.40567022567e-08
4.34193412202e-07
3.87797179436e-08
4.13219155537e-07
3.37729741235e-08
3.93381671656e-07
2.90118614749e-08
3.74496526387e-07
2.45301058744e-08
3.56208354119e-07
2.04410984025e-08
3.35362580692e-07
1.66703850023e-08
3.07844962786e-07
1.31404494821e-08
2.76875760845e-07
9.86010023696e-09
2.44775549503e-07
6.86494941328e-09
2.12320608232e-07
4.20780874438e-09
1.80162716458e-07
1.92757458875e-09
1.49508468966e-07
1.22334588817e-07
1.02324921689e-07
7.0334151976e-07
9.46427452433e-08
6.26928774481e-07
8.63918930545e-08
5.78323920954e-07
7.8314995433e-08
5.43031094652e-07
7.06195623934e-08
5.13955008097e-07
6.33035380801e-08
4.87847889143e-07
5.63607411606e-08
4.63538065754e-07
4.98245786237e-08
4.40729490709e-07
4.36854711919e-08
4.19358211612e-07
3.78890925078e-08
3.99178015591e-07
3.23994445922e-08
3.79986156303e-07
2.72447613754e-08
3.61363030504e-07
2.2584787693e-08
3.40022553735e-07
1.83627078137e-08
3.12067042321e-07
1.44603459359e-08
2.80778122878e-07
1.0859027085e-08
2.48376868274e-07
7.57798969335e-09
2.15601645669e-07
4.65940290745e-09
1.83081303295e-07
2.13934927339e-09
1.52028522649e-07
1.24473938084e-07
1.14026876759e-07
7.09483306617e-07
1.05308144071e-07
6.35647460953e-07
9.5966483092e-08
5.87665454751e-07
8.67940414852e-08
5.5220342922e-07
7.80657696263e-08
5.22683194417e-07
6.98223962492e-08
4.96091189258e-07
6.20402843967e-08
4.71320124179e-07
5.47171111697e-08
4.48052627257e-07
4.78372973818e-08
4.26238003227e-07
4.13533435988e-08
4.05661953391e-07
3.52258330777e-08
3.86113658313e-07
2.94834469892e-08
3.67105412558e-07
2.43340906004e-08
3.45171909431e-07
1.97333222282e-08
3.16667810152e-07
1.55245057599e-08
2.84986939133e-07
1.16635504144e-08
2.52237823377e-07
8.15394184516e-09
2.1911125398e-07
5.02644988925e-09
1.86208795091e-07
2.31259582587e-09
1.54742376563e-07
1.2678653392e-07
1.22870181627e-07
7.16311767813e-07
1.1345880277e-07
6.4505949957e-07
1.0337161368e-07
5.97752876835e-07
9.34009710888e-08
5.62174172444e-07
8.38819438803e-08
5.32202279892e-07
7.490158136e-08
5.05071586662e-07
6.64479131564e-08
4.79773814328e-07
5.84966321258e-08
4.5600391891e-07
5.10205581226e-08
4.33714084446e-07
4.39773519804e-08
4.12705162915e-07
3.73276317656e-08
3.92763381008e-07
3.11076305394e-08
3.73325414016e-07
2.5576308598e-08
3.50703231868e-07
2.06921907441e-08
3.21551927994e-07
1.62621880915e-08
2.89416942213e-07
1.22198113182e-08
2.56280200297e-07
8.55406391026e-09
2.22777001716e-07
5.28411316431e-09
1.8947874613e-07
2.43549726345e-09
1.57590992749e-07
1.2922203118e-07
1.2913292311e-07
7.23689336721e-07
1.19188122349e-07
6.55005452907e-07
1.08535731101e-07
6.08405765561e-07
9.79829397015e-08
5.72727230368e-07
8.79029290268e-08
5.42282473866e-07
7.83920250766e-08
5.14582622583e-07
6.94480831783e-08
4.88717847361e-07
6.10360039655e-08
4.64416052361e-07
5.31185684275e-08
4.4163155391e-07
4.56573778231e-08
4.20166374336e-07
3.8614962811e-08
3.99805808191e-07
3.20422027104e-08
3.79898177713e-07
2.62517154583e-08
3.5649371972e-07
2.11926528748e-08
3.26610990193e-07
1.66374841977e-08
2.93972110758e-07
1.25008877286e-08
2.60416796572e-07
8.75908853023e-09
2.26518800746e-07
5.41992843053e-09
1.92817906119e-07
2.5020172735e-09
1.60508903801e-07
1.31724048447e-07
1.32873235748e-07
7.31412829264e-07
1.22559933473e-07
6.65320379368e-07
1.11480102272e-07
6.19486324993e-07
1.00502630384e-07
5.83705115192e-07
9.00415803164e-08
5.5274381929e-07
8.01977026593e-08
5.24426720479e-07
7.09561328737e-08
4.97959571031e-07
6.226192153e-08
4.73110357261e-07
5.40673713581e-08
4.49826162756e-07
4.63403650243e-08
4.2789341778e-07
3.90475623253e-08
4.07098632317e-07
3.22594465594e-08
3.86686300362e-07
2.63424365653e-08
3.6241073091e-07
2.1223302793e-08
3.31730123566e-07
1.66436736215e-08
2.98551739845e-07
1.2503238991e-08
2.64557230945e-07
8.76714777637e-09
2.3025489179e-07
5.43274628627e-09
1.9615230741e-07
2.51129417323e-09
1.63430355696e-07
1.34235342589e-07
1.33855797843e-07
7.39465524837e-07
1.23311124457e-07
6.75866924654e-07
1.11984800454e-07
6.30813519467e-07
1.00793673191e-07
5.94896767419e-07
9.01698329225e-08
5.63368048155e-07
8.02082939142e-08
5.34388551411e-07
7.08782268578e-08
5.07289839804e-07
6.20965521471e-08
4.8189215416e-07
5.38081607275e-08
4.58114631652e-07
4.59884625026e-08
4.35713165729e-07
3.86073383454e-08
4.14479784273e-07
3.17577538787e-08
3.93535892993e-07
2.58572775795e-08
3.68311207659e-07
2.07985796303e-08
3.36788820399e-07
1.62988876945e-08
3.03051430745e-07
1.22468769886e-08
2.68609240789e-07
8.59735306425e-09
2.33904414655e-07
5.33560445277e-09
1.99414055089e-07
2.47008844493e-09
1.66295870756e-07
1.36705431007e-07
1.32118602663e-07
7.47545465137e-07
1.21417385899e-07
6.86570149368e-07
1.09918474273e-07
6.42313387166e-07
9.87000393108e-08
6.06115815028e-07
8.81588893476e-08
5.73909664056e-07
7.834114072e-08
5.44206649461e-07
6.91653921816e-08
5.16465823445e-07
6.05085571722e-08
4.90549130969e-07
5.23302341784e-08
4.66293047224e-07
4.46178143323e-08
4.43425645829e-07
3.73370237391e-08
4.2176060712e-07
3.05937570873e-08
4.00279168219e-07
2.48534639115e-08
3.74051501369e-07
1.99748152992e-08
3.41667468134e-07
1.56637658942e-08
3.07362479506e-07
1.1799713879e-08
2.7247329211e-07
8.32194206662e-09
2.37382185723e-07
5.19698825694e-09
2.02539008125e-07
2.39781136753e-09
1.69095046823e-07
1.39103242326e-07
1.22704618553e-07
1.13352419955e-07
1.03264080284e-07
9.31648097992e-08
8.34426467916e-08
7.42395321054e-08
6.55626449975e-08
5.73544816934e-08
4.95967315176e-08
4.22855956981e-08
3.54115411948e-08
2.90874644444e-08
2.36427597413e-08
1.90180782575e-08
1.50005062706e-08
1.14451388609e-08
8.25490786815e-09
5.36709464519e-09
2.74315996896e-09
)
;

boundaryField
{
    emptyPatch
    {
        type            empty;
        value           nonuniform List<scalar> 0();
    }
    minY
    {
        type            calculated;
        value           nonuniform List<scalar> 0();
    }
    maxY
    {
        type            calculated;
        value           nonuniform List<scalar> 
40
(
7.80074128635e-07
9.1432563198e-07
9.00488505038e-07
7.7440799583e-07
6.39003141101e-07
6.19921514946e-07
6.32112575833e-07
6.55788298019e-07
6.80993748443e-07
7.00177882129e-07
7.08535540345e-07
7.09453060695e-07
7.0917119951e-07
7.17569601212e-07
7.40449736732e-07
7.9813358461e-07
9.13300887313e-07
9.32129751009e-07
8.62706646102e-07
8.06301187733e-07
7.55310863727e-07
6.95925045762e-07
6.52403143658e-07
6.16216089246e-07
5.83632612238e-07
5.53410341989e-07
5.25143083303e-07
4.98757520724e-07
4.74050947945e-07
4.5073687876e-07
4.28634707532e-07
4.06603254654e-07
3.79496205029e-07
3.46292148062e-07
3.11380049636e-07
2.76028658276e-07
2.40572415004e-07
2.05426819899e-07
1.71718980086e-07
1.41846402295e-07
)
;
    }
    maxX
    {
        type            calculated;
        value           uniform 0;
    }
    water_to_heater
    {
        type            calculated;
        value           uniform 0;
    }
    procBoundary0to1
    {
        type            processor;
        value           nonuniform List<scalar> 
41
(
-5.33050148923e-07
-5.5627326101e-07
-5.99376535207e-07
-7.05156588419e-07
-9.40373366871e-07
-1.5072985159e-06
-1.44495800042e-06
-1.06389666392e-06
-7.65403377641e-07
-6.34765695126e-07
-5.91941190051e-07
-5.7944945214e-07
-5.85531161476e-07
-5.92825492733e-07
-6.38670844693e-07
-6.86105197372e-07
-6.957339472e-07
-6.97048614681e-07
-6.81064166244e-07
-5.88687330386e-07
-3.38551742082e-07
-3.20980873746e-07
-3.05004343514e-07
-2.89922652365e-07
-2.75506764338e-07
-2.61909265682e-07
-2.49232160365e-07
-2.37182640621e-07
-2.23593494705e-07
-2.02779435743e-07
-1.77465002727e-07
-1.51702718598e-07
-1.26483814377e-07
-1.02644870253e-07
-8.14034558823e-08
-6.43284634218e-08
-4.87816753347e-07
-4.22632328015e-07
-3.87730932493e-07
-4.39743910668e-08
-3.63176139256e-07
)
;
    }
}


// ************************************************************************* //
