/*--------------------------------*- C++ -*----------------------------------*\
| =========                 |                                                 |
| \\      /  F ield         | OpenFOAM: The Open Source CFD Toolbox           |
|  \\    /   O peration     | Version:  2312                                  |
|   \\  /    A nd           | Website:  www.openfoam.com                      |
|    \\/     M anipulation  |                                                 |
\*---------------------------------------------------------------------------*/
FoamFile
{
    version     2.0;
    format      ascii;
    arch        "LSB;label=32;scalar=64";
    class       volScalarField;
    location    "0.045/water";
    object      km;
}
// * * * * * * * * * * * * * * * * * * * * * * * * * * * * * * * * * * * * * //

dimensions      [0 2 -2 0 0 0 0];

internalField   nonuniform List<scalar> 
1496
(
1.38401458471
0.782514996095
0.539560199099
0.492825497848
0.439886056964
0.324312702723
0.0754019655691
0.0255407369043
0.0146153396262
0.00992159758959
0.00653869715965
0.00371215739332
0.00159598155441
0.000508523040826
0.000128287918052
2.97424982386e-05
1.09460575804e-05
8.0265011189e-06
7.57040154939e-06
8.30697636594e-06
1.43143906351
0.809097679057
0.564505771535
0.521505573696
0.465335895591
0.337933550303
0.0696091371806
0.0236094115097
0.0141290351606
0.00971776751714
0.00638607360924
0.00358226864389
0.00150615323307
0.000469717159929
0.000118637358726
2.79884912044e-05
1.06991739268e-05
7.97018906618e-06
7.52526709943e-06
8.23874621271e-06
1.48014162166
0.840489576892
0.597385239517
0.556502310816
0.498665095416
0.355013545976
0.0641827875732
0.0220269241995
0.0137627486562
0.00955945015554
0.00625569491239
0.00347134169948
0.00143284756149
0.000439398796913
0.000112099182438
2.69726442508e-05
1.05552346316e-05
7.90905239063e-06
7.46484894738e-06
8.15069964628e-06
1.52312882298
0.87629962633
0.636442881617
0.596556009712
0.536709975161
0.372844668668
0.0593851141412
0.0210333090056
0.0136210731134
0.00951500604898
0.00620023527876
0.0034178287794
0.00139813140214
0.000425003023975
0.000110183165351
2.69663591142e-05
1.05520004278e-05
7.84830375731e-06
7.38948959479e-06
8.04065129192e-06
1.55630422858
0.913325675347
0.678275191119
0.642228073748
0.569851738855
0.384412624957
0.05579397376
0.0207317908093
0.0137588936881
0.00963564828131
0.00626356662874
0.00345288549996
0.0014196517951
0.000432680930335
0.000114081311283
2.82223312608e-05
1.07341912491e-05
7.79241793929e-06
7.29488475474e-06
7.90260839076e-06
1.59124951689
0.959844305126
0.729402504118
0.688342526966
0.588219270987
0.383576869512
0.0545095529775
0.0212270526329
0.014185250477
0.00993586636028
0.00646137922752
0.00358614987406
0.0015028291333
0.000465209539853
0.000124334188028
3.09029753189e-05
1.11295808814e-05
7.73667146786e-06
7.17369801718e-06
7.73244189196e-06
1.63489947691
1.02781147975
0.78745251021
0.72026420046
0.590953721161
0.368761656421
0.0582576595522
0.0226434518086
0.0148731055808
0.0103931875127
0.00677970754352
0.00380672334552
0.00164163444083
0.000522136893728
0.00014094453162
3.50295145919e-05
1.17575668901e-05
7.69444749864e-06
7.04070195037e-06
7.54815059177e-06
1.74359553885
1.14757549314
0.841273424117
0.716549916932
0.567670636905
0.33852472133
0.0663255104219
0.0250852492121
0.0158015364612
0.0109699149679
0.00718681072832
0.00408940411293
0.0018205817926
0.000599535561257
0.0001635440143
4.05417909112e-05
1.26450680934e-05
7.68829505275e-06
6.9123363134e-06
7.36623823377e-06
2.13956807462
1.28268084959
0.872598274694
0.702866080243
0.538012844846
0.304131997359
0.0765630383213
0.0285366839629
0.0169531212869
0.0116303660172
0.00764881903401
0.00440571157083
0.0020195102026
0.000689982340395
0.000190953710675
4.72397280115e-05
1.37852542616e-05
7.72850732171e-06
6.79705735886e-06
7.19572482904e-06
2.96424905378
1.45671779192
0.920214968091
0.705097882658
0.52329748253
0.288216091288
0.0889124153678
0.0327313647658
0.0182740746194
0.0123451538533
0.00814030281456
0.00473384108306
0.00222069905314
0.000784613762754
0.000221062464009
5.47195386822e-05
1.5125520244e-05
7.81770555824e-06
6.70289240531e-06
7.04518707121e-06
3.50314217694
1.70597949277
1.01120361607
0.728093208365
0.527004068423
0.2969824364
0.102436402173
0.0371366441926
0.019674325557
0.0130957674465
0.00865090788753
0.00506426734035
0.00241427927783
0.000876253634337
0.000251491737576
6.24659129277e-05
1.65803735278e-05
7.95172957023e-06
6.63612431251e-06
6.92157092287e-06
3.81917159252
1.89523880104
1.10343852893
0.763866387494
0.543199714488
0.313212549097
0.114874443235
0.0412891072087
0.0210946879405
0.0138854217766
0.00918654195064
0.0054008391967
0.00260041442267
0.000962060211202
0.000280646668357
7.00639226402e-05
1.80645538357e-05
8.11972669866e-06
6.59706606711e-06
6.82691806633e-06
3.98397992696
2.02117957416
1.17797588187
0.798964971222
0.561919767001
0.330062229685
0.12608230998
0.0452553353362
0.022563242778
0.0147298870499
0.00976090595155
0.00575547240464
0.00278678056923
0.00104400584386
0.000308398244885
7.73807979223e-05
1.95397977765e-05
8.31127129182e-06
6.58135585998e-06
6.75880370072e-06
4.04819749181
2.09171709908
1.22998251713
0.828506888159
0.579639093632
0.346908124128
0.137329524775
0.0494452654104
0.0241565914008
0.0156428423008
0.0103827540819
0.00613920770616
0.0029831160551
0.00112680537769
0.000335940163387
8.46026442637e-05
2.10233797297e-05
8.5220782398e-06
6.58474285426e-06
6.71341123598e-06
4.03672839747
2.11851975264
1.26108169015
0.849457717769
0.594715682264
0.364574100188
0.14998454247
0.0543251620637
0.02594539046
0.0166204176836
0.0110454343837
0.00655374368731
0.00319539968114
0.00121468580509
0.000364704245066
9.20491990656e-05
2.25530323221e-05
8.75388733821e-06
6.60563412811e-06
6.68827739837e-06
3.95205962188
2.10245842916
1.26410371077
0.856465870571
0.603726767874
0.380737870543
0.164297970676
0.0602139313841
0.0279701301643
0.0176324238231
0.0117182529278
0.00698286040996
0.00341978680057
0.00130819352386
0.000395228372013
9.98628871192e-05
2.41434749179e-05
9.0073517689e-06
6.64424366422e-06
6.68337053116e-06
3.74695179168
2.02188136421
1.23386587776
0.846056450502
0.603881073049
0.391678003417
0.178657060053
0.0667382026765
0.0301237390815
0.0186003062283
0.0123394739051
0.00738707435513
0.00363838026055
0.00140181219882
0.000426231804185
0.000107751425121
2.57289124648e-05
9.27073205941e-06
6.70079293721e-06
6.70064129053e-06
3.39617888947
1.94025931359
1.20716612513
0.834209274997
0.600536642449
0.3996758767
0.192990087039
0.073118886036
0.0321492591553
0.0194128572191
0.012832229339
0.00771422492341
0.00382396916076
0.00148518749969
0.000454709195066
0.000114952582797
2.71464894901e-05
9.51774827528e-06
6.77463683594e-06
6.74276969761e-06
2.9784929961
1.801907711
1.15741365668
0.811394230641
0.590439534047
0.402407108643
0.209213897408
0.0789148441709
0.0337535031441
0.0199550138916
0.0131254499428
0.007914689669
0.00394808333411
0.00154600939718
0.000476617839318
0.000120399944777
2.81688183768e-05
9.71485406091e-06
6.86503759031e-06
6.81231668858e-06
2.68679644955
1.65246350808
1.0847788676
0.772358931135
0.567426834555
0.392064125778
0.212171477239
0.0811313677336
0.0344650970216
0.0201137748777
0.0131638987007
0.00794917896258
0.00398479320166
0.00157120051933
0.000487116734492
0.000122789652982
2.85333715468e-05
9.82587230703e-06
6.97123883124e-06
6.91204875173e-06
2.48405207354
1.51536908895
1.01449119253
0.731784853414
0.542625227644
0.378510273877
0.208138988095
0.0792693881309
0.0339579653629
0.0197996812048
0.012916694093
0.00779670742164
0.00391645873658
0.00154968588139
0.000481464946122
0.000120817012325
2.79960502959e-05
9.81902752854e-06
7.08687178003e-06
7.03799678193e-06
2.31915052238
1.39106798705
0.940909100881
0.686963562733
0.514927975644
0.361473133395
0.195722624409
0.0732352480246
0.0321286030491
0.0189923152815
0.0123934231972
0.00746435785435
0.00374178601979
0.00147762982898
0.000457396607693
0.000113841618955
2.64602848932e-05
9.68390677654e-06
7.20407493494e-06
7.17964453184e-06
2.17818316834
1.28528886535
0.873996396096
0.644579828273
0.489332233823
0.344342097931
0.174442216221
0.0642653515482
0.0293996959378
0.017825861916
0.0116614711981
0.00699037723437
0.003477519141
0.00136038097798
0.000416426983501
0.000102362718218
2.40833875914e-05
9.44586235098e-06
7.31543494827e-06
7.32506469324e-06
2.05149656648
1.19449317637
0.817323781727
0.616800680365
0.477647593135
0.33662470781
0.147777444384
0.0548786131106
0.026463664865
0.0165157407293
0.0108211030892
0.00643195305286
0.00315353154856
0.00121101973378
0.000363542896526
8.79909751991e-05
2.12508396192e-05
9.15812399853e-06
7.41412052938e-06
7.46151871504e-06
1.95167053859
1.11836475951
0.764040562847
0.605913295081
0.483880597382
0.344236267247
0.126415174651
0.0464292403383
0.0236836619827
0.0152095705934
0.00995484430472
0.00584271120512
0.00280251201608
0.00104636329848
0.000305854079625
7.29092991781e-05
1.84282389687e-05
8.87698441423e-06
7.49467787317e-06
7.57818656157e-06
1.90539101258
1.07068707052
0.721729658677
0.59915163638
0.494269396351
0.353493954517
0.106170228497
0.0388175328043
0.0212064407225
0.0139889235063
0.00911826811696
0.00526367366052
0.00245248188659
0.0008824987349
0.000250448090051
5.91301727142e-05
1.5993395e-05
8.63993513858e-06
7.55260199299e-06
7.66620618766e-06
1.89281147833
1.04771627509
0.704232293643
0.606271530026
0.508064833573
0.354696659273
0.0875916565246
0.032512619803
0.0191851141567
0.0129223990844
0.00835548985355
0.00472736520336
0.00212655075663
0.000733073939066
0.000202850810316
4.80076981811e-05
1.41470002674e-05
8.45709029178e-06
7.58118610916e-06
7.71558822834e-06
1.90646441493
1.04858507231
0.714890828298
0.634305674411
0.522693659861
0.34378640681
0.0712681430788
0.0280319290711
0.0177962749852
0.0121134536936
0.00773000373674
0.00427594629198
0.00185133622898
0.000610874734196
0.000166820509245
4.02102404275e-05
1.2930569256e-05
8.31661107354e-06
7.57068259337e-06
7.7158178713e-06
1.92543539098
1.07214189893
0.752720504326
0.688600710248
0.536646095134
0.311810525057
0.0576847754691
0.0256137363292
0.0171908635242
0.0117037500474
0.00734482633314
0.00397481457583
0.00166338290647
0.00052904718327
0.000144691615644
3.59514344906e-05
1.23080894671e-05
8.20310325684e-06
7.51642383705e-06
7.6633145138e-06
1.95016710258
1.11895417717
0.814533941158
0.770496659554
0.562572000459
0.251115671457
0.0478153231768
0.0250917145918
0.0174378911587
0.0118339993004
0.00732050009069
0.00389980702468
0.00160222730575
0.000499255310689
0.000137717988484
3.52735615994e-05
1.22593849971e-05
8.11992541057e-06
7.42529648317e-06
7.56317200425e-06
2.01610596286
1.21919030181
0.893133725525
0.849296940379
0.606867912433
0.18467334403
0.0428153097137
0.025856343022
0.0184667069535
0.012574973929
0.00774160079358
0.00410401555596
0.00169303498642
0.000528991198057
0.000146642930154
3.82624001763e-05
1.28255630367e-05
8.07913300854e-06
7.29440956628e-06
7.41052562999e-06
2.27281050918
1.41383436362
0.966127080453
0.852945477236
0.61786937703
0.148376378819
0.0426395866004
0.0274873904122
0.0200580085475
0.0138576368026
0.00860894696866
0.0045981186548
0.00194044386304
0.000621680151242
0.000172400288263
4.50979529582e-05
1.40931514802e-05
8.10291235949e-06
7.13261208485e-06
7.21621574208e-06
3.14201884938
1.66089522507
1.00578330375
0.79533800066
0.560107017951
0.153080274955
0.0491688086427
0.0299059323945
0.0218867763958
0.0154593038133
0.00981695945405
0.00534471835634
0.00233060898832
0.000776510940348
0.000216422330895
5.61219430308e-05
1.62230020593e-05
8.2605478892e-06
6.98159792647e-06
7.01688768482e-06
4.55859149646
1.96709906938
1.06312843403
0.751285976319
0.500351762505
0.187979465571
0.0630827578178
0.0335833814937
0.0238492186236
0.0171490913655
0.0111984098151
0.00626546487387
0.00283275335851
0.000986982819975
0.000279801362698
7.18987392163e-05
1.94157785105e-05
8.61725255437e-06
6.86589850084e-06
6.83043996101e-06
5.38581454133
2.31649093609
1.18384496699
0.758035651903
0.490964657598
0.231598711093
0.083636589086
0.0390508592741
0.0260446044895
0.0188296802673
0.0126310161305
0.00728896727437
0.00341606097193
0.00124450402574
0.000363041538477
9.31969003175e-05
2.39041924561e-05
9.23449927464e-06
6.80151481201e-06
6.66626706027e-06
5.76410702503
2.57369923458
1.31375407692
0.799224612242
0.508599843303
0.270343853298
0.105564596445
0.0457929759782
0.0284735535941
0.0204856331024
0.0140569531188
0.00837279004242
0.0040672244052
0.00154654180274
0.00046740514225
0.000121141235258
3.00469993068e-05
1.02181666061e-05
6.82161889034e-06
6.54127733317e-06
5.8990093211
2.7165279453
1.40489389058
0.837973786889
0.528030409435
0.295595804442
0.120434845415
0.051086703459
0.0305335172407
0.0219119670504
0.0153430867201
0.00942955651948
0.00475492830022
0.00188907753026
0.000595386405889
0.000157634417995
3.85058771416e-05
1.17682202696e-05
7.03068712119e-06
6.54671530615e-06
3.6999537636e-05
3.92646040331e-05
3.75613813297e-05
3.16674199676e-05
1.75319120192e-05
8.9000679587e-06
7.17678346372e-06
7.00147655446e-06
6.98669412956e-06
6.9993179162e-06
1.49677691775e-05
0.000528596639039
0.00341404730038
0.007340475782
0.0123302177637
0.0209213932299
1.08338839573e-05
1.44952846791e-05
2.06901716403e-05
2.99984118264e-05
3.66420509923e-05
3.88808084859e-05
3.71692357553e-05
3.14621433615e-05
1.74915285979e-05
8.86246187948e-06
7.17434886792e-06
7.00117057187e-06
6.98634217012e-06
6.9998130085e-06
1.54751909335e-05
0.000546107402541
0.003468551797
0.00740875253595
0.0124161500803
0.0210361387832
1.07171004658e-05
1.43101867464e-05
2.03683077538e-05
2.95503216447e-05
3.62127394413e-05
3.84416022857e-05
3.67539902565e-05
3.12775304305e-05
1.7500189781e-05
8.84596503486e-06
7.17564586858e-06
7.00154682929e-06
6.98634095461e-06
7.00062978645e-06
1.59914573818e-05
0.000563335148293
0.00352135953735
0.00747626093429
0.0125022580613
0.0211476001166
1.05699237911e-05
1.40871177111e-05
1.99856896097e-05
2.90136768093e-05
3.57050870647e-05
3.79468401078e-05
3.63215002059e-05
3.11208430997e-05
1.75703643411e-05
8.85853786149e-06
7.1818067346e-06
7.002771785e-06
6.98675610631e-06
7.00181337392e-06
1.65123809081e-05
0.000580155035683
0.00357214337667
0.00754230744993
0.0125871955053
0.0212577748034
1.0388699965e-05
1.38206066499e-05
1.95341756184e-05
2.83827098044e-05
3.5119107701e-05
3.74017344637e-05
3.58806070501e-05
3.0999039864e-05
1.77150236077e-05
8.90712125621e-06
7.19391834945e-06
7.00499955859e-06
6.98763340919e-06
7.00339419096e-06
1.70350600349e-05
0.000596474574822
0.00362059303631
0.0076064453304
0.0126709046825
0.0213676888484
1.01658545415e-05
1.3503048883e-05
1.9013809203e-05
2.76683743357e-05
3.44644281192e-05
3.68183765478e-05
3.54415085097e-05
3.09222476029e-05
1.79409692077e-05
8.99694679692e-06
7.21296473393e-06
7.00836763712e-06
6.98899673682e-06
7.0053869723e-06
1.75579444759e-05
0.000612244080807
0.00366653174134
0.00766848917267
0.0127536509889
0.0214783209482
9.90288135609e-06
1.31477299356e-05
1.84477000914e-05
2.6896250951e-05
3.37612308357e-05
3.6215781686e-05
3.50170722373e-05
3.08952205635e-05
1.82470215293e-05
9.13074554748e-06
7.23974668954e-06
7.0129900293e-06
6.99084731541e-06
7.00779103524e-06
1.80812341579e-05
0.000627474135157
0.00370999682363
0.0077285013205
0.0128358156365
0.0215907965963
9.62491260666e-06
1.27841184765e-05
1.78716486029e-05
2.60952883824e-05
3.30380349976e-05
3.56175201384e-05
3.46242929592e-05
3.09157220437e-05
1.86252996408e-05
9.30821170002e-06
7.27479452824e-06
7.018947265e-06
6.9931639228e-06
7.01059022901e-06
1.86072166802e-05
0.000642246095233
0.00375127042188
0.00778678018334
0.0129178840824
0.0217063618
9.35095047248e-06
1.24314588369e-05
1.73158080544e-05
2.53040433038e-05
3.23268235793e-05
3.50475713387e-05
3.42767809035e-05
3.09780853113e-05
1.90623657872e-05
9.52615095408e-06
7.31829951193e-06
7.02627481105e-06
6.99590364686e-06
7.01375218507e-06
1.91402409485e-05
0.000656706334491
0.00379084407677
0.00784380501143
0.0130004109407
0.0218262500438
9.09218991888e-06
1.21027490946e-05
1.68032693535e-05
2.45591069381e-05
3.16569024942e-05
3.45262934876e-05
3.39826195447e-05
3.1075366534e-05
1.95419463697e-05
9.77924280361e-06
7.37008816453e-06
7.03495438996e-06
6.99900398859e-06
7.01722817212e-06
1.96862545991e-05
0.000671045045474
0.00382933441235
0.00790014627642
0.0130839505175
0.02195153447
8.85824952403e-06
1.1807368158e-05
1.63487705482e-05
2.38863098053e-05
3.10501847085e-05
3.40679013812e-05
3.37464885904e-05
3.12011470334e-05
2.00484540836e-05
1.00610503466e-05
7.42965282379e-06
7.0449136226e-06
7.00238729563e-06
7.02095526295e-06
2.02520612031e-05
0.000685467514348
0.00386738295597
0.00795637161164
0.0131689856144
0.0220830189958
8.65596467676e-06
1.15494800547e-05
1.59571013487e-05
2.32984978283e-05
3.05193567721e-05
3.36798498969e-05
3.35705138779e-05
3.135052428e-05
2.05692756974e-05
1.03649779087e-05
7.49624665853e-06
7.05603793396e-06
7.00596802784e-06
7.02486188645e-06
2.08445806054e-05
0.000700168343372
0.00390557465682
0.00801297674403
0.0132558818487
0.0222211932932
8.48808771746e-06
1.13299472155e-05
1.56259692275e-05
2.27975254304e-05
3.00687372734e-05
3.33637869176e-05
3.34543011252e-05
3.15196448473e-05
2.109535765e-05
1.06850828304e-05
7.56903256607e-06
7.06819190016e-06
7.00966102298e-06
7.02887540697e-06
2.14703638657e-05
0.000715316209499
0.00394439510549
0.00807035467559
0.0133448751475
0.0223662457619
8.35384300294e-06
1.11486590404e-05
1.53505869277e-05
2.23784302887e-05
2.96967939597e-05
3.31173472062e-05
3.33952354232e-05
3.17045982874e-05
2.16209112054e-05
1.10167025482e-05
7.64723458091e-06
7.08123967946e-06
7.01338698273e-06
7.03292845125e-06
2.21355020506e-05
0.000731052172577
0.00398423120901
0.00812880378184
0.0134360892833
0.0225181153299
8.25030273425e-06
1.10046694234e-05
1.51266351578e-05
2.20339108368e-05
2.93991265548e-05
3.2936038017e-05
3.33886198153e-05
3.19011205065e-05
2.21429084957e-05
1.13567812269e-05
7.7302355942e-06
7.09505025817e-06
7.01707117029e-06
7.03696051139e-06
2.28459216349e-05
0.000747499629668
0.00402540546272
0.00818856351925
0.0135295712805
0.0226765547606
8.17464651484e-06
1.08964140472e-05
1.49512226516e-05
2.17579494706e-05
2.91710017289e-05
3.28147596306e-05
3.34283666009e-05
3.21053378481e-05
2.26603460974e-05
1.17037295139e-05
7.81754955383e-06
7.10947644125e-06
7.02063365675e-06
7.04091333895e-06
2.36079371172e-05
0.000764780619696
0.00406822552682
0.00824986064273
0.0136253300589
0.022841181429
8.12612221993e-06
1.08233056442e-05
1.4823245981e-05
2.15471874976e-05
2.90090494318e-05
3.27489030941e-05
3.35093901883e-05
3.23141819258e-05
2.31729337002e-05
1.20563597502e-05
7.90858531684e-06
7.12430809176e-06
7.02397367496e-06
7.04472201471e-06
2.44288478569e-05
0.000783031556103
0.00411302816476
0.00831294752543
0.0137233644556
0.0230114991655
8.10642524884e-06
1.07867069113e-05
1.47433282107e-05
2.14006423192e-05
2.89118985591e-05
3.27349668825e-05
3.36274965097e-05
3.25250118734e-05
2.36791934838e-05
1.24123375083e-05
8.00229892953e-06
7.13921077321e-06
7.02695446421e-06
7.04830635132e-06
2.53173368295e-05
0.00080241168999
0.00416019921484
0.00837811725861
0.0138236708272
0.0231868864563
8.11857134658e-06
1.07892573892e-05
1.47126224541e-05
2.13184817381e-05
2.88797113874e-05
3.27703592351e-05
3.37784393087e-05
3.27357487258e-05
2.4174443424e-05
1.27668638879e-05
8.09687837294e-06
7.15367964875e-06
7.02939747792e-06
7.05156869086e-06
2.62834630558e-05
0.000823099808751
0.00421015976164
0.00844568872576
0.0139262284931
0.0233665593434
8.16579567268e-06
1.08338520606e-05
1.47315756932e-05
2.13005993813e-05
2.89126134173e-05
3.28522398124e-05
3.3957217159e-05
3.29434019792e-05
2.46515173746e-05
1.31125682374e-05
8.18961776172e-06
7.16704001372e-06
7.03109371549e-06
7.05440291002e-06
2.7338123572e-05
0.000845277786988
0.00426331845013
0.00851596441397
0.0140309693677
0.0235495276583
8.25147273891e-06
1.09236474008e-05
1.48002412086e-05
2.13444767299e-05
2.90082054112e-05
3.29756443505e-05
3.41570333927e-05
3.31405852519e-05
2.5098196742e-05
1.34398196347e-05
8.27708550565e-06
7.17850899945e-06
7.03183532782e-06
7.0567159379e-06
2.849197886e-05
0.000869103278874
0.00432000095777
0.00858917528958
0.0141377485624
0.0237345726964
8.3713416915e-06
1.10538414138e-05
1.49113407021e-05
2.14396754331e-05
2.91589776452e-05
3.31315162737e-05
3.43681710171e-05
3.33180800861e-05
2.55000240164e-05
1.37387432332e-05
8.3555924205e-06
7.18731640118e-06
7.0314638527e-06
7.05845791561e-06
2.97538959162e-05
0.000894675282449
0.00438037030729
0.00866542788663
0.0142463310923
0.0239202699174
8.51356496594e-06
1.12092822297e-05
1.50455532697e-05
2.15698361026e-05
2.93506346017e-05
3.3305450929e-05
3.45775073467e-05
3.34670589971e-05
2.58529220061e-05
1.4002739686e-05
8.42184804967e-06
7.1928691094e-06
7.02992558251e-06
7.05965305133e-06
3.11289635943e-05
0.00092199619237
0.00444434948602
0.00874466110922
0.0143563968058
0.0241050628088
8.66524988086e-06
1.13748024322e-05
1.51843407524e-05
2.17146721473e-05
2.95615579407e-05
3.34778000184e-05
3.47690565012e-05
3.35788369853e-05
2.61504826073e-05
1.42259187378e-05
8.47354054616e-06
7.19492562483e-06
7.02731790306e-06
7.06041961781e-06
3.26161735949e-05
0.000950934093358
0.00451155442514
0.008826610267
0.0144675502563
0.0242873726537
8.81203837668e-06
1.15336829768e-05
1.53095034482e-05
2.18494156663e-05
2.97637303047e-05
3.36251859643e-05
3.49253429336e-05
3.36450741693e-05
2.63879453706e-05
1.44117843357e-05
8.51023035265e-06
7.19374860318e-06
7.02391073015e-06
7.06096916244e-06
3.42060160745e-05
0.000981191198318
0.00458124840848
0.00891077940866
0.0145793277586
0.0244657284482
8.93952104563e-06
1.16667981913e-05
1.5400448337e-05
2.19462247961e-05
2.99249019964e-05
3.37228423583e-05
3.50291005602e-05
3.36589578692e-05
2.65664490055e-05
1.4566598243e-05
8.53360323551e-06
7.19018813416e-06
7.02013214374e-06
7.06158089763e-06
3.58784846236e-05
0.00101228694907
0.00465233267549
0.00899643263966
0.0146912098153
0.0246389111611
9.03313825347e-06
1.1753697044e-05
1.54351505087e-05
2.19767093316e-05
3.0011175903e-05
3.37470784474e-05
3.50650128323e-05
3.36167387637e-05
2.66932161427e-05
1.47030901087e-05
8.54783987867e-06
7.18568359134e-06
7.0165180624e-06
7.06255621429e-06
3.7602245929e-05
0.00104356655841
0.00472339154022
0.00908262341026
0.0148026576821
0.0248061117628
9.07713402933e-06
1.17746881278e-05
1.53938067598e-05
2.19142803e-05
2.99895732011e-05
3.36776860456e-05
3.50216182269e-05
3.35193957104e-05
2.6781093222e-05
1.48402392885e-05
8.55957815248e-06
7.18213951532e-06
7.01363899057e-06
7.06416684056e-06
3.9335798026e-05
0.00107424393698
0.00479280351411
0.00916827430509
0.0149131834987
0.0249670896542
9.05771962778e-06
1.17161131694e-05
1.52649199531e-05
2.17370948217e-05
2.98315013062e-05
3.35006848005e-05
3.48934712232e-05
3.33738983494e-05
2.6847740285e-05
1.50001414076e-05
8.57776739257e-06
7.18174277634e-06
7.01202635002e-06
7.06661359784e-06
4.10312408431e-05
0.00110348297857
0.00485891933269
0.00925230930284
0.0150224522986
0.0251223100588
8.97097709668e-06
1.15764482337e-05
1.5048304502e-05
2.14320439288e-05
2.95187286367e-05
3.32116169073e-05
3.4683211134e-05
3.31931736733e-05
2.69119560236e-05
1.520350762e-05
8.61304503943e-06
7.18673789182e-06
7.01211936599e-06
7.07000921046e-06
4.26406593374e-05
0.00113051105118
0.00492028846018
0.00933382220289
0.0151303984436
0.0252730293681
8.8217348813e-06
1.13592649938e-05
1.47450097516e-05
2.09957643057e-05
2.90474068431e-05
3.28183360636e-05
3.44028101324e-05
3.2994618312e-05
2.69895123089e-05
1.54675776387e-05
8.67651841952e-06
7.19920183098e-06
7.01424343788e-06
7.07438920392e-06
4.41241484919e-05
0.00115474554097
0.00497589417565
0.00941224701382
0.0152373266745
0.0254212952789
8.60633184429e-06
1.10610235361e-05
1.43576081357e-05
2.04389368425e-05
2.84385901739e-05
3.2341756086e-05
3.40725732799e-05
3.27957103239e-05
2.70957784983e-05
1.5801936591e-05
8.7777757064e-06
7.22084692621e-06
7.01861742469e-06
7.07974306537e-06
4.54574893023e-05
0.00117590202588
0.00502533803055
0.00948748121688
0.0153439602659
0.0255698370872
8.3422016368e-06
1.07100231884e-05
1.39232860782e-05
1.98027954698e-05
2.77323747693e-05
3.18124014942e-05
3.3718060466e-05
3.26128132974e-05
2.72423956693e-05
1.62053174337e-05
8.92313069826e-06
7.25292459112e-06
7.02537417443e-06
7.08604874699e-06
4.66371054497e-05
0.00119405115958
0.00506891761951
0.0095599179987
0.0154514029209
0.0257218416716
8.06986526674e-06
1.03493235535e-05
1.34831163599e-05
1.91421866681e-05
2.69724325653e-05
3.12649782991e-05
3.3366428037e-05
3.24648590639e-05
2.74326226109e-05
1.66689761922e-05
9.11462617059e-06
7.29615678399e-06
7.03457367695e-06
7.09329354652e-06
4.76807425403e-05
0.00120960724112
0.00510757817761
0.00963037965291
0.0155610088267
0.0258806419854
7.80857190665e-06
9.99790953786e-06
1.30584728254e-05
1.85015327339e-05
2.62094337827e-05
3.07336438825e-05
3.30433607939e-05
3.23666140909e-05
2.76662128399e-05
1.71798773436e-05
9.34978945169e-06
7.35063903257e-06
7.04619686276e-06
7.10147461077e-06
4.86241487167e-05
0.00122326069105
0.00514277762132
0.00969999969243
0.0156742046713
0.026049381353
7.56948559342e-06
9.66963991393e-06
1.26666741074e-05
1.79136686824e-05
2.54887095069e-05
3.024730072e-05
3.27702198823e-05
3.2326321573e-05
2.79426561334e-05
1.77246094503e-05
9.62277429733e-06
7.41579129619e-06
7.06012638373e-06
7.11058866384e-06
4.95159578108e-05
0.00123589653032
0.00517635406637
0.009770129647
0.0157923462119
0.0262307421324
7.36796856788e-06
9.38076691328e-06
1.2321299501e-05
1.73988483737e-05
2.4844168906e-05
2.98298239732e-05
3.25640307957e-05
3.2351739636e-05
2.82594319521e-05
1.82864373468e-05
9.92344518392e-06
7.49006548545e-06
7.07611854486e-06
7.12062412455e-06
5.04137775107e-05
0.00124855729786
0.00521047874927
0.0098418414921
0.0159161011879
0.0264266415545
7.29805343311e-06
9.23442705126e-06
1.21261711047e-05
1.70422733359e-05
2.43326489782e-05
2.95192583234e-05
3.24569765928e-05
3.24675323986e-05
2.86469600061e-05
1.88882867698e-05
1.02525018409e-05
7.57109743627e-06
7.09027631426e-06
7.12799659852e-06
5.13717762165e-05
0.00126226469043
0.00524696124804
0.00991307452049
0.0160351023299
0.0266296010085
)
;

boundaryField
{
    emptyPatch
    {
        type            empty;
    }
    minY
    {
        type            fixedValue;
        value           nonuniform List<scalar> 0();
    }
    maxY
    {
        type            inletOutlet;
        inletValue      uniform 1e-05;
        value           nonuniform List<scalar> 
40
(
5.8990093211
2.7165279453
1.40489389058
0.837973786889
0.528030409435
0.295595804442
0.120434845415
0.051086703459
0.0305335172407
0.0219119670504
0.0153430867201
0.00942955651948
0.00475492830022
0.00188907753026
0.000595386405889
0.000157634417995
3.85058771416e-05
1.17682202696e-05
7.03068712119e-06
6.54671530615e-06
7.29805343311e-06
9.23442705126e-06
1.21261711047e-05
1.70422733359e-05
2.43326489782e-05
2.95192583234e-05
3.24569765928e-05
3.24675323986e-05
2.86469600061e-05
1.88882867698e-05
1.02525018409e-05
7.57109743627e-06
7.09027631426e-06
7.12799659852e-06
5.13717762165e-05
0.00126226469043
0.00524696124804
0.00991307452049
0.0160351023299
0.0266296010085
)
;
    }
    water_to_cooler
    {
        type            kqRWallFunction;
        value           nonuniform List<scalar> 
38
(
0.0209213932299
0.0210361387832
0.0211476001166
0.0212577748034
0.0213676888484
0.0214783209482
0.0215907965963
0.0217063618
0.0218262500438
0.02195153447
0.0220830189958
0.0222211932932
0.0223662457619
0.0225181153299
0.0226765547606
0.022841181429
0.0230114991655
0.0231868864563
0.0233665593434
0.0235495276583
0.0237345726964
0.0239202699174
0.0241050628088
0.0242873726537
0.0244657284482
0.0246389111611
0.0248061117628
0.0249670896542
0.0251223100588
0.0252730293681
0.0254212952789
0.0255698370872
0.0257218416716
0.0258806419854
0.026049381353
0.0262307421324
0.0264266415545
0.0266296010085
)
;
    }
    water_to_heater
    {
        type            kqRWallFunction;
        value           nonuniform List<scalar> 
59
(
1.38401458471
1.38401458471
1.43143906351
1.48014162166
1.52312882298
1.52312882298
1.55630422858
1.55630422858
1.59124951689
1.59124951689
1.63489947691
1.74359553885
2.13956807462
2.13956807462
2.96424905378
2.96424905378
3.50314217694
3.50314217694
3.81917159252
3.98397992696
4.04819749181
4.04819749181
4.03672839747
4.03672839747
3.95205962188
3.95205962188
3.74695179168
3.39617888947
2.9784929961
2.9784929961
2.68679644955
2.68679644955
2.48405207354
2.48405207354
2.31915052238
2.17818316834
2.05149656648
2.05149656648
1.95167053859
1.95167053859
1.90539101258
1.90539101258
1.89281147833
1.90646441493
1.92543539098
1.92543539098
1.95016710258
1.95016710258
2.01610596286
2.01610596286
2.27281050918
3.14201884938
4.55859149646
4.55859149646
5.38581454133
5.38581454133
5.76410702503
5.76410702503
5.8990093211
)
;
    }
    procBoundary0to1
    {
        type            processor;
        value           nonuniform List<scalar> 
41
(
1.34611376042
0.762576236768
0.522099495698
0.471507482436
0.41980430232
0.311390794576
0.0818725058532
0.0275096868149
0.0151084959387
0.0101182421399
0.006678077746
0.00383419612394
0.00168578782854
0.000549759436354
0.00013963045364
3.19807498201e-05
1.12694430236e-05
8.07930400414e-06
7.60292526655e-06
8.35921083229e-06
3.72961050176e-05
3.9597143728e-05
3.79271224345e-05
3.1883772225e-05
1.76074920011e-05
8.95090860653e-06
7.18183246109e-06
7.00231112846e-06
6.98733735984e-06
6.99910389801e-06
1.44728345031e-05
0.00051091933577
0.00335794340946
0.00727049983705
0.0122416004085
0.0208002385186
1.09260888554e-05
1.46478854901e-05
2.09626183738e-05
3.03694230212e-05
3.03694230212e-05
)
;
    }
}


// ************************************************************************* //
