/*--------------------------------*- C++ -*----------------------------------*\
| =========                 |                                                 |
| \\      /  F ield         | OpenFOAM: The Open Source CFD Toolbox           |
|  \\    /   O peration     | Version:  2312                                  |
|   \\  /    A nd           | Website:  www.openfoam.com                      |
|    \\/     M anipulation  |                                                 |
\*---------------------------------------------------------------------------*/
FoamFile
{
    version     2.0;
    format      ascii;
    arch        "LSB;label=32;scalar=64";
    class       surfaceScalarField;
    location    "0.895/water";
    object      phi;
}
// * * * * * * * * * * * * * * * * * * * * * * * * * * * * * * * * * * * * * //

dimensions      [0 3 -1 0 0 0 0];

oriented        oriented;

internalField   nonuniform List<scalar> 
2916
(
2.38376276611e-07
6.60467747954e-07
2.55982505198e-07
6.53655693756e-07
2.62943086628e-07
6.48286159595e-07
2.5850313232e-07
6.49815927852e-07
2.44806740754e-07
6.61096670347e-07
2.30687839638e-07
6.68875435674e-07
2.17568219442e-07
6.68109789487e-07
2.05748928647e-07
6.59671859365e-07
1.94937160706e-07
6.47205529664e-07
1.85268044198e-07
6.33691712435e-07
1.77189054656e-07
6.19545585825e-07
1.71474843973e-07
6.02989308718e-07
5.82942837477e-07
1.68464692021e-07
3.20950284719e-08
4.88649677186e-07
5.77534805045e-08
4.86691421533e-07
8.39117218749e-08
5.38155976135e-07
1.11628072135e-07
5.78848280462e-07
1.42284422142e-07
6.12888673712e-07
1.74174688073e-07
6.2999999682e-07
2.04602486745e-07
6.35081775128e-07
2.28024058945e-07
6.37235007782e-07
2.42350433388e-07
6.39512772002e-07
2.45663261152e-07
6.45117747812e-07
2.36468998959e-07
6.59124006709e-07
2.23240377821e-07
6.7444082928e-07
2.10221899867e-07
6.82027736504e-07
1.98300840688e-07
6.80167868743e-07
1.87517220904e-07
6.70608569886e-07
1.77657844544e-07
6.57227290113e-07
1.6876544317e-07
6.4275317318e-07
1.61292488491e-07
6.27202487289e-07
1.5558506976e-07
6.0888158829e-07
5.86732396448e-07
1.52003171591e-07
6.18625414602e-08
5.47356412777e-07
6.82646240366e-08
4.69240731671e-07
8.71529396505e-08
5.14046688204e-07
1.09064232727e-07
5.54843007063e-07
1.33886035844e-07
5.87379699625e-07
1.61724237889e-07
6.02055829893e-07
1.87599567263e-07
6.09309344767e-07
2.06849203423e-07
6.18139878998e-07
2.16480010391e-07
6.300229025e-07
2.13446805261e-07
6.48263269515e-07
2.02807135382e-07
6.69874694931e-07
1.91273361971e-07
6.86103277937e-07
1.80102111834e-07
6.93329924369e-07
1.69852628457e-07
6.90566306418e-07
1.60585614701e-07
6.80030869263e-07
1.52028053549e-07
6.65950212612e-07
1.44584101507e-07
6.50378902382e-07
1.3645810631e-07
6.35497393058e-07
1.30298839014e-07
6.15254757791e-07
5.90355958595e-07
1.26878542037e-07
1.29720923311e-07
5.69313870211e-07
1.08164510043e-07
4.75411871413e-07
1.06359390912e-07
5.10404571425e-07
1.10095978458e-07
5.49278056506e-07
1.20687075812e-07
5.76263392203e-07
1.38514602843e-07
5.841796934e-07
1.5704417525e-07
5.908788848e-07
1.70269728807e-07
6.0503699543e-07
1.73280040889e-07
6.27122319409e-07
1.67621264551e-07
6.54031807504e-07
1.59895052553e-07
6.77727449101e-07
1.51703554644e-07
6.94422864512e-07
1.43529954276e-07
7.01650041694e-07
1.35787797993e-07
6.98457796563e-07
1.28442398188e-07
6.8753894387e-07
1.20964237591e-07
6.73610353248e-07
1.12269321471e-07
6.59219570088e-07
1.06081461907e-07
6.41901453168e-07
1.02850214286e-07
6.18709117562e-07
5.92837218262e-07
1.00592489263e-07
1.67993590943e-07
5.56716524657e-07
1.35269764711e-07
4.9210971633e-07
1.16541038519e-07
5.24082718823e-07
1.0282912018e-07
5.61638064597e-07
9.79631947062e-08
5.80890448077e-07
1.02589589034e-07
5.79615909478e-07
1.1106456258e-07
5.82524586585e-07
1.18025631282e-07
5.98189471777e-07
1.19399733523e-07
6.25861047829e-07
1.18348865355e-07
6.55209460746e-07
1.16259207224e-07
6.79945436311e-07
1.13086960833e-07
6.97739969955e-07
1.09164512653e-07
7.05723433924e-07
1.02578774583e-07
7.05190409252e-07
9.1255738581e-08
6.99033668475e-07
7.81065978022e-08
6.86903014564e-07
6.93426174017e-08
6.68216552334e-07
6.99184213694e-08
6.41577192795e-07
7.36758050886e-08
6.15194390519e-07
5.90752351476e-07
7.59995893058e-08
1.69323783499e-07
5.45447863306e-07
1.34212204528e-07
5.13097139283e-07
1.0953841379e-07
5.45489337914e-07
8.97990668619e-08
5.8124999746e-07
7.68985662341e-08
5.94169487467e-07
7.08304517411e-08
5.85978828251e-07
7.0523307483e-08
5.83026638733e-07
7.33656603029e-08
5.95487064359e-07
7.8403441994e-08
6.209527174e-07
8.35560879313e-08
6.5018671247e-07
8.7305696354e-08
6.7633326925e-07
8.73941521733e-08
6.9780123225e-07
8.09471132909e-08
7.12294736137e-07
6.49764361906e-08
7.21326447265e-07
4.28891421424e-08
7.21310889251e-07
2.70481478985e-08
7.03023004379e-07
2.82477492208e-08
6.67307618599e-07
3.91052703176e-08
6.30983475054e-07
5.02320192859e-08
6.04314561165e-07
5.82946188841e-07
5.8290333987e-08
1.84530396327e-07
5.28814406602e-07
1.5801242565e-07
5.28549571678e-07
1.44937622517e-07
5.55256459881e-07
1.34282101808e-07
5.9101766748e-07
1.20310937552e-07
6.079661291e-07
1.03441004585e-07
6.02898935234e-07
8.91770310315e-08
5.97408035576e-07
8.04160113842e-08
6.04375160987e-07
7.77985681868e-08
6.23694933858e-07
7.75672683833e-08
6.50545331531e-07
7.54865827821e-08
6.7855591883e-07
6.66117001594e-08
7.06824595977e-07
4.66580315094e-08
7.32460173821e-07
2.06528855716e-08
7.47622585933e-07
2.82269351828e-09
7.39501630439e-07
3.48226496395e-09
7.02727442179e-07
1.48891067636e-08
6.56223446931e-07
2.91231385447e-08
6.17022734474e-07
4.26665720845e-08
5.91022474978e-07
5.72771045402e-07
5.31044455476e-08
2.94331081102e-07
3.94929976106e-07
2.83257096513e-07
5.10307396584e-07
2.70730473538e-07
5.51057278227e-07
2.67422054668e-07
5.86061132868e-07
2.56708118974e-07
6.14816697157e-07
2.28979791194e-07
6.28935297411e-07
1.92906627514e-07
6.32876343593e-07
1.57974533399e-07
6.39208970965e-07
1.27354878568e-07
6.54424827611e-07
9.9091718433e-08
6.79014108405e-07
7.03868901537e-08
7.07528984886e-07
4.29332270795e-08
7.34622344761e-07
1.78205735661e-08
7.57977620393e-07
6.27829559175e-09
7.59602068235e-07
1.17763721697e-08
7.3444512714e-07
2.36007326524e-08
6.91314654207e-07
3.48402924722e-08
6.45339610348e-07
4.5122446298e-08
6.07033755315e-07
5.44623356801e-08
5.81940129372e-07
5.65862065327e-07
6.16427081996e-08
1.7978899466e-07
3.16559971124e-07
2.03082566141e-07
4.57507402239e-07
2.23333125886e-07
5.13863206231e-07
2.43164542368e-07
5.57230653818e-07
2.57720826231e-07
5.9572517247e-07
2.56869277522e-07
6.27651550862e-07
2.35715332536e-07
6.53185598913e-07
1.9861605304e-07
6.76139442103e-07
1.52389120951e-07
7.00815686014e-07
1.04812128914e-07
7.26909323561e-07
6.25925539309e-08
7.50143431623e-07
3.25627107801e-08
7.65090406185e-07
2.45949795929e-08
7.66406633439e-07
3.52312548067e-08
7.49429930425e-07
5.03521247411e-08
7.19778691051e-07
6.22948338159e-08
6.79796929422e-07
6.98403814713e-08
6.38166693698e-07
7.44879695431e-08
6.02690922049e-07
7.71132199445e-08
5.7957832145e-07
5.64873861273e-07
7.83812969835e-08
1.03114205138e-07
2.79012605189e-07
1.18818047145e-07
4.2108297467e-07
1.36201934961e-07
4.84579535852e-07
1.54374209355e-07
5.32841834731e-07
1.69544825974e-07
5.77485812896e-07
1.75649960928e-07
6.20159512505e-07
1.68083324995e-07
6.6028210457e-07
1.4648398163e-07
6.97756686652e-07
1.15206894987e-07
7.32359586813e-07
8.34879671682e-08
7.59012946852e-07
6.10475282906e-08
7.73024872304e-07
5.23635359518e-08
7.74237737971e-07
6.18232456416e-08
7.57418792586e-07
7.74134148202e-08
7.34306488237e-07
9.08198621321e-08
7.06826552285e-07
9.94339171397e-08
6.71608087518e-07
1.03256818075e-07
6.34717028307e-07
1.03323808058e-07
6.02929094481e-07
1.00491434454e-07
5.82679528513e-07
5.69110615217e-07
9.65441168602e-08
7.89959789806e-08
2.68031604544e-07
8.00288506197e-08
4.03543267198e-07
8.71257795428e-08
4.68711792807e-07
9.60781173524e-08
5.1952371628e-07
1.03479706598e-07
5.68077828577e-07
1.0750606875e-07
6.15337679775e-07
1.05980703497e-07
6.61638388993e-07
9.79681170738e-08
7.05925404313e-07
8.56319003105e-08
7.45020601949e-07
7.57797050077e-08
7.69270938993e-07
7.27501599006e-08
7.76498200345e-07
7.79984624141e-08
7.69447919332e-07
9.76893458165e-08
7.38191100281e-07
1.11965736243e-07
7.20488647735e-07
1.22726647176e-07
6.96512545242e-07
1.28771890705e-07
6.65980668444e-07
1.30113125822e-07
6.33740770694e-07
1.27103035482e-07
6.06237435736e-07
1.20548857421e-07
5.89506939567e-07
5.76954009777e-07
1.13004589792e-07
6.97180269201e-08
2.67814446586e-07
6.43772450866e-08
3.94031276002e-07
6.70354193868e-08
4.58566020289e-07
7.15887799065e-08
5.11483679176e-07
7.28003067765e-08
5.65423003982e-07
7.17327673578e-08
6.15957683423e-07
6.88238851505e-08
6.64569141504e-07
6.49520431565e-08
7.10044889325e-07
6.31079428684e-08
7.47227589945e-07
6.67092447496e-08
7.6608686172e-07
7.77118574933e-08
7.65938367674e-07
1.07314916988e-07
7.40293537051e-07
1.22807068675e-07
7.231471955e-07
1.35431593117e-07
7.08306730021e-07
1.44594718488e-07
6.87778092129e-07
1.49455153865e-07
6.61516225731e-07
1.49603560394e-07
6.33932324647e-07
1.44506658016e-07
6.1161404966e-07
1.35752220667e-07
5.98535276099e-07
5.86776860883e-07
1.26233152542e-07
6.10951115494e-08
2.77417063902e-07
5.04121931322e-08
3.91160435123e-07
4.89960668197e-08
4.53985477635e-07
5.06626012254e-08
5.07373599751e-07
4.95679669931e-08
5.65647502761e-07
4.67717858351e-08
6.185960806e-07
4.4510298949e-08
6.66990316503e-07
4.54496011097e-08
7.09414264286e-07
5.40332723114e-08
7.3902782771e-07
7.17163398657e-08
7.48819876683e-07
1.06955308356e-07
7.31127756358e-07
1.27468733568e-07
7.2020690473e-07
1.41000469787e-07
7.1003916561e-07
1.51670547511e-07
6.98052468757e-07
1.59282210143e-07
6.80563941903e-07
1.62995712176e-07
6.58161827745e-07
1.61882563371e-07
6.35346942207e-07
1.54978959003e-07
6.18776439337e-07
1.45587095917e-07
6.08200448323e-07
5.97186571931e-07
1.35482843818e-07
5.00807969849e-08
2.99541958419e-07
2.64623022137e-08
4.0478472333e-07
1.76302680857e-08
4.60100357719e-07
1.47036257817e-08
5.09354660605e-07
1.5285858991e-08
5.64767150059e-07
1.92832368274e-08
6.14668491467e-07
2.6660138804e-08
6.59866566705e-07
4.04723940532e-08
6.95940058423e-07
6.8177942432e-08
7.11703295693e-07
1.06500882875e-07
7.10893118519e-07
1.28401225592e-07
7.09628379846e-07
1.4314093704e-07
7.05864943473e-07
1.53832567271e-07
6.9974069163e-07
1.62149325327e-07
6.90117893719e-07
1.6786361974e-07
6.75208057278e-07
1.69911831009e-07
6.5642844134e-07
1.66917938648e-07
6.38602956763e-07
1.58988408414e-07
6.26953071129e-07
1.5014630304e-07
6.17313889978e-07
6.06358910783e-07
1.41279680697e-07
-5.71101952648e-09
3.94730076697e-07
-2.04623649891e-08
4.2312737354e-07
-3.29726651915e-08
4.74122258447e-07
-3.50544350885e-08
5.11809806308e-07
-2.31744006545e-08
5.53038934917e-07
1.23585109645e-09
5.90479992938e-07
3.17136047691e-08
6.29681852594e-07
6.72319937048e-08
6.60754175772e-07
9.99471892913e-08
6.79348044845e-07
1.21591681596e-07
6.89616752677e-07
1.37896252894e-07
6.93693288664e-07
1.49618979074e-07
6.94508452607e-07
1.58186518179e-07
6.9153320583e-07
1.64720258742e-07
6.8392921352e-07
1.68813247988e-07
6.71430600919e-07
1.69097848088e-07
6.56414158815e-07
1.64177925366e-07
6.43756103597e-07
1.56889294263e-07
6.34483534963e-07
1.49693935509e-07
6.24779129581e-07
6.12179937197e-07
1.44171229125e-07
-4.34582570609e-08
5.2171563953e-07
-4.19542374962e-08
4.33665881135e-07
-4.16399745552e-08
4.77379592684e-07
-3.70404664112e-08
5.07927402645e-07
-1.93747956944e-08
5.35636157137e-07
7.50855385757e-09
5.63852229792e-07
3.83740651419e-08
5.99106385601e-07
6.88806117089e-08
6.30560075276e-07
9.5104285277e-08
6.53450398573e-07
1.1604942826e-07
6.69002556074e-07
1.3117717603e-07
6.78897696837e-07
1.42201950374e-07
6.83813426829e-07
1.50474221763e-07
6.83582776017e-07
1.56559381376e-07
6.78146790534e-07
1.59752408292e-07
6.68507226378e-07
1.58606823395e-07
6.57790426366e-07
1.53355926216e-07
6.4922535542e-07
1.48167811662e-07
6.3990857763e-07
1.44487613188e-07
6.28724276456e-07
6.13227012919e-07
1.43718387996e-07
1.70212853266e-08
5.78797436047e-07
-9.74608815787e-09
4.57379266467e-07
-2.02895685965e-08
4.89603084225e-07
-2.33898325118e-08
5.11613425702e-07
-1.12304462888e-08
5.23757688778e-07
9.83648258013e-09
5.4303366411e-07
3.44840821609e-08
5.74719695822e-07
5.89791798209e-08
6.06337806217e-07
8.03615876972e-08
6.32349342111e-07
9.75784652356e-08
6.52071950332e-07
1.11045569516e-07
6.65719378279e-07
1.21738376101e-07
6.73407134965e-07
1.30258715415e-07
6.75338861851e-07
1.36291506955e-07
6.72368814653e-07
1.38779391926e-07
6.6624361704e-07
1.37128967304e-07
6.59642898518e-07
1.3405551549e-07
6.52508519492e-07
1.32507677035e-07
6.4168642069e-07
1.34084266617e-07
6.27396122471e-07
6.08849977968e-07
1.3870723213e-07
8.79508172885e-08
6.11793031083e-07
3.89791788028e-08
4.94620137615e-07
1.22588307045e-08
5.14912624009e-07
-3.20855003087e-09
5.27181677251e-07
-6.65743850836e-10
5.21455757046e-07
9.97358742041e-09
5.32608681786e-07
2.43576099061e-08
5.60550271051e-07
3.98315310855e-08
5.91085731906e-07
5.4331334597e-08
6.18079254217e-07
6.70972128091e-08
6.3954205043e-07
7.82144771571e-08
6.54841321362e-07
8.80189545204e-08
6.63838694408e-07
9.62872492433e-08
6.67295153403e-07
1.02123765595e-07
6.6673794035e-07
1.04658065632e-07
6.63896814497e-07
1.04905494065e-07
6.59581182019e-07
1.06125607085e-07
6.51488402048e-07
1.09956511358e-07
6.38072146936e-07
1.1712537162e-07
6.20449592843e-07
6.00081139541e-07
1.26108298415e-07
1.49865790944e-07
6.06478678192e-07
8.47618586304e-08
5.41914549057e-07
3.85714776545e-08
5.57606879096e-07
9.06312509268e-09
5.56456405068e-07
1.4061564339e-10
5.30553671081e-07
-1.16036900636e-09
5.34086945565e-07
2.12846228651e-09
5.57431980457e-07
8.19843670163e-09
5.85188771225e-07
1.5579021796e-08
6.10878482145e-07
2.3588472305e-08
6.31718856692e-07
3.19323407671e-08
6.46686870388e-07
4.03297115612e-08
6.55627574167e-07
4.81818544201e-08
6.59620567747e-07
5.46459381918e-08
6.60442047569e-07
5.94658637459e-08
6.59242597614e-07
6.43599820693e-08
6.54861452477e-07
7.12680089826e-08
6.44767646967e-07
8.07863516063e-08
6.28750901055e-07
9.21829789705e-08
6.09251683835e-07
5.88327765522e-07
1.04138525686e-07
1.4739490005e-07
6.11136578553e-07
7.96066843474e-08
5.93482549178e-07
2.07519735393e-08
6.12931148199e-07
-1.36845730442e-08
5.90774832184e-07
-2.84804006212e-08
5.45584388381e-07
-3.59050420927e-08
5.41690621964e-07
-3.8516507819e-08
5.60201127136e-07
-3.75962001244e-08
5.84422026109e-07
-3.40646598683e-08
6.07503961018e-07
-2.85996487968e-08
6.26415555284e-07
-2.16847318831e-08
6.39936156183e-07
-1.38005716825e-08
6.4790568094e-07
-5.43034158251e-09
6.51407421528e-07
3.07081819266e-09
6.52094364889e-07
1.17921933314e-08
6.50678213965e-07
2.16865343143e-08
6.45132701861e-07
3.34513844502e-08
6.33177896792e-07
4.6763867646e-08
6.15621697761e-07
6.05850192143e-08
5.95621989358e-07
5.74302762796e-07
7.48121896766e-08
1.27973557486e-07
6.43820460509e-07
4.38416194669e-08
6.67119424532e-07
-2.49147118898e-08
6.81165203843e-07
-6.13481858322e-08
6.28341828763e-07
-8.14848449263e-08
5.66235080224e-07
-9.20486322798e-08
5.52501645872e-07
-9.57027827784e-08
5.64037176673e-07
-9.4201684477e-08
5.83088206023e-07
-8.93464537429e-08
6.02814927497e-07
-8.22784515374e-08
6.19515650708e-07
-7.35559715259e-08
6.31381783098e-07
-6.35303457561e-08
6.38045270231e-07
-5.25681493901e-08
6.40604387854e-07
-4.09401508671e-08
6.40620913381e-07
-2.86092089451e-08
6.38503869147e-07
-1.55011040926e-08
6.32188604528e-07
-1.46163031592e-09
6.19310863957e-07
1.30440357466e-08
6.01298254844e-07
2.74180032531e-08
5.8144061716e-07
5.6052223169e-07
4.14028845815e-08
1.61198565419e-07
6.59326537826e-07
2.95539460591e-08
7.92956846669e-07
-2.75347894296e-08
7.41225613151e-07
-6.4247360684e-08
6.67523788439e-07
-9.94126975132e-08
6.02522600678e-07
-1.24410675569e-07
5.7798249245e-07
-1.36717827368e-07
5.76589882542e-07
-1.37516416848e-07
5.84077368096e-07
-1.31579952557e-07
5.9705849925e-07
-1.22287097432e-07
6.10401315186e-07
-1.11046470975e-07
6.2031818857e-07
-9.82657934794e-08
6.25436561659e-07
-8.43367595049e-08
6.26839080878e-07
-6.99213898898e-08
6.26362897161e-07
-5.56121935404e-08
6.24353738238e-07
-4.15365897241e-08
6.18279307161e-07
-2.76432538152e-08
6.05592573862e-07
-1.42538662245e-08
5.88093137499e-07
-2.04059639113e-09
5.69422359274e-07
5.50421069069e-07
8.2661962874e-09
2.00931546469e-07
5.97641574124e-07
1.93090774505e-07
7.80770985929e-07
1.36087285398e-07
7.90218958451e-07
6.33114669706e-08
7.37891186847e-07
-7.88403484067e-09
6.73356081334e-07
-6.67385853139e-08
6.37079179772e-07
-1.06516318757e-07
6.16725844802e-07
-1.23454049493e-07
6.01282644081e-07
-1.26045013793e-07
5.99874811287e-07
-1.21200693825e-07
6.05766935538e-07
-1.12596238032e-07
6.11914476903e-07
-1.01580728025e-07
6.14610217913e-07
-8.8756532181e-08
6.1418858765e-07
-7.52843618047e-08
6.13052353751e-07
-6.24524336503e-08
6.11683498059e-07
-5.0569248004e-08
6.0656546625e-07
-3.96423028505e-08
5.94843069355e-07
-3.01041321464e-08
5.78742296547e-07
-2.27358473525e-08
5.62251533537e-07
5.46377908308e-07
-1.84833168658e-08
1.60299948465e-07
5.014512593e-07
2.13100053918e-07
7.02392966145e-07
2.45337128589e-07
7.42705500766e-07
2.27774748287e-07
7.4832318894e-07
1.54091951787e-07
7.44369410521e-07
5.17211119267e-08
7.38895832428e-07
-2.518890985e-08
6.93827351092e-07
-5.87930845614e-08
6.3522267463e-07
-7.30296355962e-08
6.14416563958e-07
-7.63423612822e-08
6.09349563159e-07
-7.40023163273e-08
6.09820241521e-07
-6.8773243454e-08
6.09602716906e-07
-6.18914679336e-08
6.07499521544e-07
-5.43154472472e-08
6.05643614466e-07
-4.72944900985e-08
6.0482641908e-07
-4.11149693756e-08
6.00557232005e-07
-3.5984340675e-08
5.8989304658e-07
-3.24764333689e-08
5.75424438042e-07
-3.14543930298e-08
5.61430380274e-07
5.49077818583e-07
-3.39428960144e-08
1.16859146592e-07
4.43074082524e-07
1.54406087838e-07
6.41438344377e-07
1.77732251356e-07
7.05761695892e-07
1.79297393348e-07
7.40196489189e-07
1.56739253246e-07
7.64346441864e-07
1.15994648515e-07
7.79006578484e-07
4.43782423334e-08
7.65617201345e-07
9.30689784328e-09
6.70650680916e-07
-6.51709187793e-09
6.30590124257e-07
-1.35639001416e-08
6.16708887489e-07
-1.62771860524e-08
6.12811813812e-07
-1.71939719032e-08
6.10763471026e-07
-1.75971484389e-08
6.08108117508e-07
-1.78295871962e-08
6.06046348911e-07
-1.83499603025e-08
6.05511177213e-07
-1.91941041469e-08
6.01574914702e-07
-2.0752082439e-08
5.91633224937e-07
-2.37743468562e-08
5.78639180944e-07
-2.90758175271e-08
5.66934106086e-07
5.58091865759e-07
-3.78769550109e-08
8.60313088331e-08
4.18627898848e-07
1.04944072211e-07
6.0288404348e-07
1.22233134432e-07
6.77255124772e-07
1.30019349411e-07
7.27022837992e-07
1.23412025222e-07
7.68855434068e-07
1.05085980982e-07
7.96832944198e-07
8.1863901153e-08
7.88999291497e-07
6.09447773732e-08
6.91914305758e-07
5.01328643103e-08
6.41753523534e-07
4.29299225962e-08
6.24230828506e-07
3.72893645176e-08
6.18734604467e-07
3.19650838144e-08
6.16332463717e-07
2.62759590315e-08
6.14001525514e-07
2.00981790925e-08
6.12392574302e-07
1.33950973789e-08
6.12379144648e-07
6.7103939132e-09
6.08432693138e-07
-4.31667558269e-10
5.98958968097e-07
-8.77065189406e-09
5.87171623505e-07
-1.91230145275e-08
5.77490689748e-07
5.73180180131e-07
-3.39921561924e-08
7.25416633398e-08
4.10008980986e-07
8.16098604745e-08
5.76390683369e-07
9.47389797506e-08
6.5445067513e-07
1.03776292797e-07
7.13488323626e-07
1.05455139331e-07
7.65487178122e-07
1.03360619454e-07
7.98568452727e-07
1.01478762781e-07
7.91061008266e-07
9.9358106139e-08
6.94371127454e-07
9.294587876e-08
6.48508131372e-07
8.60388724673e-08
6.31450136764e-07
7.89106499161e-08
6.26138791086e-07
7.13321256778e-08
6.24148261551e-07
6.27030119021e-08
6.22826099916e-07
5.24164319851e-08
6.22841102015e-07
4.16728113344e-08
6.23286399148e-07
3.10836325076e-08
6.1919625239e-07
2.01695472917e-08
6.10056554862e-07
8.37436246156e-09
5.99161377086e-07
-4.99989213449e-09
5.91071452521e-07
5.94714491979e-07
-2.62983437646e-08
6.02397001184e-08
4.15294838723e-07
5.58050290979e-08
5.66015657616e-07
6.62317177189e-08
6.37243012781e-07
7.70689974325e-08
6.99639287933e-07
8.36086537397e-08
7.57908201734e-07
9.08293617654e-08
7.91251171083e-07
1.13032662693e-07
7.69119515791e-07
1.21825707858e-07
6.85913705449e-07
1.20269959634e-07
6.50393147739e-07
1.15088321447e-07
6.36928713903e-07
1.08322207379e-07
6.33162393951e-07
1.00197901084e-07
6.32486014497e-07
8.9391686043e-08
6.33802945742e-07
7.61473813138e-08
6.36240103006e-07
6.32367612964e-08
6.363625819e-07
5.06293392428e-08
6.31976353499e-07
3.76790283737e-08
6.23190813829e-07
2.40495990491e-08
6.12985549613e-07
8.58603841304e-09
6.06739934548e-07
6.22435296597e-07
-1.88422367911e-08
3.63986512866e-08
4.48756758153e-07
1.8086797601e-08
5.78475307052e-07
2.48769092758e-08
6.27977890151e-07
3.71671020386e-08
6.85990004569e-07
4.94797374361e-08
7.45161931417e-07
7.09369861034e-08
7.69895743645e-07
1.23776026088e-07
7.16563454093e-07
1.35860868974e-07
6.74149380228e-07
1.37185846807e-07
6.49370512979e-07
1.33719626279e-07
6.40659110524e-07
1.27730970117e-07
6.39369334829e-07
1.18136651821e-07
6.42250655168e-07
1.04751076802e-07
6.47335596895e-07
9.03860057859e-08
6.50761361645e-07
7.67186290794e-08
6.50192588572e-07
6.34611044162e-08
6.45408910413e-07
4.99544739888e-08
6.36882306234e-07
3.57538581995e-08
6.2738245666e-07
1.71928853814e-08
6.25524206409e-07
6.53209673516e-07
-1.3216548841e-08
-5.29564124716e-08
5.97182418048e-07
-5.2306251625e-08
5.92644071346e-07
-2.97686277924e-08
6.09297490728e-07
4.27257576366e-09
6.5228548524e-07
4.81983777131e-08
7.01258983262e-07
1.09741160212e-07
7.08514942292e-07
1.37456171421e-07
6.89127616972e-07
1.48635450054e-07
6.63266045208e-07
1.49607628597e-07
6.48664509707e-07
1.45858642416e-07
6.44628223245e-07
1.38196926163e-07
6.47198739797e-07
1.25334462775e-07
6.55251470989e-07
1.10461571866e-07
6.623556601e-07
9.61056713401e-08
6.6527044818e-07
8.24699250566e-08
6.63994925794e-07
6.93257963694e-08
6.58728394499e-07
5.59906666496e-08
6.50404810524e-07
4.1787418897e-08
6.4178784223e-07
1.92772155522e-08
6.48284909389e-07
6.80030189257e-07
-7.12064059941e-09
-6.34182582447e-08
7.408464163e-07
-2.92623679804e-08
5.69674762912e-07
-1.04446236978e-09
5.84001553328e-07
3.45732736949e-08
6.17039910524e-07
8.08624366703e-08
6.55051088731e-07
1.2043508266e-07
6.69139836098e-07
1.46370802381e-07
6.6345611861e-07
1.56129805214e-07
6.537689657e-07
1.55929796827e-07
6.49089974106e-07
1.5044517623e-07
6.50286799188e-07
1.38551727774e-07
6.59224287058e-07
1.23377381032e-07
6.70563808075e-07
1.08496083254e-07
6.77379925389e-07
9.43849909346e-08
6.79538121362e-07
8.11575598099e-08
6.77386940326e-07
6.84366828049e-08
6.71625546434e-07
5.56055518385e-08
6.63424282526e-07
3.95907233573e-08
6.57996390225e-07
1.72215126132e-08
6.70965145504e-07
6.99880738141e-07
-2.18904919125e-09
3.81799646517e-08
7.58350172477e-07
3.5587468936e-08
5.63622406296e-07
4.42231051223e-08
5.73331734084e-07
6.38486238343e-08
5.9703449426e-07
9.45607279942e-08
6.24371671763e-07
1.26431009997e-07
6.37457334073e-07
1.47539966504e-07
6.4258395905e-07
1.55370034094e-07
6.46164560913e-07
1.53891279656e-07
6.50754750369e-07
1.44612022776e-07
6.59701811536e-07
1.29320866384e-07
6.74644276212e-07
1.13818151453e-07
6.86199746475e-07
9.90224919032e-08
6.92322319059e-07
8.53317671727e-08
6.93381917479e-07
7.26600027792e-08
6.90223126867e-07
6.0685284319e-08
6.83775072153e-07
4.79843062651e-08
6.76304838148e-07
2.92883630527e-08
6.7693184842e-07
1.27914142499e-08
6.87803046229e-07
7.13196136674e-07
-8.85030462436e-11
9.8839605359e-08
7.49024136518e-07
7.87367148657e-08
5.67002611306e-07
7.58753232268e-08
5.71739992577e-07
8.32103183493e-08
5.88727563158e-07
1.02098040366e-07
6.0540083665e-07
1.23854204721e-07
6.15847012216e-07
1.3895785147e-07
6.27674533646e-07
1.4406175499e-07
6.41241870986e-07
1.39550326607e-07
6.55408915747e-07
1.25932933312e-07
6.73439199302e-07
1.10188477879e-07
6.9051206642e-07
9.48202661252e-08
7.01706012097e-07
8.05000711894e-08
7.06785124725e-07
6.74295453495e-08
7.06607326146e-07
5.56012471683e-08
7.02215057541e-07
4.41842986795e-08
6.95361765645e-07
2.87271161447e-08
6.91969294179e-07
1.32077478133e-08
6.92720498653e-07
3.9441243974e-09
6.97404337272e-07
7.18769447015e-07
-1.20841815456e-09
1.61251244192e-07
7.19698151599e-07
1.26836309698e-07
5.79092890017e-07
1.06867868306e-07
5.85471317391e-07
9.64304660811e-08
5.97754354023e-07
9.99935538558e-08
6.0167289101e-07
1.09973633553e-07
6.05975665995e-07
1.17270964096e-07
6.20526605924e-07
1.17646482054e-07
6.40999828556e-07
1.08358095671e-07
6.64812033694e-07
9.40767418198e-08
6.87835889238e-07
7.93726201063e-08
7.05346146518e-07
6.51078253652e-08
7.16102519646e-07
5.18198790068e-08
7.20217816753e-07
3.98963320667e-08
7.18682745951e-07
2.85709330165e-08
7.13697653626e-07
1.46376102866e-08
7.09486239482e-07
3.37351563088e-10
7.0649981124e-07
-8.61203531745e-09
7.01944713693e-07
-1.10241143406e-08
7.00133074901e-07
7.15706539461e-07
-7.57204073102e-09
1.8091505375e-07
6.8458099661e-07
1.40606292014e-07
5.98338504875e-07
1.08165280185e-07
6.11701339434e-07
8.40360918016e-08
6.20551479812e-07
7.51332601285e-08
6.10459270766e-07
7.47846012074e-08
6.06429997411e-07
7.50029916941e-08
6.20428928743e-07
7.15767557731e-08
6.44533910463e-07
6.2339413267e-08
6.74159238674e-07
5.14558450144e-08
6.98842528378e-07
3.96649556131e-08
7.17260678172e-07
2.74964303053e-08
7.28407876983e-07
1.56564973932e-08
7.32205432667e-07
2.65218677617e-09
7.31833560144e-07
-1.18022527102e-08
7.28334832297e-07
-2.58723310971e-08
7.23766664496e-07
-3.25285290261e-08
7.1339712469e-07
-3.42476835154e-08
7.03921952999e-07
-3.07324646515e-08
6.96895579884e-07
7.05729688487e-07
-2.04119886274e-08
1.6435960755e-07
6.73001040344e-07
1.20635895481e-07
6.25376788684e-07
8.02798397806e-08
6.47511486231e-07
5.02003290158e-08
6.49964796346e-07
3.46150154418e-08
6.26147990931e-07
2.80068908582e-08
6.1320084945e-07
2.50001893725e-08
6.23568801243e-07
2.19056418247e-08
6.47740491982e-07
1.78875259676e-08
6.78297219432e-07
1.15593238735e-08
7.05293996741e-07
1.93745685729e-09
7.27012712315e-07
-1.16080029166e-08
7.42098026534e-07
-2.83644760649e-08
7.49097490411e-07
-4.67058066155e-08
7.50354815816e-07
-6.1496674098e-08
7.43332343544e-07
-6.51057665379e-08
7.27611169457e-07
-6.19962194953e-08
7.10517146485e-07
-5.55034794708e-08
6.97657367428e-07
-4.74380772791e-08
6.89068752784e-07
6.91955455453e-07
-3.33705462151e-08
1.60440715052e-07
6.76012193349e-07
1.09878161961e-07
6.64650473107e-07
7.15564920352e-08
6.82700790241e-07
4.72502945113e-08
6.73522287589e-07
2.96228943946e-08
6.43686577451e-07
1.69139079216e-08
6.25991242949e-07
9.25129378017e-09
6.31341280913e-07
4.00542891103e-09
6.53094495412e-07
-4.66095421115e-10
6.82881441079e-07
-8.58849899421e-09
7.13533043132e-07
-2.50243565428e-08
7.43585594701e-07
-4.96025666063e-08
7.66820633825e-07
-7.66144288767e-08
7.76305368483e-07
-9.51214514065e-08
7.69089384061e-07
-9.74768267399e-08
7.45933608226e-07
-8.75407443952e-08
7.17906826689e-07
-7.39135539896e-08
6.97104468983e-07
-6.02370545899e-08
6.84185616986e-07
-4.7677843367e-08
6.76722238865e-07
6.76933557679e-07
-3.24068012103e-08
2.210348953e-07
1.60572145741e-07
1.32654359931e-07
1.21194675381e-07
1.05100416498e-07
8.44493484578e-08
6.39266276491e-08
4.43610380057e-08
2.5137490955e-08
2.10102081889e-09
-2.8891979127e-08
-6.4290022314e-08
-8.79534968743e-08
-9.29362441186e-08
-8.39367417934e-08
-6.91093934282e-08
-5.15666930031e-08
-3.4020965856e-08
-1.89251781956e-08
-4.68668735715e-09
1.68423000874e-07
5.32552361018e-07
1.73332296302e-07
4.6165778054e-07
1.86768246607e-07
4.09875116369e-07
1.9795555652e-07
3.64055076912e-07
2.04871163626e-07
3.10267562745e-07
2.10842918464e-07
2.54776622826e-07
2.16817211022e-07
2.01348634819e-07
2.22001568429e-07
1.5188159336e-07
2.25753077463e-07
1.06732546995e-07
2.27673696694e-07
6.65979126884e-08
2.27675904678e-07
3.16253774408e-08
2.26432151684e-07
5.76093997955e-10
2.20176018811e-07
-2.0302003253e-08
2.03140580626e-07
-1.51751748845e-08
7.10800947995e-08
1.20064711186e-07
4.51843658849e-08
1.37053753049e-07
2.43938763949e-08
1.36468511783e-07
9.64503242082e-09
1.04944311124e-07
5.05535817285e-09
-9.38517128378e-08
-9.49357784325e-08
1.50962149647e-07
5.33788448922e-07
1.52319258907e-07
4.60505048037e-07
1.61993020005e-07
4.00433272962e-07
1.76196413175e-07
3.50137334519e-07
1.86690945339e-07
3.0007850549e-07
1.93553711525e-07
2.48214106626e-07
1.97951222049e-07
1.97239479578e-07
2.00669561699e-07
1.4943797569e-07
2.01674670155e-07
1.05992244915e-07
2.00401987093e-07
6.81189156761e-08
1.97230075754e-07
3.50385394858e-08
1.93992514549e-07
4.03556700594e-09
1.87370747257e-07
-1.3460169492e-08
1.73087784401e-07
-5.73131483402e-10
1.30008361712e-07
1.63500249394e-07
8.1839797861e-08
1.85560643178e-07
4.44919531707e-08
1.74140363294e-07
1.15539845443e-08
1.38189038601e-07
5.8227763459e-09
-8.79456208791e-08
-8.91062730319e-08
1.25220620956e-07
5.35656466592e-07
1.24315169454e-07
4.6161001306e-07
1.28621185552e-07
3.96339476998e-07
1.39735768843e-07
3.39263634646e-07
1.52695759056e-07
2.87386814129e-07
1.63566427133e-07
2.37625031325e-07
1.70507411837e-07
1.90580339202e-07
1.72665049779e-07
1.47556443512e-07
1.70709091604e-07
1.08210850258e-07
1.65961435437e-07
7.31215356005e-08
1.59405911538e-07
4.1834484323e-08
1.53294467466e-07
1.03628014263e-08
1.45836688649e-07
-5.78014859771e-09
1.33015877551e-07
1.25714579234e-08
9.68605824908e-08
2.00010807569e-07
6.52606699208e-08
2.17500939781e-07
3.70345666669e-08
2.02689556269e-07
1.23882303194e-08
1.63143707513e-07
5.70769180698e-09
-8.10968392175e-08
-8.33933486202e-08
9.85415186832e-08
5.37922158712e-07
9.72265804572e-08
4.63134980619e-07
9.79021307621e-08
3.95868457035e-07
1.03269748662e-07
3.34101063557e-07
1.12503189845e-07
2.78368253679e-07
1.22851991307e-07
2.27503354145e-07
1.32044468559e-07
1.81625867537e-07
1.37492392691e-07
1.42358065264e-07
1.35772976323e-07
1.10189617691e-07
1.28085763709e-07
8.10596550456e-08
1.19173145646e-07
5.09830581241e-08
1.10562508751e-07
1.91712001105e-08
1.02600935226e-07
2.38426348156e-09
9.07745670493e-08
2.47328590481e-08
6.08430942999e-08
2.30299652801e-07
3.51140503549e-08
2.43569273268e-07
2.35384963837e-08
2.14589647687e-07
1.29239491147e-08
1.74065722755e-07
5.58841674409e-09
-7.36025632821e-08
-7.78008406553e-08
7.6616060523e-08
5.37539732084e-07
7.66861068066e-08
4.63285056545e-07
7.71604567044e-08
3.95600839533e-07
7.9103684794e-08
3.32345635612e-07
8.29844206401e-08
2.74663830085e-07
8.79100743651e-08
2.22752119311e-07
9.33904604083e-08
1.76325018618e-07
9.82691920211e-08
1.37674423588e-07
9.87716594128e-08
1.09911737989e-07
9.08107816853e-08
8.92677055646e-08
8.11194258621e-08
6.09018226441e-08
7.13125837135e-08
2.91591246792e-08
6.31425357017e-08
1.07434619856e-08
5.31458758729e-08
3.50585648198e-08
-1.46197888927e-09
2.8526422198e-07
-5.26892379033e-08
2.95137994532e-07
-9.2946340944e-08
2.5517114602e-07
1.35551340952e-08
6.78724371541e-08
5.70098065868e-09
-6.55964185079e-08
-7.20966727432e-08
6.28442082815e-08
5.33237487332e-07
6.5038262866e-08
4.61328044424e-07
6.66631677745e-08
3.94191780817e-07
6.82347626487e-08
3.30961607154e-07
6.93726300313e-08
2.73690038507e-07
6.94755106649e-08
2.22804361107e-07
6.90147442637e-08
1.76935981388e-07
6.84043959837e-08
1.38437608533e-07
6.65133157387e-08
1.11982445695e-07
5.90411938144e-08
9.69651699814e-08
4.91015275034e-08
7.10489702757e-08
3.89702999519e-08
3.94459065994e-08
3.06342284866e-08
1.92375790619e-08
2.2976076505e-08
4.30436992188e-08
-2.10597155566e-09
3.1070575475e-07
-1.50034577608e-08
3.08376899204e-07
-2.51393400474e-08
2.65632133313e-07
1.1905286113e-08
3.11171754754e-08
5.24215303063e-09
-5.87922519784e-08
-6.68519846738e-08
5.92820096023e-08
5.27329949004e-07
6.23993908597e-08
4.58469254229e-07
6.41417335163e-08
3.92682109155e-07
6.52309853518e-08
3.30063813038e-07
6.47922733597e-08
2.74291357091e-07
6.25012080981e-08
2.25250264257e-07
5.84671249302e-08
1.81117813481e-07
5.27439043623e-08
1.44302760635e-07
4.53500452278e-08
1.19532998104e-07
3.63647326474e-08
1.06155792609e-07
2.55415932213e-08
8.20579815529e-08
1.41626709545e-08
5.09530138134e-08
5.11596839185e-09
2.84166632465e-08
-2.46972344329e-09
5.09374140249e-08
-5.10978148319e-08
3.59692704749e-07
-8.47613896464e-08
3.42383894913e-07
-3.00045461435e-09
1.84195954096e-07
1.16313963387e-08
1.67538990421e-08
5.04202907782e-09
-5.20694342604e-08
-6.18078199923e-08
6.56130339635e-08
5.23646559895e-07
6.74369340469e-08
4.56922856809e-07
6.7942698823e-08
3.92422696702e-07
6.7034026037e-08
3.31167320409e-07
6.43788886006e-08
2.7710948538e-07
6.00752089947e-08
2.29709276489e-07
5.38849061061e-08
1.87456593701e-07
4.50438425973e-08
1.53286728848e-07
3.35367494656e-08
1.31196179434e-07
2.27034213983e-08
1.17179191926e-07
1.07774941691e-08
9.41443561345e-08
-3.0748246534e-09
6.49110928706e-08
-1.35930118573e-08
3.90432241002e-08
-2.11097081095e-08
5.87545399116e-08
-4.79431393303e-08
3.86886953816e-07
-7.06962766626e-08
3.65478394246e-07
4.63896534346e-09
1.09174060269e-07
1.13043663015e-08
1.03385247949e-08
4.85935104834e-09
-4.54969675045e-08
-5.69465498432e-08
7.82960203631e-08
5.24033186877e-07
7.72335498925e-08
4.58273783986e-07
7.51719078041e-08
3.94734540794e-07
7.17145410834e-08
3.3482000563e-07
6.65812725674e-08
2.82406725981e-07
6.00656563265e-08
2.36381759424e-07
5.1648569457e-08
1.9602344094e-07
4.01130617392e-08
1.64968430802e-07
2.63486268903e-08
1.4512161446e-07
1.3878771885e-08
1.29820062666e-07
3.1090695804e-10
1.07841586988e-07
-1.50707544361e-08
8.04026982302e-08
-2.72527895412e-08
5.13309859361e-08
-3.81324796776e-08
6.9915136838e-08
-6.37251629973e-08
4.12839543635e-07
-2.08464901723e-08
3.22941815463e-07
7.60536337631e-09
8.10165170177e-08
1.12841149446e-08
6.89376182287e-09
4.99570561058e-09
-3.90860441073e-08
-5.19490279224e-08
9.26867102367e-08
5.28200227658e-07
8.83665264603e-08
4.62885949789e-07
8.3547693727e-08
3.9980349627e-07
7.77618787197e-08
3.40798725875e-07
7.03810633875e-08
2.89952977859e-07
6.17463206005e-08
2.45174293215e-07
5.09061408364e-08
2.07014256216e-07
3.66414318921e-08
1.79386519108e-07
2.09779686264e-08
1.60947707576e-07
6.59792834029e-09
1.44350307874e-07
-9.52971958021e-09
1.24084317981e-07
-2.5123223905e-08
9.61009518833e-08
-3.84074835736e-08
6.471284401e-08
-5.41660630193e-08
8.59621638872e-08
-1.23739790422e-07
4.82777295931e-07
-6.02038724336e-09
2.05557661431e-07
9.06562752828e-09
6.62059988202e-08
1.11175953373e-08
5.05788621161e-09
5.14266653459e-09
-3.29966854792e-08
-4.6804697361e-08
1.05867312339e-07
5.3564947803e-07
9.89251076955e-08
4.7012057392e-07
9.2189347771e-08
4.06783774757e-07
8.44863298421e-08
3.48688633242e-07
7.522530905e-08
2.99379890688e-07
6.45097727208e-08
2.56048160134e-07
5.0826245748e-08
2.20851654953e-07
3.43435639599e-08
1.96030744137e-07
1.6543531097e-08
1.78908502526e-07
-9.23325850541e-10
1.61944416688e-07
-1.96117383785e-08
1.42881550259e-07
-3.64617887965e-08
1.13058953655e-07
-5.11785692756e-08
7.95369093361e-08
-7.62129290348e-08
1.11283567417e-07
-3.66505354051e-08
4.43576503388e-07
2.63668039236e-09
1.66588636344e-07
1.16925780382e-08
5.74062110428e-08
1.1923728278e-08
5.02228204183e-09
5.86345156891e-09
-2.68324534793e-08
-4.09396679354e-08
1.16928720274e-07
5.45267502475e-07
1.08810597159e-07
4.78526894212e-07
1.01188200858e-07
4.14638247132e-07
9.20578227918e-08
3.5799928981e-07
8.14621531259e-08
3.10142425568e-07
6.878339778e-08
2.68886905075e-07
5.25251739374e-08
2.37270476358e-07
3.40345460351e-08
2.14683936847e-07
1.45008235079e-08
1.98596795793e-07
-6.21072455874e-09
1.82775262559e-07
-2.66634096754e-08
1.63451340434e-07
-4.55492827714e-08
1.32054038638e-07
-6.25825419049e-08
9.66686030813e-08
-9.26752888596e-08
1.41673325389e-07
-1.52136018498e-08
3.66478141244e-07
8.78362190012e-09
1.4289068907e-07
1.42595932047e-08
5.21643111698e-08
1.26457680816e-08
6.80713830275e-09
6.62594312536e-09
-2.07238268576e-08
-3.43124529232e-08
1.26134688267e-07
5.5492808952e-07
1.185379446e-07
4.8640016646e-07
1.11005256732e-07
4.22385370532e-07
1.01334694898e-07
3.67846300829e-07
9.02310177585e-08
3.21413400959e-07
7.63598344049e-08
2.82920686792e-07
5.90698299735e-08
2.54727018225e-07
3.92271469656e-08
2.34689282747e-07
1.90236181212e-08
2.18945028485e-07
-2.83634314255e-09
2.04754781108e-07
-2.38610982974e-08
1.84585038963e-07
-4.37640802486e-08
1.52061127185e-07
-6.26772813372e-08
1.15686234641e-07
-9.45954018964e-08
1.73879153237e-07
-1.3943792533e-08
2.86172900676e-07
6.60156911055e-09
1.22614730903e-07
1.24185038587e-08
4.6548210602e-08
1.07555223927e-08
8.60984247746e-09
6.20080327066e-09
-1.6101178697e-08
-2.81109307627e-08
1.34069524983e-07
5.62442002575e-07
1.28434183486e-07
4.92290297839e-07
1.21627775793e-07
4.29388425753e-07
1.12734974958e-07
3.76914987745e-07
1.02030207064e-07
3.32286672438e-07
8.81198441697e-08
2.96997281925e-07
7.0993587605e-08
2.72020613347e-07
5.16336256948e-08
2.54209573329e-07
3.18921703764e-08
2.38819670386e-07
1.13349842664e-08
2.25428273944e-07
-8.35304788315e-09
2.04387519977e-07
-2.76120721427e-08
1.71427807997e-07
-5.40233133049e-08
1.42198979185e-07
-8.9236034752e-08
2.09385443733e-07
-2.38051508089e-08
2.21060423376e-07
-4.35795626996e-10
9.94832951477e-08
7.25905279252e-09
3.9019657272e-08
7.00897008684e-09
8.97099443546e-09
4.59503291777e-09
-1.36385067561e-08
-2.35155841128e-08
1.40729731912e-07
5.66166392988e-07
1.37802508795e-07
4.95443427205e-07
1.32506129167e-07
4.34871121202e-07
1.25749842301e-07
3.83847531624e-07
1.16529729479e-07
3.41677255293e-07
1.0372573855e-07
3.09969239823e-07
8.79629673702e-08
2.87948791535e-07
7.0968206191e-08
2.71356453936e-07
5.25550747739e-08
2.57357514033e-07
3.49271867875e-08
2.43176377894e-07
1.84110988533e-08
2.21010655106e-07
-1.18690743611e-09
1.91128150531e-07
-5.46814825532e-08
1.95863227381e-07
-8.470259646e-08
2.39708236235e-07
-3.20379472674e-08
1.68670297357e-07
-8.31243441086e-09
7.5952472241e-08
9.35798227479e-10
2.98996952338e-08
2.72448589656e-09
7.26931655767e-09
2.1520811629e-09
-1.30308863076e-08
-2.13633367108e-08
1.44885040133e-07
5.65248715068e-07
1.44689286417e-07
4.958405407e-07
1.42662134831e-07
4.37082873681e-07
1.39171305107e-07
3.8751532049e-07
1.32442599276e-07
3.48577437474e-07
1.21849950424e-07
3.20729000307e-07
1.08541288116e-07
3.01415543243e-07
9.38826842943e-08
2.8615374187e-07
7.82451365542e-08
2.73122909131e-07
6.31351876103e-08
2.5840220118e-07
3.93126005465e-08
2.44941596238e-07
-7.94932707968e-09
2.38529699451e-07
-8.49664595985e-08
2.73165857208e-07
-8.15271556691e-08
2.36566010505e-07
-3.81398088856e-08
1.25508456718e-07
-1.69133473419e-08
5.48716527876e-08
-5.84162080831e-09
1.89205546387e-08
-1.71923340597e-09
3.21791649812e-09
-6.05696940274e-10
-1.41145321704e-08
-2.19688715557e-08
1.4379134024e-07
5.60380202848e-07
1.47289836573e-07
4.92535738574e-07
1.50077440882e-07
4.34480012433e-07
1.50650458134e-07
3.87119359904e-07
1.47197088232e-07
3.52201108945e-07
1.39389683362e-07
3.2869762009e-07
1.28689786371e-07
3.12263781287e-07
1.14387861393e-07
3.00589673017e-07
9.46090733139e-08
2.93025661915e-07
6.3934364427e-08
2.89205217959e-07
9.192148673e-09
2.99880818315e-07
-8.39693004141e-08
3.31991432539e-07
-1.06145987069e-07
2.95667412718e-07
-6.88706734734e-08
1.99565352609e-07
-3.54110641124e-08
9.22313474984e-08
-1.90295247525e-08
3.859897367e-08
-8.89736438557e-09
8.85462444181e-09
-3.46724233186e-09
-2.14874626367e-09
-2.04448595717e-09
-1.55054319473e-08
-2.40130760277e-08
1.3471799829e-07
5.51973592976e-07
1.43150968526e-07
4.84296265174e-07
1.50525237271e-07
4.2729111222e-07
1.54436546583e-07
3.83385168784e-07
1.53046973778e-07
3.53759958882e-07
1.44447380022e-07
3.37459426368e-07
1.2696904528e-07
3.2989865554e-07
9.93862394316e-08
3.28344944473e-07
5.66178720941e-08
3.36012936944e-07
-8.73964859233e-09
3.54871574066e-07
-8.26201647882e-08
3.74135011089e-07
-1.12981527646e-07
3.62734568459e-07
-8.92837626543e-08
2.72300100186e-07
-4.34091369646e-08
1.53936763355e-07
-2.23303578621e-08
7.1302323089e-08
-1.21953309729e-08
2.85487934154e-08
-5.87005645009e-09
2.5786758841e-09
-1.78799203416e-09
-6.17279666331e-09
-1.58358096646e-09
-1.56674233288e-08
-2.55959250927e-08
1.16517399975e-07
5.39797277275e-07
1.28656970314e-07
4.72351591155e-07
1.38279364708e-07
4.17855140752e-07
1.41578005159e-07
3.80265688161e-07
1.31114505872e-07
3.64397504258e-07
1.04249371437e-07
3.64518601083e-07
6.19194064425e-08
3.72486959519e-07
2.70310260768e-09
3.87906716213e-07
-6.30896684855e-08
4.02219288345e-07
-1.05966063954e-07
3.98169378486e-07
-1.10840117554e-07
3.7941464744e-07
-9.1628506418e-08
3.43910021623e-07
-4.73278931033e-08
2.28322393662e-07
-1.40665679986e-08
1.20890099708e-07
-4.0080483881e-09
6.13639808251e-08
-4.86039183491e-10
2.50916183114e-08
1.27979894931e-09
8.48444976841e-10
1.68374807559e-09
-6.52152872242e-09
8.97131406136e-11
-1.40171957979e-08
-2.55047988624e-08
8.91427261196e-08
5.25671243204e-07
1.01790612779e-07
4.59899602421e-07
1.09033348889e-07
4.10800683231e-07
9.85649256832e-08
3.90923720323e-07
5.80405561163e-08
4.05174162636e-07
-5.31028491986e-09
4.28235617198e-07
-7.22261211332e-08
4.39840171146e-07
-1.19599743715e-07
4.35738175134e-07
-1.34347168676e-07
4.17411013963e-07
-1.28622556604e-07
3.92868097644e-07
-1.08176804084e-07
3.59373226901e-07
-5.94649544356e-08
2.95578438039e-07
-1.2042225865e-08
1.81188540671e-07
5.50415215217e-09
1.03514226946e-07
8.80177124149e-09
5.81543871641e-08
8.1163699801e-09
2.58217438982e-08
6.89947165906e-09
2.08753413307e-09
4.33062189095e-09
-3.89726228549e-09
1.4457663145e-09
-1.10653314942e-08
-2.40569450627e-08
5.38436380506e-08
5.13435753957e-07
6.21997793172e-08
4.51741061923e-07
5.50710536202e-08
4.18129594063e-07
9.30577182182e-09
4.36985929537e-07
-7.46763937779e-08
4.89617721593e-07
-1.4092598468e-07
4.94977158738e-07
-1.68502391382e-07
4.67899001037e-07
-1.69018836458e-07
4.36719687008e-07
-1.54877348323e-07
4.03711372626e-07
-1.27774022851e-07
3.66187733831e-07
-8.20290642904e-08
3.14027583234e-07
-2.31007859938e-08
2.36996501957e-07
8.87153359409e-09
1.49446756605e-07
1.66511733371e-08
9.58558137249e-08
1.58262599151e-08
5.90366169632e-08
1.29436088565e-08
2.8730664934e-08
1.00553838794e-08
4.98563509323e-09
5.95258363157e-09
2.64698478507e-10
2.19038640603e-09
-7.22884759791e-09
-2.18639702216e-08
1.51489614935e-08
5.06760868299e-07
1.26086385356e-08
4.54485706264e-07
-2.31906592145e-08
4.54221306185e-07
-1.07837347883e-07
5.22132418303e-07
-1.71315572044e-07
5.53635595673e-07
-2.02744141186e-07
5.26917439884e-07
-1.99431732925e-07
4.65062788044e-07
-1.75488707792e-07
4.13228624895e-07
-1.39957874277e-07
3.68611941978e-07
-9.4806366462e-08
3.214416699e-07
-4.20049150699e-08
2.61587684231e-07
2.18249057233e-09
1.93088018155e-07
1.89536799404e-08
1.32837976556e-07
2.11745378636e-08
9.3710503723e-08
1.85326781615e-08
6.17093193325e-08
1.50203442118e-08
3.22539355371e-08
1.15834322417e-08
8.42477538316e-09
7.53284795789e-09
4.37843176447e-09
2.38794742016e-09
-2.00408093365e-09
-1.94727603309e-08
-1.9430935769e-08
5.07919593553e-07
-3.85656336195e-08
4.73869937038e-07
-9.68906122309e-08
5.13009130211e-07
-1.54705590494e-07
5.80517272532e-07
-1.85101556297e-07
5.84576918554e-07
-1.95496732356e-07
5.37823161625e-07
-1.78366959871e-07
4.48375731858e-07
-1.45527954763e-07
3.80787930017e-07
-1.04343588903e-07
3.27799519938e-07
-5.82946862969e-08
2.75734363355e-07
-1.6476038568e-08
2.2005176e-07
1.04622372124e-08
1.66342639529e-07
1.95967999239e-08
1.23800112591e-07
1.97795256299e-08
9.35646023359e-08
1.72732704834e-08
6.42262949253e-08
1.46009412984e-08
3.49283439562e-08
1.21516353443e-08
1.08742288013e-08
1.01457092561e-08
6.44733156377e-09
2.03302565671e-09
6.20214398332e-09
-1.74344084299e-08
-4.43835573106e-08
5.185804918e-07
-7.75598141422e-08
5.07396061645e-07
-1.20278723949e-07
5.56285878844e-07
-1.37008749303e-07
5.9782355039e-07
-1.44604790201e-07
5.92723415842e-07
-1.38864967793e-07
5.3258253638e-07
-1.23833484107e-07
4.33739718667e-07
-1.00840115829e-07
3.58115282686e-07
-7.16571013544e-08
2.98897841412e-07
-3.81422067501e-08
2.42464635856e-07
-9.37138202015e-09
1.9146762222e-07
8.27365487908e-09
1.48805842591e-07
1.36571023792e-08
1.18458146701e-07
1.33610570569e-08
9.38707400917e-08
1.21460960011e-08
6.54426635597e-08
1.1180459059e-08
3.58940873978e-08
1.0396254262e-08
1.16584962613e-08
1.13319831371e-08
5.56630249101e-09
1.08560854508e-09
1.65745220922e-08
-1.63384056026e-08
-5.8322263423e-08
5.39283122984e-07
-9.39558593361e-08
5.43482305798e-07
-1.08265870729e-07
5.71161971566e-07
-9.94597232174e-08
5.89592858372e-07
-8.29305772248e-08
5.76743334895e-07
-6.88067026555e-08
5.18943126763e-07
-6.23081929354e-08
4.27617062988e-07
-5.42352130173e-08
3.50330305175e-07
-4.21639313055e-08
2.87060183687e-07
-2.3765382443e-08
2.24239487204e-07
-5.56348455078e-09
1.73372115438e-07
4.54085393851e-09
1.38743985064e-07
6.31499200467e-09
1.16692773657e-07
6.00958448569e-09
9.41770281854e-08
6.45073692826e-09
6.50015633448e-08
6.93121084489e-09
3.54136659152e-08
7.0064783613e-09
1.15832506803e-08
9.27069911666e-09
3.34382796018e-09
-1.65797059682e-10
2.61688040401e-08
-1.64888710191e-08
-6.30906022408e-08
5.68700660578e-07
-8.96138799291e-08
5.70507991541e-07
-8.92900016763e-08
5.71390309061e-07
-6.58194377044e-08
5.6667061833e-07
-3.62939314809e-08
5.47740763424e-07
-1.76892944743e-08
5.00805311051e-07
-1.51959641563e-08
4.2550370289e-07
-1.64132597475e-08
3.51841708763e-07
-1.40341101488e-08
2.84917750319e-07
-5.87167678575e-09
2.16226391096e-07
2.46974470112e-09
1.65089581965e-07
4.29950248138e-09
1.3692373397e-07
2.73661168291e-09
1.18256195574e-07
2.79731983193e-09
9.41163646567e-08
4.46944316678e-09
6.3329469333e-08
5.55963866256e-09
3.43234875431e-08
5.55337580637e-09
1.15895742548e-08
6.78662803481e-09
2.14228642068e-09
-1.27633811911e-09
3.44144804358e-08
-1.77502122704e-08
-6.03952131944e-08
6.03196601266e-07
-7.78864656478e-08
5.88504689731e-07
-7.12524579166e-08
5.65272833259e-07
-4.65087833106e-08
5.42431067651e-07
-1.67920855933e-08
5.18507938525e-07
3.10358229265e-09
4.81357722146e-07
6.24651322483e-09
4.22749123287e-07
1.37418188696e-09
3.57030661919e-07
3.46012373231e-09
2.83083467214e-07
8.49737013249e-09
2.1132574942e-07
9.7961794356e-09
1.63823374458e-07
5.95941674412e-09
1.40761825123e-07
2.90790369128e-09
1.21307736171e-07
3.81585387184e-09
9.32084537749e-08
6.46924273919e-09
6.06760986747e-08
7.97935441646e-09
3.28134284445e-08
7.67947011384e-09
1.18894742853e-08
3.42823747393e-09
6.42130772302e-09
-1.73550743815e-09
3.97840845923e-08
-1.94757037917e-08
-5.00947882171e-08
6.34917043542e-07
-6.40383487678e-08
6.02947338182e-07
-6.10104206996e-08
5.62723589429e-07
-4.26082687095e-08
5.24490145099e-07
-1.90668760932e-08
4.95416278571e-07
-9.52705484882e-10
4.63674837368e-07
4.80884349784e-09
4.17383585365e-07
3.9960670758e-09
3.58189358265e-07
1.04768826428e-08
2.76856680909e-07
1.5400654131e-08
2.06514022985e-07
1.24641171094e-08
1.66774588026e-07
6.42120636815e-09
1.46804914653e-07
3.831120774e-09
1.23897843974e-07
6.60770722537e-09
9.04318977032e-08
1.10294598313e-08
5.62543754735e-08
1.39462941794e-08
2.98966039137e-08
1.46416833587e-08
1.11941597557e-08
-3.25897629291e-09
2.43837881427e-08
-2.16605084317e-09
3.89043032821e-08
-2.1637908021e-08
-3.78083536023e-08
6.60002031054e-07
-5.17663492654e-08
6.17394257949e-07
-5.64905286163e-08
5.67910260857e-07
-4.85640072082e-08
5.1699440626e-07
-3.27449829178e-08
4.80020379381e-07
-1.79880451208e-08
4.49334732626e-07
-9.20021613478e-09
4.08991582243e-07
6.23859954867e-11
3.49277522999e-07
1.20076479807e-08
2.65142298499e-07
1.60102517976e-08
2.02580452135e-07
9.94790486028e-09
1.72840917854e-07
3.46042321495e-09
1.53292454057e-07
2.45829466625e-09
1.2489999193e-07
7.24180574503e-09
8.56484210947e-08
1.31367129425e-08
5.03594860294e-08
1.6967551754e-08
2.60658254185e-08
1.57528268746e-08
1.24097709048e-08
-8.4095569492e-09
4.87319217715e-08
-1.59796074355e-09
3.23112899178e-08
-2.32346995954e-08
-2.77400104426e-08
6.81116217414e-07
-4.32640329553e-08
6.3340239692e-07
-5.32015541669e-08
5.78308257115e-07
-5.55571465538e-08
5.19767782105e-07
-4.86030197633e-08
4.73465894055e-07
-3.70781453487e-08
4.38210567964e-07
-2.3526323029e-08
3.9582794715e-07
-3.42635911086e-09
3.29505958584e-07
1.17892504747e-08
2.50088402745e-07
1.17922988279e-08
2.02603408147e-07
3.68844841542e-09
1.80945327438e-07
-2.36189945541e-09
1.59342845771e-07
-1.51956399561e-09
1.24057676689e-07
4.58458741898e-09
7.95442943868e-08
1.05216336964e-08
4.44224743515e-08
1.37843934359e-08
2.28030696289e-08
-3.36982225069e-09
2.95951365197e-08
-1.50573746299e-08
6.06414237892e-08
-8.78748066067e-10
1.83290031437e-08
-2.41128543343e-08
-2.03035432826e-08
6.99722081914e-07
-3.61052801271e-08
6.49684388097e-07
-4.78115303605e-08
5.90469403938e-07
-5.80458799028e-08
5.3041660607e-07
-5.89894331598e-08
4.74796383051e-07
-4.92881954534e-08
4.28887672821e-07
-2.80924101475e-08
3.74986246285e-07
-1.80199332087e-09
3.03464841211e-07
9.96261403842e-09
2.38396014243e-07
5.50182635849e-09
2.07069050759e-07
-2.77516327885e-09
1.89222374374e-07
-7.12479991366e-09
1.63692526302e-07
-3.35759298611e-09
1.20290487999e-07
4.7116823024e-09
7.14750581147e-08
1.17906027232e-08
3.73435736184e-08
1.51913505321e-08
1.94026694023e-08
-1.27891725268e-08
5.77241699203e-08
-1.56540354213e-08
6.37271405416e-08
-1.19261889549e-09
4.01642205793e-09
-2.53049661303e-08
-1.42112549995e-08
7.14330511616e-07
-2.81946345093e-08
6.6414499076e-07
-3.96033119481e-08
6.02332321502e-07
-5.17086502847e-08
5.42951284792e-07
-5.769038891e-08
4.81162658937e-07
-4.76030285601e-08
4.19149896017e-07
-2.18878954457e-08
3.49549821037e-07
1.87470204955e-09
2.79832177252e-07
5.43512541264e-09
2.34852318786e-07
-1.18024771283e-09
2.13684910651e-07
-8.76007344624e-09
1.96802231104e-07
-1.14600317883e-08
1.66392517353e-07
-5.8526224979e-09
1.14683102106e-07
2.32111499552e-09
6.33013493272e-08
8.80017846908e-09
3.08645483473e-08
-2.50496640703e-10
2.84696889299e-08
-1.51725537286e-08
7.28869263153e-08
-1.22951085871e-08
6.10776875328e-08
-1.91605824591e-09
-6.2522267115e-09
-2.72205601515e-08
-8.878880895e-09
7.22477946532e-07
-1.90990078029e-08
6.74838616104e-07
-2.8180969124e-08
6.11865409609e-07
-3.64886475259e-08
5.51687285033e-07
-4.45171980066e-08
4.89579730859e-07
-3.30425950781e-08
4.079859918e-07
-9.1125935258e-09
3.25790230721e-07
3.27004159129e-09
2.67488736213e-07
9.76422237725e-10
2.37148040987e-07
-5.63567358318e-09
2.20297161135e-07
-1.20144511369e-08
2.03181038607e-07
-1.29128622593e-08
1.67290961146e-07
-6.0568707516e-09
1.0782713573e-07
1.91333682834e-09
5.53311809723e-08
8.75475799089e-09
2.40231708612e-08
-1.70151105419e-08
5.43502300306e-08
-1.60357587141e-08
7.21328125826e-08
-8.98227922854e-09
5.4237085832e-08
-1.76023864068e-09
-1.33917436078e-08
-2.89803829178e-08
-5.51312134576e-09
7.20878644179e-07
-9.29273708819e-09
6.79082064589e-07
-1.40078068165e-08
6.17020134386e-07
-1.815513746e-08
5.56251752646e-07
-2.21876150378e-08
4.94006332415e-07
-1.1543646568e-08
3.97604225568e-07
1.8696736914e-09
3.12452954377e-07
3.73555538739e-09
2.6563038443e-07
-3.76838037556e-10
2.41260990915e-07
-6.29701955297e-09
2.26217480974e-07
-1.16622597279e-08
2.08546316187e-07
-1.14953823151e-08
1.67124112372e-07
-5.37962816851e-09
1.01711421152e-07
6.69686482482e-10
4.92819018811e-08
3.33813003815e-09
2.13566062741e-08
-2.1136970036e-08
7.90344973157e-08
-1.83875984668e-08
6.96114102622e-08
-6.75906438251e-09
4.28306288211e-08
-1.20524392289e-09
-1.8879947795e-08
-3.01852037575e-08
-6.73230526419e-09
7.07629639728e-07
-1.01126548545e-09
6.73813033986e-07
-5.48267056506e-10
6.16988607663e-07
-4.64305707281e-10
5.56577283663e-07
1.98427141672e-09
4.91944759051e-07
7.83043730446e-09
3.91986665187e-07
9.80206669051e-09
3.10523044457e-07
7.29999182743e-09
2.68135823305e-07
3.04139069798e-09
2.45520057482e-07
-2.16233591781e-09
2.3142134951e-07
-6.89455380066e-09
2.1327858093e-07
-6.904508158e-09
1.67134117408e-07
-4.20281915613e-09
9.90097806528e-08
-2.31232332688e-09
4.73914642746e-08
-1.35445989308e-08
3.26103849821e-08
-2.08774890001e-08
8.66159338285e-08
-1.77144132269e-08
6.66830582616e-08
-4.34305552136e-09
2.96675112442e-08
-5.50759188479e-10
-2.26246762532e-08
-3.07355497299e-08
-1.11893414455e-08
6.85833988083e-07
5.38154761194e-09
6.57673719716e-07
1.20430446678e-08
6.10750574948e-07
1.67953587291e-08
5.52228898772e-07
2.40634795521e-08
4.85051908618e-07
2.56808949812e-08
3.90588737283e-07
2.21564146607e-08
3.14089215169e-07
1.87053499076e-08
2.71590322116e-07
1.49688945559e-08
2.4925699885e-07
1.08176075091e-08
2.35572795412e-07
7.34994633897e-09
2.16746306971e-07
7.84908582411e-09
1.66635049241e-07
9.07739958708e-09
9.77815307567e-08
9.42136212736e-09
4.70475787473e-08
-1.78507095002e-08
5.99637206772e-08
-1.88148074305e-08
8.78064446476e-08
-1.34961078979e-08
6.1575842514e-08
-2.40450297376e-09
1.87464423498e-08
-1.96478136122e-10
-2.47993328673e-08
-3.09316330885e-08
-8.81221220099e-09
6.62565584306e-07
1.50123207018e-08
6.34242525333e-07
2.91995235914e-08
5.96972146344e-07
4.01381879848e-08
5.41679245839e-07
5.10851651228e-08
5.15057184089e-08
4.53923172163e-08
4.11407279573e-08
3.72900405389e-08
3.28588901211e-08
2.91287129278e-08
2.955284625e-08
3.06931834454e-08
2.59633268108e-08
-1.34912991948e-08
-1.41834509719e-08
-5.65165147965e-09
2.33916377241e-10
5.02455262814e-10
1.48333926641e-08
3.92278847719e-08
5.96706921466e-08
)
;

boundaryField
{
    emptyPatch
    {
        type            empty;
        value           nonuniform List<scalar> 0();
    }
    minY
    {
        type            calculated;
        value           nonuniform List<scalar> 0();
    }
    maxY
    {
        type            calculated;
        value           nonuniform List<scalar> 0();
    }
    maxX
    {
        type            calculated;
        value           uniform 0;
    }
    water_to_heater
    {
        type            calculated;
        value           uniform 0;
    }
    procBoundary1to0
    {
        type            processor;
        value           nonuniform List<scalar> 
41
(
6.29902998767e-07
7.00558105139e-07
6.9668258459e-07
6.79170527999e-07
6.57695872097e-07
6.46039271283e-07
6.51771754888e-07
6.72731233085e-07
7.02236279974e-07
7.36743766349e-07
7.74795920163e-07
8.02487552539e-07
8.00265364992e-07
7.74372578475e-07
7.37209561203e-07
7.03317645337e-07
6.79771941997e-07
6.66835927173e-07
6.61823499518e-07
6.62914960854e-07
4.74455175315e-07
3.90386008774e-07
3.20256148877e-07
2.75847328184e-07
2.53108391945e-07
2.40004167187e-07
2.20476570013e-07
1.66211024646e-07
9.66412702057e-08
5.17783430489e-08
9.9567104617e-08
8.87288687148e-08
5.32686103623e-08
1.30155283777e-08
-2.50389399351e-08
-3.04287783813e-08
6.43314869047e-07
6.1018559829e-07
5.76902623728e-07
7.63370067608e-08
5.25368199396e-07
)
;
    }
    procBoundary1to3
    {
        type            processor;
        value           nonuniform List<scalar> 
41
(
-6.87411310465e-07
-6.71037888503e-07
-6.55060095879e-07
-6.45242221205e-07
-6.47280199584e-07
-6.54632918671e-07
-6.5484895696e-07
-6.47706292081e-07
-6.36234071663e-07
-6.23851159347e-07
-6.11288602603e-07
-5.97080626137e-07
-5.79730685219e-07
-4.67728318178e-07
-5.22255852566e-07
-5.69950492491e-07
-6.08800022178e-07
-6.44263495494e-07
-6.61996534304e-07
-2.11203369138e-07
-6.65386447378e-07
-5.32302320096e-07
-4.66378668783e-07
-4.23045049695e-07
-3.74927366112e-07
-3.16869759932e-07
-2.60448934065e-07
-2.07038724779e-07
-1.56791394996e-07
-1.10223605392e-07
-6.8266362287e-08
-3.13894983907e-08
8.93868708274e-10
2.67759046539e-08
3.24854209283e-08
1.23503135736e-08
-1.10817094087e-07
-1.15354277711e-07
-8.98877007738e-08
9.86313219166e-08
1.00000259667e-07
)
;
    }
}


// ************************************************************************* //
