/*--------------------------------*- C++ -*----------------------------------*\
| =========                 |                                                 |
| \\      /  F ield         | OpenFOAM: The Open Source CFD Toolbox           |
|  \\    /   O peration     | Version:  2312                                  |
|   \\  /    A nd           | Website:  www.openfoam.com                      |
|    \\/     M anipulation  |                                                 |
\*---------------------------------------------------------------------------*/
FoamFile
{
    version     2.0;
    format      ascii;
    arch        "LSB;label=32;scalar=64";
    class       surfaceScalarField;
    location    "0.025/water";
    object      phi;
}
// * * * * * * * * * * * * * * * * * * * * * * * * * * * * * * * * * * * * * //

dimensions      [0 3 -1 0 0 0 0];

oriented        oriented;

internalField   nonuniform List<scalar> 
2929
(
1.76146942948e-07
3.60646813472e-07
1.65072369264e-07
2.51278446938e-07
1.60755890288e-07
2.57167203841e-07
1.59694549852e-07
2.76931793643e-07
1.66925805185e-07
2.99566250021e-07
1.85031375028e-07
3.38738021587e-07
1.94024109778e-07
3.87895660701e-07
1.90562097403e-07
3.94853254036e-07
1.83222675978e-07
3.70316266943e-07
1.76833684633e-07
3.51865459345e-07
1.71686486638e-07
3.50599209236e-07
1.66477101705e-07
3.61096255739e-07
1.60851555682e-07
3.74897518499e-07
1.5478358255e-07
3.89733914038e-07
1.48285530192e-07
4.05350685751e-07
1.41362120281e-07
4.21822216382e-07
1.34008956358e-07
4.39191604293e-07
1.26216891496e-07
4.57581670081e-07
1.17983302513e-07
4.77189874161e-07
4.98034453056e-07
1.09317102318e-07
1.71681881847e-07
3.67580312114e-07
1.59325599959e-07
2.53219659156e-07
1.54353591042e-07
2.59111784847e-07
1.5230939099e-07
2.78705893937e-07
1.53947127949e-07
2.98780393604e-07
1.64844823698e-07
3.2953684007e-07
1.77000926175e-07
3.78303755131e-07
1.78249234317e-07
3.96216553342e-07
1.72893967201e-07
3.77637996154e-07
1.66980984487e-07
3.58790851157e-07
1.62112866402e-07
3.55974770247e-07
1.57248316001e-07
3.66339931983e-07
1.52025059123e-07
3.80457956958e-07
1.46403786617e-07
3.95659589356e-07
1.40391563337e-07
4.11633205592e-07
1.33990909915e-07
4.28458525679e-07
1.27191919535e-07
4.4619112354e-07
1.19976640064e-07
4.64962778545e-07
1.12332091363e-07
4.8496787263e-07
5.06212243354e-07
1.04256731978e-07
1.6701778236e-07
3.79434843938e-07
1.53911911993e-07
2.55829613465e-07
1.48499534214e-07
2.6139488e-07
1.46215830527e-07
2.80726666498e-07
1.45456751034e-07
3.00317741694e-07
1.506132469e-07
3.25848065822e-07
1.61120966076e-07
3.70100014803e-07
1.65009456237e-07
3.9480423695e-07
1.62355960221e-07
3.82256994468e-07
1.57838450922e-07
3.64343486424e-07
1.53360341704e-07
3.60949252783e-07
1.487676779e-07
3.71293172081e-07
1.43863761934e-07
3.85682159177e-07
1.38610685985e-07
4.01202538734e-07
1.33003192481e-07
4.17498390789e-07
1.27037484339e-07
4.34648793233e-07
1.20700268599e-07
4.52719223858e-07
1.13969911343e-07
4.71850921765e-07
1.0682880771e-07
4.92235972263e-07
5.13868977194e-07
9.92694331189e-08
1.60967319994e-07
3.98042366537e-07
1.47418066104e-07
2.58841378579e-07
1.41832769292e-07
2.63835244896e-07
1.39259651705e-07
2.82894869346e-07
1.38265325582e-07
3.02059317328e-07
1.40201304097e-07
3.2522550489e-07
1.46902042036e-07
3.65473852527e-07
1.51593225849e-07
3.92420582772e-07
1.51322237548e-07
3.84405018425e-07
1.4840615767e-07
3.68257035622e-07
1.44577687486e-07
3.65251995558e-07
1.40385660815e-07
3.75825656651e-07
1.35875503417e-07
3.90494848819e-07
1.31037298333e-07
4.06315327314e-07
1.25859230871e-07
4.22921079162e-07
1.20331642951e-07
4.40389738754e-07
1.14440334007e-07
4.5879193886e-07
1.08164959764e-07
4.7827632824e-07
1.01489349557e-07
4.99032401187e-07
5.21045753077e-07
9.44050592899e-08
1.51865440543e-07
4.26589921097e-07
1.38129871012e-07
2.6206948001e-07
1.3245472631e-07
2.66279129391e-07
1.29995474355e-07
2.84934041164e-07
1.29152667339e-07
3.03563755354e-07
1.29770993082e-07
3.25838867748e-07
1.33730642993e-07
3.63409051746e-07
1.38782205523e-07
3.89483756374e-07
1.40504641576e-07
3.84418779446e-07
1.39059681112e-07
3.70631351426e-07
1.35911278936e-07
3.68842729441e-07
1.32139013629e-07
3.79916200591e-07
1.28040390914e-07
3.94877214992e-07
1.23636976707e-07
4.10977052394e-07
1.18907404608e-07
4.27881401642e-07
1.13830841282e-07
4.45668025919e-07
1.08389253976e-07
4.64405383401e-07
1.02562894714e-07
4.84245123774e-07
9.63377041527e-08
5.05372463011e-07
5.2776541976e-07
8.97058778052e-08
1.3618410013e-07
4.75004993139e-07
1.23582790745e-07
2.64128819412e-07
1.18330762392e-07
2.68052333808e-07
1.16473116931e-07
2.8616902725e-07
1.16287588989e-07
3.04306644733e-07
1.16521182455e-07
3.26685076854e-07
1.19547653974e-07
3.62081350559e-07
1.254760414e-07
3.85428863791e-07
1.29399356581e-07
3.82018263067e-07
1.29740533988e-07
3.71105370584e-07
1.27361752945e-07
3.71620423801e-07
1.24063247723e-07
3.83509230059e-07
1.20414397144e-07
3.98790769356e-07
1.16471121474e-07
4.15162119788e-07
1.12204870568e-07
4.32364266742e-07
1.07586556937e-07
4.50476310387e-07
1.02595840556e-07
4.6955845753e-07
9.72131114844e-08
4.89762844413e-07
9.14255302288e-08
5.11269159637e-07
5.34047988336e-07
8.52263777383e-08
1.08397477375e-07
5.50883618124e-07
1.00304966998e-07
2.62409203567e-07
9.72832973542e-08
2.67393388222e-07
9.74824221947e-08
2.85254521901e-07
9.89357001245e-08
3.0323996365e-07
9.99219348917e-08
3.26678814524e-07
1.04269621802e-07
3.59244813642e-07
1.12182497206e-07
3.79141521177e-07
1.18344802097e-07
3.77126772317e-07
1.20402341457e-07
3.69720825187e-07
1.18900084434e-07
3.73473168825e-07
1.16225141469e-07
3.86456216908e-07
1.13128047082e-07
4.02135329141e-07
1.09697031877e-07
4.18819868617e-07
1.0590894438e-07
4.36355963168e-07
1.0174197976e-07
4.54822365111e-07
9.71836183623e-08
4.74270301134e-07
9.22190929518e-08
4.94855338524e-07
8.6839102346e-08
5.16752810785e-07
5.39926237054e-07
8.10400982483e-08
8.01018781296e-08
6.49114212602e-07
7.56853067255e-08
2.57760595512e-07
7.58763170161e-08
2.6383706152e-07
7.85371262628e-08
2.81872492638e-07
8.17883973466e-08
3.0037352897e-07
8.43493702016e-08
3.25060161983e-07
9.14214669922e-08
3.53554213293e-07
1.01507461469e-07
3.7047298717e-07
1.09290439761e-07
3.70384160601e-07
1.12233778835e-07
3.67318054025e-07
1.11370827376e-07
3.74645101329e-07
1.09283504378e-07
3.88798143154e-07
1.06704850687e-07
4.04948178244e-07
1.03730625037e-07
4.22008900196e-07
1.0034894801e-07
4.39930756686e-07
9.655547679e-08
4.58785968936e-07
9.23515134277e-08
4.78620218973e-07
8.77308618666e-08
4.99597821319e-07
8.26905790216e-08
5.218918686e-07
5.45460620225e-07
7.72316261145e-08
7.5963147735e-08
7.42779977893e-07
6.63526684792e-08
2.6094558516e-07
6.71405994481e-08
2.60322729393e-07
7.00959483644e-08
2.78437529557e-07
7.33018426773e-08
2.97609594864e-07
7.69228842044e-08
3.22434707826e-07
8.54387075921e-08
3.46330182593e-07
9.62717988108e-08
3.60884793704e-07
1.04270219885e-07
3.63232373763e-07
1.06838414829e-07
3.65189095105e-07
1.06015464198e-07
3.75749929938e-07
1.04146545304e-07
3.90911206865e-07
1.01795303682e-07
4.07525189533e-07
9.90324010211e-08
4.24978445597e-07
9.58509602114e-08
4.43297853536e-07
9.2258714052e-08
4.62541735859e-07
8.82640429976e-08
4.82755044574e-07
8.3865064753e-08
5.04113724169e-07
7.90628333975e-08
5.26788816249e-07
5.50735665846e-07
7.38599061058e-08
1.09817065878e-07
7.84929322446e-07
8.26689679065e-08
2.83758618682e-07
7.88549989194e-08
2.62442046329e-07
7.80013582633e-08
2.7912350292e-07
7.81542159714e-08
2.98097058404e-07
8.07090796594e-08
3.20982369356e-07
8.79065756928e-08
3.40388066329e-07
9.73528537171e-08
3.52532937636e-07
1.03615302348e-07
3.57657787248e-07
1.04648815182e-07
3.64529983677e-07
1.03183676473e-07
3.77484974879e-07
1.01010905415e-07
3.93324466728e-07
9.84819736853e-08
4.10275783547e-07
9.56155002362e-08
4.28046641792e-07
9.23935175096e-08
4.46700574549e-07
8.88175553058e-08
4.66276547342e-07
8.48872745108e-08
4.86821157855e-07
8.05946936738e-08
5.08519449758e-07
7.5937463554e-08
5.31537509055e-07
5.55828718854e-07
7.09137574507e-08
1.50282550191e-07
7.74294730124e-07
1.05617756036e-07
3.19689121444e-07
9.62027117186e-08
2.70887350168e-07
9.07769170034e-08
2.84798408181e-07
8.74759466746e-08
3.0226422704e-07
8.85884411874e-08
3.21073073436e-07
9.40758802575e-08
3.36106444432e-07
1.00992848359e-07
3.46543835167e-07
1.04433222003e-07
3.54774049652e-07
1.03714270159e-07
3.65586104214e-07
1.01453565711e-07
3.80012780052e-07
9.88067128049e-08
3.96211825849e-07
9.59532275754e-08
4.13348983005e-07
9.28674392414e-08
4.31330886749e-07
8.95187218127e-08
4.50226367444e-07
8.58936189791e-08
4.70056749575e-07
8.19759747326e-08
4.90871047145e-07
7.77471450874e-08
5.12858257678e-07
7.31969087591e-08
5.36176441377e-07
5.60776264253e-07
6.83163372202e-08
1.72336337055e-07
7.38993074614e-07
1.20720759167e-07
3.55914519708e-07
1.06262058577e-07
2.84366241009e-07
9.84587514834e-08
2.93058917731e-07
9.39634832659e-08
3.0775575834e-07
9.464666453e-08
3.21548816724e-07
9.87078084298e-08
3.33070817022e-07
1.02728790047e-07
3.43250132101e-07
1.03632052372e-07
3.54320780022e-07
1.0187031697e-07
3.67659620955e-07
9.92453343784e-08
3.82901300305e-07
9.63897610946e-08
3.99306025851e-07
9.33842647112e-08
4.16571158904e-07
9.01974479729e-08
4.34712526499e-07
8.68031064386e-08
4.5379400243e-07
8.31827233466e-08
4.73828460469e-07
7.93130081322e-08
4.94869493935e-07
7.5169878654e-08
5.17108329948e-07
7.07366852617e-08
5.40695735532e-07
5.65578831386e-07
6.59989349797e-08
1.86395273664e-07
6.92578882764e-07
1.35851356367e-07
3.85987020086e-07
1.15309983207e-07
3.03038261294e-07
1.05455958683e-07
3.03335203066e-07
1.0056357294e-07
3.13609329039e-07
9.97647417982e-08
3.23352132009e-07
1.0095127084e-07
3.32708104623e-07
1.01910849215e-07
3.42870428691e-07
1.01188738187e-07
3.55425861395e-07
9.91175032089e-08
3.70020970838e-07
9.65337167384e-08
3.85739524699e-07
9.37338110622e-08
4.02338134219e-07
9.07611899628e-08
4.19754936722e-07
8.76053845477e-08
4.38058381255e-07
8.4254807105e-08
4.57313646328e-07
8.06960526225e-08
4.77534703911e-07
7.69091064597e-08
4.98781767029e-07
7.28714412721e-08
5.21250050815e-07
6.85637639144e-08
5.45087094553e-07
5.70237535365e-07
6.39679301624e-08
1.92386273201e-07
6.45046875894e-07
1.48964321401e-07
4.0760108368e-07
1.24985102561e-07
3.24031526537e-07
1.13207561781e-07
3.15382619075e-07
1.07249634003e-07
3.20464278471e-07
1.03961701866e-07
3.27565071649e-07
1.01939545329e-07
3.35481513222e-07
1.0050369268e-07
3.4482807139e-07
9.88092081915e-08
3.57468712092e-07
9.65771446688e-08
3.72525171127e-07
9.40386867344e-08
3.88520977409e-07
9.13085673301e-08
4.05291979747e-07
8.8405074545e-08
4.22863038289e-07
8.53224658499e-08
4.4132589345e-07
8.20501683261e-08
4.60750831502e-07
7.85746435319e-08
4.81154217201e-07
7.48790763019e-08
5.0259972141e-07
7.09445045149e-08
5.25286240303e-07
6.67514921564e-08
5.49361762241e-07
5.74769732304e-07
6.22805608683e-08
1.92199850597e-07
6.02226455492e-07
1.55957239488e-07
4.23157124392e-07
1.30750656675e-07
3.45663279938e-07
1.17032753989e-07
3.29253151275e-07
1.09167711192e-07
3.29192036785e-07
1.04057353961e-07
3.33574997771e-07
1.00601440067e-07
3.39667007134e-07
9.82629444126e-08
3.47666607014e-07
9.62475510977e-08
3.59812693042e-07
9.40400764507e-08
3.74991215397e-07
9.16216322776e-08
3.91172513705e-07
8.9030462096e-08
4.08099161671e-07
8.62685813773e-08
4.2582336215e-07
8.33248009182e-08
4.44449585541e-07
8.01839040025e-08
4.64052550687e-07
7.6829863492e-08
4.84648951309e-07
7.32473647525e-08
5.06301953507e-07
6.94215050308e-08
5.2921157756e-07
6.53353286434e-08
5.53527867928e-07
5.79193545183e-07
6.09714610934e-08
1.93598547447e-07
5.60855914605e-07
1.63874379877e-07
4.32477338914e-07
1.37178105221e-07
3.67939855035e-07
1.20129308275e-07
3.46235364074e-07
1.09282521432e-07
3.40869547417e-07
1.02299433675e-07
3.41452190825e-07
9.77553094992e-08
3.44932310825e-07
9.50702553986e-08
3.5083758299e-07
9.31717163238e-08
3.62027084965e-07
9.12477048536e-08
3.77163766262e-07
8.9132605869e-08
3.93512501899e-07
8.68251683972e-08
4.10615642217e-07
8.4317849366e-08
4.28523158273e-07
8.15977283501e-08
4.47344533343e-07
7.86494278606e-08
4.67157387795e-07
7.54574281529e-08
4.87978107468e-07
7.20103257924e-08
5.09865944409e-07
6.83001929501e-08
5.33018932309e-07
6.43151498429e-08
5.57591077178e-07
5.83525503474e-07
6.00418442213e-08
1.88206014355e-07
5.27261686268e-07
1.65900072771e-07
4.34817741187e-07
1.41886081972e-07
3.86792732176e-07
1.23112313084e-07
3.64656986692e-07
1.09669834607e-07
3.55111205161e-07
1.00970065895e-07
3.51070804909e-07
9.52638138858e-08
3.51380795847e-07
9.20602810853e-08
3.54528782181e-07
9.03690741257e-08
3.64025785641e-07
8.88818539522e-08
3.78890729001e-07
8.71724042168e-08
3.95438932426e-07
8.51988808487e-08
4.12791226554e-07
8.29600796631e-08
4.30948347047e-07
8.04561169919e-08
4.50018066151e-07
7.76806779094e-08
4.70084926052e-07
7.4624198309e-08
4.91168182802e-07
7.12827041538e-08
5.1332159462e-07
6.76566675245e-08
5.36740100773e-07
6.37387402088e-08
5.61585594533e-07
5.8780282184e-07
5.9518987686e-08
1.77700822228e-07
5.06424759856e-07
1.61180070915e-07
4.32117378349e-07
1.44454785889e-07
3.97934137987e-07
1.27843855876e-07
3.80641775611e-07
1.1353723269e-07
3.70177230986e-07
1.03326510627e-07
3.62242344587e-07
9.63519619863e-08
3.59148731274e-07
9.20150810988e-08
3.59382128295e-07
8.99166099455e-08
3.66434600509e-07
8.84961431882e-08
3.80544572008e-07
8.69206795243e-08
3.97224164263e-07
8.50501329147e-08
4.14857410105e-07
8.2874812464e-08
4.33304576875e-07
8.04057161401e-08
4.52652064219e-07
7.76465109666e-08
4.72992333016e-07
7.45939917358e-08
4.94351216131e-07
7.12487545583e-08
5.16778639785e-07
6.76148158495e-08
5.40467365142e-07
6.36855272888e-08
5.65590148634e-07
5.92093544426e-07
5.94515436208e-08
1.68161831309e-07
4.97041089427e-07
1.53942639845e-07
4.27806397928e-07
1.44912445311e-07
4.01206408461e-07
1.33983358688e-07
3.90735550844e-07
1.21328100628e-07
3.83535099535e-07
1.101684135e-07
3.74397662728e-07
1.02032891261e-07
3.68139965691e-07
9.61648817177e-08
3.65817086096e-07
9.28894976918e-08
3.70036662552e-07
9.08705377314e-08
3.82794056041e-07
8.89195127409e-08
3.99378429844e-07
8.67531550387e-08
4.17213217978e-07
8.43230695253e-08
4.35910442554e-07
8.16303462887e-08
4.55505471781e-07
7.8676390502e-08
4.7609101509e-07
7.54551687409e-08
4.97700178192e-07
7.19635245919e-08
5.20379929627e-07
6.82028461621e-08
5.44319663471e-07
6.41643559985e-08
5.69702656922e-07
5.96477695932e-07
5.98361927876e-08
1.62116984695e-07
4.95271765266e-07
1.48184582034e-07
4.24513557277e-07
1.42317568369e-07
4.01729603536e-07
1.36130191556e-07
3.9610472615e-07
1.26885196326e-07
3.93459809511e-07
1.16778595391e-07
3.8552031113e-07
1.08547166647e-07
3.77278161751e-07
1.01843820494e-07
3.73141312905e-07
9.74737021779e-08
3.74757972302e-07
9.46963222272e-08
3.85801692946e-07
9.2192154385e-08
4.02079474805e-07
8.95635245819e-08
4.20024734964e-07
8.67341450509e-08
4.38910069425e-07
8.36942620639e-08
4.58701524216e-07
8.04390625609e-08
4.79487255891e-07
7.6955654281e-08
5.01308413212e-07
7.32339774875e-08
5.24209023171e-07
6.92714163416e-08
5.48372129708e-07
6.5057951072e-08
5.73988895787e-07
6.01011977396e-07
6.05788973268e-08
1.62611792976e-07
4.92998597977e-07
1.49037373725e-07
4.21060808465e-07
1.42190055768e-07
4.03343984109e-07
1.36593940037e-07
4.00901793787e-07
1.29356907459e-07
4.01357565839e-07
1.20951169441e-07
3.94941105604e-07
1.13435847433e-07
3.85727516146e-07
1.06776093016e-07
3.8046443062e-07
1.01813659114e-07
3.80097392455e-07
9.84570012658e-08
3.89389967592e-07
9.55029422709e-08
4.05224350162e-07
9.24817894777e-08
4.23222164313e-07
8.93024059933e-08
4.42253922832e-07
8.59499047285e-08
4.62205333657e-07
8.24166033543e-08
4.83157536162e-07
7.86848640438e-08
5.05161738644e-07
7.47388577968e-08
5.2826001166e-07
7.05724162282e-08
5.52626679756e-07
6.61753936383e-08
5.78457415966e-07
6.05710184439e-07
6.15316290304e-08
1.61475611123e-07
4.91779457329e-07
1.47269682355e-07
4.18063899972e-07
1.40274572125e-07
4.05015894858e-07
1.34754331436e-07
4.05583182165e-07
1.28660931758e-07
4.0808140018e-07
1.21976563312e-07
4.0262256675e-07
1.15697164439e-07
3.92945073003e-07
1.09817346394e-07
3.87032439605e-07
1.04905693861e-07
3.85407497898e-07
1.01317440836e-07
3.93211883013e-07
9.81457403671e-08
4.08581253397e-07
9.49169167836e-08
4.26620995494e-07
9.15308114386e-08
4.45798924451e-07
8.79767436484e-08
4.65905918758e-07
8.4251657072e-08
4.87015473804e-07
8.03398117139e-08
5.09191768953e-07
7.6224218609e-08
5.3247797381e-07
7.18966918297e-08
5.57040383754e-07
6.73467497675e-08
5.83077484251e-07
6.1055297003e-07
6.25575688266e-08
1.56286293356e-07
4.9640047412e-07
1.40180330398e-07
4.17210363452e-07
1.34552924865e-07
4.05369369107e-07
1.30630164856e-07
4.0864343806e-07
1.26093892641e-07
4.13215307367e-07
1.21013691838e-07
4.08673035082e-07
1.16025168161e-07
3.98859546322e-07
1.11156378727e-07
3.92596842696e-07
1.06702641452e-07
3.90272898714e-07
1.03185333108e-07
3.96963945346e-07
1.0000624248e-07
4.11940060026e-07
9.67435028278e-08
4.30047625963e-07
9.32985167728e-08
4.49397519613e-07
8.96598199745e-08
4.69686639443e-07
8.58333194546e-08
4.90970916879e-07
8.18120607519e-08
5.13327897665e-07
7.75839829281e-08
5.36805765582e-07
7.31421906756e-08
5.61566307291e-07
6.84766311556e-08
5.87811668191e-07
6.15511402414e-07
6.35708648684e-08
1.47946533484e-07
5.10116289092e-07
1.29559209346e-07
4.19014715551e-07
1.26358233642e-07
4.03478261634e-07
1.25399171397e-07
4.08748343491e-07
1.23406045476e-07
4.15774259511e-07
1.2003300192e-07
4.12984510007e-07
1.16086141756e-07
4.03711948884e-07
1.11969640236e-07
3.97405417045e-07
1.0794135502e-07
3.94718623201e-07
1.04563339961e-07
4.00576070367e-07
1.01441788885e-07
4.1523567523e-07
9.82006924976e-08
4.33446468926e-07
9.47582408292e-08
4.52988172999e-07
9.10987205979e-08
4.73483745041e-07
8.72248938636e-08
4.94969948074e-07
8.31367241393e-08
5.17527777219e-07
7.88292531156e-08
5.41210355789e-07
7.42998611638e-08
5.66177755265e-07
6.95411004804e-08
5.92637473858e-07
6.20565475826e-07
6.45386623206e-08
1.44847491476e-07
5.26457305692e-07
1.24419220601e-07
4.23348353728e-07
1.21599748477e-07
4.01655228409e-07
1.22610140601e-07
4.06997047652e-07
1.2267834314e-07
4.16260373438e-07
1.20668588921e-07
4.15902114895e-07
1.17278674233e-07
4.07985688761e-07
1.13415201733e-07
4.01954417983e-07
1.09479730187e-07
3.99074409049e-07
1.0608552668e-07
4.0420307778e-07
1.02936609976e-07
4.18553050953e-07
9.96611963509e-08
4.36873720535e-07
9.61761852439e-08
4.56615976535e-07
9.24704332987e-08
4.7732239078e-07
8.85427475529e-08
4.99018921259e-07
8.4390182625e-08
5.21788825619e-07
8.00079681841e-08
5.45687087294e-07
7.53956503681e-08
5.70870058498e-07
7.05490630171e-08
5.97549518161e-07
6.25708126272e-07
6.54569704754e-08
1.52211366674e-07
5.33772268677e-07
1.3103011881e-07
4.27696968933e-07
1.25265857203e-07
4.02708684024e-07
1.25144808505e-07
4.06401541123e-07
1.25167728335e-07
4.16774072701e-07
1.23334998228e-07
4.18612150202e-07
1.1989420256e-07
4.12290307255e-07
1.15837035734e-07
4.06692114863e-07
1.11654098011e-07
4.0368137818e-07
1.08016225037e-07
4.08073263555e-07
1.0469033791e-07
4.22042202557e-07
1.01279854278e-07
4.40430218127e-07
9.76760222646e-08
4.60357309159e-07
9.38613015305e-08
4.81265358388e-07
8.98372880749e-08
5.03160173922e-07
8.55970224299e-08
5.26134170227e-07
8.11302261328e-08
5.502456799e-07
7.64323286704e-08
5.75645834828e-07
7.14989476295e-08
6.02546772438e-07
6.30936240574e-07
6.63203031968e-08
1.55728599986e-07
5.3675511948e-07
1.35300244031e-07
4.3049957287e-07
1.28403333563e-07
4.04624304171e-07
1.2687158127e-07
4.07162327102e-07
1.2628790991e-07
4.17864391876e-07
1.24555611453e-07
4.21192268598e-07
1.21434975401e-07
4.16255211514e-07
1.1760100696e-07
4.1120155832e-07
1.13484632644e-07
4.08225738502e-07
1.09761378428e-07
4.12029172581e-07
1.0631956494e-07
4.2564253527e-07
1.02792579837e-07
4.4409758019e-07
9.90783495972e-08
4.64203852135e-07
9.51577269476e-08
4.85309741605e-07
9.10332581208e-08
5.0739795023e-07
8.67010940264e-08
5.30568017749e-07
8.21507230458e-08
5.54885057882e-07
7.73737299158e-08
5.80498532124e-07
7.2362918222e-08
6.07619832284e-07
6.36240165197e-07
6.71073467154e-08
1.56379266263e-07
5.38998962439e-07
1.36316636559e-07
4.32448146581e-07
1.29885436666e-07
4.05813173649e-07
1.27807709741e-07
4.08380381986e-07
1.26582559901e-07
4.19558632163e-07
1.24774825989e-07
4.23817804794e-07
1.22014681781e-07
4.19837187822e-07
1.18606626778e-07
4.15274708635e-07
1.14806469092e-07
4.12453352908e-07
1.1115705478e-07
4.15910139246e-07
1.07650971862e-07
4.29302374317e-07
1.04036682378e-07
4.47846956823e-07
1.00237741256e-07
4.68130229562e-07
9.62386908231e-08
4.89428277244e-07
9.20388070262e-08
5.11707413183e-07
8.76350370436e-08
5.35070228138e-07
8.30174426198e-08
5.59588924328e-07
7.81778365613e-08
5.85411641629e-07
7.31069433419e-08
6.12751288227e-07
6.41602864011e-07
6.77914233631e-08
1.55204681175e-07
5.42643945209e-07
1.34884984546e-07
4.34509616371e-07
1.29613453989e-07
4.05706907099e-07
1.28010825506e-07
4.09042162965e-07
1.26807719788e-07
4.21188068682e-07
1.24961444088e-07
4.2645070643e-07
1.22382143313e-07
4.23213162827e-07
1.19236280913e-07
4.19069236005e-07
1.15695176486e-07
4.16414796744e-07
1.12139244619e-07
4.19693241036e-07
1.08597651293e-07
4.32992651497e-07
1.04930946728e-07
4.51643707162e-07
1.01084270206e-07
4.72099759662e-07
9.70429274326e-08
4.93585061418e-07
9.28031320619e-08
5.16053239775e-07
8.83605194459e-08
5.39608183397e-07
8.37035673861e-08
5.6432953508e-07
7.88247346078e-08
5.90361829043e-07
7.37144513066e-08
6.17920435836e-07
6.47004881284e-07
6.83583942246e-08
1.52797882093e-07
5.49176372006e-07
1.3164608183e-07
4.3830478151e-07
1.2624421286e-07
4.06182498381e-07
1.25747473504e-07
4.08710273274e-07
1.25489005461e-07
4.21873365616e-07
1.24212018319e-07
4.28491114282e-07
1.21974800341e-07
4.26222274301e-07
1.19092407833e-07
4.22581720314e-07
1.15795811655e-07
4.20121359859e-07
1.1240074999e-07
4.23309242388e-07
1.08955903175e-07
4.36580740113e-07
1.05350205856e-07
4.5537442095e-07
1.01546728027e-07
4.76021588923e-07
9.75344922375e-08
4.97708792973e-07
9.33104582306e-08
5.20379870681e-07
8.88719594406e-08
5.44139029162e-07
8.42119707774e-08
5.690706642e-07
7.93217838737e-08
5.95321295838e-07
7.41937255932e-08
6.23105705323e-07
6.5242816284e-07
6.88151902462e-08
1.56590563681e-07
5.5120811849e-07
1.34620873386e-07
4.42712318105e-07
1.26597862293e-07
4.09348808235e-07
1.25120664002e-07
4.09425978423e-07
1.24968508315e-07
4.22456198397e-07
1.23972396649e-07
4.30229424502e-07
1.21834336564e-07
4.29109286352e-07
1.1898141683e-07
4.26047616795e-07
1.15713518163e-07
4.23789441972e-07
1.12379035236e-07
4.26858734332e-07
1.09019287185e-07
4.40078240293e-07
1.05497519503e-07
4.59016163903e-07
1.01768762992e-07
4.79864147821e-07
9.78184960826e-08
5.01766564042e-07
9.36413838416e-08
5.24656149728e-07
8.92337475748e-08
5.48636092488e-07
8.45920859985e-08
5.73790986667e-07
7.97092449817e-08
6.00271410801e-07
7.45782874286e-08
6.2829229535e-07
6.57860915343e-07
6.91891158298e-08
1.59141198729e-07
5.50092600105e-07
1.37172301091e-07
4.46546064288e-07
1.28098506854e-07
4.13331009327e-07
1.253782457e-07
4.11350899991e-07
1.24712333903e-07
4.23537510094e-07
1.2374499932e-07
4.31916419912e-07
1.21750450583e-07
4.31831925036e-07
1.18977362375e-07
4.29419689034e-07
1.15723870379e-07
4.27436049092e-07
1.1241930509e-07
4.3037378655e-07
1.09119091194e-07
4.43511423205e-07
1.05660009164e-07
4.62590474736e-07
1.01983517665e-07
4.83650024568e-07
9.80752510045e-08
5.05778384927e-07
9.39317025137e-08
5.28895440596e-07
8.95497127262e-08
5.53104608335e-07
8.49232328653e-08
5.78493722806e-07
8.00472015994e-08
6.05212764033e-07
7.49149363205e-08
6.33478679478e-07
6.63301230442e-07
6.95170919775e-08
1.58579886851e-07
5.4968533808e-07
1.37147321359e-07
4.49511827346e-07
1.28932858166e-07
4.16184302872e-07
1.26026073688e-07
4.13364777073e-07
1.24925786456e-07
4.25020642112e-07
1.23827580622e-07
4.3371089367e-07
1.21989560385e-07
4.34378770154e-07
1.19372616107e-07
4.32623745013e-07
1.16178791662e-07
4.3101825625e-07
1.12860137312e-07
4.33900108517e-07
1.09546212349e-07
4.4695436779e-07
1.06073290684e-07
4.66174425816e-07
1.02381164711e-07
4.87447594953e-07
9.84567645728e-08
5.09802792144e-07
9.42991550233e-08
5.33145656664e-07
8.99067495294e-08
5.57580797459e-07
8.52712261262e-08
5.83203193985e-07
8.03852296702e-08
6.10162208758e-07
7.5241080742e-08
6.38675483949e-07
6.68755748177e-07
6.9827965111e-08
1.57008824097e-07
5.51208869122e-07
1.35548536873e-07
4.52439287132e-07
1.28879723402e-07
4.17334829931e-07
1.26634366527e-07
4.14622930298e-07
1.25600473249e-07
4.26396461805e-07
1.24445206897e-07
4.35537098352e-07
1.22666439667e-07
4.36845968259e-07
1.20168128347e-07
4.35695429696e-07
1.1704343209e-07
4.34525088383e-07
1.1368550958e-07
4.37462590315e-07
1.10278562114e-07
4.50486614049e-07
1.06718602966e-07
4.69841653409e-07
1.02953200664e-07
4.91314979208e-07
9.89675072391e-08
5.13885406389e-07
9.47586067023e-08
5.37444431096e-07
9.03236350532e-08
5.62097120963e-07
8.56535440287e-08
5.8794512962e-07
8.07381550011e-08
6.15139283329e-07
7.55679969385e-08
6.43896887395e-07
6.74233776332e-07
7.01303266328e-08
1.54339670734e-07
5.557256183e-07
1.32336458169e-07
4.56783363466e-07
1.25910996218e-07
4.18680518184e-07
1.24936886116e-07
4.14714496074e-07
1.24874331626e-07
4.26804014308e-07
1.24318514313e-07
4.36746772021e-07
1.22881784334e-07
4.38952197023e-07
1.20588875416e-07
4.38546254899e-07
1.17601844996e-07
4.37885456973e-07
1.14296640368e-07
4.40967758867e-07
1.10879686308e-07
4.54025069731e-07
1.07289086463e-07
4.73535961598e-07
1.03486737122e-07
4.95216097372e-07
9.94618508964e-08
5.180043714e-07
9.52129231547e-08
5.4178072556e-07
9.07385882337e-08
5.66650579089e-07
8.60319385619e-08
5.92721675042e-07
8.10826800405e-08
6.20148588867e-07
7.58809020131e-08
6.49148579365e-07
6.79739943905e-07
7.04140884387e-08
1.58099867133e-07
5.55704834862e-07
1.3560175349e-07
4.61343268888e-07
1.26746347505e-07
4.22487205492e-07
1.25095850087e-07
4.15548889522e-07
1.25290107453e-07
4.26963669068e-07
1.25050554468e-07
4.37625007638e-07
1.23720207472e-07
4.40933263729e-07
1.21337353574e-07
4.41472076397e-07
1.18227217084e-07
4.41360347242e-07
1.14830955814e-07
4.44559495193e-07
1.1136759434e-07
4.57606121021e-07
1.07747772663e-07
4.77255985913e-07
1.03922424125e-07
4.99137058104e-07
9.98756391375e-08
5.22142459903e-07
9.5602459448e-08
5.46138858111e-07
9.11010403015e-08
5.71229003486e-07
8.63656303598e-08
5.97525138487e-07
8.13883564124e-08
6.25184359704e-07
7.61587058909e-08
6.54426897645e-07
6.8527286396e-07
7.066419362e-08
1.60938717992e-07
5.52232826025e-07
1.3845395461e-07
4.65278035882e-07
1.28501246482e-07
4.27113873177e-07
1.2592477625e-07
4.17268628657e-07
1.25979044273e-07
4.27252980876e-07
1.25865469733e-07
4.38359044897e-07
1.2455474624e-07
4.42875854762e-07
1.22050671536e-07
1.18763952861e-07
1.15248249897e-07
1.11734969881e-07
1.08094439483e-07
1.04254354118e-07
1.00194693686e-07
9.5907843936e-08
9.13900384601e-08
8.66347794696e-08
8.16356454785e-08
7.63844491885e-08
7.08682519793e-08
1.59899559744e-07
1.38044514576e-07
1.2926846519e-07
1.26737487339e-07
1.26612574082e-07
1.26435314187e-07
8.00466839804e-08
4.18375264282e-07
7.26499969074e-08
3.98074760159e-07
6.56760675632e-08
3.78559481682e-07
5.90757858988e-08
3.59908921934e-07
5.28150296026e-08
3.42467579253e-07
4.68812776644e-08
3.26158151857e-07
4.12580798329e-08
3.10685976468e-07
3.59249324649e-08
2.9597046041e-07
3.08629943051e-08
2.81970079477e-07
2.60550691706e-08
2.68647009306e-07
2.14854798078e-08
2.55966015324e-07
1.71399048216e-08
2.43893043521e-07
1.30061701733e-08
2.32368585448e-07
9.09376729696e-09
2.20772692481e-07
5.59582831834e-09
2.0205034397e-07
2.60470140193e-09
1.65372456098e-07
1.28359871245e-07
1.00641822165e-07
4.95711407205e-07
9.23766539799e-08
4.70817387513e-07
8.45371023516e-08
4.4766107305e-07
7.71099378872e-08
4.25847521954e-07
7.00779668782e-08
4.05146607695e-07
6.34255616159e-08
3.85239742227e-07
5.71076703304e-08
3.6623715029e-07
5.10951469766e-08
3.48481238512e-07
4.53831379334e-08
3.31870175621e-07
3.9959248147e-08
3.16109867504e-07
3.48065011516e-08
3.01123210127e-07
2.99089699259e-08
2.86867612756e-07
2.5251905968e-08
2.73304075352e-07
2.08216387435e-08
2.60396281271e-07
1.6605553248e-08
2.48109132522e-07
1.25928462414e-08
2.36381257247e-07
8.79518177708e-09
2.24570362852e-07
5.41012722941e-09
2.05435340036e-07
2.51872274031e-09
1.68263807503e-07
1.30878595175e-07
9.61382410593e-08
5.03900168334e-07
8.83712593106e-08
4.78635707868e-07
8.09774694244e-08
4.55101728846e-07
7.39483713742e-08
4.32920537685e-07
6.72734467001e-08
4.11860191839e-07
6.09425767949e-08
3.91597107628e-07
5.49133891448e-08
3.72275684265e-07
4.91610020289e-08
3.54234544225e-07
4.36863050073e-08
3.37344882207e-07
3.84794920168e-08
3.21316677653e-07
3.35262910507e-08
3.06076412247e-07
2.88131002849e-08
2.91580799526e-07
2.43271583864e-08
2.77790016765e-07
2.00564725875e-08
2.64666966525e-07
1.59898333588e-08
2.52175770453e-07
1.21177597715e-08
2.40253368328e-07
8.45353023655e-09
2.28234572808e-07
5.19811361147e-09
2.08690797578e-07
2.42152434733e-09
1.71040430683e-07
1.33300119009e-07
9.16482059769e-08
5.11588253167e-07
8.43356962239e-08
4.85997750098e-07
7.73564515755e-08
4.62126525311e-07
7.07043625372e-08
4.39615350009e-07
6.43731924985e-08
4.18228791233e-07
5.83558907822e-08
3.97639547078e-07
5.26125710919e-08
3.78027420545e-07
4.71222985239e-08
3.59725559191e-07
4.18898916776e-08
3.42577302792e-07
3.69072108706e-08
3.26299361051e-07
3.21620947149e-08
3.10821536909e-07
2.76428086814e-08
2.96100089122e-07
2.33382000742e-08
2.82094633844e-07
1.92376602732e-08
2.6876751019e-07
1.53311899884e-08
2.56082252371e-07
1.16102767041e-08
2.43974254232e-07
8.08994393475e-09
2.31754939568e-07
4.97272412539e-09
2.11807996287e-07
2.31769329438e-09
1.73695448976e-07
1.35617814423e-07
8.72428351581e-08
5.18814044292e-07
8.03533641776e-08
4.92934984669e-07
7.37637339162e-08
4.68760392871e-07
6.74694109031e-08
4.45951206565e-07
6.14676851036e-08
4.24266733329e-07
5.57534260981e-08
4.03377632743e-07
5.02888837793e-08
3.83499533145e-07
4.50567808729e-08
3.64958257198e-07
4.00648706081e-08
3.47569225917e-07
3.53062877546e-08
3.31057945003e-07
3.07705770252e-08
3.15357256966e-07
2.64475131119e-08
3.0042315347e-07
2.23272709309e-08
2.8621488476e-07
1.84003914855e-08
2.72694395096e-07
1.46578668511e-08
2.59824783769e-07
1.10921718119e-08
2.47539996301e-07
7.71951208207e-09
2.35127593776e-07
4.74361149981e-09
2.14783963272e-07
2.21223638113e-09
1.76226886075e-07
1.3783005115e-07
8.29766334117e-08
5.25603760124e-07
7.64858198216e-08
4.99471887232e-07
7.02642848127e-08
4.7502488774e-07
6.43093030696e-08
4.51946564555e-07
5.86218009507e-08
4.29989267942e-07
5.31984320585e-08
4.08823559355e-07
4.80027165557e-08
3.88702046838e-07
4.30205986202e-08
3.69940854378e-07
3.82626236666e-08
3.52327218221e-07
3.37230824624e-08
3.35597491732e-07
2.93929401596e-08
3.19687414627e-07
2.52632361357e-08
3.04552864478e-07
2.1325251474e-08
2.90152884974e-07
1.75704954633e-08
2.76449160499e-07
1.39908214764e-08
2.63404476514e-07
1.0579399221e-08
2.50951403575e-07
7.35382713483e-09
2.38353210512e-07
4.51792058477e-09
2.17619873679e-07
2.10832942036e-09
1.78636490039e-07
1.39938383021e-07
7.89064926033e-08
5.31981241406e-07
7.2790473364e-08
5.05632441933e-07
6.69146020133e-08
4.80942500637e-07
6.12786634e-08
4.57621760831e-07
5.58874789572e-08
4.35414313288e-07
5.07395786515e-08
4.13992748606e-07
4.57992763127e-08
3.93648412849e-07
4.10554228906e-08
3.74685084872e-07
3.65211747558e-08
3.56861481315e-07
3.21918326014e-08
3.39926836993e-07
2.80595630935e-08
3.23819698126e-07
2.41164687782e-08
3.08495962596e-07
2.0354777355e-08
2.93914591104e-07
1.67668296573e-08
2.80037117989e-07
1.33452129254e-08
2.6682610573e-07
1.00838431986e-08
2.54212820365e-07
7.00123230231e-09
2.41435827849e-07
4.30104714993e-09
2.20320133018e-07
2.00866431909e-09
1.80928945427e-07
1.41947048519e-07
7.50974707979e-08
5.37978806464e-07
6.93259764764e-08
5.11447054616e-07
6.37680253648e-08
4.86541056968e-07
5.84262887876e-08
4.63001697213e-07
5.33090205883e-08
4.40564297245e-07
4.84162119116e-08
4.18905590021e-07
4.37137155626e-08
3.98356283394e-07
3.91932997045e-08
3.79205798966e-07
3.48695893805e-08
3.61185211356e-07
3.07386546311e-08
3.4405777889e-07
2.6793668995e-08
3.27764703472e-07
2.30276220908e-08
3.12262019024e-07
1.94335257191e-08
2.97508707994e-07
1.60044101888e-08
2.83466247739e-07
1.27334805451e-08
2.70097059228e-07
9.61516500105e-09
2.57331135754e-07
6.6690390446e-09
2.44382003906e-07
4.09753303685e-09
2.22891668095e-07
1.91527049721e-09
1.83111245339e-07
1.438623218e-07
7.16157055673e-08
5.43647236439e-07
6.61467468991e-08
5.1695786398e-07
6.08708992984e-08
4.9185647583e-07
5.57926286992e-08
4.68117188904e-07
5.09219590212e-08
4.45466598335e-07
4.625942585e-08
4.23586971216e-07
4.17735662461e-08
4.02846896901e-07
3.74589370204e-08
3.83520662008e-07
3.33299624938e-08
3.65314206105e-07
2.93831496633e-08
3.48004599367e-07
2.56124433185e-08
3.31535430622e-07
2.20115267764e-08
3.15862944866e-07
1.85740474138e-08
3.00946209789e-07
1.52936052357e-08
2.86746705342e-07
1.21639294733e-08
2.73226754208e-07
9.17997882808e-09
2.60315129854e-07
6.3619535155e-09
2.4720005329e-07
3.91051550827e-09
2.25343187225e-07
1.82972351398e-09
1.8519212097e-07
1.4569204768e-07
6.85042746039e-08
5.49053243798e-07
6.32867983152e-08
5.22216102341e-07
5.82515876011e-08
4.96930350393e-07
5.34022217832e-08
4.73002904538e-07
4.87482384841e-08
4.50151237677e-07
4.42898101297e-08
4.28063195694e-07
3.99980573281e-08
4.0714288009e-07
3.58696692856e-08
3.87649238669e-07
3.19178709442e-08
3.69266029337e-07
2.81392828119e-08
3.51783198446e-07
2.4528360238e-08
3.35146379022e-07
2.10792688889e-08
3.19312049546e-07
1.7786109273e-08
3.0423939593e-07
1.46429006553e-08
2.89889934064e-07
1.16437555793e-08
2.7622592789e-07
8.78398284617e-09
2.63174925388e-07
6.08440133543e-09
2.49899687578e-07
3.74271191507e-09
2.27684942416e-07
1.75318014586e-09
1.87181724569e-07
1.47445230593e-07
6.57574679669e-08
5.54258120411e-07
6.0744723695e-08
5.27268705096e-07
5.59119004863e-08
5.01801056442e-07
5.1259152143e-08
4.77691233607e-07
4.67938455714e-08
4.54646324081e-07
4.251513708e-08
4.32358758314e-07
3.83958391432e-08
4.11265959374e-07
3.44339940391e-08
3.91611237943e-07
3.06413818693e-08
3.73058668933e-07
2.70145064452e-08
3.55410088225e-07
2.35480976599e-08
3.38612816704e-07
2.02366305973e-08
3.22623533155e-07
1.70745327925e-08
3.07401524713e-07
1.40561471213e-08
2.92908341066e-07
1.11759192376e-08
2.79106182146e-07
8.42946798795e-09
2.65921407393e-07
5.83790737248e-09
2.52491293475e-07
3.59509240329e-09
2.29927833915e-07
1.68609755997e-09
1.89090803884e-07
1.49131331663e-07
6.33268701122e-08
5.59294682248e-07
5.84904526264e-08
5.32144217039e-07
5.38339360549e-08
5.06494764199e-07
4.93537266238e-08
4.82206322907e-07
4.50542660021e-08
4.58974749069e-07
4.09336222958e-08
4.36495384503e-07
3.69671387612e-08
4.15235828744e-07
3.31537391675e-08
3.95424763447e-07
2.95033161371e-08
3.76709120752e-07
2.60121846351e-08
3.58901233851e-07
2.26752721639e-08
3.41949759273e-07
1.94872840364e-08
3.25811537041e-07
1.64428947083e-08
3.10445944224e-07
1.35366963148e-08
2.95814563332e-07
1.07633608224e-08
2.81879547432e-07
8.11876946269e-09
2.68566048893e-07
5.62413927909e-09
2.54985969005e-07
3.46850088696e-09
2.32083574981e-07
1.62874375189e-09
1.9093066531e-07
1.50760077452e-07
6.11702527315e-08
5.64169151722e-07
5.64986814143e-08
5.368541752e-07
5.2003521472e-08
5.11026452299e-07
4.76791613023e-08
4.86564884899e-07
4.35267058896e-08
4.63155397969e-07
3.95438045428e-08
4.40493492804e-07
3.57119097718e-08
4.19070778382e-07
3.20302302849e-08
3.99106550496e-07
2.85057317977e-08
3.80233650068e-07
2.51346259131e-08
3.62272358696e-07
2.19120813695e-08
3.45172336809e-07
1.88330664958e-08
3.28890573699e-07
1.58925172451e-08
3.13386528898e-07
1.30852846936e-08
2.98621819903e-07
1.04063161422e-08
2.8455854624e-07
7.85166226411e-09
2.71120709073e-07
5.44259145156e-09
2.5739510233e-07
3.36234750461e-09
2.3416386975e-07
1.58074269572e-09
1.92712334179e-07
1.52340824311e-07
5.92941675147e-08
5.6888747252e-07
5.4776900855e-08
5.4140909678e-07
5.04286586175e-08
5.15410530727e-07
4.62435552203e-08
4.90783497699e-07
4.22191036881e-08
4.67207341156e-07
3.83535022043e-08
4.44373703371e-07
3.46375572958e-08
4.22789537317e-07
3.10702287134e-08
4.0267396884e-07
2.76547114623e-08
3.83649194146e-07
2.43872404454e-08
3.65539843324e-07
2.12633075587e-08
3.48296298342e-07
1.82781678545e-08
3.31875727938e-07
1.54270173276e-08
3.16237707794e-07
1.27049436291e-08
3.01343916666e-07
1.01070772552e-08
2.87156437965e-07
7.62973722357e-09
2.73598123298e-07
5.29385800539e-09
2.59731007137e-07
3.27668069934e-09
2.36181173237e-07
1.54207122063e-09
1.94447065365e-07
1.53882896176e-07
5.77401113677e-08
5.73471363795e-07
5.33561556875e-08
5.45829920384e-07
4.91329211992e-08
5.19668855796e-07
4.50648512888e-08
4.9488436504e-07
4.11468133784e-08
4.71152268e-07
3.73780414683e-08
4.48156703981e-07
3.37573371354e-08
4.26412918638e-07
3.02844063427e-08
4.06146985089e-07
2.69587970023e-08
3.86974831334e-07
2.37767749228e-08
3.68721884866e-07
2.07341045542e-08
3.51338999579e-07
1.78263058982e-08
3.34783549723e-07
1.50488041061e-08
3.19015243176e-07
1.23969065219e-08
3.03995836353e-07
9.86597720854e-09
2.89687396319e-07
7.45237566452e-09
2.76011699276e-07
5.17698844792e-09
2.62006464475e-07
3.210430599e-09
2.38147737676e-07
1.51207947786e-09
1.96145440033e-07
1.55394979761e-07
5.6538903559e-08
5.77946415008e-07
5.22605218154e-08
5.50144325075e-07
4.8135230466e-08
5.23828435395e-07
4.41581505906e-08
4.98893505354e-07
4.03225345913e-08
4.75014206667e-07
3.66278694346e-08
4.51865311022e-07
3.30804454509e-08
4.29962949589e-07
2.96802691037e-08
4.09547236278e-07
2.64240804105e-08
3.90231038602e-07
2.33081583225e-08
3.7183781605e-07
2.03284709926e-08
3.54318707871e-07
1.74807122557e-08
3.3763131782e-07
1.47604609201e-08
3.21735515075e-07
1.21631606288e-08
3.06593153661e-07
9.68425347281e-09
2.92166318716e-07
7.32033016899e-09
2.78375710759e-07
5.09166680561e-09
2.64235124682e-07
3.16315661204e-09
2.40076376858e-07
1.49065554335e-09
1.9781805923e-07
1.5688563423e-07
5.56949627466e-08
5.82334849304e-07
5.14957072288e-08
5.54378709949e-07
4.74415368372e-08
5.27916042339e-07
4.35295587039e-08
5.02836781093e-07
3.97511168905e-08
4.7881843094e-07
3.6105044439e-08
4.55525159518e-07
3.26074554557e-08
4.33463125676e-07
2.92581335095e-08
4.1289663672e-07
2.60505511964e-08
3.9343863996e-07
2.29809901744e-08
3.74907392873e-07
2.00455596939e-08
3.57254160993e-07
1.72400881266e-08
3.40436809482e-07
1.4560247289e-08
3.24415381272e-07
1.20015795591e-08
3.09151837178e-07
9.55965184657e-09
2.94608268907e-07
7.23093630107e-09
2.80704368562e-07
5.0357307298e-09
2.6643039681e-07
3.1330848594e-09
2.41978977186e-07
1.47680038477e-09
1.99474316514e-07
1.58362438036e-07
5.52214839093e-08
5.86673026413e-07
5.10683048533e-08
5.58566074013e-07
4.70541405843e-08
5.31962735416e-07
4.31783414935e-08
5.06743066503e-07
3.94302939548e-08
4.82591750465e-07
3.58076135068e-08
4.59161600185e-07
3.23350359847e-08
4.36938347033e-07
2.90141117515e-08
4.16217633505e-07
2.58342080258e-08
3.96618550079e-07
2.27913873735e-08
3.77950215931e-07
1.988179596e-08
3.60163761637e-07
1.71012680537e-08
3.43217339423e-07
1.44454704584e-08
3.27071187796e-07
1.1909933116e-08
3.11687382193e-07
9.49016009306e-09
2.97028043958e-07
7.18278147876e-09
2.83011837143e-07
5.00744096959e-09
2.68605703503e-07
3.1191751201e-09
2.43867355601e-07
1.47025715664e-09
2.01123330792e-07
1.59832692429e-07
5.51443816224e-08
5.91020094492e-07
5.09885243451e-08
5.62755131464e-07
4.69735157113e-08
5.36009314503e-07
4.30987844489e-08
5.10647434821e-07
3.93515442597e-08
4.86363758254e-07
3.5726897941e-08
4.62800093545e-07
3.22546270569e-08
4.40413403915e-07
2.89392833633e-08
4.19533064594e-07
2.57661870474e-08
3.99791653504e-07
2.27308148843e-08
3.80985597889e-07
1.98290951831e-08
3.63065491998e-07
1.70567088346e-08
3.45989739831e-07
1.44091727977e-08
3.29718736659e-07
1.18819191071e-08
3.14214642678e-07
9.4704116753e-09
2.99439563467e-07
7.17099603228e-09
2.85311168844e-07
5.00352974392e-09
2.70773222846e-07
3.11915923098e-09
2.45751631159e-07
1.46979518626e-09
2.02772617188e-07
1.61302489854e-07
5.54527334644e-08
5.95442730489e-07
5.12397801974e-08
5.6700026077e-07
4.71800794518e-08
5.40099580253e-07
4.32702314631e-08
5.14586024932e-07
3.94940034995e-08
4.90164224044e-07
3.58425606327e-08
4.66465512144e-07
3.23474744534e-08
4.43911472776e-07
2.90165651842e-08
4.22864066291e-07
2.58311430484e-08
4.02977068375e-07
2.27856949256e-08
3.84031040934e-07
1.98756907207e-08
3.65975491581e-07
1.70964357833e-08
3.48768988385e-07
1.44431434094e-08
3.32372024029e-07
1.19109911651e-08
3.16746791119e-07
9.49518283034e-09
3.01855359027e-07
7.19209564635e-09
2.87614335229e-07
5.02105191711e-09
2.72944204866e-07
3.13151108911e-09
2.47641252151e-07
1.47501570205e-09
2.0442917294e-07
1.62777501373e-07
5.60701391466e-08
5.99989940725e-07
5.17588654725e-08
5.71342679143e-07
4.76203948911e-08
5.44267594641e-07
4.36467903538e-08
5.18587465127e-07
3.98178313537e-08
4.94016889681e-07
3.6120129432e-08
4.70177363514e-07
3.25836365388e-08
4.47451215252e-07
2.92197426322e-08
4.2622808179e-07
2.6006121967e-08
4.061906824e-07
2.29359651095e-08
3.87101199826e-07
2.00040757231e-08
3.68907377251e-07
1.72052600958e-08
3.51567809701e-07
1.45343074451e-08
3.35042974194e-07
1.19860837906e-08
3.19295011072e-07
9.55557817935e-09
3.04285863794e-07
7.23874766747e-09
2.89931065169e-07
5.05535295397e-09
2.7512763113e-07
3.1532374219e-09
2.49543233075e-07
1.48434062593e-09
2.06097949117e-07
1.64261842729e-07
5.68801290432e-08
6.04679186983e-07
5.24524453693e-08
5.75800494691e-07
4.82181925564e-08
5.48530375387e-07
4.41649093818e-08
5.22667668876e-07
4.02694654124e-08
4.97935482626e-07
3.65146927706e-08
4.73946439995e-07
3.29253915998e-08
4.51044068148e-07
2.95164544378e-08
4.29637163112e-07
2.62633846075e-08
4.0944373155e-07
2.31579936596e-08
3.90206578629e-07
2.01943599648e-08
3.71870992433e-07
1.73667025343e-08
3.54395452845e-07
1.46693366025e-08
3.37740321283e-07
1.20967302325e-08
3.21867602173e-07
9.64349815414e-09
3.06739069342e-07
7.30554357206e-09
2.92269077508e-07
5.10234143228e-09
2.77330750775e-07
3.18221011478e-09
2.51463400855e-07
1.4970952573e-09
2.0778307941e-07
1.65758932825e-07
5.77724510784e-08
6.09501373146e-07
5.32303959568e-08
5.80371714159e-07
4.88986539939e-08
5.52889652775e-07
4.47616751662e-08
5.26830665785e-07
4.07950785619e-08
5.01924641377e-07
3.69795800565e-08
4.7777633401e-07
3.33330062653e-08
4.54694514551e-07
2.98725611353e-08
4.33097798712e-07
2.65735041128e-08
4.12742768563e-07
2.34264426632e-08
3.93353634034e-07
2.04247583421e-08
3.74872658381e-07
1.7562135612e-08
3.5725807201e-07
1.48324291801e-08
3.4047000933e-07
1.22297628053e-08
3.24470254458e-07
9.74849933881e-09
3.0922031833e-07
7.38412335717e-09
2.94633348367e-07
5.15677847576e-09
2.79558099874e-07
3.21513346142e-09
2.53404886142e-07
1.51155357878e-09
2.09486508217e-07
1.6727048542e-07
5.86724898522e-08
6.14436128253e-07
5.40279086479e-08
5.85044515868e-07
4.96054550779e-08
5.57338663966e-07
4.53881596252e-08
5.31073075588e-07
4.13514008407e-08
5.05983328197e-07
3.74753246561e-08
4.81666794042e-07
3.37716071245e-08
4.58402396659e-07
3.02578932303e-08
4.36611742216e-07
2.69105018653e-08
4.16090128114e-07
2.37191322799e-08
3.96544985806e-07
2.06766081175e-08
3.77915151688e-07
1.77761451176e-08
3.60158514232e-07
1.50112065699e-08
3.43234916633e-07
1.23755713627e-08
3.27105864074e-07
9.86327178465e-09
3.1173258001e-07
7.46974662429e-09
2.97026900665e-07
5.21519312866e-09
2.81812559464e-07
3.25025937972e-09
2.55369804731e-07
1.52717336885e-09
2.11209559448e-07
1.68797653224e-07
5.95441330079e-08
6.19466306594e-07
5.48089518113e-08
5.89806997646e-07
5.03041179101e-08
5.61869097191e-07
4.60122297314e-08
5.3538919036e-07
4.19087290589e-08
5.10108113326e-07
3.79739779638e-08
4.85615855686e-07
3.42154071064e-08
4.62165402836e-07
3.06494809666e-08
4.40177953921e-07
2.725404126e-08
4.19485536643e-07
2.40181587884e-08
3.99780854901e-07
2.09342162416e-08
3.80999062831e-07
1.79950812754e-08
3.63097636787e-07
1.51938987737e-08
3.46036066352e-07
1.25242105342e-08
3.2977552943e-07
9.97986967735e-09
3.14276893814e-07
7.55601191555e-09
2.99450662609e-07
5.273664007e-09
2.84094880912e-07
3.28514185006e-09
2.57358160434e-07
1.54265379747e-09
2.12951882695e-07
1.70340304305e-07
6.0374492222e-08
6.24583663961e-07
5.55563417813e-08
5.94651546922e-07
5.09754623924e-08
5.66474641014e-07
4.66141284585e-08
5.39773881336e-07
4.24479870725e-08
5.1429489741e-07
3.84578126292e-08
4.89620220503e-07
3.46478595913e-08
4.65980025415e-07
3.10321834724e-08
4.43793964406e-07
2.75905391261e-08
4.2292714226e-07
2.4311599936e-08
4.03059773271e-07
2.11874089226e-08
3.84123214418e-07
1.82105377105e-08
3.66074483833e-07
1.53738747161e-08
3.488726896e-07
1.26707193024e-08
3.32478652278e-07
1.00946861763e-08
3.16852882596e-07
7.64088243948e-09
3.01904456661e-07
5.33072295682e-09
2.86404947609e-07
3.31917711387e-09
2.59369636854e-07
1.55790841698e-09
2.14713066632e-07
1.71898207505e-07
6.11541345466e-08
6.2978393626e-07
5.62580726309e-08
5.9957314439e-07
5.16063176079e-08
5.71150168718e-07
4.71803251719e-08
5.44222402611e-07
4.29560879713e-08
5.18539156986e-07
3.89149338851e-08
4.93675410194e-07
3.50578757329e-08
4.69841950735e-07
3.13955753898e-08
4.47456653698e-07
2.79103454749e-08
4.26412334068e-07
2.45906261859e-08
4.06379473766e-07
2.14281540926e-08
3.87285645693e-07
1.8415261222e-08
3.69087357212e-07
1.55446164848e-08
3.51743290916e-07
1.2809362472e-08
3.35213877841e-07
1.02029921802e-08
3.19459216313e-07
7.72044105545e-09
3.04386936561e-07
5.38396939398e-09
2.88741362627e-07
3.35088003137e-09
2.61402576121e-07
1.57214674802e-09
2.16491643474e-07
1.73470350046e-07
6.18659705358e-08
6.35058647201e-07
5.68995861804e-08
6.04564251114e-07
5.21838262844e-08
5.75888856845e-07
4.76993485964e-08
5.48728619833e-07
4.3422842922e-08
5.22835073867e-07
3.93358704507e-08
4.9777620588e-07
3.54364638806e-08
4.73746361942e-07
3.17315987401e-08
4.5116195365e-07
2.82064011833e-08
4.29937492224e-07
2.48491978083e-08
4.09736657051e-07
2.165147706e-08
3.90483324155e-07
1.86053601229e-08
3.72133450914e-07
1.57033349271e-08
3.54645273681e-07
1.29383659868e-08
3.3797881248e-07
1.03037768826e-08
3.22093761544e-07
7.79444827341e-09
3.06896216715e-07
5.4333210192e-09
2.91102413451e-07
3.38034709545e-09
2.63455431538e-07
1.58549061647e-09
2.18286373349e-07
1.75055836739e-07
6.24900216932e-08
6.40392605684e-07
5.7465656734e-08
6.0961256315e-07
5.26960686285e-08
5.80680571794e-07
4.81617522998e-08
5.53283922349e-07
4.38400479287e-08
5.2717557872e-07
3.97128395671e-08
5.01916974656e-07
3.57760555335e-08
4.77688235441e-07
3.20336630973e-08
4.54904821432e-07
2.84729791288e-08
4.33498138014e-07
2.50822699868e-08
4.1312734581e-07
2.18528488795e-08
3.93712701743e-07
1.87766962857e-08
3.75209580833e-07
1.58461760693e-08
3.57575746929e-07
1.30541686343e-08
3.40770791332e-07
1.03939295443e-08
3.24753960385e-07
7.8603131423e-09
3.09429801967e-07
5.47700995331e-09
2.93485636684e-07
3.40653135211e-09
2.65525804276e-07
1.59744595603e-09
2.20095338862e-07
1.76653277658e-07
6.30150036177e-08
6.45767748583e-07
5.79476567453e-08
6.14703108147e-07
5.31364361904e-08
5.85513151605e-07
4.8562434151e-08
5.57878187779e-07
4.42035459836e-08
5.31552676314e-07
4.0042075365e-08
5.06091722739e-07
3.60731117509e-08
4.81662342392e-07
3.22987893461e-08
4.58679659508e-07
2.87076781255e-08
4.37089217141e-07
2.52879985001e-08
4.16547010787e-07
2.203100085e-08
3.96969662261e-07
1.89286013416e-08
3.78311963512e-07
1.59730985702e-08
3.60531212738e-07
1.31572878014e-08
3.43586573327e-07
1.04743430984e-08
3.27436870546e-07
7.91903367106e-09
3.11985029664e-07
5.51600709671e-09
2.95888620101e-07
3.4300114595e-09
2.67611650238e-07
1.60821998635e-09
2.21916982261e-07
1.78261496061e-07
6.34456784914e-08
6.51168196435e-07
5.8349149632e-08
6.19822104613e-07
5.35075171048e-08
5.90375406604e-07
4.8903139224e-08
5.62502134532e-07
4.4514872906e-08
5.35958581258e-07
4.03252776188e-08
5.10294313792e-07
3.63294478793e-08
4.8566335551e-07
3.2528411854e-08
4.62481243901e-07
2.89115242461e-08
4.40706074415e-07
2.54670179031e-08
4.19991499417e-07
2.21861606704e-08
4.00250481543e-07
1.90608652784e-08
3.81437237765e-07
1.60834292923e-08
3.63508607401e-07
1.32466484302e-08
3.4642333194e-07
1.05436941276e-08
3.30139788822e-07
7.96946504758e-09
3.14559278865e-07
5.54921602627e-09
2.98308781599e-07
3.45023995315e-09
2.69710593898e-07
1.61768246781e-09
2.23749488187e-07
1.79879173854e-07
6.38031898861e-08
6.56584263789e-07
5.86860723174e-08
6.2496098971e-07
5.38216165073e-08
5.95259788396e-07
4.91934250062e-08
5.67149242381e-07
4.47816177763e-08
5.40387493713e-07
4.05693729604e-08
5.14519289633e-07
3.65515123244e-08
4.89686436709e-07
3.27279168431e-08
4.66305429183e-07
2.90889949566e-08
4.44344979317e-07
2.56231547153e-08
4.23457334351e-07
2.2321727652e-08
4.03551884916e-07
1.91766604738e-08
3.84582299213e-07
1.6180262571e-08
3.66504982464e-07
1.33253091666e-08
3.49278269749e-07
1.06049512926e-08
3.32860130264e-07
8.01395428191e-09
3.17150177267e-07
5.57875633441e-09
3.00743984057e-07
3.46834644551e-09
2.71820857664e-07
1.62616030912e-09
2.25591540223e-07
1.81505335719e-07
6.41164188219e-08
6.62014325224e-07
5.89808294137e-08
6.30117690769e-07
5.40963438983e-08
6.00163545961e-07
4.94472598673e-08
5.71816624453e-07
4.50149997229e-08
5.44836344252e-07
4.07836428517e-08
5.18763098777e-07
3.67470210206e-08
4.93728287835e-07
3.2903564499e-08
4.7014949974e-07
2.92451238275e-08
4.4800340566e-07
2.57603662278e-08
4.2694208152e-07
2.24406722369e-08
4.06871555717e-07
1.92779982492e-08
3.877449589e-07
1.62646823234e-08
3.69518273058e-07
1.33935090971e-08
3.52149433382e-07
1.06576390534e-08
3.35595977484e-07
8.05206417259e-09
3.19755823405e-07
5.60370310308e-09
3.03192274652e-07
3.48397265557e-09
2.73940648905e-07
1.63374413032e-09
2.27441810572e-07
1.83139077068e-07
6.44083203688e-08
6.67462650619e-07
5.92521665275e-08
6.35294351941e-07
5.43469178621e-08
6.05087456001e-07
4.96771950365e-08
5.76504067607e-07
4.52252532822e-08
5.49304386441e-07
4.09758346149e-08
5.23024681262e-07
3.69217527073e-08
4.97787587849e-07
3.30601232538e-08
4.74011776665e-07
2.93840029499e-08
4.5167952927e-07
2.5882246357e-08
4.30443843724e-07
2.25462510811e-08
4.10207546778e-07
1.93679736346e-08
3.90923243285e-07
1.63397413718e-08
3.72546502793e-07
1.34543111262e-08
3.55034865798e-07
1.07048284126e-08
3.38345466565e-07
8.08608619072e-09
3.22374477582e-07
5.62630239708e-09
3.05652113096e-07
3.49821122278e-09
2.7606864483e-07
1.64062963269e-09
2.29299316383e-07
1.84779711267e-07
6.46865797799e-08
6.72934396493e-07
5.95069818559e-08
6.40493879743e-07
5.45794548647e-08
6.10033060963e-07
4.98886132842e-08
5.81212070503e-07
4.54169910342e-08
5.53791624787e-07
4.11493096866e-08
5.27304222083e-07
3.70779970695e-08
5.01864081696e-07
3.31994543303e-08
4.77890981397e-07
2.95071749559e-08
4.5537181459e-07
2.59899772997e-08
4.33961041063e-07
2.26392352488e-08
4.13558286378e-07
1.94468564569e-08
3.94115618415e-07
1.64051639762e-08
3.75588192961e-07
1.35068819677e-08
3.57933153479e-07
1.07451300597e-08
3.41107215042e-07
8.11495729525e-09
3.25004749751e-07
5.64506323952e-09
3.08121982425e-07
3.51040782335e-09
2.7820344455e-07
1.64684725303e-09
2.31163010108e-07
1.86426559027e-07
6.49441840791e-08
6.78431633746e-07
5.9740483714e-08
6.45716957655e-07
5.47905706171e-08
6.15000493929e-07
5.00790194329e-08
5.85940251685e-07
4.55883212377e-08
5.58297479951e-07
4.13028551558e-08
5.31601263786e-07
3.72151139312e-08
5.05956975015e-07
3.33212152124e-08
4.81785569442e-07
2.96144908938e-08
4.59078560118e-07
2.60836118643e-08
4.37491933347e-07
2.27199052925e-08
4.16922007859e-07
1.95152323584e-08
3.97320306896e-07
1.64618745759e-08
3.78641567506e-07
1.35525210435e-08
3.6084252459e-07
1.07802869034e-08
3.43879472802e-07
8.1399993699e-09
3.27644994923e-07
5.66159185999e-09
3.1060047692e-07
3.52124312321e-09
2.80343795264e-07
1.65231769046e-09
2.33031955971e-07
1.88078881872e-07
6.51692362324e-08
6.8395327899e-07
5.99430149957e-08
6.50962016607e-07
5.49722517096e-08
6.1998823774e-07
5.02416025656e-08
5.90687017791e-07
4.57336168259e-08
5.62820180238e-07
4.14324279694e-08
5.35913756947e-07
3.73305424436e-08
5.10063977902e-07
3.34234118811e-08
4.85693405088e-07
2.97042550339e-08
4.62797738199e-07
2.61616997555e-08
4.4103450073e-07
2.27870200542e-08
4.20296706361e-07
1.95719799906e-08
4.00535358491e-07
1.65088239072e-08
3.81704745836e-07
1.35901573617e-08
3.63761210185e-07
1.08090092122e-08
3.46660638189e-07
8.16045608638e-09
3.30293633639e-07
5.67503203678e-09
3.13085922776e-07
3.53055641225e-09
2.82488424782e-07
1.65704953725e-09
2.34905615153e-07
1.89735933328e-07
6.53519841462e-08
6.0105836715e-08
5.51167280215e-08
5.03695686011e-08
4.58470167658e-08
4.15335214183e-08
3.74208641686e-08
3.35030136674e-08
2.97736013888e-08
2.62215105605e-08
2.28379251662e-08
1.96145602616e-08
1.65435744878e-08
1.36175481309e-08
1.08295129958e-08
8.17431473522e-09
5.68347754223e-09
3.53566286962e-09
1.66081574324e-09
)
;

boundaryField
{
    emptyPatch
    {
        type            empty;
        value           nonuniform List<scalar> 0();
    }
    minY
    {
        type            calculated;
        value           nonuniform List<scalar> 0();
    }
    maxY
    {
        type            calculated;
        value           nonuniform List<scalar> 0();
    }
    maxX
    {
        type            calculated;
        value           uniform 0;
    }
    water_to_heater
    {
        type            calculated;
        value           uniform 0;
    }
    procBoundary3to1
    {
        type            processor;
        value           nonuniform List<scalar> 
41
(
4.44505596038e-07
4.45004797406e-07
4.4826715791e-07
4.61233695655e-07
4.80993342077e-07
5.03069623844e-07
5.26290637493e-07
5.50508252377e-07
5.75821736697e-07
6.02346677387e-07
6.30240490478e-07
6.59725556606e-07
6.90826575366e-07
5.50168353329e-07
4.68378025811e-07
4.30290449186e-07
4.18841666491e-07
4.27691760828e-07
4.39135619735e-07
1.25093095286e-07
4.44831809262e-07
6.89495622288e-07
6.56226487532e-07
6.24993818443e-07
5.95449812128e-07
5.67357031022e-07
5.40238299823e-07
5.14181713042e-07
4.89611973821e-07
4.66527171919e-07
4.44586601514e-07
4.23680303928e-07
4.03758735394e-07
3.84775741636e-07
3.66687257042e-07
3.49448695896e-07
3.32948840649e-07
3.15576830633e-07
2.84636290169e-07
2.36780515532e-07
1.91396746424e-07
)
;
    }
    procBoundary3to2
    {
        type            processor;
        value           nonuniform List<scalar> 
41
(
-3.58241172238e-07
-2.50557031807e-07
-2.55821667352e-07
-2.7610015804e-07
-3.05836497015e-07
-3.54806754266e-07
-3.94143927806e-07
-3.88716566001e-07
-3.61078030209e-07
-3.44515634745e-07
-3.44938256122e-07
-3.55489919856e-07
-3.6891805268e-07
-3.83346899611e-07
-3.98569335981e-07
-4.14651513677e-07
-4.31627759814e-07
-4.49615354411e-07
-4.68816145013e-07
-4.89260613135e-07
-4.10484731384e-07
-3.90637042249e-07
-3.7155640526e-07
-3.53297323963e-07
-3.36205438305e-07
-3.20224380253e-07
-3.05062767365e-07
-2.90637307803e-07
-2.76908132612e-07
-2.63839079817e-07
-2.51396419021e-07
-2.39547474341e-07
-2.28234843895e-07
-2.16860329954e-07
-1.98552435428e-07
-1.62381365537e-07
-1.25755171604e-07
-4.8696237247e-07
-4.62499067265e-07
-8.78909653623e-08
-4.39773366246e-07
)
;
    }
}


// ************************************************************************* //
