/*--------------------------------*- C++ -*----------------------------------*\
| =========                 |                                                 |
| \\      /  F ield         | OpenFOAM: The Open Source CFD Toolbox           |
|  \\    /   O peration     | Version:  2312                                  |
|   \\  /    A nd           | Website:  www.openfoam.com                      |
|    \\/     M anipulation  |                                                 |
\*---------------------------------------------------------------------------*/
FoamFile
{
    version     2.0;
    format      ascii;
    arch        "LSB;label=32;scalar=64";
    class       volScalarField;
    location    "0.63/water";
    object      p;
}
// * * * * * * * * * * * * * * * * * * * * * * * * * * * * * * * * * * * * * //

dimensions      [1 -1 -2 0 0 0 0];

internalField   nonuniform List<scalar> 
1504
(
101445.632002
101445.798716
101446.790508
101447.095262
101447.07601
101447.05705
101447.104528
101447.280411
101447.481416
101447.456269
101447.240786
101447.141496
101447.330572
101447.331982
101446.985225
101446.720794
101446.720793
101447.251248
101447.72603
101447.921751
101439.085574
101439.172018
101440.376137
101440.733748
101440.800159
101440.832109
101440.923572
101441.057349
101441.079355
101440.65846
101440.027991
101439.933999
101439.714926
101439.539344
101439.171179
101438.260581
101438.086739
101438.490286
101438.822932
101438.842441
101433.719453
101433.501345
101434.51826
101434.790189
101434.799479
101434.806648
101434.801934
101434.733569
101434.3766
101433.425974
101432.780596
101432.293977
101432.021074
101431.553056
101430.618278
101429.596969
101429.14743
101429.369617
101429.519479
101429.406451
101427.691541
101427.143416
101428.176423
101428.436478
101428.482335
101428.40802
101428.222792
101427.86512
101426.935674
101425.70011
101424.757917
101424.263619
101423.554667
101422.871531
101421.783123
101420.016196
101419.644321
101419.627337
101419.595343
101419.448216
101421.614802
101420.638742
101421.456957
101421.674072
101421.579256
101421.269186
101420.797722
101419.965939
101418.390656
101416.865824
101416.109596
101415.161003
101414.338257
101413.356085
101411.446338
101410.097206
101409.499414
101409.169792
101409.066124
101408.99938
101412.559648
101411.471355
101412.967197
101413.261619
101413.017575
101412.506608
101411.748398
101410.24083
101408.310852
101407.28206
101406.121714
101405.180423
101404.037671
101402.711699
101401.219916
101399.434639
101398.653609
101398.203568
101398.120941
101398.072557
101402.686758
101401.424386
101403.320059
101403.545475
101403.051089
101402.267071
101401.008983
101398.970576
101397.602034
101396.302693
101395.33065
101394.132014
101392.83676
101391.543462
101389.383656
101388.015237
101387.130087
101386.574212
101386.387172
101386.308189
101392.026374
101390.177049
101392.323985
101392.481498
101391.763303
101390.645614
101388.772974
101386.981134
101385.50062
101384.514991
101383.214381
101381.881532
101380.498101
101378.738365
101377.206048
101375.553104
101374.502761
101373.770238
101373.456526
101373.339674
101381.59453
101378.943687
101380.778618
101380.693005
101379.639534
101378.030643
101375.898104
101374.021329
101372.941599
101371.507302
101370.130379
101368.686803
101366.952845
101365.539486
101363.263061
101361.769061
101360.514179
101359.581417
101359.087762
101358.953027
101370.458827
101366.491289
101367.359117
101366.980539
101365.71117
101363.818268
101361.479544
101360.213255
101358.642191
101357.237444
101355.795472
101353.775384
101352.297841
101349.850446
101348.106441
101346.57217
101345.082645
101343.934391
101343.283057
101343.119082
101356.300462
101351.272899
101351.731425
101351.146258
101349.780972
101347.755337
101345.694011
101343.733011
101342.361496
101340.784165
101338.061986
101336.325207
101334.378966
101332.805896
101331.306673
101329.710485
101328.180235
101326.946136
101326.216962
101325.994138
101335.065411
101328.506879
101329.137785
101328.846225
101327.783026
101326.079643
101323.763293
101322.145572
101320.098359
101317.098145
101316.014753
101315.181935
101314.288723
101313.288697
101312.281593
101311.139877
101310.025693
101309.045991
101308.498963
101308.671558
101296.027194
101289.03971
101290.558759
101290.78079
101290.450856
101290.00073
101289.238364
101288.249684
101287.415905
101288.446692
101289.71471
101290.491791
101290.78625
101290.990944
101291.095048
101291.086124
101290.939613
101290.710039
101290.695297
101291.140511
101252.153668
101246.960702
101249.177223
101249.743033
101249.793761
101250.269631
101251.379961
101253.209717
101256.111858
101259.326892
101262.191184
101264.405902
101266.22098
101267.86246
101269.364329
101270.671556
101271.729732
101272.51371
101273.044794
101273.72063
101227.883999
101225.976856
101227.669979
101228.123466
101228.141488
101228.367843
101229.336495
101231.222859
101233.748191
101236.564796
101239.416994
101242.214427
101244.88546
101247.419197
101249.783039
101251.946042
101253.881435
101255.499632
101256.670384
101257.481422
101217.269815
101217.294457
101218.741563
101218.986355
101218.799955
101218.576408
101218.673484
101219.310569
101220.479898
101222.061341
101224.000571
101226.304864
101228.850028
101231.414631
101233.901507
101236.261345
101238.451977
101240.395576
101241.919444
101242.809393
101210.187084
101210.482266
101211.895786
101212.107921
101211.861943
101211.536423
101211.350421
101211.470322
101211.981386
101212.870138
101214.081667
101215.620243
101217.477993
101219.507656
101221.595176
101223.664143
101225.647104
101227.458261
101228.939751
101229.824214
101204.967077
101204.874225
101205.914422
101205.94755
101205.632074
101205.275736
101205.054208
101205.072642
101205.396006
101206.024534
101206.865629
101207.877137
101209.079157
101210.441129
101211.943654
101213.503511
101215.0697
101216.530381
101217.611446
101218.457957
101199.543238
101198.935839
101199.881347
101199.945143
101199.69858
101199.430557
101199.297978
101199.358549
101199.657505
101200.200503
101200.878432
101201.592881
101202.307508
101203.072339
101203.986983
101205.000334
101206.104829
101207.152668
101207.73099
101208.126163
101195.910398
101194.557947
101194.946772
101194.804192
101194.48639
101194.213739
101194.108712
101194.199556
101194.495905
101194.982717
101195.529762
101196.002273
101196.314589
101196.562991
101196.951109
101197.496976
101198.217948
101198.876139
101198.935324
101198.955848
101190.854941
101188.946182
101189.815914
101189.773928
101189.480013
101189.256736
101189.210294
101189.356259
101189.672397
101190.125923
101190.580294
101190.876253
101190.837358
101190.550809
101190.413233
101190.584363
101191.04905
101191.345371
101190.918469
101190.323873
101186.924695
101184.451214
101185.331178
101185.201221
101184.815295
101184.588332
101184.600778
101184.81728
101185.19008
101185.663061
101186.054904
101186.106098
101185.487001
101184.543611
101183.974548
101183.914132
101184.129699
101184.015827
101183.101946
101182.043773
101181.707864
101178.578226
101179.795493
101179.854392
101179.532454
101179.387663
101179.5309
101179.8908
101180.381242
101180.878518
101181.109615
101180.666826
101179.26117
101177.901387
101177.163406
101176.987837
101176.902764
101176.332001
101174.9419
101173.206764
101176.210386
101172.532528
101173.500501
101173.501482
101173.10202
101172.952004
101173.170603
101173.636309
101174.18356
101174.588508
101174.478378
101173.339107
101171.521864
101170.075376
101169.335815
101169.060119
101168.627922
101167.59374
101165.854233
101163.712205
101168.472217
101164.046808
101164.680418
101164.676828
101164.280403
101164.191346
101164.517064
101165.071158
101165.594224
101165.800834
101165.241408
101163.574998
101161.723456
101160.524572
101159.935726
101159.475473
101158.77322
101157.427695
101155.524385
101153.127603
101157.348097
101152.82896
101153.938157
101153.883478
101153.39045
101153.323985
101153.722287
101154.265524
101154.629403
101154.514644
101153.475579
101151.70935
101150.219315
101149.263184
101148.677463
101148.18449
101147.218888
101145.720021
101143.787397
101141.35876
101145.434219
101140.513742
101141.847982
101141.639917
101141.009166
101140.974003
101141.393597
101141.799711
101141.8693
101141.32601
101139.974385
101138.396946
101137.168394
101136.335891
101135.822958
101135.187533
101133.984442
101132.517689
101130.66058
101128.348783
101131.667889
101125.844993
101127.31297
101127.082618
101126.513154
101126.629704
101127.103927
101127.362458
101127.135996
101126.236555
101124.85655
101123.53718
101122.519921
101121.86802
101121.331213
101120.469239
101119.221528
101117.924917
101116.262637
101114.227842
101111.828349
101105.144782
101106.640586
101106.521174
101106.533204
101107.218054
101108.003599
101108.454297
101108.396563
101107.762717
101106.895138
101106.184794
101105.684802
101105.324165
101104.781362
101103.924277
101102.938269
101101.949603
101100.646654
101098.979288
101081.82149
101075.688467
101076.43431
101076.926256
101078.234595
101080.127052
101081.985419
101083.534125
101084.591915
101085.139744
101085.468107
101085.820501
101086.167143
101086.350577
101086.255542
101085.935706
101085.518397
101084.987195
101084.153095
101082.842025
101050.341091
101047.668234
101049.732689
101050.780922
101051.914473
101053.703306
101056.08544
101058.599609
101060.846019
101062.638748
101064.088812
101065.347117
101066.457829
101067.293339
101067.880203
101068.221447
101068.314626
101068.163647
101067.654024
101066.546455
101040.00974
101039.380907
101040.253139
101040.472486
101040.532382
101040.660391
101041.399527
101042.878773
101044.704783
101046.465875
101048.005818
101049.383485
101050.571114
101051.549849
101052.264394
101052.741477
101052.939111
101052.838768
101052.304015
101051.089714
101036.533597
101036.209028
101036.664853
101036.783364
101036.703787
101036.485373
101036.286616
101036.485503
101037.092744
101037.816105
101038.4438
101038.994977
101039.590891
101039.999218
101040.226959
101040.272275
101040.119225
101039.689795
101038.814667
101037.289016
101034.080891
101033.753221
101034.045112
101034.13087
101034.105663
101033.978451
101033.728534
101033.525043
101033.44995
101033.276988
101032.765679
101032.234264
101031.842406
101031.47709
101030.979142
101030.329674
101029.575977
101028.590985
101027.272029
101025.45877
101031.697373
101031.074352
101031.386576
101031.502285
101031.50845
101031.40929
101031.121006
101030.716823
101030.242185
101029.451182
101028.083651
101026.604321
101025.582019
101024.468162
101023.285267
101022.041807
101020.654752
101019.184446
101017.532142
101015.528872
101029.358684
101028.386308
101028.990457
101029.116958
101029.095337
101028.915832
101028.510343
101027.939428
101027.214853
101025.887701
101023.603463
101021.478216
101019.702886
101018.06214
101016.310245
101014.490551
101012.714805
101010.84309
101008.950756
101006.922452
101026.20253
101024.210999
101025.586566
101025.910311
101025.878663
101025.654155
101025.235624
101024.633154
101023.571033
101021.114969
101017.973395
101015.399056
101013.357425
101011.162413
101008.976523
101006.842678
101004.659022
101002.609988
101000.554074
100998.554741
101022.44521
101019.076286
101021.08582
101021.545009
101021.361842
101020.95758
101020.363738
101458.25659
101458.477154
101458.658386
101458.806968
101458.929508
101459.030787
101459.113315
101459.179019
101459.230418
101459.269872
101459.299249
101459.320119
101459.333936
101459.342201
101459.346768
101459.350035
101459.351591
101447.99971
101448.02979
101448.055785
101448.091843
101448.127273
101448.155872
101448.177728
101448.194568
101448.207167
101448.215114
101448.218503
101448.218309
101448.215459
101448.210624
101448.20438
101448.197336
101448.190241
101448.184189
101448.180848
101448.180279
101438.644805
101438.379555
101438.137716
101437.95168
101437.803494
101437.679168
101437.573184
101437.482764
101437.404879
101437.336462
101437.275847
101437.222431
101437.175734
101437.135263
101437.10062
101437.071589
101437.048185
101437.03077
101437.020268
101437.016833
101429.023909
101428.526076
101428.050666
101427.664624
101427.347688
101427.081008
101426.85493
101426.662915
101426.498728
101426.357159
101426.234997
101426.130177
101426.040946
101425.965755
101425.903312
101425.852637
101425.813076
101425.784326
101425.766617
101425.759935
101418.993122
101418.328432
101417.656499
101417.096269
101416.629681
101416.235415
101415.900922
101415.616597
101415.373631
101415.165131
101414.986522
101414.834421
101414.70595
101414.598617
101414.510327
101414.439418
101414.384656
101414.345164
101414.320553
101414.310413
101408.522971
101407.715236
101406.863685
101406.144408
101405.542663
101405.034235
101404.603413
101404.237427
101403.925057
101403.657834
101403.429812
101403.236353
101403.073544
101402.938039
101402.82702
101402.738224
101402.669924
101402.620788
101402.5899
101402.576255
101397.540662
101396.588939
101395.564728
101394.697083
101393.9747
101393.367781
101392.855989
101392.422647
101392.053899
101391.739547
101391.472187
101391.245966
101391.056021
101390.898241
101390.769186
101390.66609
101390.586855
101390.529835
101390.493725
101390.476765
101385.768711
101384.731535
101383.578149
101382.597431
101381.787628
101381.112479
101380.546843
101380.070121
101379.666015
101379.322726
101379.031566
101378.7857
101378.579535
101378.408404
101378.26843
101378.156517
101378.07037
101378.008243
101377.968626
101377.948908
101372.889863
101371.88779
101370.699094
101369.678134
101368.842774
101368.151474
101367.576126
101367.093495
101366.685846
101366.340503
101366.048125
101365.801446
101365.594606
101365.422769
101365.281941
101365.168989
101365.081685
101365.018453
101364.977855
101364.95643
101358.687294
101357.868975
101356.779376
101355.823127
101355.049409
101354.413817
101353.888334
101353.449481
101353.079813
101352.767066
101352.5023
101352.278676
101352.090753
101351.934084
101351.805039
101351.700822
101351.619615
101351.560375
101351.522051
101351.500472
101343.061439
101342.581684
101341.769182
101341.010832
101340.404378
101339.909339
101339.502512
101339.163863
101338.878719
101338.637028
101338.43164
101338.257217
101338.109583
101337.985365
101337.881836
101337.797001
101337.729839
101337.68018
101337.647746
101337.627936
101326.216183
101326.161302
101325.795986
101325.369796
101325.032764
101324.75913
101324.535597
101324.349724
101324.192194
101324.057001
101323.940161
101323.83888
101323.751068
101323.675076
101323.60962
101323.553929
101323.508115
101323.473223
101323.450064
101323.434014
101308.997396
101309.169605
101309.242176
101309.210472
101309.200617
101309.199325
101309.201993
101309.204866
101309.204943
101309.20116
101309.193483
101309.182324
101309.168225
101309.151721
101309.13334
101309.113847
101309.094736
101309.078432
101309.067084
101309.056516
101291.483556
101291.936967
101292.423153
101292.845863
101293.209193
101293.513468
101293.766597
101293.976623
101294.148648
101294.287643
101294.398249
101294.484578
101294.550161
101294.597978
101294.630582
101294.650422
101294.66046
101294.66457
101294.666299
101294.662364
101274.345979
101275.095758
101275.870703
101276.705566
101277.434338
101278.037825
101278.534047
101278.943793
101279.280878
101279.556546
101279.780185
101279.959605
101280.101287
101280.2106
101280.292055
101280.34973
101280.387977
101280.411966
101280.426541
101280.429655
101258.348519
101259.294324
101260.203824
101261.280562
101262.282512
101263.122676
101263.813445
101264.383981
101264.854663
101265.241452
101265.557358
101265.813055
101266.017326
101266.17743
101266.299445
101266.388746
101266.450792
101266.491756
101266.517446
101266.52722
101243.842752
101244.805179
101245.785906
101246.923184
101248.061591
101249.040253
101249.849537
101250.519784
101251.074639
101251.532397
101251.907938
101252.213466
101252.459047
101252.653024
101252.802398
101252.913348
101252.992006
101253.04511
101253.078951
101253.094271
101230.973561
101231.869301
101232.768558
101233.808655
101234.933845
101235.940566
101236.783148
101237.48415
101238.066714
101238.549025
101238.946071
101239.270239
101239.531812
101239.739363
101239.900137
101240.020546
101240.106938
101240.166139
101240.204392
101240.223608
101219.344945
101220.048519
101220.94303
101221.867484
101222.890574
101223.840735
101224.644657
101225.314576
101225.871794
101226.333519
101226.714043
101227.025145
101227.276587
101227.476515
101227.631828
101227.748697
101227.833244
101227.891916
101227.930375
101227.951443
101208.816302
101209.514426
101210.305184
101211.082466
101211.920353
101212.725459
101213.413296
101213.98806
101214.466331
101214.862265
101215.188295
101215.454687
101215.6699
101215.840977
101215.973891
101216.074083
101216.146844
101216.198008
101216.232351
101216.253024
101199.328681
101200.085498
101200.798935
101201.386419
101201.95455
101202.512698
101202.997247
101203.408371
101203.753587
101204.039628
101204.274831
101204.466611
101204.621121
101204.74351
101204.838199
101204.909179
101204.960847
101204.998022
101205.024215
101205.042255
101190.617676
101191.259683
101191.741025
101192.272987
101192.632438
101192.923831
101193.159924
101193.36179
101193.536242
101193.681119
101193.799267
101193.894562
101193.970295
101194.029206
101194.073771
101194.106252
101194.12977
101194.147766
101194.162297
101194.175556
101181.836237
101182.378733
101182.98624
101183.402946
101183.569281
101183.604523
101183.585086
101183.558682
101183.545255
101183.535764
101183.525888
101183.515441
101183.504661
101183.493696
101183.482786
101183.472568
101183.464195
101183.459673
101183.460046
101183.466807
101172.848268
101173.340858
101173.75127
101174.179935
101174.248283
101174.107472
101173.88206
101173.655152
101173.469319
101173.317152
101173.188183
101173.078736
101172.98662
101172.909842
101172.846516
101172.795224
101172.755308
101172.727517
101172.71266
101172.711992
101163.078145
101163.528677
101164.031114
101164.359035
101164.341651
101164.084371
101163.717542
101163.34364
101163.023418
101162.759061
101162.536188
101162.34814
101162.191028
101162.061353
101161.955638
101161.87039
101161.802983
101161.753128
101161.722441
101161.712984
101152.488693
101152.790898
101153.101285
101153.467069
101153.479268
101153.209144
101152.796324
101152.358436
101151.965549
101151.637179
101151.360334
101151.126235
101150.930161
101150.767981
101150.635395
101150.52769
101150.440388
101150.37189
101150.325277
101150.303843
101140.511986
101140.724915
101141.094894
101141.455754
101141.542352
101141.32872
101140.950571
101140.522988
101140.125434
101139.789666
101139.507465
101139.268402
101139.067132
101138.899385
101138.760924
101138.647028
101138.552389
101138.473718
101138.414307
101138.376649
101127.497272
101127.500713
101127.80897
101128.222436
101128.422937
101128.330149
101128.059184
101127.716938
101127.386508
101127.10723
101126.876507
101126.682232
101126.517675
101126.378394
101126.261118
101126.163206
101126.080784
101126.008379
101125.94557
101125.888084
101113.19146
101113.035395
101113.304368
101113.656589
101114.030624
101114.129636
101114.035809
101113.852244
101113.66371
101113.510798
101113.394547
101113.301236
101113.221405
101113.150569
101113.087734
101113.034605
101112.991572
101112.951629
101112.904797
101112.824788
101097.870576
101097.386155
101097.639608
101097.988719
101098.412784
101098.702442
101098.824349
101098.857197
101098.873851
101098.911064
101098.96858
101099.029583
101099.081866
101099.121249
101099.15087
101099.174937
101099.197335
101099.217943
101099.224463
101099.130837
101081.559661
101080.947494
101080.950064
101081.175682
101081.645456
101082.091828
101082.42546
101082.692844
101082.948824
101083.216212
101083.485209
101083.735337
101083.953993
101084.13686
101084.271403
101084.351836
101084.39488
101084.431877
101084.514876
101084.344192
101065.032751
101064.06223
101063.99381
101064.041454
101064.183159
101064.591507
101065.020782
101065.452214
101065.909525
101066.394663
101066.882983
101067.349128
101067.780918
101068.160535
101068.468271
101068.707845
101068.886358
101069.022119
101069.134028
101068.929812
101049.220893
101048.076078
101047.35156
101047.036409
101046.891972
101046.940849
101047.175516
101047.528754
101047.994317
101048.550965
101049.158372
101049.7719
101050.363376
101050.940934
101051.507476
101052.019948
101052.424752
101052.700835
101052.855924
101052.619484
101035.022987
101033.201641
101032.1886
101031.248462
101030.566237
101030.190036
101029.984092
101029.963587
101030.151065
101030.555715
101031.125588
101031.781949
101032.473075
101033.224485
101034.041719
101034.870746
101035.574201
101036.066064
101036.304014
101036.08981
101022.925427
101020.635499
101019.111094
101018.210358
101017.039098
101016.076491
101015.464962
101014.995299
101014.731032
101014.815544
101015.229006
101015.879384
101016.62851
101017.478869
101018.392155
101019.107229
101019.599678
101020.333428
101020.843762
101020.771349
101012.987629
101010.459515
101009.080851
101007.983899
101007.074606
101006.175245
101005.457429
101005.172731
101005.26857
101005.396019
101005.605679
101006.059138
101006.903417
101007.965388
101008.735409
101009.073373
101009.677737
101010.334396
101010.863094
101011.028868
101004.639305
101002.333218
101000.815425
101000.099536
100999.625083
100999.347739
100999.353321
100999.692413
101000.237483
101000.965165
101001.989231
101003.211596
101004.608553
101006.049251
101006.967389
101006.898313
101008.614234
101009.870062
101010.142197
101010.278867
100996.51309
100994.656829
100993.340659
100992.835215
100992.91019
100993.333754
100994.022753
100995.166953
100996.642202
100998.447813
101000.440109
101002.733592
101005.087861
101007.395057
101008.961989
101010.308981
101012.856981
101014.16365
101014.094286
101014.153346
)
;

boundaryField
{
    emptyPatch
    {
        type            empty;
    }
    minY
    {
        type            calculated;
        value           nonuniform List<scalar> 0();
    }
    maxY
    {
        type            calculated;
        value           nonuniform List<scalar> 0();
    }
    maxX
    {
        type            calculated;
        value           nonuniform List<scalar> 
38
(
101459.351591
101448.180279
101437.016833
101425.759935
101414.310413
101402.576255
101390.476765
101377.948908
101364.95643
101351.500472
101337.627936
101323.434014
101309.056516
101294.662364
101280.429655
101266.52722
101253.094271
101240.223608
101227.951443
101216.253024
101205.042255
101194.175556
101183.466807
101172.711992
101161.712984
101150.303843
101138.376649
101125.888084
101112.824788
101099.130837
101084.344192
101068.929812
101052.619484
101036.08981
101020.771349
101011.028868
101010.278867
101014.153346
)
;
    }
    water_to_heater
    {
        type            calculated;
        value           nonuniform List<scalar> 
60
(
101446.267355
101444.081691
101439.176092
101433.812968
101429.453809
101427.2311
101422.8114
101420.61473
101413.215865
101410.991692
101402.789822
101392.131308
101383.361736
101381.148757
101371.680746
101369.45658
101357.006517
101354.625608
101335.172606
101296.132068
101254.470436
101251.526907
101229.302472
101226.700971
101217.945243
101215.748152
101210.314322
101205.096302
101201.283001
101199.136669
101197.10011
101194.986191
101191.525396
101189.379052
101187.061683
101181.846453
101177.947551
101175.820471
101169.690816
101167.541601
101158.032041
101155.883223
101145.583727
101131.818223
101113.881437
101111.342924
101083.260412
101080.686761
101051.077586
101048.771149
101040.176184
101036.698455
101035.735575
101033.751847
101032.87224
101030.85731
101030.026733
101028.03515
101026.373858
101022.619708
)
;
    }
    procBoundary3to1
    {
        type            processor;
        value           nonuniform List<scalar> 
41
(
101019.35421
101016.903202
101013.183166
101009.877786
101007.591245
101005.143074
101002.746011
101000.341481
100997.885776
100995.605307
100993.299706
100991.145009
100989.023864
101017.0143
101011.644074
101013.636754
101014.16439
101013.764139
101013.090971
101019.35421
101011.924514
100987.211734
100985.698496
100984.674593
100984.312698
100984.576419
100985.30377
100986.510419
100988.167913
100990.397103
100993.1346
100996.676806
101000.770023
101005.298138
101009.546154
101012.897451
101017.069445
101018.963885
101018.912153
101017.383691
101016.87843
)
;
    }
    procBoundary3to2
    {
        type            processor;
        value           nonuniform List<scalar> 
41
(
101451.562255
101451.912636
101452.859661
101453.247535
101453.343115
101453.325296
101453.398266
101453.636218
101453.948038
101454.17064
101454.196426
101454.473119
101454.761509
101455.086428
101455.110692
101454.999878
101455.32217
101455.931649
101456.502962
101456.910386
101468.638451
101469.026454
101469.344577
101469.606291
101469.82291
101470.002912
101470.151576
101470.272485
101470.369423
101470.446033
101470.505292
101470.549697
101470.581485
101470.602861
101470.616396
101470.625153
101470.627968
101457.323882
101457.685567
101457.992891
101457.992891
)
;
    }
}


// ************************************************************************* //
