/*--------------------------------*- C++ -*----------------------------------*\
| =========                 |                                                 |
| \\      /  F ield         | OpenFOAM: The Open Source CFD Toolbox           |
|  \\    /   O peration     | Version:  2312                                  |
|   \\  /    A nd           | Website:  www.openfoam.com                      |
|    \\/     M anipulation  |                                                 |
\*---------------------------------------------------------------------------*/
FoamFile
{
    version     2.0;
    format      ascii;
    arch        "LSB;label=32;scalar=64";
    class       volScalarField;
    location    "0.545/water";
    object      rhom;
}
// * * * * * * * * * * * * * * * * * * * * * * * * * * * * * * * * * * * * * //

dimensions      [1 -3 0 0 0 0 0];

internalField   nonuniform List<scalar> 
1496
(
588.483034576
624.557404044
618.040403665
606.411092529
596.142793165
595.094085193
600.079523952
616.002884271
642.530602818
681.778231469
733.987498009
792.859946981
850.903051273
895.824636114
902.297967043
902.178220473
902.390512304
850.025570691
748.010732344
729.905055796
589.164766119
640.546257509
633.252139695
620.865240698
608.862270716
607.763697414
616.420316642
637.410240768
667.013720097
704.650922482
751.284726284
805.442140184
860.772009254
899.525507348
902.178190436
902.460155936
902.178220159
838.355045645
759.923705028
748.44353037
597.239426087
661.08737409
649.382174197
638.471679639
628.987098728
629.943536936
642.885209689
668.373456957
701.117506412
739.511587888
784.358663206
835.476457417
884.036431801
902.178158841
902.360015838
902.178195135
897.496356124
823.47504681
776.838720228
772.276362208
614.724068218
681.700902246
665.0566201
658.118377872
655.014185
662.957474661
682.588880533
711.021722148
745.281332158
784.945279728
830.770163496
877.314393736
901.489349888
902.296092649
902.17816642
902.569728996
884.472630881
811.870696279
797.852900398
798.662020857
648.676333265
690.04006589
678.929026719
675.237982837
681.838745376
704.888713993
735.235685959
766.128590542
800.433421188
839.478405657
880.455686724
901.404796512
902.283891612
902.178131856
902.658343086
902.17816253
861.657675888
805.901177334
815.830194205
823.194673171
682.058460727
694.257224371
685.191491804
682.63286496
698.076397954
739.355963046
786.095292838
822.821342702
856.343919349
888.118723812
902.003447609
902.295188358
902.17808912
902.729414242
902.178128319
896.451254451
826.405498251
803.063205823
821.170247274
835.901356835
694.219931162
694.264513937
683.688418317
681.825341855
698.711759003
743.696377794
798.941073416
842.924530766
875.212222181
898.652296194
902.297895099
902.178036194
902.515254514
901.391672355
887.7546573
840.894125803
783.667000654
794.77427092
816.949083971
834.741907694
692.046527757
681.158497315
674.488481135
676.197522585
692.758465003
733.278507551
787.576582339
834.321755561
867.595183206
888.691801252
891.435428224
887.689250817
874.413343546
844.078426237
792.64401539
734.44159196
729.053289211
760.302783791
788.526209668
816.997062376
660.194815759
650.827088351
661.749945919
668.114614482
678.986004998
703.258130103
743.210905314
785.993426747
816.591099599
827.680987701
821.917564022
800.722634151
761.571090594
712.302399499
666.990662666
651.031564003
667.957055674
697.975209468
730.066786592
770.920994431
613.515875672
628.563441986
656.59864725
665.68997672
669.512884557
675.793330426
689.115376537
707.038232234
718.832286497
716.681805679
704.082284374
680.887871834
653.657719969
633.060752028
623.824684717
624.159475426
635.418937591
658.416234463
691.805795014
737.803233889
586.880021564
624.385223444
655.460405359
667.358887988
670.396945211
671.592267308
672.050268227
671.799345972
668.71698705
661.362216928
650.783486913
638.896193975
628.610361767
622.466642122
622.452555735
622.640249331
632.431425026
655.388025438
690.811866822
738.820872635
581.468364185
621.582002035
654.671157451
672.095690275
679.13575295
679.694103496
678.320675345
675.181898247
669.586380145
661.168745464
650.701824861
639.826520524
630.834292914
625.931263982
625.514332109
627.943330611
640.551651397
667.343517918
708.496806874
761.896525773
581.60235963
616.315512274
652.153043048
674.925239672
694.641533337
704.724052866
706.738604214
702.567838365
694.468556251
683.665622257
670.93719094
657.858194482
647.603867979
643.604292343
644.363244297
652.060825912
672.846017436
708.293791401
755.157024966
805.812518069
581.470220139
610.945842931
647.30567249
673.265536891
700.047112767
729.549586774
749.855770078
756.959415693
752.198701528
741.693913462
725.446774906
705.77165926
689.581754778
686.123512337
690.523725762
706.204481917
733.423860549
767.005403827
794.971291889
815.967207043
581.595607035
608.64499848
643.77040203
670.575730962
698.395382113
734.066946034
774.313673688
806.54177862
820.865565912
816.781631163
803.229834865
779.484144185
757.414898546
756.932156059
766.23123398
779.363785056
781.363252756
781.626717985
782.244055287
775.714712478
581.550471702
610.098552083
644.727687367
670.63933227
697.381144338
733.547029435
779.44033828
827.307123369
863.479874734
874.283901161
869.883090251
855.45172995
839.926121477
841.748017115
836.259448002
801.882487808
767.602965464
737.167152085
711.288036737
695.666767404
583.213560339
618.466776617
652.654031959
676.416714767
701.576579184
737.300742188
785.204462347
838.059695341
880.122612673
893.890663471
894.416193373
893.229321999
891.920060071
877.515405609
823.552025552
744.745289292
684.17914964
656.663256858
652.89027511
672.012122258
589.126683131
638.704647047
672.994170966
694.671985087
718.791351514
754.177999052
802.028369454
854.425709039
890.253444742
895.355670491
895.485095974
895.355771157
895.120690901
843.345505434
724.590348109
651.602014474
629.866983775
629.451154205
649.028192506
680.61382955
598.099957502
669.206470195
705.819972816
728.362854538
753.45683318
789.354768817
835.326262876
879.065439648
895.298044686
895.479888267
895.355750962
895.731295402
853.596814739
720.155181252
642.570252809
626.446978507
626.338830457
632.110298025
663.020561347
706.859795166
603.679509439
705.509391467
747.964209112
775.070884095
802.348552562
837.578570524
875.273377065
894.657308084
895.468969614
895.355721215
895.738153281
864.305969648
722.166995695
647.453666147
636.021046998
630.133113858
633.812702869
653.143118123
694.892589211
739.89392758
611.044429699
739.845530903
790.200087153
823.993457416
851.736967796
879.633637657
894.723909483
895.473272726
895.355681968
896.138354596
883.38998366
744.371758112
650.022562779
646.703951085
646.056960447
651.640234672
663.599728844
692.337938492
735.048605891
773.600392407
627.394972935
771.276593326
821.411681688
855.962443837
880.291594514
894.735039913
895.470227468
895.355629651
896.142100142
895.355755176
808.757079603
661.94236366
649.818352809
652.298120628
672.925542067
692.007798355
711.482792786
740.945155113
778.304183638
807.134946049
656.344017107
798.781325938
834.095182233
862.265690077
886.017335685
895.411233199
895.355551505
896.075212276
895.355719528
881.481285943
718.692132361
659.037219524
652.204858999
668.567254886
702.723439676
733.046683209
759.752632744
788.352089117
818.093375099
835.611592962
688.794789486
805.601673308
832.556874592
859.864198353
885.503629357
895.355410738
895.889923458
895.355668982
896.244345847
820.561081508
702.366031693
673.456513885
670.358211243
690.460008984
723.643460662
758.12852065
790.812414293
819.41846489
841.287840862
849.310838741
704.657932279
791.710532317
812.401884781
841.753215134
877.191676344
895.561923022
895.355585628
896.244280426
860.879637867
755.705142118
710.028233301
703.391504386
703.887860806
717.574090938
740.457242302
770.281278213
803.229760602
829.892715697
846.696549828
851.439844105
702.051485405
747.593523808
756.450267033
788.215037017
840.585192104
877.345250978
878.357611285
846.234269457
776.347499634
725.6607794
714.284659223
718.001818284
728.898103058
744.017515228
760.177684983
781.292912297
809.899161746
833.647404171
846.965493882
851.456233131
684.971264261
700.16874023
698.476106733
718.615118622
766.511584692
810.908800277
808.486459063
759.685446877
710.150475873
701.337610531
705.246298943
711.498042878
727.184793047
748.51418958
775.633262972
798.410676528
819.253690259
838.792120229
847.326606453
843.877779628
667.507546512
682.097330389
676.504013826
682.593638418
708.981146073
746.015141006
752.429866238
728.731449245
688.926408494
674.140102305
676.488865619
682.854207927
705.552984756
737.923247698
774.011859354
812.704815039
836.462752571
851.47877934
851.396674249
831.035919345
667.254734546
681.107352416
674.12185485
675.018981643
695.263818048
734.190325915
747.675455641
729.465691996
688.989953566
659.08126127
650.078737273
649.775957677
668.237243539
707.447408492
758.870005196
811.557363165
857.636751071
874.758301015
865.360929702
830.560134253
667.234806538
681.758461946
674.019015246
673.823430156
695.962197965
739.665222794
756.74085259
740.528246918
696.863819859
661.169921597
647.180923212
647.15106892
655.250426533
687.000828694
739.750993079
804.676365763
866.260774663
888.04330282
884.097642199
836.011463736
671.641841781
682.014501936
673.618914837
672.305688825
699.203736749
754.597048981
775.477465294
766.804269735
723.850934482
680.203595353
658.264773497
653.766687107
661.359373095
689.334870735
738.624063414
802.077971055
866.041948194
888.157321485
888.137323308
840.206847279
680.434641754
681.978092469
670.922709726
668.914051481
699.189921739
761.728355861
777.687369683
777.758715561
765.242317525
725.151840533
695.740262092
684.391516675
687.811252711
706.281765299
746.041363188
803.320739062
864.913075593
888.137297195
888.157332247
835.055788385
680.449475336
673.269767164
663.44136197
663.03625671
690.749992986
753.361721375
777.763116857
777.691964086
777.763297149
771.849093423
751.986756488
735.11429337
727.324950527
731.994592924
753.949696605
801.175665618
856.422238949
882.99180082
874.232505896
813.911772913
667.713415922
656.154899668
654.034901029
656.142312104
672.787090984
715.970607421
765.931204476
777.763135039
777.687458481
777.762092379
777.683289363
759.993606081
739.061652019
733.643629765
747.709673736
780.332230221
816.179471984
837.15068355
817.736372433
780.129482438
647.512055906
643.951833296
648.1184526
651.727229024
657.540978093
672.546083572
709.837930756
750.239137434
769.565251344
773.178300302
769.409169827
750.780940564
727.093730036
714.479773408
713.708511773
720.028052552
728.220548448
736.16884368
728.356840891
739.194040429
635.369854022
642.493612634
649.557369226
651.587738615
650.860950814
651.143254406
660.361482656
685.511207198
714.346705694
727.184324449
723.223124062
708.192110888
686.34824169
670.011101622
661.314190265
656.728193649
655.842130553
658.656732563
667.607373355
703.405761855
632.662080356
645.291727013
653.477644347
652.620482023
648.802194354
645.935761508
646.44052264
650.203750271
658.268711905
663.955518651
662.021800476
655.634685588
647.008145825
641.56790321
639.718275754
639.275352097
639.389775447
642.632601602
657.572363896
694.900730442
709.938385447
723.131929597
804.800710065
961.03179379
999.019472675
999.993094726
999.99436219
999.994382656
999.994365634
999.994398699
999.778995445
929.22036479
762.781623211
765.674575576
903.482567121
999.183134523
725.703103673
720.848691415
714.547586954
709.638831937
709.932003949
722.026780893
840.760144745
985.709920398
999.943873505
999.994362189
999.994374583
999.994365633
999.99441081
999.993168193
997.779210024
869.09301773
762.024901467
802.296264862
936.494310519
999.182906338
738.646584961
726.986177285
716.612516673
709.7757912
709.956773859
720.503854453
860.491906648
988.64456036
999.945419419
999.994386209
999.994362189
999.994396681
999.994365632
999.976003429
993.569586993
853.424086369
762.781576951
847.264254262
966.379572476
999.184868619
758.388441238
739.171446093
722.400899258
710.99996382
710.061354108
720.560290947
858.049054457
987.046914622
999.915394656
999.994360391
999.994390468
999.994362188
999.994412616
999.94651821
991.992143045
869.232030112
762.556310197
872.109882199
985.550938903
999.183625698
783.921142561
759.846229506
736.688692794
719.721513928
714.523883289
726.348527699
849.788536299
981.762528168
999.7638484
999.994396087
999.994360391
999.994405806
999.994362188
999.961359808
995.448211363
920.364883284
797.985358113
873.71326524
989.884147518
999.185427463
812.904001633
789.74844761
764.196987406
744.265734036
735.929211703
748.25798679
847.566876369
971.408135921
999.01541988
999.987417971
999.994411296
999.99436039
999.994412818
999.990496919
999.281751632
977.235088804
876.793183562
871.103332732
975.054621211
999.18432988
839.016886178
825.629793603
804.885610363
788.146541282
781.618272456
792.427668092
855.249646002
953.095678739
995.237601452
999.803769709
999.986845761
999.993165678
999.9940307
999.994008545
999.977866866
997.686154807
926.899101874
859.3336002
954.431052492
999.185300266
848.93942234
856.825511933
848.319379481
841.536960144
841.229536742
850.573571664
879.269763519
931.814154486
982.194020539
997.865533841
999.798789053
999.950140948
999.975354363
999.982067602
999.976746226
996.662520498
882.615770983
819.882486328
948.00552602
999.184364419
843.30500225
863.915519046
877.531309721
884.580861405
892.799987089
903.598122208
913.994932874
931.980216286
961.875562052
988.854685796
997.700065851
999.369325344
999.741361223
999.795817101
999.210904249
911.103667469
709.773665734
730.511030874
836.096633997
993.20861506
817.814164748
858.302319785
888.313113933
909.302457945
925.103852197
933.228864226
935.912767856
937.12101365
947.470479871
966.338903779
982.537695919
993.43144087
995.646852374
992.002257708
877.219667627
705.113017682
703.356759809
704.874475297
719.93130794
976.066748754
794.284216857
849.686387989
892.390609612
924.203619352
936.500366304
936.497764891
936.66938235
936.829850074
919.878060691
882.667221953
895.177521676
936.00695038
925.477515206
831.373465358
705.348941405
703.407233155
704.87442458
703.412824564
705.229931842
967.488662441
796.701463505
853.652161976
900.217838579
930.754708742
936.49775206
936.500362507
922.510418491
852.491118218
758.619001727
694.923418066
703.837792684
744.168384432
752.826823824
716.939873718
704.912026108
704.909846952
703.419668938
704.82394673
704.763707363
969.267417259
820.205102482
872.033354129
906.346971227
924.751297637
919.227646112
852.605511324
726.481581179
644.209087434
609.554642848
600.178406692
604.108969308
630.32175261
692.710745239
723.178570992
705.400987494
704.214026639
704.909775959
704.049651864
705.083832067
980.866308029
846.174879898
873.585270794
882.173838552
858.793286215
761.43409744
639.112567092
599.977241451
596.401012767
597.228410758
596.257659732
597.228414053
624.667470573
707.101039213
744.371982578
704.809019996
705.146705168
704.119159897
705.083792802
730.201481113
992.874563235
830.093717754
820.869035861
780.383877658
708.51374297
621.662670097
597.228398368
596.20142536
597.22840281
596.244542092
597.228405274
597.050188362
648.19831493
744.407328934
744.498773848
705.379950186
704.330552664
705.146691987
704.712466332
777.24558238
995.147711815
750.883176394
723.328244775
699.95097035
648.3774659
597.228392095
596.26464989
597.228394517
596.304155283
597.228396237
596.813912635
601.030554028
687.65462752
751.802977363
744.681854571
705.05406883
705.379945923
704.731899667
705.275205949
813.830172554
996.742290027
694.484095407
700.958294901
687.984588304
630.446556767
596.452503619
597.228386036
596.598207415
597.228386899
596.789107161
597.228389088
618.982469401
706.85692761
751.819215221
742.647718026
707.35919529
705.11590928
705.379945161
717.740153057
851.589571951
997.981364057
695.497869337
709.461693489
680.612295841
613.063771856
597.228377036
596.990793436
597.228376975
597.03024698
597.228378676
603.048064495
641.947735816
706.320204671
747.970498786
742.322148441
728.843270981
723.676830158
728.578307791
757.018273133
891.659647476
998.998647678
713.473122922
723.257990015
668.5136887
605.356431561
597.06805954
597.591244687
599.62645475
601.646358194
605.919550008
621.24049116
657.520245219
701.715719041
736.190334232
754.761785204
767.74580739
771.621849936
778.053842643
806.214309723
931.423429443
999.606997018
737.613867064
729.528435861
656.921759085
607.460724213
601.122474474
609.669526431
617.559167525
622.998790347
630.971345751
646.744647088
671.30459598
703.144218765
738.6026989
773.789497421
802.222406081
814.207178513
822.694522767
855.054123069
963.982889161
999.641070701
761.558613377
733.556544918
654.325216386
616.042558402
614.526494777
635.61259284
652.749729284
660.467792848
666.980592283
677.799404903
694.876817192
718.882947222
747.981046175
777.279238405
802.07517897
813.820500697
825.652951525
878.266790929
983.867852608
999.641928163
785.917043102
739.918761609
659.037050702
630.844844694
634.242128167
663.533202591
689.102887446
699.131698276
704.892759591
716.857188781
732.71395969
743.744212653
748.912615359
756.106578991
767.690816317
779.399408801
795.291911688
867.616055821
992.406893501
999.641528547
810.76268513
753.823329678
675.462868482
652.443233364
657.638715607
684.258175833
710.3370873
724.762813647
737.424314727
754.754754999
759.182277968
750.027936893
716.833768704
694.164774064
698.780154192
716.013697198
746.284925048
843.864600133
994.230933219
999.642366939
832.04056361
779.001482182
708.139474821
683.397888737
684.395108722
701.355316213
720.347248864
737.546875724
758.16855714
765.951040934
759.882246389
712.983600819
658.881358189
648.855845609
657.414819776
684.480211561
741.663494049
850.741615787
989.096175022
999.641258504
845.297996108
813.609798782
758.444298214
726.681045991
717.71560785
723.20603141
732.221552598
747.727206669
769.444431098
766.201838542
719.499817143
653.201032718
647.255676283
646.765222697
648.131216468
683.475508885
755.411656515
873.06140773
987.992807325
999.642716877
851.326097197
843.005798819
816.339959575
784.023486641
763.691645779
756.806116951
757.741042373
766.722873243
775.555462958
742.784080157
665.804404505
647.255651692
645.298597713
647.113310053
647.5136481
689.152454238
778.21028013
901.102357286
990.908708556
999.641528487
850.749818084
854.050212604
855.925571966
841.397082859
820.780314685
806.731770681
802.161610341
804.63004129
789.644005225
713.594330556
647.942451203
645.295226482
646.889157814
645.088415126
647.395236972
696.825467057
798.819743848
923.088060869
993.797261263
999.643028211
842.306155058
851.420628444
865.133970837
872.413828562
867.257894345
859.638905934
855.324990897
852.549381496
816.305521185
704.121990746
646.123088448
646.889135094
644.77235286
646.889164564
645.837651529
700.279233995
818.303147509
941.427092177
995.716394482
999.641887117
819.879321552
837.638538833
862.660642526
876.385785197
881.311496724
886.184139695
891.34053943
890.986974043
848.668354059
711.133285481
646.889107513
644.780837238
646.810063101
644.795662415
646.88916869
699.310553821
834.190843385
954.911872771
996.794344248
999.643301786
796.375535366
815.868873994
853.682713461
874.537039218
880.602455512
887.896345844
903.859568037
912.519905026
876.176985081
731.795407538
645.782236318
646.728505735
644.837674323
646.780412894
645.096727646
697.807522932
844.270042974
961.72377738
996.955641799
999.642270553
788.305120535
801.90159159
841.710449854
867.230602816
874.337876629
884.15294736
905.564073906
922.71681473
898.779027685
758.762726407
646.728473943
644.633246782
646.378213322
644.80581647
646.780417604
700.443554596
860.890627133
968.745339911
997.006802699
999.643394032
787.077298195
798.763606228
831.750342768
853.09331782
859.322186128
874.10088844
904.690760173
928.48340844
918.015055304
794.115768152
650.222249374
646.373978654
644.629815994
646.374009015
645.860401352
713.637378719
891.041253246
978.702499443
995.925820663
999.642463968
785.630564321
798.46992567
822.186281885
832.672164639
837.715958578
860.708488929
901.138260132
932.055883162
933.817851103
833.666038443
668.800169427
644.616582745
646.012730888
644.681352683
646.374012374
740.208562443
922.46720737
986.868976077
990.068171269
999.643302539
783.788687977
797.932120176
809.856956903
808.696737392
815.453616451
847.831502219
895.17894771
932.978153671
944.462446531
871.549146856
694.740600508
646.01270646
644.701304241
645.989293237
645.529944939
768.908990469
941.674784925
990.4659798
978.858088506
999.34008769
780.631841798
795.562317922
794.002012722
785.794625456
797.100528451
836.091075716
887.497093193
931.473285503
949.6393614
904.807811268
727.147761221
644.832170766
645.658868064
644.604957115
645.989296512
790.148012288
953.503327842
991.148767293
962.911894205
994.602928299
770.698019026
788.095437641
777.050052715
767.038665047
782.560074867
824.886394897
878.645593213
927.306157693
950.995571107
930.591423938
768.129409039
645.735259118
644.843249847
645.606803556
652.738799345
816.537870429
962.986844583
991.142790419
950.871346031
970.246500981
750.735494471
772.609486678
760.84130324
754.008591578
772.132586783
816.168248734
871.493715979
923.15395885
951.035020352
945.812933168
815.108817437
645.118846973
645.451756094
645.080552393
686.689878035
851.772723761
970.642120703
991.157744305
943.409032647
902.485117892
738.904609135
756.100429445
750.667549544
751.083016087
771.517881994
816.580393581
873.00256334
924.86574524
951.035018627
951.035024178
869.437861014
645.451728517
645.16502462
645.258478467
728.033084246
890.195234045
976.318670393
989.362866641
912.656914089
862.460062936
)
;

boundaryField
{
    emptyPatch
    {
        type            empty;
    }
    minY
    {
        type            calculated;
        value           nonuniform List<scalar> 0();
    }
    maxY
    {
        type            calculated;
        value           nonuniform List<scalar> 
40
(
632.662079142
645.291725715
653.477642812
652.620480391
648.802192757
645.935759998
646.440521274
650.203749064
658.268711216
663.955518417
662.021800272
655.634685053
647.00814507
641.56790253
639.718275152
639.275351561
639.389774948
642.632601121
657.572363516
694.900729788
738.904608115
756.100428653
750.667548654
751.083014613
771.517879841
816.580391131
873.002561257
924.865743884
951.035017775
951.035023689
869.437860412
645.451724744
645.165020921
645.258474809
728.033082313
890.195233087
976.318670078
989.362866459
912.656912506
862.460060421
)
;
    }
    maxX
    {
        type            calculated;
        value           nonuniform List<scalar> 
38
(
999.183134543
999.182906361
999.184868644
999.183625725
999.185427491
999.184329911
999.1853003
999.184364453
993.208615331
976.06674966
967.488663635
969.267418324
980.866308611
992.874563423
995.147711936
996.742290104
997.981364103
998.998647701
999.606997027
999.64107071
999.641928172
999.641528555
999.642366948
999.641258516
999.642716889
999.641528499
999.643028223
999.64188713
999.643301799
999.642270567
999.643394046
999.642463984
999.643302561
999.340087739
994.602928816
970.246504356
902.485130057
862.460080833
)
;
    }
    water_to_heater
    {
        type            calculated;
        value           nonuniform List<scalar> 
59
(
588.383152277
588.383149992
589.054760077
597.113879924
614.580154856
614.580153843
648.517985002
648.517979751
681.895788592
681.8957801
694.053661299
691.877036381
660.020701536
660.020682676
613.358806232
613.35878746
586.749125429
586.749113906
581.350915063
581.491153776
581.362691234
581.36268433
581.491140534
581.491134098
581.448691449
581.448690596
583.113010769
589.023260601
597.988563477
597.988577816
603.557868427
603.557873792
610.908897824
610.908894578
627.242154434
656.180290987
688.630646026
688.630636535
704.494357885
704.494348865
701.885022175
701.885013257
684.799626968
667.332315541
667.081537411
667.081526977
667.062040331
667.062032211
671.469492783
671.469490114
680.263827043
680.277919211
667.539945978
667.539961877
647.340603118
647.340628598
635.206068455
635.206090284
632.504695689
)
;
    }
    procBoundary0to1
    {
        type            processor;
        value           nonuniform List<scalar> 
41
(
587.953397226
610.245890343
605.118757707
596.190300766
591.011611778
590.644306126
592.270810725
603.08741572
628.147601291
671.455497382
729.481426231
791.009126554
849.81504283
895.496132295
902.178211908
902.486052855
902.178248639
852.717545358
739.062377249
717.731216321
706.881961055
721.329956376
771.96256727
907.847681548
986.167700376
999.679129603
999.99366658
999.994362191
999.99438692
999.994362191
999.994212249
986.82433583
765.197539801
762.781645499
868.669299356
999.177573527
718.40067193
717.694463151
713.196138731
709.504048173
709.504048173
)
;
    }
}


// ************************************************************************* //
