/*--------------------------------*- C++ -*----------------------------------*\
| =========                 |                                                 |
| \\      /  F ield         | OpenFOAM: The Open Source CFD Toolbox           |
|  \\    /   O peration     | Version:  2312                                  |
|   \\  /    A nd           | Website:  www.openfoam.com                      |
|    \\/     M anipulation  |                                                 |
\*---------------------------------------------------------------------------*/
FoamFile
{
    version     2.0;
    format      ascii;
    arch        "LSB;label=32;scalar=64";
    class       volScalarField;
    location    "0.735/water";
    object      epsilonm;
}
// * * * * * * * * * * * * * * * * * * * * * * * * * * * * * * * * * * * * * //

dimensions      [0 2 -3 0 0 0 0];

internalField   nonuniform List<scalar> 
1503
(
16.9087774641
2.64629171364
0.340747441462
0.0408579113916
0.00556732212029
0.000853594760887
0.000219151886158
0.000100403033017
6.73793693412e-05
5.55889664899e-05
5.06514598174e-05
4.83570686721e-05
4.71971795579e-05
4.6559547346e-05
4.61792728278e-05
4.59369517514e-05
4.57759342125e-05
4.56671555364e-05
4.55942760386e-05
4.55474693079e-05
555.601518698
106.035668522
17.8274484134
2.63691859535
0.331683310155
0.0398210208294
0.0056010699391
0.000897786036016
0.000219858738863
9.85137842959e-05
6.65159192235e-05
5.51998961799e-05
5.04627639061e-05
4.8262430882e-05
4.71456494169e-05
4.65236258981e-05
4.61450648887e-05
4.58994358107e-05
4.57358604684e-05
4.56290780203e-05
776.063135236
181.222104294
40.5457209971
8.31252381362
1.42698244292
0.195992193467
0.0249234454037
0.00373901785952
0.000685834749685
0.000199902731738
9.82501487283e-05
6.79384309654e-05
5.63470858436e-05
5.12438937606e-05
4.8793933925e-05
4.75242202482e-05
4.68070544478e-05
4.6365583585e-05
4.6076981162e-05
4.58858907883e-05
989.700828863
245.406787158
61.1003531795
14.9342862143
3.30007235358
0.588860517827
0.0821163338714
0.0111417126157
0.00180580261129
0.00040180976688
0.000150944219364
8.71211853282e-05
6.48921962686e-05
5.55066485166e-05
5.10998613565e-05
4.88821642814e-05
4.76869132035e-05
4.69886296089e-05
4.65480049929e-05
4.6257768814e-05
1079.52044213
283.245896083
75.6042084189
20.4195043665
5.28109414131
1.19199468344
0.207935953984
0.0290943175743
0.00429116814724
0.000785426523421
0.00023336319467
0.000113579731007
7.60439838438e-05
6.09678850679e-05
5.40157002458e-05
5.05535938267e-05
4.87272702679e-05
4.76989813615e-05
4.70748565423e-05
4.66724999244e-05
1063.31029537
295.477018521
84.3165502236
24.6193720308
7.0969875316
1.88556019906
0.414539473648
0.0686734244368
0.00990064774989
0.00154581129826
0.000364207381076
0.000149258011055
8.9916607241e-05
6.75554686139e-05
5.7489054415e-05
5.2508195475e-05
4.98993358877e-05
4.8459327904e-05
4.7612361244e-05
4.70817782999e-05
1008.55993412
290.978101138
87.5186626293
27.2527222301
8.51537619084
2.53578864657
0.661046494973
0.135962359692
0.0218191368241
0.00313307993973
0.00058166831049
0.000197632963227
0.000106802010306
7.52067697096e-05
6.14473265932e-05
5.47024775702e-05
5.1177807886e-05
4.92489909796e-05
4.81383337254e-05
4.74618386433e-05
972.504573125
284.186224005
88.2723690825
28.7682434351
9.49261777445
3.03977571693
0.895980492653
0.224168802156
0.04405379449
0.00662811496519
0.000975394072353
0.000265616131092
0.000127377754002
8.3920978514e-05
6.5819406281e-05
5.7084787143e-05
5.2535785188e-05
5.00554906701e-05
4.86456450291e-05
4.78072064429e-05
935.030687209
278.345095374
88.5291970695
29.6624176074
10.0850310108
3.38141305504
1.08893545282
0.3220260893
0.0812599854847
0.0150050666441
0.0018470405147
0.000374415697627
0.00015411457926
9.40815167659e-05
7.06484452194e-05
5.96465228072e-05
5.39677507951e-05
5.08824856268e-05
4.91453571756e-05
4.81316248306e-05
905.10250927
276.566093042
89.4674892102
30.2250724184
10.3666252671
3.57345421789
1.23728770311
0.422513455053
0.134316521183
0.0344244789179
0.00442080699112
0.000600835631376
0.000196277848936
0.000107392570172
7.63412677884e-05
6.25137639412e-05
5.55350282645e-05
5.17757781155e-05
4.96717627113e-05
4.84605839533e-05
935.462518846
288.630531987
92.7206201056
30.8045829777
10.5211411252
3.72056552145
1.38001190881
0.530041102856
0.204685731372
0.0720621958958
0.0141615735437
0.00136920453256
0.000289496619515
0.000128850647661
8.39430675208e-05
6.59878977144e-05
5.73555993383e-05
5.27970416279e-05
5.02682749962e-05
4.88269942614e-05
1078.14772357
322.357866318
98.9940763762
31.9089030524
10.9437318263
4.00528669297
1.57126526351
0.660033379004
0.292777189525
0.131239109918
0.0419442759837
0.00480890296801
0.000552915788478
0.000170177552112
9.53757131578e-05
7.05448420602e-05
5.95982780443e-05
5.40282103247e-05
5.09832117113e-05
4.92622038493e-05
1323.84310714
362.899052195
106.956588709
34.1712110137
11.8676496646
4.46688602453
1.82074058971
0.813455809529
0.394748156036
0.207483247885
0.0956404729798
0.0192353823196
0.00152647957619
0.000266507749347
0.000114707786808
7.69714410765e-05
6.24914925097e-05
5.55576046784e-05
5.18571020257e-05
4.97869771462e-05
1385.06728572
382.181638813
113.072226527
36.341033139
12.7817331009
4.92259857922
2.07157850935
0.962647468459
0.499460484359
0.28939694238
0.170631945821
0.0586715320305
0.00578026635523
0.00053036284883
0.00015042780761
8.64726111519e-05
6.63242707269e-05
5.74761904638e-05
5.29198854506e-05
5.04107160185e-05
1399.01449079
388.819786664
115.663876888
37.4559666042
13.342688295
5.24377603489
2.27056694587
1.09189113893
0.592994170587
0.367154509232
0.250027703225
0.123851660814
0.0210705981664
0.00141938116625
0.000223825122695
0.000101078547739
7.15042505715e-05
5.99006276542e-05
5.4204787728e-05
5.11416311054e-05
1400.48868911
390.491586833
116.820718723
38.0791987673
13.6801649451
5.44937671001
2.41072626672
1.1938239747
0.670355131553
0.436206557374
0.322083498067
0.198739103766
0.0554032459597
0.00399603259445
0.000377474931684
0.000123807028537
7.86179723911e-05
6.30072213691e-05
5.57680158798e-05
5.19998352295e-05
1395.42600322
391.519767478
117.706152204
38.4846721723
13.8750313226
5.57390533325
2.50817770663
1.27400861556
0.735537873147
0.494176208254
0.384403927407
0.26780797943
0.105704964361
0.0101055605043
0.0006872535115
0.000159792214955
8.87324291856e-05
6.70866473985e-05
5.77039302414e-05
5.30247052048e-05
1418.92723723
396.254443728
119.038613835
38.8824874325
14.0247039235
5.6606026865
2.57841076247
1.33628675357
0.790693730517
0.546632152792
0.441474689857
0.328335834771
0.161293073373
0.0241747523216
0.00128367034063
0.000220643744393
0.000103891316146
7.25949011992e-05
6.0152050885e-05
5.42750766931e-05
1465.73159461
407.611620803
121.634002331
39.6079221788
14.2722074679
5.76637904876
2.64062395472
1.38479021163
0.838203174939
0.599228159669
0.497348467209
0.385626428244
0.217178900514
0.0508617152701
0.00283623306668
0.000347765790642
0.000128440584098
8.02877320148e-05
6.33106059163e-05
5.58259740956e-05
1530.02989433
422.914707186
125.596991835
40.8305425919
14.6941993362
5.91678967616
2.69997977747
1.42198630618
0.882848653578
0.65404377345
0.553621960056
0.449274790086
0.278260974991
0.0914741916672
0.00811321869203
0.000651289452031
0.000171508879881
9.14458287774e-05
6.74553432881e-05
5.77640894977e-05
1583.50432678
436.378984994
129.806948302
42.4311823872
15.2986307935
6.113117281
2.75512394747
1.45209478077
0.923330578819
0.701758236175
0.604455615524
0.52398113746
0.355638427601
0.15192389321
0.0237298632762
0.00146872812945
0.000254284303355
0.000108357567393
7.29751010949e-05
6.01867848405e-05
1600.00394898
441.320497013
133.335389051
44.3172549777
16.0308465709
6.295256534
2.77120065691
1.45486789374
0.939243676384
0.722504207598
0.629685082308
0.570358554149
0.455548441671
0.242075078594
0.0612269133302
0.00421095584451
0.000436401906335
0.000135675749333
8.04839013324e-05
6.32192861694e-05
1550.88914833
441.138485492
137.917053471
46.6554477418
16.6405422833
6.27542829551
2.6801153247
1.4106978265
0.920826068867
0.706465488291
0.616047919963
0.576925930393
0.505128642211
0.348068824817
0.130711983661
0.0141654664279
0.000884071377067
0.000182725632381
9.097329839e-05
6.70443702221e-05
1492.16516217
449.412085996
145.310509989
48.9850826002
16.7409295491
6.02324639222
2.57605799292
1.36767562151
0.882407981303
0.663924302334
0.571771434502
0.544105200598
0.501806808188
0.404626523967
0.21833620303
0.0419530594997
0.00208891944385
0.00026898740104
0.000106014138865
7.19183340518e-05
1528.88724588
478.697769684
155.42569577
50.7390415274
16.5183451327
5.97512866381
2.5743967436
1.34986365411
0.844898671957
0.61687943252
0.520841505429
0.493013721377
0.472351009061
0.406278387326
0.284952282418
0.0909467261019
0.00559225053853
0.000437739545159
0.000128177780072
7.81937761522e-05
1672.65329865
527.447377112
166.534521533
52.580683712
17.0598993453
6.25476763162
2.69992631213
1.38073690881
0.830526908471
0.587924830372
0.485144939346
0.446800808518
0.434691088202
0.393354422183
0.310451094904
0.146664181649
0.0150069501378
0.000784465243098
0.000162020996293
8.64021850757e-05
1963.50778241
592.128393355
178.647061021
55.5627625247
18.5464633486
6.91411604921
2.96624982809
1.47308949089
0.853136383166
0.588975313115
0.473229077545
0.418716236701
0.403605184374
0.380784203089
0.321903851967
0.195512367594
0.0351340906646
0.00153176944767
0.000216080398082
9.73733941152e-05
2363.64088479
663.233342925
191.425261841
59.1897218148
20.2680668671
7.77068490007
3.34241033411
1.62387385628
0.91497189177
0.618435761365
0.4826026696
0.412397450432
0.38847478238
0.377407893795
0.339100046222
0.240612667942
0.0682457699274
0.00323184167412
0.000308058189552
0.000112553948173
2745.71104062
729.434525405
205.470810441
63.420961647
22.0200713063
8.59028783376
3.72284224489
1.79648845242
1.0014119305
0.665547674471
0.506729662574
0.424992128526
0.39300277171
0.38864354592
0.370205498903
0.289913976824
0.113407551619
0.00747865438074
0.000481809134184
0.000134812478719
2977.90911759
776.947540912
217.500228774
67.1666780391
23.4571295806
9.25226758989
4.04736105885
1.96290426994
1.09793562622
0.721381925983
0.540062383812
0.450471971968
0.414679048156
0.417293354732
0.418410495714
0.350772599259
0.169939453452
0.0183896119778
0.000841333001381
0.000169308774603
3075.53963731
803.382920028
225.376553934
69.613782939
24.4019717126
9.71856457376
4.30183037562
2.11438031727
1.19443166976
0.77869602596
0.578676209984
0.484954882282
0.449502808322
0.46080539934
0.479039275303
0.408798021829
0.236777250822
0.0423241446082
0.00162953704907
0.000224971669473
3135.53929154
817.861892417
229.365594182
70.9128516769
25.0023477469
10.0563419014
4.50504384485
2.24816870716
1.28148611756
0.831259847055
0.619229643589
0.526242637045
0.494647959589
0.515077364905
0.542750908773
0.468069589241
0.308541156047
0.0825142858936
0.00348451488429
0.000320215725325
3239.96642657
831.433202702
231.547124545
71.6476031052
25.4405595865
10.3181611791
4.66518956993
2.35826723253
1.34969064051
0.874004236304
0.659405992314
0.573217226538
0.548792786068
0.577682683399
0.60366550032
0.526856420525
0.378135133696
0.134632008818
0.00807394025557
0.000494884949992
3347.95002836
853.290918406
236.158506216
73.0917059228
26.0289918874
10.5821881129
4.80336039492
2.44422461137
1.39388339189
0.905565478741
0.698908164054
0.625687009411
0.611884246738
0.646672272788
0.659428849007
0.586695536262
0.434599328362
0.191551137336
0.0186857054566
0.000824702814594
3449.7221755
873.265511658
241.608606275
75.0136378337
26.7453647479
10.8534830284
4.92552783112
2.49813737711
1.41101561902
0.926944500173
0.737966587311
0.682672242511
0.682673820961
0.716060054185
0.712577244087
0.648069666541
0.488633997069
0.251054288206
0.0390037065343
0.00146385747519
3480.15688376
884.959665441
246.523859682
77.1369839192
27.5379470591
11.127915087
5.02060878755
2.50430192655
1.40124524631
0.940195301557
0.775624328765
0.740835315104
0.755666090116
0.777202216404
0.76448101656
0.711697720771
0.55462068768
0.318560422612
0.0716432345391
0.00284427710356
3482.1077251
884.500789634
249.183198419
78.8369014817
28.2209888094
11.3418819288
5.03419722765
2.44615332599
1.36822994477
0.946631554314
0.807969882558
0.792387895598
0.817532340361
0.825286085431
0.815484263047
0.781841154315
0.647830118895
0.404247555945
0.119064915866
0.00622835343754
3419.69598882
870.87822619
248.46948034
79.5591176698
28.5659280863
11.3444075238
4.88182243499
2.31407848882
1.314722574
0.943956627268
0.827545665419
0.823908748841
0.85173399406
0.857311699562
0.860477132149
0.860705202216
0.771470199159
0.52336275163
0.183398064682
0.0144588580531
4.55210977594e-05
4.55106066313e-05
4.5512162686e-05
4.55239789029e-05
4.5546153854e-05
4.55807267648e-05
4.56327893333e-05
4.57136944958e-05
4.58488788362e-05
4.60960235075e-05
4.65865281486e-05
4.76214940357e-05
4.99084897398e-05
5.52346063294e-05
6.88876971486e-05
0.000111728681168
0.000311266262199
0.00202549172989
0.0266982086722
0.462890565357
4.55665642728e-05
4.55389723191e-05
4.55381568728e-05
4.55601058908e-05
4.56056274139e-05
4.56819639563e-05
4.58081220723e-05
4.60275473048e-05
4.64351291211e-05
4.72326397147e-05
4.88445378889e-05
5.2182102434e-05
5.93535117709e-05
7.60431754923e-05
0.00012187589363
0.000291960940986
0.00125751397592
0.00892245056784
0.0840517249127
0.807387504089
4.57686393894e-05
4.57104617953e-05
4.56985985115e-05
4.57269117893e-05
4.57989948372e-05
4.59333678682e-05
4.61761409647e-05
4.66270488874e-05
4.74891263843e-05
4.91639970043e-05
5.24513562024e-05
5.90378992948e-05
7.29463051885e-05
0.000105818384322
0.000201440441604
0.000584154132823
0.00273392545825
0.0176390150416
0.138162533438
0.914395214049
4.60746805861e-05
4.59766078607e-05
4.59467625847e-05
4.59788052072e-05
4.60835422601e-05
4.62991754109e-05
4.67125902e-05
4.74985448684e-05
4.89899650888e-05
5.18134612108e-05
5.71919042035e-05
6.77455648139e-05
9.00100203926e-05
0.000144041063221
0.000309492348539
0.00100009261699
0.00475181440015
0.0292874276139
0.187806071308
0.91435130769
4.64172634364e-05
4.62752963719e-05
4.62259655016e-05
4.62655585788e-05
4.64176907726e-05
4.67484930584e-05
4.73957295311e-05
4.8618942322e-05
5.08891980572e-05
5.50721657366e-05
6.28665509557e-05
7.80242585217e-05
0.000110325566644
0.000191266423891
0.000450976147252
0.00156398415171
0.00749391564524
0.043875349073
0.226287341242
0.880848230418
4.67491901974e-05
4.65635605689e-05
4.64988271803e-05
4.65569091802e-05
4.67793724126e-05
4.72664114551e-05
4.82119702684e-05
4.99634604847e-05
5.31336264723e-05
5.88447288869e-05
6.93425861195e-05
8.97592159466e-05
0.000134028469416
0.00024898457292
0.000634537524859
0.00232273245224
0.0112630557442
0.0601030483322
0.251464062455
0.84181183444
4.7047827651e-05
4.68218948544e-05
4.67503540489e-05
4.6843263105e-05
4.71639417655e-05
4.78501288753e-05
4.91536146632e-05
5.15101802502e-05
5.56795356856e-05
6.30674251042e-05
7.65605506223e-05
0.000102983432748
0.000161597297277
0.000319844463991
0.000874034598454
0.00334945714618
0.0162219037294
0.0757569436062
0.264812150072
0.804211175194
4.73101002592e-05
4.70487023118e-05
4.69817270336e-05
4.71286795936e-05
4.75768931826e-05
4.85029742073e-05
5.02165067567e-05
5.32427414734e-05
5.84984481389e-05
6.77109298452e-05
8.45280222737e-05
0.000117867713952
0.000193888315247
0.000407950914311
0.00118959983737
0.00473515153081
0.0222033244855
0.0889266237019
0.26969650245
0.769136122692
4.75469838937e-05
4.72545712186e-05
4.72038241788e-05
4.74241816997e-05
4.80278279911e-05
4.92302260969e-05
5.13985867195e-05
5.51510758119e-05
6.15775265545e-05
7.27773564822e-05
9.33136052469e-05
0.000134724438422
0.00023221034856
0.000519236911683
0.00160813157608
0.00656323129948
0.0287221971321
0.0987216761086
0.26922679997
0.736414963858
4.77794536514e-05
4.74570671963e-05
4.7431871591e-05
4.77428081618e-05
4.85265721587e-05
5.00368723119e-05
5.26992661596e-05
5.72313949641e-05
6.49186452523e-05
7.82979460491e-05
0.000103047108769
0.000154029022444
0.000278445757564
0.000661882118293
0.00216247625694
0.00886845615255
0.0351530810372
0.105223690119
0.265570190939
0.70577765044
4.80322711672e-05
4.76751161008e-05
4.76807185487e-05
4.8096013649e-05
4.90809231071e-05
5.09267313883e-05
5.41195057248e-05
5.94864356445e-05
6.85383190993e-05
8.43339080747e-05
0.000113927855594
0.000176462194985
0.000335227715625
0.000846752399927
0.00288887166235
0.0116046641373
0.0409497974948
0.109030006713
0.260066187991
0.677001104057
4.83265881748e-05
4.79235632779e-05
4.79611757491e-05
4.84915688504e-05
4.96959249079e-05
5.19028083902e-05
5.56627848846e-05
6.19266495816e-05
7.24694443497e-05
9.09812142419e-05
0.000126242105796
0.000202977087009
0.000406179134687
0.00108773060984
0.0038215178989
0.0146425845279
0.0457848909703
0.110839539455
0.253517624531
0.649899562947
4.86742455839e-05
4.82100797274e-05
4.82788052106e-05
4.89337143549e-05
5.03750053021e-05
5.29690547808e-05
5.73371652852e-05
6.45725626267e-05
7.67648907713e-05
9.83790912145e-05
0.000140389727921
0.000234893582731
0.000496199321506
0.00140168231038
0.00498365807285
0.017799197446
0.0495658937248
0.111244970511
0.246406695662
0.624298314371
4.90786571302e-05
4.85370738233e-05
4.8636405234e-05
4.94259569007e-05
5.11228971825e-05
5.41332425699e-05
5.91580425112e-05
6.74577068154e-05
8.15019920562e-05
0.000106720861433
0.000156918833707
0.000274017624917
0.000611750583838
0.00180773716725
0.00637735367709
0.0208833687324
0.0523666133738
0.110684698463
0.239021987703
0.600012736809
4.95426774669e-05
4.8907865553e-05
4.90389542414e-05
4.9975120172e-05
5.19489785323e-05
5.54096689621e-05
6.11503362966e-05
7.06307691514e-05
8.67862954421e-05
0.000116265077573
0.000176565547465
0.000322773380621
0.000761036440193
0.00232546973974
0.00797638749418
0.0237371174825
0.0543381679819
0.109463978643
0.231531447599
0.576837181658
5.00774170039e-05
4.9332568486e-05
4.94975575458e-05
5.05939859637e-05
5.28689355329e-05
5.68199933093e-05
6.33486582662e-05
7.4155572565e-05
9.27531035843e-05
0.000127345157744
0.00020029504155
0.000384322146996
0.000953900637859
0.00297159356795
0.00972614788368
0.0262579864302
0.0556427131247
0.107789700314
0.224027422473
0.554548268306
5.07061130789e-05
4.98297851829e-05
5.00297846071e-05
5.13007115771e-05
5.39034440823e-05
5.83912435705e-05
6.57947349856e-05
7.81083531863e-05
9.95664333122e-05
0.000140377082086
0.000229340003288
0.000462629867869
0.00120128170316
0.00375541085257
0.0115515581182
0.0284000717077
0.0564203336025
0.105799710323
0.21655693892
0.53292333282
5.14622753486e-05
5.0423832724e-05
5.06563843332e-05
5.21151500013e-05
5.50741018546e-05
6.01513545393e-05
6.85326502677e-05
8.25732372627e-05
0.000107416868633
0.0001558672623
0.000265235096179
0.000562447531069
0.00151417777093
0.00467442167519
0.0133707024758
0.0301610778224
0.0567805623277
0.103584691348
0.209143279277
0.51177001028
5.23843573094e-05
5.11394364496e-05
5.13960836051e-05
5.3053654801e-05
5.63982137632e-05
6.21240138976e-05
7.16040504229e-05
8.76387517045e-05
0.000116522442004
0.00017442687061
0.000309853240613
0.000689200034547
0.0019022789862
0.00571219772374
0.0151094513222
0.0315655161125
0.0568062534794
0.101204576959
0.201801365384
0.490958526782
5.35097099905e-05
5.19965053416e-05
5.22609859991e-05
5.41249766955e-05
5.78852792444e-05
6.43260412678e-05
7.50471258521e-05
9.34002292894e-05
0.000127139557031
0.000196804092543
0.00036546207583
0.00084883608611
0.00237261247612
0.00683996298842
0.0167123573539
0.0326509941155
0.0565610985815
0.0987008728369
0.194547564656
0.470445738287
5.48716797088e-05
5.3008237864e-05
5.3255740152e-05
5.53306061383e-05
5.95387833955e-05
6.677118723e-05
7.89037003476e-05
9.99734291509e-05
0.000139591853886
0.000223948634867
0.000434829070998
0.0010477303259
0.00292858254526
0.00802155646479
0.018147199727
0.0334596476861
0.0560963836627
0.0961052575656
0.187403850498
0.450280923301
5.65056735087e-05
5.41858917063e-05
5.43831674546e-05
5.66719663649e-05
6.13653903629e-05
6.94821107356e-05
8.32359482217e-05
0.000107521166154
0.0001543207067
0.000257117448331
0.00052139271096
0.00129267794221
0.00356956492897
0.00921978164171
0.0194032981986
0.0340334657551
0.0554553393018
0.0934444990763
0.180396608881
0.430588680304
5.84630951166e-05
5.55495478651e-05
5.56552018211e-05
5.81624701221e-05
6.33885904046e-05
7.25066015426e-05
8.81478619112e-05
0.000116287359166
0.000171951567633
0.000298013618117
0.000629469340572
0.001590860278
0.00429083528321
0.0104016887562
0.0204856794592
0.0344114730669
0.0546749303063
0.0907420783911
0.173551538608
0.411532797862
6.0819268392e-05
5.71358428599e-05
5.71010741356e-05
5.98361532903e-05
6.56580200608e-05
7.59286731437e-05
9.38013543264e-05
0.000126627276439
0.000193361959126
0.000348928468904
0.000764397402702
0.00194949392865
0.00508346521654
0.011541279913
0.0214078706683
0.0346276161909
0.0537858561603
0.088017607773
0.166887276961
0.393272799692
6.367310598e-05
5.89958627929e-05
5.87650462852e-05
6.17452672825e-05
6.82472039545e-05
7.98676436927e-05
0.00010042027426
0.000139026656461
0.000219738932344
0.000412847078428
0.000932490702917
0.00237490327608
0.00593416703636
0.0126196912331
0.0221857374856
0.0347093658496
0.0528120538578
0.0852856587709
0.160410710365
0.375927322416
6.71511636747e-05
6.11874801156e-05
6.0696101087e-05
6.39491484495e-05
7.12425167717e-05
8.44687083811e-05
0.000108286673273
0.000154114512558
0.000252626328858
0.000493489693534
0.00114072360661
0.00287106758051
0.00682558195383
0.0136239948981
0.0228337425257
0.0346775002384
0.0517708543087
0.0825554018011
0.154115798402
0.359553792251
7.14167198245e-05
6.37705056345e-05
6.29396251309e-05
6.65047981676e-05
7.47340748298e-05
8.9896318273e-05
0.000117741977696
0.000172684306047
0.000293974852503
0.000595289337646
0.00139617661227
0.00343811750684
0.00773755558493
0.0145458477312
0.0233637376872
0.0345471699451
0.0506742235767
0.0798315942438
0.147985799629
0.3441451671
7.67124779994e-05
6.68180498938e-05
6.55417308405e-05
6.94690099885e-05
7.88182452086e-05
9.63407238502e-05
0.000129205534916
0.000195739701778
0.000346212808263
0.000723332781927
0.00170535427883
0.00407145127045
0.00864936142468
0.0153805758851
0.023785432662
0.0343297047391
0.0495306821656
0.077116462062
0.141997188593
0.329637210118
8.34530691082e-05
7.0445809001e-05
6.85669835161e-05
7.29130847106e-05
8.36135003929e-05
0.000104040840839
0.000143216553036
0.000224574680438
0.000412347637658
0.00088329095097
0.00207348549958
0.00476188279771
0.00954211380089
0.0161265747701
0.0241073434605
0.0340343052768
0.0483470794963
0.07441154697
0.136123273681
0.315917473676
9.22939167343e-05
7.48405587418e-05
7.21199517841e-05
7.69431693528e-05
8.92842331007e-05
0.000113319746466
0.000160497764348
0.000260885333703
0.00049608416917
0.00108131062256
0.00250383062344
0.00549666845011
0.0104003802068
0.0167845947443
0.0243373067646
0.0336689580994
0.0471295404537
0.0717187284994
0.130336375315
0.302830130111
0.000104206290737
8.0279220509e-05
7.63600708063e-05
8.17173519234e-05
9.60650191675e-05
0.00012462607773
0.000182032752282
0.000306893341355
0.00060190617991
0.00132374521981
0.0029969316685
0.00626082050459
0.0112124292327
0.0173566587709
0.0244822698462
0.0332404520583
0.0458834425291
0.0690402366711
0.124608804595
0.290176548024
0.000120811340773
8.71581843186e-05
8.15042898721e-05
8.74510424409e-05
0.000104276209592
0.000138570233323
0.000209137278946
0.00036543199897
0.000735012780254
0.00161652034097
0.00354974199784
0.0070381105891
0.0119692708096
0.0178447517066
0.0245476341053
0.0327538694749
0.0446127916397
0.0663780069525
0.118913738637
0.277717038467
0.000144908610156
9.60210727441e-05
8.78160789737e-05
9.44073734885e-05
0.000114323978001
0.000155941907911
0.000243492858863
0.000439919460017
0.00090097118818
0.00196398950282
0.00415476847281
0.00781160826311
0.0126632505264
0.018249770592
0.024536749333
0.032212191679
0.0433196731583
0.0637330917652
0.113227247831
0.265181766617
0.000180838454794
0.000107556921052
9.55871469599e-05
0.000102880095456
0.000126688442903
0.000177704295615
0.000287117347334
0.000534163628955
0.00110502308486
0.00236744791983
0.00479969488979
0.00856412768377
0.0132871165786
0.0185712505954
0.0244510697031
0.0316165296572
0.0420043521745
0.0611057711699
0.107532018694
0.252296169539
0.000236119084118
0.000122703838597
0.000105129192017
0.000113174894453
0.000141904348746
0.000204964685234
0.000342261912029
0.000651999098601
0.00135113595906
0.00282383368138
0.00546800347327
0.00927900974715
0.0138340165201
0.0188079563772
0.0242910090075
0.0309670098968
0.0406661082456
0.0584965029696
0.101822184699
0.238819439703
0.00032754107076
0.000142989050019
0.000116773658698
0.000125582122831
0.000160528653296
0.000238914527309
0.000411233022553
0.000796806327107
0.00164102547571
0.00332522161572
0.00614067895509
0.00994127158779
0.0142982222767
0.018958956614
0.0240571089467
0.030263936622
0.0393044178636
0.0559072190119
0.0961077447187
0.224588273282
0.000491330015058
0.000170936586292
0.000130879042232
0.000140356029387
0.000183108566826
0.000280754275292
0.000496181571137
0.000971037011066
0.00197349016793
0.00385948932989
0.00679859690743
0.0105388558592
0.0146760969443
0.019024701947
0.0237510962003
0.0295088365614
0.0379200786259
0.0533424627948
0.090417295123
0.209563555023
0.000794794019054
0.00021056929356
0.000147880188823
)
;

boundaryField
{
    emptyPatch
    {
        type            empty;
    }
    minY
    {
        type            fixedValue;
        value           uniform 4.5592e-05;
    }
    maxY
    {
        type            inletOutlet;
        inletValue      nonuniform List<scalar> 0();
        value           nonuniform List<scalar> 0();
    }
    water_to_cooler
    {
        type            fixedValue;
        value           nonuniform List<scalar> 
37
(
0.435551077604
1.10644011962
1.6140059998
1.91701490029
2.06830587064
2.1294417711
2.13925060936
2.11895246979
2.08050921586
2.03122819897
1.97573532018
1.91697724768
1.85680340272
1.79632574747
1.73615672817
1.67658446615
1.61771298834
1.55957564131
1.50221899066
1.44575049007
1.39034596918
1.33622138219
1.28358372502
1.23258233175
1.18327900627
1.13564405355
1.08957217141
1.04490472421
1.00144637898
0.958971890914
0.917227728832
0.875938402106
0.834826807699
0.793651019973
0.752250718326
0.71059037986
0.668778632127
)
;
    }
    water_to_heater
    {
        type            fixedValue;
        value           nonuniform List<scalar> 
61
(
21.3721716118
1105.63057366
1105.63057366
1829.36143891
1829.36143891
2484.76883411
2484.76883411
2847.61587643
2898.10554331
2785.10397659
2785.10397659
2675.87453384
2675.87453384
2577.04974435
2577.04974435
2534.7187316
2685.30201445
3149.27856359
3149.27856359
3708.55168365
3708.55168365
3863.39032606
3863.39032606
3908.15608057
3893.51209447
3879.3323296
3879.3323296
3911.97972066
3911.97972066
4029.76540743
4029.76540743
4184.23765341
4308.97307032
4296.17432247
4296.17432247
4181.88488701
4181.88488701
4191.77478374
4191.77478374
4534.2496259
5216.80883973
6226.60192989
6226.60192989
7376.60682373
7376.60682373
8321.00077479
8321.00077479
8871.51922759
9101.82954994
9266.56639621
9266.56639621
9452.95012329
9452.95012329
9710.32159637
9710.32159637
9881.42414018
9933.50343902
9785.57105024
9785.57105024
9475.42175093
9475.42175093
)
;
    }
    procBoundary2to3
    {
        type            processor;
        value           nonuniform List<scalar> 
41
(
3286.5895864
841.446859465
243.408475493
79.1714913591
28.4443866354
10.9867933927
4.5329900656
2.12718097543
1.24988936387
0.92877909748
0.826719411068
0.825412912808
0.852870053998
0.867555901609
0.889638226951
0.937871314166
0.899521291543
0.662481226423
0.265670080629
0.0319663406936
0.000157731894219
0.000210183407487
0.000331649734805
0.000598951686346
0.00117592451409
0.0023443839825
0.00441207025775
0.00742491698177
0.0110636031985
0.0149668349707
0.0190077711317
0.0233766565169
0.0287055122975
0.0365172036664
0.0508133223844
0.0848022218967
0.193786804067
0.00138536029047
0.000269762929571
0.000157731894219
0.000168479809094
)
;
    }
}


// ************************************************************************* //
