/*--------------------------------*- C++ -*----------------------------------*\
| =========                 |                                                 |
| \\      /  F ield         | OpenFOAM: The Open Source CFD Toolbox           |
|  \\    /   O peration     | Version:  2312                                  |
|   \\  /    A nd           | Website:  www.openfoam.com                      |
|    \\/     M anipulation  |                                                 |
\*---------------------------------------------------------------------------*/
FoamFile
{
    version     2.0;
    format      ascii;
    arch        "LSB;label=32;scalar=64";
    class       volScalarField;
    location    "0.73/water";
    object      p;
}
// * * * * * * * * * * * * * * * * * * * * * * * * * * * * * * * * * * * * * //

dimensions      [1 -1 -2 0 0 0 0];

internalField   nonuniform List<scalar> 
1496
(
100133.018015
100133.017104
100133.01986
100133.027038
100133.040196
100133.060996
100133.094761
100133.154231
100133.323782
100134.525308
100137.600365
100142.211911
100147.002427
100151.495662
100155.958492
100160.456759
100165.09664
100169.818245
100174.572836
100178.980326
100130.925501
100130.913787
100130.903887
100130.895028
100130.886758
100130.876886
100130.863554
100130.965439
100130.846707
100131.883337
100134.236442
100137.59205
100141.228703
100144.71039
100148.199763
100151.834293
100155.587247
100159.549596
100163.449753
100166.992231
100128.774644
100128.756859
100128.742309
100128.727631
100128.711776
100128.69395
100128.673814
100128.79891
100128.531218
100129.338467
100131.214626
100133.79729
100136.570719
100139.330858
100142.1712
100145.080436
100148.20324
100151.375716
100154.631336
100156.91012
100126.686499
100126.669045
100126.655422
100126.640761
100126.623394
100126.602615
100126.57755
100126.650243
100126.367559
100126.880905
100128.357801
100130.388349
100132.626123
100134.924293
100137.272687
100139.791772
100142.351928
100145.109868
100147.553147
100147.942636
100124.731365
100124.714091
100124.700091
100124.685098
100124.667062
100124.644953
100124.617376
100124.671275
100124.40273
100124.650176
100125.755211
100127.389277
100129.260236
100131.214685
100133.305104
100135.436746
100137.758353
100139.934195
100141.472349
100140.873307
100122.936971
100122.919908
100122.9052
100122.888848
100122.868661
100122.843731
100122.812594
100122.824182
100122.581472
100122.594363
100123.360486
100124.698734
100126.322914
100128.088042
100129.950555
100131.989998
100133.987011
100135.831916
100135.592036
100135.504548
100121.32029
100121.303857
100121.289157
100121.271998
100121.250306
100121.22354
100121.190257
100121.155643
100120.995552
100120.891763
100121.353334
100122.404131
100123.813732
100125.377634
100127.175992
100128.919244
100130.656105
100131.743119
100129.234179
100131.521789
100119.887179
100119.871795
100119.858379
100119.84252
100119.822391
100119.797974
100119.768007
100119.729446
100119.689085
100119.615314
100119.906212
100120.739243
100121.890046
100123.27868
100124.800097
100126.546317
100127.807329
100124.940444
100125.374589
100127.910829
100118.624891
100118.611147
100118.599469
100118.586579
100118.571327
100118.554326
100118.535588
100118.512305
100118.5628
100118.576696
100118.842704
100119.540573
100120.415033
100121.360792
100122.758426
100123.760273
100121.906344
100120.500287
100123.20947
100124.821572
100117.497306
100117.482318
100117.470634
100117.458247
100117.444088
100117.428612
100117.411219
100117.389476
100117.494929
100117.567318
100117.83043
100118.406138
100118.970715
100119.668006
100120.400417
100119.456178
100116.706569
100119.240257
100121.257168
100122.162235
100116.47336
100116.459832
100116.447601
100116.435106
100116.422109
100116.408838
100116.394017
100116.375263
100116.512855
100116.6025
100116.855013
100117.330455
100117.591884
100117.62592
100117.246254
100114.031183
100115.668093
100118.072798
100118.950132
100119.749381
100115.301964
100115.363636
100115.472806
100115.482818
100115.486745
100115.487188
100115.483965
100115.476689
100115.712519
100115.924446
100116.265204
100116.601589
100116.21783
100115.490687
100112.814572
100112.056793
100114.940333
100116.237151
100117.429121
100117.779372
100112.626175
100113.676076
100114.678917
100114.713995
100114.70637
100114.697931
100114.686981
100114.763367
100115.134669
100115.565702
100116.00264
100115.889569
100114.52349
100112.171581
100108.985956
100111.620286
100113.732699
100114.956592
100116.026714
100115.245977
100108.863688
100113.441388
100114.184887
100114.012495
100113.975029
100113.9633
100113.975239
100114.246056
100114.745807
100115.264726
100115.476468
100114.189704
100111.627406
100107.991173
100107.451276
100110.370139
100111.828388
100113.19912
100113.007198
100111.350976
100103.29931
100111.931133
100112.587062
100112.17605
100112.037919
100112.086798
100112.278408
100112.810668
100113.563773
100114.178717
100113.687297
100111.193683
100108.218558
100104.793791
100105.399146
100107.791898
100109.498946
100109.898038
100107.880031
100106.051989
100092.375186
100102.72449
100105.967974
100106.491318
100106.927332
100107.447369
100108.031644
100108.892739
100109.803994
100109.900283
100107.969267
100105.170512
100102.986834
100100.256787
100101.527709
100103.780613
100104.339578
100102.119562
100099.391506
100098.718876
100073.502215
100082.680274
100087.642765
100088.828577
100089.852202
100090.803296
100091.844192
100093.054454
100094.031474
100094.121386
100093.297656
100092.513433
100090.779327
100088.545018
100089.555306
100090.245973
100088.844269
100086.500331
100085.910763
100085.783
100043.164235
100050.361982
100055.441764
100056.094834
100056.347911
100056.874901
100057.939779
100059.594143
100061.607099
100062.96662
100062.71969
100061.209476
100058.301253
100057.120843
100058.137644
100058.46926
100057.975833
100057.692022
100057.737115
100058.227562
100008.662439
100012.756273
100016.051309
100015.980626
100015.290224
100014.883049
100014.904415
100015.092835
100014.786561
100013.511229
100012.033244
100011.30079
100011.659945
100013.188456
100014.040665
100013.957182
100013.914283
100014.606509
100016.43453
100021.12561
100005.737402
100005.263523
100005.45042
100005.381402
100005.065938
100004.695366
100004.55032
100004.917875
100005.974065
100007.698439
100009.618663
100010.827254
100011.026117
100011.084179
100011.216401
100011.255218
100011.26782
100011.288209
100011.324817
100011.379976
100011.317998
100011.267207
100011.236746
100011.212101
100011.188899
100011.165228
100011.139717
100011.112554
100011.085457
100011.059705
100011.033945
100011.005551
100010.978155
100010.975279
100010.966079
100010.956819
100010.954587
100010.957043
100010.966063
100010.984987
100010.813508
100010.811632
100010.8133
100010.811704
100010.806511
100010.798842
100010.790063
100010.781326
100010.772869
100010.764355
100010.755197
100010.74539
100010.734991
100010.726437
100010.718861
100010.712892
100010.707674
100010.704106
100010.701216
100010.704656
100010.465984
100010.465478
100010.465782
100010.465701
100010.464232
100010.461432
100010.457435
100010.452633
100010.447587
100010.442178
100010.43666
100010.430713
100010.425118
100010.420072
100010.415296
100010.410782
100010.407758
100010.406764
100010.408342
100010.414328
100010.108419
100010.108076
100010.108055
100010.10795
100010.106903
100010.104869
100010.101853
100010.098248
100010.094664
100010.091056
100010.08734
100010.08384
100010.08097
100010.078971
100010.078109
100010.078584
100010.081235
100010.086523
100010.095666
100010.108964
100009.739334
100009.739818
100009.740747
100009.741608
100009.742016
100009.741696
100009.74041
100009.7382
100009.735722
100009.733766
100009.732409
100009.731987
100009.732391
100009.734261
100009.737436
100009.742794
100009.750442
100009.761989
100009.778181
100009.796706
100009.364401
100009.364805
100009.365772
100009.367172
100009.36956
100009.372511
100009.375366
100009.3773
100009.378239
100009.379176
100009.380981
100009.38369
100009.387891
100009.393205
100009.400403
100009.409123
100009.420668
100009.434831
100009.450646
100009.459986
100008.965821
100008.966754
100008.968691
100008.972085
100008.977934
100008.986267
100008.996557
100009.007466
100009.017427
100009.02617
100009.03434
100009.042657
100009.05144
100009.06125
100009.07191
100009.08416
100009.097401
100009.110531
100009.117174
100009.107853
100008.538864
100008.539769
100008.542264
100008.547583
100008.556651
100008.570465
100008.589298
100008.612154
100008.636563
100008.660031
100008.681542
100008.70118
100008.719213
100008.73593
100008.751717
100008.766402
100008.778473
100008.781899
100008.765288
100008.670355
100008.052481
100008.053997
100008.057786
100008.065299
100008.077406
100008.095922
100008.122715
100008.158207
100008.200366
100008.245063
100008.288013
100008.327388
100008.362396
100008.392261
100008.417101
100008.437867
100008.454391
100008.436354
100008.324249
100006.990046
100007.474429
100007.476077
100007.479826
100007.487974
100007.501526
100007.522441
100007.553909
100007.599242
100007.659335
100007.728074
100007.801
100007.873154
100007.941001
100007.99584
100008.032857
100008.041492
100008.024019
100007.734521
100006.330476
100004.389122
100006.740804
100006.742789
100006.746162
100006.75373
100006.766574
100006.786896
100006.819161
100006.871089
100006.95297
100007.075605
100007.175604
100007.2524
100007.310077
100007.316625
100007.230404
100007.03561
100006.624701
100005.318531
100003.31428
100002.641857
100005.857861
100005.857878
100005.856045
100005.855069
100005.855038
100005.856541
100005.861495
100005.876419
100005.905502
100005.772127
100005.363649
100005.04246
100004.927561
100005.027546
100005.330627
100005.461972
100004.255719
100002.257587
100001.735627
100002.292922
100004.917185
100004.917067
100004.914583
100004.911073
100004.905883
100004.899091
100004.891528
100004.885481
100004.899455
100004.826231
100004.706267
100004.666803
100004.703404
100004.805425
100004.749359
100003.649826
100001.584537
100000.985089
100001.736475
100001.767188
100003.993067
100003.994726
100003.995569
100003.99547
100003.993713
100003.990301
100003.985328
100003.978018
100003.957382
100003.736646
100003.62201
100003.686012
100003.844157
100003.892692
100003.093634
100001.166473
100000.261262
100001.251759
100001.277852
100001.302152
100003.056368
100003.06046
100003.066188
100003.073487
100003.082897
100003.095491
100003.1115
100003.135153
100003.157819
100002.973661
100002.898641
100002.945813
100002.969921
100002.354042
100000.962875
99999.5837302
100000.603348
100000.86102
100000.872218
100000.884152
100001.979188
100001.982379
100001.986865
100001.994254
100002.006053
100002.026246
100002.05673
100002.152562
100002.230632
100002.264726
100002.359473
100002.43196
100002.042673
100001.145744
99999.5526285
99999.7997739
100000.467803
100000.480899
100000.488646
100000.497739
100000.683299
100000.680437
100000.675216
100000.668279
100000.657889
100000.641689
100000.582863
100000.483073
100000.520104
100000.790002
100001.164174
100001.362038
100001.031714
99999.9938758
99999.2194257
100000.156044
100000.158223
100000.156591
100000.154136
100000.153678
100204.698234
100206.864278
100208.970153
100210.837537
100212.621789
100214.350043
100215.910293
100217.246016
100218.341381
100219.156942
100219.145072
100219.390653
100219.679323
100220.068516
100220.087632
100220.139476
100182.151211
100183.963157
100185.501832
100186.999955
100188.890111
100190.950416
100192.993502
100194.787035
100196.622545
100198.421627
100200.055035
100201.488291
100202.660623
100203.53596
100203.654757
100204.0307
100204.423005
100204.670069
100204.687058
100204.734028
100168.693725
100170.308411
100171.918831
100173.543907
100175.415863
100177.329268
100179.159958
100180.894199
100182.744217
100184.574752
100186.259267
100187.746976
100188.921539
100189.75339
100189.829737
100190.219349
100190.668845
100190.891646
100190.931354
100190.982346
100157.374828
100159.366602
100160.877483
100162.435239
100164.250766
100166.003696
100167.607157
100169.262126
100171.049387
100172.830717
100174.490817
100175.948114
100177.036425
100177.380563
100177.908048
100178.333379
100178.657945
100178.82046
100178.852873
100178.888838
100149.064847
100151.066013
100152.350931
100153.871155
100155.419436
100156.91124
100158.303105
100159.816305
100161.457189
100163.096752
100164.629525
100165.925798
100166.784333
100166.529773
100167.233622
100167.655251
100167.946155
100168.117175
100168.179925
100168.214672
100143.147938
100144.757563
100145.960345
100147.144275
100148.329128
100149.588342
100150.793105
100152.128472
100153.564713
100154.992008
100156.299683
100157.26643
100157.543466
100156.711349
100158.064881
100158.53578
100158.765658
100158.931958
100159.004783
100159.03028
100138.018979
100139.305284
100140.259255
100141.199954
100142.31275
100143.438673
100144.497635
100145.671534
100146.924683
100148.185132
100149.316168
100149.998452
100149.077181
100149.180792
100150.595978
100150.877734
100151.030261
100151.156147
100151.212464
100151.219438
100133.335353
100134.239307
100135.056503
100135.967002
100137.021282
100138.05525
100138.98601
100139.993463
100141.063157
100142.165242
100143.135943
100143.467815
100141.437032
100142.577456
100143.766509
100143.993814
100144.150047
100144.252337
100144.304826
100144.305688
100129.099098
100129.850198
100130.59795
100131.463953
100132.526198
100133.399691
100134.17757
100135.022009
100135.907685
100136.806698
100137.5249
100136.631568
100133.920997
100136.402951
100137.425431
100137.685886
100137.890739
100137.997588
100138.070432
100138.063204
100125.595789
100126.194476
100126.911235
100127.893797
100128.818421
100129.476718
100130.11084
100130.82341
100131.575697
100132.269046
100132.785297
100129.00579
100128.191847
100130.954135
100131.743235
100131.991859
100132.240422
100132.399793
100132.49751
100132.45353
100122.554321
100123.030879
100123.894042
100124.861848
100125.604586
100126.075003
100126.60285
100127.196841
100127.745202
100128.182859
100127.604444
100121.688143
100123.936325
100126.111932
100126.674885
100126.709766
100127.034364
100127.32189
100127.438576
100127.330477
100119.795499
100120.209132
100121.126949
100121.991996
100122.559566
100122.940361
100123.404816
100123.86751
100124.210327
100124.340131
100118.791019
100116.704856
100119.911113
100121.307037
100121.760157
100121.483238
100121.763695
100122.399616
100122.573456
100122.432218
100117.247337
100117.501547
100118.328158
100118.96011
100119.318945
100119.616048
100119.863695
100119.895674
100119.827273
100117.205759
100110.685606
100113.250978
100115.324608
100116.254251
100116.768569
100116.502889
100116.264925
100117.303639
100117.606979
100117.557829
100114.251624
100114.387095
100115.000444
100115.325073
100115.469081
100115.510216
100115.135416
100114.533476
100112.977143
100105.924572
100105.858661
100108.324332
100109.568656
100110.401967
100111.075049
100111.229067
100110.772872
100111.539483
100112.083961
100112.115714
100110.369733
100110.232164
100110.640373
100110.789256
100110.609175
100109.886551
100108.415169
100106.566209
100101.603011
100099.151289
100100.857588
100101.981613
100102.823499
100103.397742
100103.713027
100103.77203
100103.671276
100104.163711
100104.907018
100104.936663
100105.270859
100104.959506
100105.565658
100105.541284
100104.573778
100102.702826
100100.319642
100096.933154
100093.232762
100093.36298
100094.37795
100095.066978
100095.329632
100095.020159
100094.081964
100093.961787
100093.72701
100094.184112
100095.342659
100095.530044
100098.191365
100098.970832
100099.716147
100098.896298
100096.751702
100094.122745
100091.33397
100088.233228
100086.490841
100086.886774
100087.710183
100088.260668
100088.103359
100087.357225
100086.867828
100086.953082
100086.783984
100087.051021
100087.627197
100087.740647
100085.630607
100087.707929
100088.380389
100087.331421
100085.247365
100083.131658
100080.979367
100078.996995
100078.070666
100078.499537
100079.441925
100080.059975
100080.000048
100079.725069
100079.544062
100079.127354
100078.428194
100079.694358
100080.080885
100080.172629
100061.937131
100066.554386
100068.990977
100069.728146
100069.745289
100069.478967
100068.980584
100068.416303
100068.382297
100069.223221
100070.387251
100071.45352
100072.213786
100072.839798
100073.089185
100072.572237
100071.743891
100073.185329
100073.583091
100073.659651
100028.999544
100037.10505
100043.342983
100048.21141
100051.844011
100054.403502
100056.256382
100057.484599
100058.357878
100059.448906
100060.620047
100062.024348
100063.622687
100065.441295
100066.839449
100066.801633
100066.184847
100067.038648
100067.618101
100067.707985
100012.197553
100015.685679
100022.41981
100029.9432
100036.20038
100041.057265
100044.902039
100047.527595
100048.968877
100050.101761
100051.226188
100052.706772
100054.634666
100056.997447
100059.505144
100060.675595
100060.929704
100061.927528
100062.44874
100062.576432
100011.018074
100011.435621
100013.912625
100019.696248
100026.099387
100031.651008
100036.192487
100039.133411
100040.79198
100042.032071
100043.203267
100044.781041
100047.00956
100049.987986
100053.264891
100055.819809
100056.999768
100058.791449
100058.705006
100058.400808
100010.719289
100010.81611
100011.916236
100015.784769
100020.9623
100025.829163
100029.795401
100031.977221
100033.235285
100034.269354
100035.246775
100036.440902
100038.090554
100039.877291
100041.363007
100041.863724
100042.930697
100045.74566
100045.39977
100044.957737
100010.428214
100010.482382
100011.44862
100014.71746
100018.937417
100022.88541
100025.952164
100026.948989
100027.254615
100027.379747
100027.039765
100025.850701
100023.11484
100018.707116
100013.983306
100014.709916
100014.71378
100014.933051
100016.642796
100017.516418
100010.126162
100010.288501
100011.629083
100015.114604
100018.937407
100022.416136
100024.941647
100025.021764
100024.640154
100023.918264
100022.349384
100019.44712
100015.461052
100012.979068
100013.873801
100013.892266
100013.89797
100013.124823
100013.408936
100013.602256
100009.817492
100010.329676
100012.409584
100016.106953
100019.45472
100022.275297
100024.45583
100023.952403
100022.932617
100020.99093
100017.996837
100014.259504
100012.865379
100013.330471
100013.349553
100013.371573
100013.389209
100013.090986
100013.053497
100013.094828
100009.525128
100010.41791
100012.380771
100015.055001
100017.181409
100018.340645
100020.60724
100020.417353
100019.140724
100016.669967
100013.462279
100012.384532
100012.857468
100012.877363
100012.894871
100012.907391
100012.913267
100012.811426
100012.769891
100012.794539
100009.234656
100008.906745
100008.801424
100009.17965
100009.470797
100009.364723
100011.116276
100012.656802
100012.785246
100012.013732
100011.6907
100012.498385
100012.535735
100012.543104
100012.544755
100012.592124
100012.697989
100012.663609
100012.586244
100012.577629
100007.539803
100006.094709
100005.271294
100005.282479
100005.300659
100005.290264
100004.958792
100006.774352
100008.070745
100009.108823
100010.483622
100011.859896
100012.091644
100012.120992
100012.163425
100012.237423
100012.243989
100012.141823
100011.960858
100011.894823
100005.236513
100004.345481
100004.413024
100004.430872
100004.435128
100004.422161
100002.66772
100003.563403
100004.457182
100005.471837
100006.966366
100008.361661
100008.971749
100009.327846
100009.686937
100009.881516
100009.904469
100009.80748
100009.644926
100009.597863
100003.531427
100003.634437
100003.651344
100003.654005
100003.642942
100003.618926
100002.102337
100001.839294
100002.081097
100002.565206
100003.269939
100003.961466
100004.818057
100005.390674
100005.936392
100006.338232
100006.522464
100006.585987
100006.547108
100006.543118
100002.925916
100002.949473
100002.958333
100002.953547
100002.939247
100002.917588
100002.327053
100001.614522
100001.666793
100001.668859
100001.755858
100001.942476
100002.276684
100002.883237
100003.595377
100004.178787
100004.57188
100004.96611
100005.263216
100005.339759
100002.322658
100002.341634
100002.349495
100002.350612
100002.347117
100002.341077
100002.271454
100002.020702
100002.311385
100002.533893
100002.674648
100002.812502
100003.014926
100003.422042
100003.825439
100004.108446
100005.005074
100005.913908
100006.495253
100006.609015
100001.792901
100001.810294
100001.823991
100001.836092
100001.848178
100001.859434
100001.878206
100002.138708
100002.835475
100003.600718
100004.27619
100004.905568
100005.5341
100005.999557
100005.899221
100006.048433
100007.470728
100008.412537
100008.987395
100009.022324
100001.322447
100001.343011
100001.364188
100001.387898
100001.412705
100001.437153
100001.514435
100002.089421
100003.179572
100004.538057
100005.972439
100007.383443
100008.774474
100009.989901
100009.994907
100010.539152
100012.18783
100013.12083
100013.44106
100013.480948
100000.900999
100000.923626
100000.953571
100000.989608
100001.031097
100001.074729
100001.324429
100002.168109
100003.635563
100005.651415
100008.033892
100010.535605
100013.059884
100015.369879
100015.489199
100017.029731
100018.160753
100018.391705
100018.224637
100018.215724
100000.511212
100000.532301
100000.563058
100000.60752
100000.645459
100000.792944
100001.409806
100002.572137
100004.282438
100006.634438
100009.518069
100012.735397
100015.861808
100016.548362
100018.172282
100020.553732
100020.38593
100019.34711
100018.684286
100018.431745
100000.156036
100000.157659
100000.157213
100000.070833
99999.6502922
99999.5640153
100000.135305
100001.14021
100002.507019
100004.294541
100006.336738
100008.137828
100007.306353
100008.228738
100009.678205
100010.467659
100010.061608
100009.425475
100008.937817
100008.863755
)
;

boundaryField
{
    emptyPatch
    {
        type            empty;
    }
    minY
    {
        type            calculated;
        value           nonuniform List<scalar> 0();
    }
    maxY
    {
        type            calculated;
        value           uniform 100000;
    }
    maxX
    {
        type            calculated;
        value           nonuniform List<scalar> 
38
(
100220.139476
100204.734028
100190.982346
100178.888838
100168.214672
100159.03028
100151.219438
100144.305688
100138.063204
100132.45353
100127.330477
100122.432218
100117.557829
100112.115714
100104.936663
100095.530044
100087.740647
100080.172629
100073.659651
100067.707985
100062.576432
100058.400807
100044.957737
100017.516418
100013.602256
100013.094828
100012.794538
100012.577627
100011.89482
100009.597858
100006.543111
100005.33975
100006.608988
100009.02231
100013.480933
100018.215706
100018.431723
100008.86373
)
;
    }
    water_to_heater
    {
        type            calculated;
        value           nonuniform List<scalar> 
59
(
100133.442363
100132.373316
100131.096305
100128.964415
100127.892092
100126.555109
100125.60932
100124.272434
100123.484299
100122.145121
100121.534132
100120.101474
100119.84693
100118.503767
100118.409815
100117.027668
100117.089436
100115.58686
100115.562189
100112.899008
100110.507679
100108.688283
100104.57643
100102.58564
100093.193111
100091.056077
100073.786969
100043.448623
100010.832002
100008.326214
100007.11962
100004.945438
100011.886563
100010.516394
100010.957663
100010.585399
100010.669717
100010.07468
100010.154814
100009.554315
100009.631035
100009.036128
100009.088158
100008.667937
100008.640201
100008.039707
100007.917382
100007.322402
100007.038341
100006.43782
100006.002467
100005.058469
100004.584797
100003.985147
100003.521744
100002.887298
100002.329846
100001.565022
100000.854597
)
;
    }
    procBoundary0to1
    {
        type            processor;
        value           nonuniform List<scalar> 
41
(
100134.892568
100134.894113
100134.896261
100134.899126
100134.903202
100134.910264
100134.921163
100134.933925
100135.270879
100136.817852
100141.587346
100148.3774
100154.765908
100160.576891
100166.171135
100171.744041
100177.297771
100182.890231
100188.393289
100193.574241
100222.512525
100224.569616
100226.751515
100228.791429
100230.61232
100232.330727
100233.880439
100235.173008
100236.187219
100236.948241
100237.020779
100236.831902
100236.956885
100237.489909
100237.5471
100237.593189
100197.632562
100199.971806
100201.574964
100202.897391
100202.897391
)
;
    }
}


// ************************************************************************* //
