/*--------------------------------*- C++ -*----------------------------------*\
| =========                 |                                                 |
| \\      /  F ield         | OpenFOAM: The Open Source CFD Toolbox           |
|  \\    /   O peration     | Version:  2312                                  |
|   \\  /    A nd           | Website:  www.openfoam.com                      |
|    \\/     M anipulation  |                                                 |
\*---------------------------------------------------------------------------*/
FoamFile
{
    version     2.0;
    format      ascii;
    arch        "LSB;label=32;scalar=64";
    class       volScalarField;
    location    "0.655/water";
    object      Ct2;
}
// * * * * * * * * * * * * * * * * * * * * * * * * * * * * * * * * * * * * * //

dimensions      [0 0 0 0 0 0 0];

internalField   nonuniform List<scalar> 
6000
(
1
1.00000115473
1.4378971537
2.75416915701
6.52490152185
8.50817736252
8.91122868046
8.96499909556
8.96992064221
8.9689876083
8.96901954294
8.96919664655
8.96945867289
8.96972822614
8.96997575866
8.97018524224
8.97034737538
8.97045831181
8.97052066142
8.97054303496
1
1
1.00000011237
1.40891534868
2.05370514
4.785757706
7.62567688172
8.71101581721
8.94335561374
8.96344387945
8.95937290028
8.95646942765
8.95490789752
8.9541187819
8.95372272961
8.95351813968
8.95340862751
8.95335035227
8.95332264742
8.95331421033
1
1
1
1.05434399666
1.45253664564
2.39520472328
5.25170824109
7.83824775638
8.78769971602
8.95949618088
8.96534807182
8.96176676376
8.95942789329
8.95814701201
8.95751501416
8.95722654829
8.9571032825
8.95705368753
8.95703483768
8.95702804211
1
1
1
1
1.26981161643
1.54217256772
2.94592202469
6.11388781159
8.30087468939
8.90550012128
8.96716362612
8.96406373477
8.96081142732
8.9587142099
8.95753060193
8.95692050884
8.95662605272
8.95649060585
8.9564304297
8.95640451564
1
1
1
1
1.00000085573
1.36849659681
1.69220725068
3.76009382948
7.15568124689
8.71210900026
8.96056123987
8.96635096064
8.96275327651
8.96008682956
8.95840845066
8.95745989957
8.95696362948
8.95671747321
8.95659893713
8.95654228181
1
1
1
1
1
1.000371553
1.40241890529
1.96596237285
4.96612101121
8.13193862139
8.91800055032
8.96785380293
8.96446083342
8.96140117104
8.95928727197
8.95799272052
8.95726600171
8.95688261948
8.95668775999
8.95658993519
1
1
1
1
1
1
1.01415731173
1.42919301049
2.53733029601
6.54039271016
8.73129791978
8.9651719753
8.96599146698
8.96269705475
8.96023433339
8.95861948527
8.95765522264
8.95711790661
8.95683187958
8.95668291028
1
1
1
1
1
1
1
1.1297736912
1.51670618017
3.71554597044
7.95607023793
8.93200977764
8.9672881129
8.96393074871
8.96119250631
8.95929121548
8.95809266109
8.95739043948
8.95699997722
8.95678960297
1
1
1
1
1
1
1
1.00000000299
1.32895659873
1.7958443752
5.59356486512
8.70184628342
8.96550439036
8.96510398581
8.96214251793
8.95998791377
8.95856525877
8.9576932188
8.95718807679
8.95690713137
1
1
1
1
1
1
1
1
1.00011308692
1.40584761864
2.57542177212
7.53003771852
8.92841232442
8.9661848394
8.96307659079
8.96068912248
8.95905206196
8.95800892325
8.95738245904
8.95702526935
1
1
1
1
1
1
1
1
1
1.0259541954
1.49234389661
4.5491096241
8.64472292756
8.96471321684
8.96400645677
8.96138383388
8.95953274368
8.95831677931
8.95756734483
8.95713073351
1
1
1
1
1
1
1
1
1
1
1.30881652891
2.10537459306
7.40709767595
8.93829512981
8.96494665068
8.96208524471
8.95999768852
8.95860207143
8.95772571522
8.95720965188
1
1
1
1
1
1
1
1
1
1
1.00100337467
1.4637187072
4.8917256406
8.78959600116
8.96540204609
8.96285070315
8.9604657491
8.95886026248
8.95784926749
8.95725609987
1
1
1
1
1
1
1
1
1
1
1
1.36373514005
2.73414868084
8.28447916619
8.96173893336
8.96377045836
8.96098294252
8.95911584274
8.95795356982
8.95728268721
1
1
1
1
1
1
1
1
1
1
1
1.0623504828
1.75821576069
7.09996042735
8.93762638963
8.96493177755
8.96164495468
8.95943615645
8.95808722375
8.95732676659
1
1
1
1
1
1
1
1
1
1
1
1.00000566051
1.4417601072
4.93238070666
8.80681230426
8.96593385537
8.96258099588
8.95992126701
8.95832593478
8.95744595831
1
1
1
1
1
1
1
1
1
1
1
1
1.26406008968
2.42111518004
8.0618359059
8.95795383162
8.96388447152
8.96067687729
8.95875368468
8.95770328565
1
1
1
1
1
1
1
1
1
1
1
1
1.0000000308
1.4427558604
5.19153866498
8.83813889293
8.9653758311
8.9617655232
8.95942813194
8.9581420555
1
1
1
1
1
1
1
1
1
1
1
1
1
1.01945769059
1.97607099644
7.83623565672
8.95592001402
8.96312553573
8.96034223706
8.95875912092
1
1
1
1
1
1
1
1
1
1
1
1
1
1
1.39553429863
4.52594240407
8.81962362372
8.96447260395
8.9614144801
8.95949602842
1
1
1
1
1
1
1
1
1
1
1
1
1
1
1.00106861276
1.9491932164
8.01867192479
8.95938341281
8.96252682243
8.96026516242
1
1
1
1
1
1
1
1
1
1
1
1
1
1
1
1.43665669816
6.03052495865
8.91792492637
8.9635761739
8.96099794099
1
1
1
1
1
1
1
1
1
1
1
1
1
1
1
1.36013651717
3.99335568045
8.7918312973
8.96418665518
8.96167355676
1
1
1
1
1
1
1
1
1
1
1
1
1
1
1
1.17424059626
2.80892573228
8.56537480214
8.96388938166
8.96231882517
1
1
1
1
1
1
1
1
1
1
1
1
1
1
1
1.03010074063
2.15961112303
8.22996581152
8.96219267416
8.96299330717
1
1
1
1
1
1
1
1
1
1
1
1
1
1
1
1.00017223074
1.71510662033
7.62563739615
8.95678586626
8.9637676349
1
1
1
1
1
1
1
1
1
1
1
1
1
1
1
1
1.45418416611
6.35762966566
8.93693717257
8.96466398253
1
1
1
1
1
1
1
1
1
1
1
1
1
1
1
1
1.34459876964
4.27000393241
8.86256201918
8.96558396931
1
1
1
1
1
1
1
1
1
1
1
1
1
1
1
1
1.00377500121
2.40591182382
8.59230765137
8.96595393771
1
1
1
1
1
1
1
1
1
1
1
1
1
1
1
1
1
1.58111856252
7.73743638756
8.96210814614
1
1
1
1
1
1
1
1
1
1
1
1
1
1
1
1
1
1.40342006714
5.81205822171
8.93506342107
1
1
1
1
1
1
1
1
1
1
1
1
1
1
1
1
1
1.09340367693
3.30321792743
8.79686413588
1
1
1
1
1
1
1
1
1
1
1
1
1
1
1
1
1
1.00000000902
1.78055686928
8.18625876994
1
1
1
1
1
1
1
1
1
1
1
1
1
1
1
1
1
1
1.41093474344
6.25704509995
1
1
1
1
1
1
1
1
1
1
1
1
1
1
1
1
1
1
1.03501715311
3.2144637727
1
1
1
1
1
1
1
1
1
1
1
1
1
1
1
1
1
1
1
1.64972787098
1
1
1
1
1
1
1
1
1
1
1
1
1
1
1
1
1
1
1
1.39835815475
1
1
1
1
1
1
1
1
1
1
1
1
1
1
1
1
1
1
1
1.090538797
1
1
1
1
1
1
1
1
1
1
1
1
1
1
1
1
1
1
1
1.00006590987
1
1
1
1
1
1
1
1
1
1
1
1
1
1
1
1
1
1
1
1.00000000002
1
1
1
1
1
1
1
1
1
1
1
1
1
1
1
1
1
1
1
1
1
1
1
1
1
1
1
1
1
1
1
1
1
1
1
1
1
1
1
1
1
1
1
1
1
1
1
1
1
1
1
1
1
1
1
1
1
1
1
1
1
1
1
1
1
1
1
1
1
1
1
1
1
1
1
1
1
1
1
1
1
1
1
1
1
1
1
1
1
1
1
1
1
1
1
1
1
1
1
1
1
1
1
1
1
1
1
1
1
1
1
1
1
1
1
1
1
1
1
1
1
1
1
1
1
1
1
1
1
1
1
1
1
1
1
1
1
1
1
1
1
1
1
1
1
1
1
1
1
1
1
1
1
1
1
1
1
1
1
1
1
1
1
1
1
1
1
1
1
1
1
1
1
1
1
1
1
1
1
1
1
1
1
1
1
1
1
1
1
1
1
1
1
1
1
1
1
1
1
1
1
1
1
1
1
1
1
1
1
1
1
1
1
1
1
1
1
1
1
1
1
1
1
1
1
1
1
1
1
1
1
1
1
1
1
1
1
1
1
1
1
1
1
1
1
1
1
1
1
1
1
1
1
1
1
1
1
1
1
1
1
1
1
1
1
1
1
1
1
1
1
1
1
1
1
1
1
1
1
1
1
1
1
1
1
1
1
1
1
1
1
1
1
1
1
1
1
1
1
1
1
1
1
1
1
1
1
1
1
1
1
1
1
1
1
1
1
1
1
1
1
1
1
1
1
1
1
1
1
1
1
1
1
1
1
1
1
1
1
1
1
1
1
1
1
1
1
1
1
1
1
1
1
1
1
1
1
1
1
1
1
1
1
1
1
1
1
1
1
1
1
1
1
1
1
1
1
1
1
1
1
1
1
1
1
1
1
1
1
1
1
1
1
1
1
1
1
1
1
1
1
1
1
1
1
1
1
1
1
1
1
1
1
1
1
1
1
1
1
1
1
1
1
1
1
1
1
1
1
1
1
1
1
1
1
1
1
1
1
1
1
1
1
1
1
1
1
1
1
1
1
1
1
1
1
1
1
1
1
1
1
1
1
1
1
1
1
1
1
1
1
1
1
1
1
1
1
1
1
1
1
1
1
1
1
1
1
1
1
1
1
1
1
1
1
1
1
1
1
1
1
1
1
1
1
1
1
1
1
1
1
1
1
1
1
1
1
1
1
1
1
1
1
1
1
1
1
1
1
1
1
1
1
1
1
1
1
1
1
1
1
1
1
1
1
1
1
1
1
1
1
1
1
1
1
1
1
1
1
1
1
1
1
1
1
1
1
1
1
1
1
1
1
1
1
1
1
1
1
1
1
1
1
1
1
1
1
1
1
1
1
1
1
1
1
1
1
1
1
1
1
1
1
1
1
1
1
1
1
1
1
1
1
1
1
1
1
1
1
1
1
1
1
1
1
1
1
1
1
1
1
1
1
1
1
1
1
1
1
1
1
1
1
1
1
1
1
1
1
1
1
1
1
1
1
1
1
1
1
1
1
1
1
1
1
1
1
1
1
1
1
1
1
1
1
1
1
1
1
1
1
1
1
1
1
1
1
1
1
1
1
1
1
1
1
1
1
1
1
1
1
1
1
1
1
1
1
1
1
1
1
1
1
1
1
1
1
1
1
1
1
1
1
1
1
1
1
1
1
1
1
1
1
1
1
1
1
1
1
1
1
1
1
1
1
1
1
1
1
1
1
1
1
1
1
1
1
1
1
1
1
1
1
1
1
1
1
1
1
1
1
1
1
1
1
1
1
1
1
1
1
1
1
1
1
1
1
1
1
1
1
1
1
1
1
1
1
1
1
1
1
1
1
1
1
1
1
1
1
1
1
1
1
1
1
1
1
1
1
1
1
1
1
1
1
1
1
1
1
1
1
1
1
1
1
1
1
1
1
1
1
1
1
1
1
1
1
1
1
1
1
1
1
1
1
1
1
1
1
1
1
1
1
1
1
1
1
1
1
1
1
1
1
1
1
1
1
1
1
1
1
1
1
1
1
1
1
1
1
1
1
1
1
1
1
1
1
1
1
1
1
1
1
1
1
1
1
1
1
1
1
1
1
1
1
1
1
1
1
1
1
1
1
1
1
1
1
1
1
1
1
1
1
1
1
1
1
1
1
1
1
1
1
1
1
1
1
1
1
1
1
1
1
1
1
1
1
1
1
1
1
1
1
1
1
1
1
1
1
1
1
1
1
1
1
1
1
1
1
1
1
1
1
1
1
1
1
1
1
1
1
1
1
1
1
1
1
1
1
1
1
1
1
1
1
1
1
1
1
1
1
1
1
1
1
1
1
1
1
1
1
1
1
1
1
1
1
1
1
1
1
1
1
1
1
1
1
1
1
1
1
1
1
1
1
1
1
1
1
1
1
1
1
1
1
1
1
1
1
1
1
1
1
1
1
1
1
1
1
1
1
1
1
1
1
1
1
1
1
1
1
1
1
1
1
1
1
1
1
1
1
1
1
1
1
1
1
1
1
1
1
1
1
1
1
1
1
1
1
1
1
1
1
1
1
1
1
1
1
1
1
1
1
1
1
1
1
1
1
1
1
1
1
1
1
1
1
1
1
1
1
1
1
1
1
1
1
1
1
1
1
1
1
1
1
1
1
1
1
1
1
1
1
1
1
1
1
1
1
1
1
1
1
1
1
1
1
1
1
1
1
1
1
1
1
1
1
1
1
1
1
1
1
1
1
1
1
1
1
1
1
1
1
1
1
1
1
1
1
1
1
1
1
1
1
1
1
1
1
1
1
1
1
1
1
1
1
1
1
1
1
1
1
1
1
1
1
1
1
1
1
1
1
1
1
1
1
1
1
1
1
1
1
1
1
1
1
1
1
1
1
1
1
1
1
1
1
1
1
1
1
1
1
1
1
1
1
1
1
1
1
1
1
1
1
1
1
1
1
1
1
1
1
1
1
1
1
1
1
1
1
1
1
1
1
1
1
1
1
1
1
1
1
1
1
1
1
1
1
1
1
1
1
1
1
1
1
1
1
1
1
1
1
1
1
1
1
1
1
1
1
1
1
1
1
1
1
1
1
1
1
1
1
1
1
1
1
1
1
1
1
1
1
1
1
1
1
1
1
1
1
1
1
1
1
1
1
1
1
1
1
1
1
1
1
1
1
1
1
1
1
1
1
1
1
1
1
1
1
1
1
1
1
1
1
1
1
1
1
1
1
1
1
1
1
1
1
1
1
1
1
1
1
1
1
1
1
1
1
1
1
1
1
1
1
1
1
1
1
1
1
1
1
1
1
1
1
1
1
1
1
1
1
1
1
1
1
1
1
1
1
1
1
1
1
1
1
1
1
1
1
1
1
1
1
1
1
1
1
1
1
1
1
1
1
1
1
1
1
1
1
1
1
1
1
1
1
1
1
1
1
1
1
1
1
1
1
1
1
1
1
1
1
1
1
1
1
1
1
1
1
1
1
1
1
1
1
1
1
1
1
1
1
1
1
1
1
1
1
1
1
1
1
1
1
1
1
1
1
1
1
1
1
1
1
1
1
1
1
1
1
1
1
1
1
1
1
1
1
1
1
1
1
1
1
1
1
1
1
1
1
1
1
1
1
1
1
1
1
1
1
1
1
1
1
1
1
1
1
1
1
1
1
1
1
1
1
1
1
1
1
1
1
1
1
1
1
1
1
1
1
1
1
1
1
1
1
1
1
1
1
1
1
1
1
1
1
1
1
1
1
1
1
1
1
1
1
1
1
1
1
1
1
1
1
1
1
1
1
1
1
1
1
1
1
1
1
1
1
1
1
1
1
1
1
1
1
1
1
1
1
1
1
1
1
1
1
1
1
1
1
1
1
1
1
1
1
1
1
1
1
1
1
1
1
1
1
1
1
1
1
1
1
1
1
1
1
1
1
1
1
1
1
1
1
1
1
1
1
1
1
1
1
1
1
1
1
1
1
1
1
1
1
1
1
1
1
1
1
1
1
1
1
1
1
1
1
1
1
1
1
1
1
1
1
1
1
1
1
1
1
1
1
1
1
1
1
1
1
1
1
1
1
1
1
1
1
1
1
1
1
1
1
1
1
1
1
1
1
1
1
1
1
1
1
1
1
1
1
1
1
1
1
1
1
1
1
1
1
1
1
1
1
1
1
1
1
1
1
1
1
1
1
1
1
1
1
1
1
1
1
1
1
1
1
1
1
1
1
1
1
1
1
1
1
1
1
1
1
1
1
1
1
1
1
1
1
1
1
1
1
1
1
1
1
1
1
1
1
1
1
1
1
1
1
1
1
1
1
1
1
1
1
1
1
1
1
1
1
1
1
1
1
1
1
1
1
1
1
1
1
1
1
1
1
1
1
1
1
1
1
1
1
1
1
1
1
1
1
1
1
1
1
1
1
1
1
1
1
1
1
1
1
1
1
1
1
1
1
1
1
1
1
1
1
1
1
1
1
1
1
1
1
1
1
1
1
1
1
1
1
1
1
1
1
1
1
1
1
1
1
1
1
1
1
1
1
1
1
1
1
1
1
1
1
1
1
1
1
1
1
1
1
1
1
1
1
1
1
1
1
1
1
1
1
1
1
1
1
1
1
1
1
1
1
1
1
1
1
1
1
1
1
1
1
1
1
1
1
1
1
1
1
1
1
1
1
1
1
1
1
1
1
1
1
1
1
1
1
1
1
1
1
1
1
1
1
1
1
1
1
1
1
1
1
1
1
1
1
1
1
1
1
1
1
1
1
1
1
1
1
1
1
1
1
1
1
1
1
1
1
1
1
1
1
1
1
1
1
1
1
1
1
1
1
1
1
1
1
1
1
1
1
1
1
1
1
1
1
1
1
1
1
1
1
1
1
1
1
1
1
1
1
1
1
1
1
1
1
1
1
1
1
1
1
1
1
1
1
1
1
1
1
1
1
1
1
1
1
1
1
1
1
1
1
1
1
1
1
1
1
1
1
1
1
1
1
1
1
1.00000000002
1.00000000002
1.00000000002
1
1
1
1
1
1
1
1
8.97053670305
8.97051063065
8.97047013252
8.97041800632
8.97035510593
8.97028102716
8.97019476958
8.97009545724
8.9699833564
8.96986170896
8.96974041595
8.96964376343
8.96962622917
8.96980126419
8.97036759371
8.97151227112
8.97282365785
8.9735280993
8.97359397675
8.97362519585
8.95331770291
8.9533286719
8.95334493126
8.95336574763
8.95339212347
8.95342766211
8.95348108892
8.95357176081
8.95374057208
8.95406941033
8.95471128719
8.9559248591
8.95807819618
8.96151656974
8.96610256644
8.97051190866
8.97291622035
8.97351311538
8.9736009116
8.97361746423
8.95702545425
8.95702388837
8.95702281953
8.95702332707
8.95702881195
8.95704746208
8.95709712641
8.95721404225
8.95746660996
8.95797325855
8.9589166138
8.96053095682
8.96301595883
8.96631705837
8.96980612233
8.97233054693
8.97335337074
8.97356452733
8.97359976105
8.97362172444
8.95639425247
8.95639151553
8.95639420282
8.95640450689
8.95643007577
8.95648814698
8.95661288708
8.9568664382
8.95735188376
8.95822136979
8.95966377715
8.96184600318
8.96478073485
8.9681305676
8.97110280932
8.97286548719
8.97345549192
8.97356662085
8.97359769488
8.97362014099
8.95651615471
8.95650654335
8.95650957132
8.95652908049
8.95657827059
8.95668492019
8.95689967278
8.95730577099
8.95802518191
8.95921098516
8.96101081983
8.96348655611
8.96649100332
8.96955179469
8.97193304272
8.97314732774
8.97349830282
8.97356611436
8.97359624682
8.97361993432
8.9565425798
8.95652412348
8.95652833033
8.95656126009
8.9566429854
8.95681281712
8.95713671897
8.957712814
8.95866799104
8.96013571773
8.96220539467
8.96484119995
8.96778838661
8.97052892089
8.97244023105
8.97329542282
8.97351407801
8.97356472941
8.97359577338
8.97362032674
8.95660881716
8.95657948961
8.95658562376
8.95663602743
8.9567582118
8.95700248065
8.95744663405
8.95819552008
8.95936829111
8.96106625206
8.96331823254
8.9660102464
8.96882384438
8.97124420622
8.97277301654
8.97337763101
8.97351987709
8.97356423963
8.97359594313
8.97362133629
8.95668306423
8.95664108747
8.95665073391
8.95672366332
8.95689457126
8.95722302286
8.95779416194
8.95871195726
8.96007905924
8.9619597482
8.96432806171
8.96701205256
8.96965897788
8.97177983801
8.97299613537
8.97342279491
8.97352218236
8.97356441544
8.9735965375
8.97362277353
8.95676312094
8.95670715827
8.95672272499
8.95682386641
8.95705144314
8.95747170251
8.95817241379
8.95925045872
8.96078683728
8.96280875731
8.96524393512
8.96787895047
8.97034474782
8.97218848782
8.97314651209
8.9734472677
8.97352363009
8.97356496144
8.97359742489
8.97362450765
8.9568400481
8.95677024721
8.95679547658
8.95693134049
8.95722328096
8.95774127751
8.95857141248
8.95979897826
8.96148100795
8.96361014442
8.96607617145
8.96863615256
8.97091500349
8.97250213769
8.9732466334
8.97346067023
8.97352499025
8.97356564282
8.97359853057
8.97362644255
8.95690359725
8.95682280229
8.95686347208
8.957041724
8.95740570734
8.95802619979
8.95898401346
8.96034992861
8.96215661363
8.96436568229
8.96683611693
8.9693034742
8.97139258467
8.97274172761
8.97331197007
8.97346851287
8.97352634914
8.97356635573
8.97359980058
8.97362851113
8.95694408062
8.95685852276
8.95692276719
8.9571522836
8.95759601673
8.9583229002
8.95940573766
8.96089917496
8.96281229353
8.96507935637
8.96753407439
8.96989550685
8.97179272635
8.97292224846
8.97335388219
8.9734736818
8.9735276139
8.97356707873
8.97360119372
8.97363066763
8.95695879974
8.95687726171
8.95697471429
8.95726476168
8.95779533922
8.95863132341
8.95983558785
8.96144600729
8.96344948404
8.96575627144
8.96817876551
8.97042254292
8.9721258866
8.97305563611
8.97338070204
8.97347754289
8.97352871038
8.97356782821
8.97360268281
8.97363288314
8.95695950158
8.95689016391
8.95702945537
8.95738769019
8.95801008876
8.95895567854
8.96027616204
8.96199267553
8.96407157429
8.96640183978
8.96877710874
8.97089151955
8.97239993214
8.97315215763
8.97339824826
8.97348068512
8.97352963265
8.97356863113
8.97360425524
8.97363514279
8.95697619064
8.95692174171
8.95710681827
8.95753653036
8.95825163611
8.9593038118
8.96073281091
8.96254341372
8.96468295627
8.96702111811
8.96933417809
8.9713069881
8.97262172437
8.97322082846
8.97341031927
8.97348335298
8.97353042996
8.97356951348
8.97360590951
8.97363744247
8.95705305344
8.95700598446
8.95723267635
8.9577304045
8.9585334909
8.95968484749
8.96121169919
8.9631028889
8.9652878806
8.96761815815
8.96985322235
8.97167202418
8.97279800298
8.97326932184
8.9734192294
8.97348566098
8.97353117249
8.97357049353
8.97360764797
8.97363978412
8.95723629989
8.95717639232
8.95743089779
8.95798575206
8.95886644275
8.96010556796
8.96171717729
8.96367435534
8.9658892546
8.9681953941
8.97033571917
8.97198898486
8.97293560773
8.97330378139
8.9734262908
8.97348767742
8.9735319167
8.97357157371
8.97360946696
8.97364216937
8.95755527851
8.95745176682
8.9577128017
8.95830868226
8.95925316422
8.96056671125
8.96224930999
8.96425805806
8.96648767707
8.9687531879
8.9707814924
8.97226005532
8.97304127127
8.97332877545
8.97343217654
8.97348944041
8.97353268063
8.97357273166
8.97361134716
8.97364459255
8.95800395285
8.9578235737
8.95806873318
8.95868953798
8.95968484331
8.96106097415
8.96280273543
8.96485059342
8.9670810848
8.96928970015
8.97118896914
8.97248761126
8.97312127471
8.97334744022
8.97343716842
8.97349094911
8.97353343351
8.97357391521
8.97361324776
8.97364703543
8.95853576571
8.95825384015
8.95846786944
8.95910374453
8.96014247381
8.96157434307
8.96336779326
8.96544571586
8.9676652248
8.96980118454
8.97155566798
8.97267448765
8.97318116696
8.9733617548
8.9734413243
8.9734921578
8.97353410057
8.97357504576
8.97361510761
8.97364946582
8.95908263289
8.95868968359
8.95886949053
8.95952048432
8.96060337961
8.9620908146
8.96393374302
8.96603633424
8.96823473252
8.97028262929
8.97187895843
8.97282420579
8.97322561732
8.97337286859
8.9734445961
8.97349298601
8.97353458094
8.97357603094
8.97361685387
8.97365184097
8.95958796796
8.95908670872
8.95923975725
8.9599146724
8.96104959743
8.96259805546
8.9644923617
8.96661657891
8.968784194
8.97072854554
8.97215700865
8.9729410862
8.97325839153
8.97338141391
8.97344691414
8.97349334363
8.97353477264
8.97357678275
8.97361841544
8.9736541147
8.96002882688
8.95942499498
8.95956307427
8.96027487458
8.96147321158
8.9630908091
8.96503993316
8.96718280847
8.96930868828
8.9711337779
8.97238968802
8.97303011778
8.97328242098
8.97338775748
8.97344824176
8.97349316037
8.97353459678
8.97357723537
8.97361973652
8.97365624547
8.96041879873
8.95971159515
8.95984383859
8.96060435448
8.96187684145
8.96357097839
8.96557706916
8.96773335268
8.96980384694
8.97149432837
8.97257909407
8.97309656751
8.97329993136
8.97339216909
8.97344860228
8.97349240829
8.97353401394
8.97357735688
8.97362078609
8.97365820267
8.960798149
8.95997363644
8.96010132309
8.96091716333
8.96227065638
8.96404538836
8.96610709549
8.96826752596
8.97026577079
8.97180809399
8.97272944927
8.97314548228
8.97331259299
8.97339491016
8.97344808205
8.97349111041
8.97353302952
8.97357715272
8.97362156128
8.97365996946
8.96122077156
8.9602480653
8.96036147814
8.96123182675
8.96266773427
8.96452252213
8.96663388755
8.96878447356
8.97069102271
8.97207526268
8.97284640793
8.97318128157
8.97332165813
8.97339626146
8.97344681744
8.97348933596
8.97353168932
8.97357666184
8.97362208541
8.97366154211
8.9617276357
8.96056375999
8.96064466176
8.96156311892
8.96307870149
8.9650091116
8.96715980116
8.96928223389
8.97107673578
8.97229819476
8.97293611642
8.97320755239
8.97332807059
8.9733965179
8.97344497623
8.97348718909
8.9735300705
8.97357594973
8.97362240387
8.97366292798
8.9623318686
8.96093050199
8.96095864162
8.96191788424
8.96350926313
8.96550861618
8.96768475289
8.96975749612
8.97142089469
8.97248092036
8.97300443089
8.97322705046
8.97333255747
8.97339597993
8.97344274682
8.97348480126
8.9735282757
8.97357510388
8.97362258197
8.97366414484
8.96303254021
8.9613479904
8.96130457056
8.96229894126
8.9639625168
8.96602235843
8.96820672762
8.97020614054
8.9717227544
8.97262853634
8.97305649857
8.9732418468
8.97333571868
8.97339496109
8.97344034351
8.97348233459
8.97352643499
8.9735742349
8.97362270732
8.97366522412
8.96383763072
8.96182419001
8.96168901154
8.9627123482
8.96444292767
8.96655142707
8.96872274809
8.97062413167
8.97198321313
8.97274668813
8.97309666277
8.97325353334
8.9733381113
8.97339380985
8.97343802291
8.97347999282
8.97352471313
8.97357348085
8.97362289469
8.97366621809
8.96478023021
8.96238562687
8.96213058076
8.96317111577
8.96495802036
8.96709732532
8.96922943722
8.97100834932
8.97220494339
8.97284115938
8.97312853464
8.97326340783
8.97334030807
8.97339292661
8.97343609528
8.97347802781
8.97352331267
8.97357300754
8.97362328762
8.97366720803
8.96581778671
8.96307046297
8.96265585068
8.96369243305
8.96551649071
8.96766098648
8.96972310849
8.97135715098
8.97239216411
8.97291751795
8.97315508998
8.97327258506
8.97334290744
8.97339275365
8.97343491273
8.97347672743
8.97352246226
8.97357299655
8.9736240494
8.97366830863
8.96572114302
8.96391761668
8.96329160382
8.96429284425
8.96612533534
8.96824154835
8.97019985982
8.97167056686
8.97255007202
8.97298078718
8.97317871619
8.97328201648
8.97334648609
8.97339372531
8.97343482405
8.97347637639
8.97352238401
8.97357361655
8.97362533857
8.9736696626
8.95024293489
8.96493252105
8.96405842489
8.96498455156
8.96678761841
8.96883547459
8.97065558722
8.97194995207
8.97268404729
8.97303513842
8.9732011874
8.97329242571
8.97335149962
8.97339617898
8.97343609692
8.97347719065
8.97352324051
8.97357497962
8.97362726954
8.97367142031
8.81350947341
8.96616856891
8.964962038
8.96576922513
8.96749884948
8.96943493692
8.9710853278
8.97219706003
8.97279880483
8.97308361139
8.97322357699
8.97330418501
8.97335815065
8.97340024165
8.97343882039
8.97347923608
8.97352507055
8.97357709114
8.9736298659
8.97367370313
8.03641361973
8.96686502589
8.96597284724
8.96662849434
8.96824185267
8.97002568946
8.97148228807
8.97241303311
8.9728977402
8.97312792055
8.97324616514
8.97331718758
8.97336626609
8.97340572583
8.9734428167
8.97348235522
8.97352773244
8.97357980893
8.97363302221
8.97367655754
5.81510124582
8.95135738247
8.96705644572
8.96752116798
8.96898610917
8.97058749095
8.97183811233
8.97259812139
8.97298274659
8.97316847914
8.97326845111
8.97333080218
8.97337524722
8.97341208575
8.97344760319
8.97348613533
8.97353088024
8.97358283105
8.97363649433
8.9736799239
3.23670408185
8.82922430371
8.96819779316
8.96839252468
8.96969449931
8.97109835547
8.97214494523
8.97275231241
8.97305454484
8.97320470564
8.97328933927
8.97334396722
8.97338413534
8.97341846782
8.97345243261
8.97348994002
8.97353398866
8.97358571573
8.97363990282
8.97368357928
1.94600205369
8.37347279127
8.96914889647
8.96919281994
8.97033255972
8.97154013762
8.97239796329
8.97287621193
8.97311325037
8.97323549798
8.97330744391
8.97335539362
8.97339176983
8.97342383879
8.97345639839
8.97349299507
8.97353642326
8.9735879544
8.97364284762
8.97368732402
1.52838072293
7.39572961091
8.96753530322
8.96988760331
8.97087658633
8.97190294402
8.97259690289
8.97297153949
8.97315889346
8.97325970119
8.97332140475
8.97336379842
8.97339697838
8.9734271436
8.9734585663
8.97349449579
8.97353751927
8.97358900375
8.97364485387
8.97369077343
1.41819494313
6.01825925139
8.9559175129
8.97045834618
8.97131852558
8.97218685208
8.97274597102
8.97304110073
8.97319176514
8.97327644816
8.97333012685
8.973368097
8.97339873925
8.97342744397
8.97345809386
8.97349371048
8.97353667274
8.9735883799
8.97364551731
8.9736936201
1.36485997488
4.57984947637
8.92422003994
8.97090179052
8.9716650637
8.97240005999
8.97285230008
8.97308835629
8.97321252767
8.97328530463
8.9733328912
8.97336750397
8.97339627311
8.97342400081
8.97345430357
8.97349004393
8.97353339015
8.97358568099
8.9736444752
8.97369557472
1.16064733812
3.36367671671
8.85953698045
8.97125336597
8.97193085021
8.97255440939
8.97292375985
8.97311679275
8.97322209504
8.97328622225
8.97332933685
8.97336154101
8.97338906441
8.97341630209
8.9734467135
8.97348306817
8.97352731779
8.97358061248
8.9736414239
8.97369637912
1.00915197982
2.49572947043
8.74074157805
8.97154125807
8.97213039392
8.97266124648
8.97296731292
8.97312945824
8.97322146993
8.97327943731
8.9733194076
8.97335001871
8.97337686304
8.97340407575
8.97343505578
8.97347254376
8.97351826495
8.97357301018
8.97363612396
8.97369579393
1.00001227796
1.95805202883
8.54377045085
8.97178379397
8.97227652816
8.97273051061
8.97298884495
8.97312905528
8.97321180313
8.97326549454
8.97330337911
8.9733330703
8.97335972129
8.97338732675
8.97341931171
8.97345845185
8.97350623475
8.9735628726
8.97362841755
8.97369357877
1.00000000004
1.65611393022
8.24171563128
8.97199672826
8.97238130242
8.97277116195
8.97299361013
8.97311825894
8.97319455694
8.97324533931
8.97328192983
8.97331121257
8.97333804754
8.97336638457
8.97339975289
8.97344102945
8.97349145672
8.97355039996
8.97361826189
8.9736894684
1
1.49023448815
7.74515245969
8.97209797869
8.97245534592
8.97279095264
8.97298632348
8.97309979903
8.97317152775
8.9732203246
8.97325615183
8.97328536083
8.97331262385
8.97334192181
8.97337695945
8.97342078602
8.97347440427
8.97353602624
8.97360577752
8.97368314637
1
1.41217089751
6.80196371737
8.9690719113
8.9725076482
8.9727966105
8.97297125925
8.97307645671
8.97314478414
8.9731921428
8.97322749268
8.97325678218
8.97328456992
8.9733149273
8.97335179983
8.97339848678
8.97345578082
8.97352042506
8.97359130409
8.97367421724
1
1.25960715933
5.02923999339
8.94512344439
8.97255172085
8.97279370446
8.97295213566
8.97305090099
8.97311649066
8.97316266874
8.97319762365
8.97322698714
8.97325525551
8.97328663649
8.97332537556
8.97337510629
8.97343647599
8.97350448299
8.97357545888
8.97366218643
1
1.00010438021
2.76678319223
8.7935047099
8.97227491785
8.97278691969
8.97293220637
8.9730256604
8.97308882987
8.97313387241
8.97316835605
8.97319765385
8.97322623435
8.97325847556
8.97329897436
8.97335178635
8.97341752103
8.97348925491
8.97355919271
8.97364646872
1
1
1.56677957214
8.0061382194
8.96634183197
8.97278249836
8.9729150352
8.97300354775
8.97306423773
8.97310794872
8.97314170739
8.97317065517
8.97319924735
8.97323205091
8.97327405254
8.97332981317
8.97340005115
8.97347589955
8.97354381565
8.97362646967
1
1
1.33609859462
5.38861167308
8.90061835048
8.97273443705
8.9729045308
8.9729876724
8.97304537679
8.97308726756
8.97311983593
8.97314798303
8.97317614165
8.9732090665
8.9732521536
8.97331053954
8.97338522355
8.97346556165
8.97353093105
8.97360180615
1
1
1.00000323559
2.26416267661
8.40735947673
8.97084778495
8.97290404229
8.97298056638
8.97303451043
8.97307390238
8.97310466519
8.97313143634
8.97315860307
8.97319109072
8.97323470841
8.97329521875
8.97337407171
8.97345919618
8.97352222076
8.9735727524
1
1
1
1.43011252093
6.30005109811
8.93891420716
8.97291456639
8.97298405037
8.97303327722
8.97306935825
8.97309760233
8.97312234454
8.97314789144
8.97317931205
8.97322282033
8.97328482394
8.97336735443
8.97345739514
8.97351910243
8.97354096567
1
1
1
1.10098362832
3.00172857285
8.64865073923
8.97280455097
8.97299949981
8.97304252372
8.97307436902
8.97309932186
8.97312134689
8.97314462312
8.97317433321
8.97321707656
8.97327988115
8.97336542516
8.97346026381
8.97352234345
8.97351030344
1
1
1
1.00000000187
1.60395570765
7.22048381177
8.96330728918
8.97302505676
8.97306176527
8.9730885021
8.97310945645
8.97312813634
8.9731485519
8.97317597515
8.97321736029
8.97328030204
8.97336811401
8.97346735994
8.97353175631
8.97348695681
1
1
1
1
1.39442571611
4.38386559277
8.84106580388
8.97306687373
8.97308941724
8.97311018732
8.97312657709
8.97314141185
8.97315850123
8.97318318885
8.97322275446
8.97328529883
8.97337468174
8.97347772605
8.97354609472
8.97347755034
1
1
1
1
1.07608568208
2.25647687254
8.19154641953
8.97211776987
8.97312244581
8.97313711403
8.97314844237
8.97315905258
8.97317248417
8.97319413981
8.97323160609
8.97329343125
8.97338386931
8.97349002217
8.97356330076
8.97348527035
1
1
1
1
1.00000314818
1.53980654541
6.35499463805
8.94146114322
8.97316264764
8.97316648372
8.97317227435
8.9731783786
8.97318795122
8.97320643686
8.97324172876
8.97330277175
8.97339403445
8.97350271704
8.9735810486
8.97350726216
1
1
1
1
1
1.40247877805
3.85035498416
8.71107599978
8.97319479757
8.97319545169
8.97319515018
8.97319652615
8.97320216578
8.97321749894
8.9732507371
8.97331118302
8.97340335065
8.97351424379
8.97359722337
8.97353617266
1
1
1
1
1
1.2233909155
2.17810436283
7.77576430838
8.9660039133
8.97322217394
8.97321469344
8.97321110843
8.97321285404
8.97322518623
8.97325656298
8.97331665659
8.97340995077
8.97352303363
8.97361017246
8.97356434751
1
1
1
1
1
1.00241200583
1.54200807289
5.54745816989
8.85850592028
8.97325217364
8.97323011011
8.9732213085
8.97321927667
8.97322882327
8.97325844674
8.97331801709
8.97341220629
8.97352757762
8.97361873858
8.97358674332
1
1
1
1
1
1.00000000001
1.40008283369
3.06362998514
8.20799486476
8.96661822949
8.97324333122
8.97322888092
8.97322339157
8.97323055074
8.97325848525
8.97331705086
8.97341110645
8.97352749047
8.97362147858
8.97359860024
1
1
1
1
1
1
1.15485913018
1.80150384236
6.19403349951
8.83958405
8.97293682101
8.97323868927
8.97323123543
8.97323759907
8.97326486612
8.97332197338
8.97341311529
8.97352510871
8.97361478511
8.97358843569
1
1
1
1
1
1
1.0001771664
1.44920335749
3.6485777508
8.12637069597
8.95439254452
8.9732599087
8.9732549203
8.9732653413
8.97329530703
8.97335036488
8.97343072349
8.97352156225
8.97358473318
8.97351947803
1
1
1
1
1
1
1
1.38397910809
2.22328101167
6.41969277471
8.78667991768
8.972147275
8.97330740754
8.97332656749
8.9733585867
8.97340185241
8.97344939782
8.97348352367
8.97346572596
8.97332008655
1
1
1
1
1
1
1
1.25654594226
1.7063690737
4.62108222294
8.27717236862
8.9582120549
8.97338985155
8.9734103232
8.97342687625
8.97343485479
8.97342699149
8.97339243959
8.9733420943
8.97335742424
1
1
1
1
1
1
1
1.11452254577
1.53296718385
3.50041724305
7.54057413798
8.91063860392
8.97343072789
8.97351404538
8.97353314491
8.97354410301
8.97355191197
8.97356315932
8.97357949344
8.97360733571
1
1
1
1
1
1
1
1.03804355333
1.46619946608
2.92799491145
6.88766513351
8.82267039723
8.97306803487
8.973424771
8.97304638448
8.97295222313
8.97321109641
8.97365399587
8.97369791125
8.97371975331
1
1
1
1
1
1
1
1.00337198326
1.42415732701
2.43805579257
6.13137480963
8.65084278946
8.96231214267
8.87718151524
8.55564083207
8.30505674417
8.37519981043
8.91586551703
8.97243893256
8.97373643196
1
1
1
1
1
1
1
1.00000021574
1.3773539716
1.80750003451
4.46266774077
7.89256011234
8.72785068819
7.05376749155
2.5778406329
1.4983753409
1.45226424969
2.98063821422
7.97768328196
8.94517563057
1
1
1
1
1
1
1
1
1.01619961012
1.41876843728
2.02431435434
4.28311536574
5.80269126296
3.45232265407
1.29830411748
1
1
1
1.39816618205
6.61380029284
1
1
1
1
1
1
1
1
1
1.00004633416
1.30395054162
1.43692584553
1.43008927043
1.30728773409
1
1
1
1
1
1.71733537428
1
1
1
1
1
1
1
1
1
1
1
1
1
1
1
1
1
1
1
1.35583467206
1
1
1
1
1
1
1
1
1
1
1
1
1
1
1
1
1
1
1
1.05678678652
1
1
1
1
1
1
1
1
1
1
1
1
1
1
1
1
1
1
1
1.03444529214
1
1
1
1
1
1
1
1
1
1
1
1
1
1
1
1
1
1
1
1.13849009764
1
1
1
1
1
1
1
1
1
1
1
1
1
1
1
1
1
1
1
1.30551847727
1
1
1
1
1
1
1
1
1
1
1
1
1
1
1
1
1
1
1
1.37565040627
1
1
1
1
1
1
1
1
1
1
1
1
1
1
1
1
1.02532739359
1
1
1.3945133191
1
1
1
1
1
1
1
1
1
1
1
1
1
1
1
1.00005932574
1.36668222084
1.01964908629
1
1.39673657741
1
1
1
1
1
1
1
1
1
1
1
1
1
1
1
1.36102977494
1.42327076354
1.26121284799
1
1.39667936063
1
1
1
1
1
1
1
1
1
1
1
1
1
1
1.0628012947
1.47637884852
1.46543275267
1.3590486471
1
1.39630185687
1
1
1
1
1
1
1
1
1
1
1
1
1
1.00000000214
1.44933283319
1.51122163423
1.4799644177
1.38774176225
1
1.38814698398
1
1
1
1
1
1
1
1
1
1
1
1
1
1.41012760431
1.5134272097
1.51358689135
1.49350864448
1.40038206255
1
1.33492567551
1
1
1
1
1
1
1
1
1
1
1
1
1.00122220114
1.51580307843
1.51673695779
1.51336239421
1.50661324937
1.40349275924
1
1.16575309829
1
1
1
1
1
1
1
1
1
1
1
1
1.45714568837
1.51921431178
1.51578099469
1.51891383267
1.51300191902
1.35578015805
1
1.16903645473
1
1
1
1
1
1
1
1
1
1
1
1.35425695712
1.52097171268
1.5178579399
1.52382701231
1.51565859027
1.51668185754
1.00000230705
1
1.39978678712
1
1
1
1
1
1
1
1
1
1
1.00065424645
1.50361995886
1.52009766055
1.52450086606
1.51786062572
1.52504394152
1.08476148242
1
1
3.05901614207
1
1
1
1
1
1
1
1
1
1
1.10175356452
1.51932837131
1.52425061264
1.51923934194
1.5263758234
1.09054368457
1
1
1.00250382701
6.89327367636
1
1
1
1
1
1
1
1
1
1
1.10308753752
1.52360707826
1.51927768798
1.52595535447
1.00055924541
1
1
1
1.38403628063
6.89660027744
1
1
1
1
1
1
1
1
1
1
1.00000134762
1.41044389717
1.24858533447
1
1
1
1.00000007129
1
1.20043259691
6.7112228181
1
1
1
1
1
1
1
1
1
1
1
1
1
1
1
1.0946044
1.29397597334
1
1
5.26876130863
1
1
1
1
1
1
1
1
1
1
1
1
1
1
1.00000036468
1.37629736591
1.5211216716
1
1
4.72629311226
1
1
1
1
1
1
1
1
1
1
1
1
1
1
1.00053454705
1.40126704202
2.03729882894
1.00000002753
1
4.43841168432
1
1
1
1
1
1
1
1
1
1
1
1
1
1
1.07041550886
1.44995974748
3.22341972912
1.00080247947
1
3.63631584956
1
1
1
1
1
1
1
1
1
1
1
1
1
1
1.36281376144
1.80042381093
5.95937604277
1.22572936789
1
2.37954495625
1
1
1
1
1
1
1
1
1
1
1
1
1
1.01214284162
1.48625602351
3.84096048817
8.46059431097
1.73268624015
1
1.46961875857
1
1
1
1
1
1
1
1
1
1
1
1
1.00000000013
1.40512661201
2.86429617454
7.95517320581
8.90272647888
6.56951715935
1
1.08759198285
1
1
1
1
1
1
1
1
1
1
1
1
1.3596503214
2.46075884572
7.7299783744
8.90982641219
8.90646037245
8.78961607618
1
1.00000000001
1
1
1
1
1
1
1
1
1
1
1
1.38140909518
2.68018473907
7.9208502805
8.91092192101
8.92295042665
8.90719755051
8.91431610235
1
1
1
1
1
1
1
1
1
1
1
1
1.41526865113
3.78984649344
8.41169368216
8.91787642592
8.92293931052
8.92308289032
8.91455531596
8.9227309489
1
1
1
1
1
1
1
1
1
1
1
1.00366355172
2.87179114166
8.69606958578
8.92210262103
8.92293571902
8.92307584776
8.92298252396
8.92242686022
8.92268705014
1
1
1
1
1
1
1
1
1
1
1
1.08298625262
4.40784557209
8.90375192037
8.92294270542
8.92305822301
8.92298098568
8.92318357116
8.92299952421
8.90153497583
1
1
1
1
1
1
1
1
1
1
1
1.23469972478
5.12309302457
8.90960675809
8.92312756196
8.92298511591
8.92318520772
8.92302843762
8.92322511573
8.49754998167
1
1
1
1
1
1
1
1
1
1
1
1.36753260871
5.50722043918
8.89519775564
8.9190139133
8.91847255451
8.92159868074
8.92322463049
8.92303499477
4.27672596762
1
1
1
1
1
1
1
1
1
1
1
1.40672117066
5.3231497039
8.78965053212
8.85462771207
8.8486340194
8.86418687294
8.89428770064
8.72157415389
1.18513448921
1
1.24604313596
1
1
1
1
1
1
1
1
1
1.4078704881
4.07239192808
8.2137674745
8.52143610435
8.53582856928
8.58859684378
8.49876907375
2.23246001915
1
1
2.34122055143
1
1
1
1
1
1
1
1
1.00000000395
1.37971729963
2.33593167197
6.20571960264
7.13601929107
7.16694775683
6.49559595153
1.71031997797
1
1
1
2.35047528616
1
1
1
1
1
1
1
1
1.0000000029
1.2000170234
1.55421065342
2.92511588626
3.04240550499
1.86908434306
1.00064569943
1
1
1
1
2.23383863608
1
1
1
1
1
1
1
1
1
1.00017885663
1.28716664613
1.34197703678
1.00000543204
1
1
1
1
1
1
1.51387648093
1
1
1
1
1
1
1
1
1
1
1
1
1
1
1
1
1
1
1
1.41123086695
1
1
1
1
1
1
1
1
1
1
1
1
1
1
1
1
1
1
1
1.37886941435
1
1
1
1
1
1
1
1
1
1
1
1
1
1
1
1
1
1
1
1.33880261522
1
1
1
1
1
1
1
1
1
1
1
1
1
1
1
1
1
1
1
1.32401766811
1
1
1
1
1
1
1
1
1
1
1
1
1
1
1
1
1
1
1
1.36086153318
1
1
1
1
1
1
1
1
1
1
1
1
1
1
1
1
1
1
1
1.40584387839
1
1
1
1
1
1
1
1
1
1
1
1
1
1
1
1
1
1
1.00004863164
1.4983950486
1
1
1
1
1
1
1
1
1
1
1
1
1
1
1
1
1
1.00000133509
1.15372058602
2.48979203952
1
1
1
1
1
1
1
1
1
1
1
1
1
1
1
1
1.00000199098
1.16937565361
1.41501973647
7.89345627883
1
1
1
1
1
1
1
1
1
1
1
1
1
1
1
1.00007253836
1.34512922235
1.46473001885
2.37373931767
8.71780344016
1
1
1
1
1
1
1
1
1
1
1
1
1
1
1
1.41360454606
1.8930098159
2.42519364891
6.7039676357
8.71720359957
1
1
1
1
1
1
1
1
1
1
1
1
1
1
1
1.38541288986
2.08090231846
2.1731079113
4.94295410625
8.71790556222
1
1
1
1
1
1
1
1
1
1
1
1
1
1
1
1
1.49681100481
1.43713115422
1.43841165657
8.20821116627
1
1
1
1
1
1
1
1
1
1
1
1
1
1
1
1
1.00000000642
1.35110431704
1
2.36582051804
1
1
1
1
1
1
1
1
1
1
1
1
1
1
1
1
1
1.35217778657
1
1.36394770851
1
1
1
1
1
1
1
1
1
1
1
1
1
1
1
1
1
1.00016909957
1
1.01266360338
1
1
1
1
1
1
1
1
1
1
1
1
1
1
1
1
1
1
1
1.00970141248
1
1
1
1
1
1
1
1
1
1
1
1
1
1
1
1
1
1
1
1.09012353053
1
1
1
1
1
1
1
1
1
1
1
1
1
1
1
1
1
1
1
1.32057498427
1
1
1
1
1
1
1
1
1
1
1
1
1
1
1
1.00000000005
1
1
1
1.40043345846
1
1
1
1
1
1
1
1
1
1
1
1
1
1
1.00000000006
1.00000000005
1
1
1
1.41358958032
1
1
1
1
1
1
1
1
1
1
1
1
1
1
1.00000000007
1.00000000015
1
1
1
1.44104870666
1
1
1
1
1
1
1
1
1
1
1
1
1
1
1.00000000015
1.00000000007
1.00000000004
1
1
1.70737867589
1
1
1
1
1
1
1
1
1
1
1
1
1
1.0000000001
1.0000000001
1.00000000021
1.00000000007
1
1
4.34584690741
1
1
1
1
1
1
1
1
1
1
1
1
1
1.00000000009
1.0000000002
1.00000000009
1.00000000026
1
1
8.31770659941
1
1
1
1
1
1
1
1
1
1
1
1
1
1.00000000011
1.00000000009
1.00000000023
1
1
1
7.50801468135
1
1
1
1
1
1
1
1
1
1
1
1
1
1.00000000007
1.00000000019
1.00000000007
1
1
1
7.20467513444
1
1
1
1
1
1
1
1
1
1
1
1
1
1.00000000006
1.00000000007
1
1
1
1
7.60492337454
1
1
1
1
1
1
1
1
1
1
1
1
1
1.00000000001
1
1
1
1
1.00002200342
8.5266904348
1
1
1
1
1
1
1
1
1
1
1
1
1
1
1
1
1
1
1.5047903087
8.89964764323
1
1
1
1
1
1
1
1
1
1
1
1
1
1
1
1
1
1
5.34937966609
8.90761874871
1
1
1
1
1
1
1
1
1
1
1
1.00000000001
1
1
1
1
1
1.43220796507
8.81242017767
8.9082153201
1
1
1
1
1
1
1
1
1.00000000189
1.00056957542
1.00062314007
1
1
1
1
1
1.00000000007
7.45596687798
8.90802360423
8.90803670489
1
1
1
1
1
1
1
1
1.00034020745
1.000623092
1.00000000006
1
1
1
1
1
2.29309268014
8.89871436997
8.90798088963
8.90871911244
1
1
1
1
1
1
1
1
1.00876764589
1.00004663698
1
1
1
1
1
1.72729983619
8.63370304237
8.90787029872
8.90882663867
8.90846655931
1
1
1
1
1
1
1
1.00856039965
1.01051118065
1
1
1
1
1
1
1.40506512968
8.73435197081
8.90878297352
8.90844326623
8.90899971601
1
1
1
1
1
1
1.00192605993
1.35928978114
1.00000145898
1
1
1
1
1
1
1
1.03159687062
7.37424483836
8.90948471363
8.90867403263
1
1
1
1
1
1.00008759386
1.38509228991
1.38728125263
1
1
1
1
1
1
1
1
1
1
7.49082426762
8.90923877321
1
1
1
1
1
1.00002591791
1.35340065339
1.37472041418
1
1
1
1
1
1
1
1
1
1
2.46551144561
8.91021884826
)
;

boundaryField
{
    emptyPatch
    {
        type            empty;
    }
    minY
    {
        type            calculated;
        value           nonuniform List<scalar> 
40
(
8.97364988451
8.97365075528
8.97365088544
8.97365104221
8.97365119591
8.97365133983
8.9736514729
8.97365159366
8.97365170076
8.97365179459
8.97365187562
8.97365194465
8.9736520029
8.97365205155
8.97365209157
8.97365212378
8.97365214885
8.97365216731
8.97365217958
8.97365218595
8.97365218664
8.97365218219
8.97365217337
8.97365216074
8.97365214472
8.97365212554
8.97365210333
8.9736520781
8.97365204979
8.97365201828
8.97365198337
8.97365194477
8.97365190207
8.97365185459
8.97365180142
8.97365174205
8.97365167727
8.97365160566
8.97365150901
8.97365053767
)
;
    }
    maxY
    {
        type            calculated;
        value           nonuniform List<scalar> 
40
(
1
1
1
1
1
1
1
1
1
1.00000000002
1.00000000002
1.00000000002
1
1
1
1
1
1
1
1
1
1
1
1
1
1.00002591791
1.3534006792
1.37472042876
1
1
1
1
1
1
1
1
1
1
2.46551156799
8.91021965676
)
;
    }
    maxX
    {
        type            calculated;
        value           nonuniform List<scalar> 
150
(
8.97365223067
8.97365680143
8.97366046888
8.97366399646
8.9736674862
8.9736709523
8.97367440543
8.97367784986
8.97368128813
8.9736847222
8.97368815382
8.97369158453
8.97369501526
8.97369844587
8.97370187481
8.97370529908
8.97370871472
8.97371211789
8.97371550622
8.97371888011
8.97372224349
8.97372560378
8.97372897103
8.9737323565
8.97373577113
8.97373922409
8.97374272172
8.97374626667
8.97374985714
8.97375348585
8.97375713903
8.97376079577
8.97376442842
8.9737680047
8.97377149159
8.97377486055
8.97377809283
8.97378118333
8.97378414208
8.97378699335
8.97378977295
8.97379252523
8.97379530017
8.9737981507
8.97380113001
8.97380428812
8.97380766762
8.97381129875
8.97381519447
8.97381934622
8.97382372074
8.97382825905
8.97383287944
8.97383748535
8.9738419769
8.97384626397
8.97385027804
8.97385397977
8.9738573608
8.97386044064
8.97386326024
8.97386587456
8.97386834672
8.97387074505
8.9738731467
8.97387565637
8.97387838393
8.973881424
8.9738849447
8.97385861748
8.94524792999
6.61403140322
1.71742635287
1.35591188978
1.05680409284
1.03446027247
1.13856908631
1.30573694339
1.37599108627
1.39497320524
1.39727695918
1.39727804351
1.39696397758
1.38888420999
1.33569209757
1.16622945951
1.16960863137
1.40125132203
3.06202721061
6.89534387935
6.89832410777
6.71243614579
5.26979888508
4.7269716877
4.43890051888
3.6367715726
2.37997888282
1.47002103543
1.08777141013
1.00000000001
1
1
1
1
1
1
1.24698196361
2.34250997673
2.35175942607
2.23494023241
1.51463344306
1.41202693434
1.37963749458
1.33945340861
1.32463791663
1.36157173775
1.40663224421
1.49925720688
2.49143373654
7.89426746794
8.71797567798
8.71732059327
8.71797940117
8.2083347588
2.36602944326
1.36394768971
1.01266360279
1.00970141203
1.09012352604
1.32057496591
1.40043343216
1.4135895489
1.44163894729
1.70819575065
4.34727166081
8.31798770505
7.50801299579
7.20467301009
7.60492008825
8.52668399373
8.89962878782
8.90755375585
8.90807895747
8.90781061951
8.90839779982
8.90807502614
8.90857632027
8.90819876401
8.90838137618
8.90815265549
)
;
    }
    water_to_heater
    {
        type            calculated;
        value           uniform 1;
    }
}


// ************************************************************************* //
