/*--------------------------------*- C++ -*----------------------------------*\
| =========                 |                                                 |
| \\      /  F ield         | OpenFOAM: The Open Source CFD Toolbox           |
|  \\    /   O peration     | Version:  2312                                  |
|   \\  /    A nd           | Website:  www.openfoam.com                      |
|    \\/     M anipulation  |                                                 |
\*---------------------------------------------------------------------------*/
FoamFile
{
    version     2.0;
    format      ascii;
    arch        "LSB;label=32;scalar=64";
    class       volScalarField;
    location    "0.43/water";
    object      p_rgh;
}
// * * * * * * * * * * * * * * * * * * * * * * * * * * * * * * * * * * * * * //

dimensions      [1 -1 -2 0 0 0 0];

internalField   nonuniform List<scalar> 
1497
(
101212.071314
101214.982018
101213.312213
101212.734694
101210.002232
101208.942735
101205.382144
101198.231843
101185.97478
101178.162915
101178.595028
101185.183986
101189.041901
100738.681125
101112.854226
101106.263216
101116.792319
101136.3306
101175.220867
101216.22776
101218.146055
101216.548555
101216.402623
101213.656944
101212.614232
101199.901943
101189.909556
101182.493222
101180.227848
101178.012095
101180.686931
101187.101476
101190.804372
100776.5751
101117.173383
101123.450623
101138.376828
101162.745931
101197.147875
101216.624909
101214.716215
101214.586727
101211.233404
101196.109504
101181.355374
101173.388621
101174.916874
101177.258185
101176.988781
101176.86462
101180.447601
101185.750531
101189.353667
100810.907421
101017.474251
101039.782256
101063.04971
101096.315383
101132.789292
101151.64336
101146.328283
101133.200214
101123.0377
101124.783728
101136.861806
101152.575391
101165.037833
101170.976115
101173.458856
101174.865357
101177.631886
101181.716181
101185.577799
100729.621407
100768.112568
100793.093893
100824.083939
100863.973414
100891.17072
100894.891045
100878.517938
100864.302852
100900.783647
100987.681936
101070.585659
101122.073503
101149.114571
101163.733082
101169.572908
101172.216485
101173.968133
101176.924136
101181.339727
100619.079503
100576.876862
100589.919109
100604.985106
100619.426297
100623.672033
100617.316654
100603.744893
100595.273615
100640.666904
100773.160722
100941.394163
101065.620519
101127.870782
101154.403761
101164.313483
101168.810794
101172.03062
101174.832675
101178.336342
100503.217682
100509.844108
100531.325068
100530.04028
100521.871238
100509.79788
100501.28374
100496.714701
100495.284268
100518.935584
100614.381492
100785.015496
100967.3046
101092.340964
101149.543799
101161.652473
101166.311823
101170.776684
101174.870742
101178.333537
100468.9048
100514.199492
100532.302992
100528.466853
100514.173277
100496.40498
100485.66735
100483.333258
100483.375308
100502.350272
100577.336891
100720.665558
100894.807086
101049.464468
101148.003542
101164.223837
101168.326234
101172.230927
101176.177085
101180.013753
100469.834486
100537.717822
100546.100156
100540.183402
100521.817774
100501.388528
100489.349553
100486.460176
100487.754312
100508.831685
100582.547898
100720.578371
100883.694283
101036.190693
101152.910189
101170.156553
101173.124211
101176.552978
101179.706399
101183.090786
100487.743275
100577.111128
100573.577838
100563.910985
100542.818515
100520.511218
100507.103476
100503.522974
100508.843497
100537.563151
100613.959334
100744.624305
100897.908916
101048.437399
101164.719158
101177.068385
101179.958758
101182.042141
101185.045811
101187.451677
100544.216434
100609.659675
100593.752376
100581.733212
100569.009414
100556.141864
100549.167889
100549.943489
100563.459634
100604.487585
100689.426606
100810.219631
100948.070557
101091.842937
101182.673551
101185.177154
101186.564891
101189.297671
101190.530322
101193.168528
100614.97578
100619.364739
100596.6193
100585.745932
100587.926002
100600.060449
100617.420893
100637.816234
100664.313369
100714.291847
100801.589403
100913.334733
101042.231442
101163.223735
101191.349584
101192.375191
101194.638102
101195.077702
101197.696852
101189.634021
100654.301137
100619.892952
100594.921266
100583.14702
100592.96445
100636.304753
100714.597903
100769.327817
100803.43867
100855.006109
100938.343567
101042.663262
101153.313841
101197.834371
101198.465152
101200.198273
101200.40994
101202.770418
101202.25602
101107.476147
100654.450473
100609.935057
100587.883566
100576.551905
100590.051506
100644.896736
100810.903782
100930.327472
100975.243297
101020.158056
101091.492429
101168.876521
101204.200473
101204.570456
101205.88472
101206.004217
101208.152982
101207.386107
101128.584358
101007.681489
100629.97993
100586.353541
100574.426918
100568.778552
100583.759578
100633.816419
100812.024112
101018.334949
101120.501921
101168.646814
101200.592381
101210.070928
101210.260304
101211.487908
101211.499464
101213.581285
101212.307401
101130.692524
100974.242344
100987.841672
100558.830083
100553.827686
100557.244734
100560.848995
100575.681644
100618.294926
100761.774496
100994.362986
101136.011532
101211.988556
101215.415184
101215.69963
101217.133204
101216.873566
101218.789103
101213.125892
101102.076086
100932.747588
100922.001513
100995.225461
100490.014325
100526.164112
100543.013527
100554.909807
100568.931781
100599.870523
100685.405784
100880.499577
101080.624906
101194.949364
101222.154115
101223.646337
101222.689628
101223.890706
101173.845974
101039.823255
100871.411968
100837.720176
100918.115879
101009.00784
100490.71824
100515.320513
100537.198022
100553.188882
100566.287341
100585.509475
100625.915352
100730.175609
100912.983687
101084.904139
101181.900501
101195.57104
101179.441084
101097.557172
100943.735206
100799.713669
100757.654451
100815.942355
100918.222622
101020.22341
100489.920709
100514.5031
100537.926416
100554.843683
100567.359013
100581.156529
100603.044128
100647.923801
100749.120037
100898.196235
101015.708222
101028.826646
100977.88925
100843.527376
100731.949276
100698.955263
100729.724776
100811.211824
100920.572627
101033.019726
100492.391643
100517.475841
100542.14222
100559.756801
100571.567929
100584.974595
100605.672944
100639.791334
100694.410946
100769.117091
100825.51149
100816.344352
100755.235782
100681.450129
100660.772346
100674.04534
100724.859389
100814.627475
100930.732731
101055.98808
100492.361516
100525.701327
100552.525176
100572.23771
100584.720457
100600.096265
100622.547742
100656.904819
100703.429041
100734.063531
100733.312406
100699.705637
100655.16042
100643.92946
100644.111767
100667.272293
100728.553347
100827.74589
100958.485961
101095.367708
100494.49537
100539.352511
100568.529308
100594.280817
100614.345096
100643.338497
100676.656923
100710.707748
100737.138677
100739.427986
100703.448861
100652.971947
100646.822705
100647.514646
100647.119392
100671.074085
100743.066166
100861.05554
101007.535342
101148.07587
100494.893002
100559.063049
100586.172307
100621.855326
100659.091137
100733.963935
100785.330743
100808.527854
100804.605564
100762.421038
100687.42261
100650.333101
100650.872571
100650.116661
100650.814525
100685.586016
100778.857182
100915.607954
101071.789509
101201.855101
100507.488846
100581.21312
100601.737188
100640.629166
100696.539926
100861.597036
100942.512851
100942.886408
100902.229131
100798.015492
100690.214278
100654.170084
100653.734294
100654.140364
100662.864394
100723.369804
100837.751582
100987.065994
101143.329719
101241.176275
100556.923278
100605.553805
100614.103617
100643.294993
100704.148562
100945.797138
101098.575316
101093.131912
101013.723208
100853.758283
100714.400922
100666.793445
100662.816573
100667.429023
100702.680628
100789.095192
100917.969043
101072.179205
101211.797791
101258.544208
100642.194594
100633.644324
100623.582452
100640.999106
100701.923962
100938.201485
101154.849671
101205.074876
101130.672285
100950.117716
100787.560785
100718.947325
100708.117042
100722.564398
100779.902738
100882.162095
101017.969407
101164.279128
101256.775029
101265.788456
100721.764451
100658.87822
100632.409272
100636.945551
100690.737303
100900.033602
101148.26068
101230.11183
101223.735543
101093.185414
100925.578686
100832.688318
100813.297491
100832.527291
100895.596639
101000.408864
101129.828702
101241.059593
101268.625947
101266.554683
100744.476559
100691.249402
100645.014303
100638.272404
100681.797847
100857.264243
101117.031292
101236.285519
101248.910707
101224.278074
101110.366018
101005.853133
100972.329089
100986.812274
101039.604621
101128.385343
101222.950013
101270.153044
101272.961872
101247.567012
100748.334679
100730.20278
100670.117045
100643.946862
100685.827564
100845.871112
101089.231089
101233.491427
101254.562097
101254.534557
101242.893472
101188.172295
101149.478052
101150.00262
101175.341542
101219.03823
101255.790433
101272.788707
101269.314618
101216.09642
100743.53381
100750.049133
100710.352854
100664.064199
100702.397512
100854.003438
101088.649922
101234.894741
101259.123341
101257.754257
101257.347821
101256.187425
101250.635036
101244.906644
101239.924305
101240.283393
101255.279065
101271.80545
101262.147252
101203.91109
100747.675366
100740.130253
100747.382952
100701.779266
100727.115119
100864.874122
101090.296065
101235.738537
101260.543869
101259.546832
101257.247015
101256.923668
101254.8388
101254.509704
101243.171622
101233.92813
101246.36187
101265.726806
101261.890941
101208.954002
100726.810947
100744.353548
100735.276958
100737.253221
100736.302719
100846.288551
101059.422238
101209.853547
101254.671343
101256.248215
101256.84254
101254.126157
101254.814899
101244.974921
101207.196627
101197.620745
101217.85831
101255.227561
101268.267867
101228.853566
100728.40257
100717.203992
100731.599641
100722.601426
100714.182485
100773.163605
100923.12441
101071.770025
101169.34368
101218.614074
101231.652425
101226.508018
101198.499451
101138.455558
101098.47512
101110.792412
101162.114434
101234.989467
101279.258833
101259.872565
100706.392854
100725.785162
100712.138413
100713.437445
100655.882154
100665.521162
100717.995506
100808.931051
100923.126441
101019.401023
101061.012401
101050.604037
101006.373363
100957.245617
100960.107809
101008.654475
101094.754926
101201.621131
101280.635931
101281.411686
100718.841859
100711.371817
100707.656527
100637.294263
100607.209161
100606.457427
100613.993228
100640.310889
100695.935057
100766.385421
100816.790923
100833.050362
100834.863109
100848.632227
100890.761029
100961.696755
101059.66316
101177.558962
101279.940891
101293.35716
100595.68736
100625.972516
100609.990948
100598.054446
100596.893711
100598.618648
100604.092418
100618.526308
100646.766431
100687.836499
100731.263024
100768.25409
100801.257536
100838.86549
100890.675276
100964.823999
101064.183023
101182.241552
101284.428468
101299.866914
100595.040468
100595.206385
100595.217081
100595.623389
100598.689266
100605.607725
100617.047897
100634.500246
100661.81749
100699.344446
100740.685551
100779.275804
100816.271997
100859.270246
100917.812219
100998.876933
101102.311402
101214.906965
101297.686946
101304.512179
100614.958014
100618.534405
100598.765876
100598.587834
100604.259893
100630.680544
100665.445028
100695.70931
100725.711846
100760.180518
100798.61642
100839.200422
100883.955306
100939.063767
101010.948368
101101.302936
101200.9816
101282.538463
101312.952379
101306.939371
101186.962913
101183.116454
101147.000953
101046.29219
100957.250612
100936.606991
100935.567533
100936.6115
100962.154313
101010.976793
100890.144708
100701.253387
100704.178358
100700.228538
100703.862414
100700.355319
100703.573758
100700.694321
100819.322325
101324.315846
101190.222834
101187.71145
101178.123197
101109.231128
101001.701491
100945.768544
100937.968925
100944.572445
100964.924791
100926.10186
100721.055007
100705.940154
100703.063166
100705.737526
100702.870204
100705.301013
100702.737197
100705.192015
100922.420233
101360.806709
101190.988804
101189.925316
101188.496058
101168.292375
101077.241789
100977.878912
100942.577068
100954.111364
100961.931847
100808.570425
100707.614434
100706.1644
100707.443974
100705.058357
100707.223548
100705.354213
100706.99146
100705.673965
101050.795161
101385.187782
101189.259438
101190.148874
101190.266095
101190.097032
101149.722442
101034.18599
100963.201667
100973.036094
100951.952841
100767.441178
100707.806388
100709.276218
100708.65791
100709.116248
100708.44255
100708.953052
100708.32015
100708.943678
101128.443169
101398.930973
101186.258451
101189.181677
101190.563518
101191.97397
101188.309554
101091.305451
101015.015965
101028.993962
100993.333097
100784.153102
100710.710343
100714.777899
100712.012815
100710.528611
100713.409446
100723.306758
100721.19351
100748.406113
101182.011626
101409.576167
101183.604674
101188.060365
101190.684866
101192.89764
101194.97179
101139.891329
101098.008651
101124.414449
101080.736397
100825.076895
100710.468597
100742.348117
100743.333456
100742.823052
100764.891009
100787.009103
100786.654991
100830.454518
101230.015177
101418.849209
101182.686874
101187.898299
101190.952133
101193.96443
101196.508028
101180.209697
101181.280887
101205.998335
101157.402907
100879.878107
100725.866016
100773.315802
100781.60292
100792.908494
100828.749555
100856.483292
100855.028181
100905.593882
101274.804749
101426.419561
101183.685133
101188.128303
101191.595618
101195.097972
101197.994768
101203.231578
101208.908163
101211.366401
101197.932824
100945.259349
100764.01549
100799.588691
100815.554167
100841.537976
100889.477586
100920.464806
100915.663001
100976.423866
101314.949239
101432.483219
101186.328411
101184.027477
101179.468641
101185.281063
101197.043986
101207.800346
101210.427282
101213.343173
101214.45326
101010.812349
100808.790278
100824.516612
100849.444151
100891.796977
100949.666925
100981.653717
100974.639765
101044.023819
101347.429408
101437.457058
101188.699535
101162.12818
101150.108623
101168.388773
101198.513929
101209.713611
101212.314564
101214.274868
101216.606218
101065.715441
100849.617881
100852.169978
100888.899924
100948.240168
101013.564853
101044.304841
101035.582513
101105.581527
101372.671671
101441.715871
101167.614612
101113.375147
101122.171582
101167.272879
101203.726479
101212.147882
101214.058359
101216.64836
101217.383786
101092.589613
100877.975697
100885.845599
100938.417185
101012.440537
101082.362289
101109.479074
101097.847418
101159.803095
101393.734724
101445.546874
101094.974669
101076.370814
101120.23143
101173.808598
101210.622291
101214.842568
101216.743205
101217.863493
101219.973647
101080.331894
100894.393323
100926.20339
100997.183845
101080.993954
101151.221655
101173.169198
101156.165488
101208.109322
101411.796008
101449.331872
101039.777551
101074.997358
101128.617054
101185.267487
101216.220532
101218.041589
101219.130481
101221.094017
101220.733458
101001.872496
100911.840922
100974.829399
101061.502885
101147.766334
101215.35312
101230.158977
101205.215448
101251.056033
101428.009028
101453.474808
101034.048445
101085.654458
101143.093975
101198.49702
101220.559233
101221.447281
101222.602052
101222.892028
101156.125581
100900.352049
100937.813398
101034.339378
101127.685
101210.2906
101275.687998
101277.476757
101239.922063
101288.134728
101441.880512
101458.296576
101045.193254
101104.458951
101159.804578
101211.372225
101224.791215
101225.492696
101225.936761
101226.888556
100996.290672
100888.294579
100970.421418
101096.275133
101193.274691
101268.843078
101331.294766
101320.329557
101257.904386
101318.682009
101452.665022
101464.002098
101065.718001
101124.799712
101177.492197
101223.256726
101229.548718
101230.004695
101230.698397
101155.500819
100880.497168
100889.159055
101017.698915
101164.224262
101259.245881
101325.655956
101380.981294
101360.569552
101267.077566
101338.101382
101460.957975
101470.651466
101085.442163
101145.183866
101197.089088
101233.113012
101234.905661
101235.418848
101223.01033
101021.170695
100874.830112
100920.321592
101087.764682
101237.459431
101324.305818
101380.836136
101425.679529
101397.161653
101275.015198
101336.437748
101463.412831
101478.138967
101104.024634
101167.438326
101217.635264
101240.570878
101241.088718
101239.164071
101164.513696
100923.027824
100877.110476
100983.818491
101172.469814
101310.244544
101384.946193
101432.040871
101464.448995
101427.800054
101282.908466
101305.071518
101451.430029
101486.307766
101126.754505
101192.425087
101234.287294
101247.573688
101246.421246
101221.24379
101065.573549
100914.636122
100910.838029
101065.576054
101258.745958
101377.629264
101438.886966
101476.247756
101493.582968
101459.165586
101286.650303
101261.548477
101414.772211
101495.014916
101157.61837
101217.831877
101244.512276
101250.870458
101241.838252
101173.583795
100977.372595
100918.710109
100972.519347
101159.518069
101339.840015
101437.302094
101484.663252
101507.506858
101511.159478
101491.238282
101304.046509
101231.785565
101349.281845
101504.187044
101195.374837
101237.516545
101250.075744
101247.043269
101217.157172
101088.522024
100948.008118
100936.269611
101043.696621
101252.776382
101412.784413
101487.918461
101517.392728
101523.712733
101523.597663
101514.709502
101352.733471
101223.456195
101270.362834
101513.763035
101229.484832
101247.548101
101248.757535
101233.397463
101163.39869
100988.881661
100953.282832
100973.041479
101124.240207
101342.730306
101476.553665
101524.950872
101534.544952
101534.849771
101534.535564
101530.439211
101425.881375
101225.904676
101210.166889
101504.396509
101247.930546
101252.754244
101242.412797
101202.003314
101087.680363
100958.503668
100958.654001
101016.437271
101214.161136
101428.923787
101525.706001
101544.934965
101545.617414
101545.676202
101545.413543
101543.483971
101497.270073
101238.344395
101197.57934
101482.351144
101256.542239
101252.766598
101222.345482
101148.66116
101017.833606
100963.847584
100963.926904
101070.246924
101314.435898
101503.377659
101553.677888
101556.57006
101556.467232
101556.498484
101556.361187
101555.273221
101539.829189
101263.840014
101205.089742
101460.674937
101261.402521
101236.952004
101170.895993
101083.430026
100983.809518
100968.684391
100974.648117
101148.306581
101419.616829
101552.531009
101567.498874
101567.372657
101567.26711
101567.22514
101567.193805
101566.461086
101558.650442
101283.683342
101211.610744
101452.584603
101252.412586
101183.853079
101093.088858
101035.771915
100978.688079
100973.354162
101007.342496
101256.655033
101508.745454
101576.0929
101578.05197
101577.924438
101577.807122
101577.757986
101577.706943
101577.197033
101571.913841
101295.782061
101218.881952
101450.538531
101213.100214
101105.727913
101041.964893
101018.39333
100981.912384
100977.709855
101066.959862
101375.167338
101564.11387
101588.152644
101588.130237
101588.049959
101587.997745
101587.917878
101587.881203
101587.533954
101582.295644
101296.834169
101224.975564
101454.125908
101148.519744
101058.32361
101029.52415
101015.957151
100984.544138
100981.033598
101143.815356
101472.526782
101590.947789
101597.677007
101597.70218
101597.741134
101597.725819
101597.728389
101597.666625
101597.46949
101587.173013
101279.222539
101231.46365
101460.387625
101104.298176
101046.319376
101028.255521
101017.381084
100987.580531
100989.668403
101229.122036
101536.513583
101604.836075
101606.658471
101606.858013
101607.013946
101607.14974
101607.187163
101607.217937
101606.95023
101564.398452
101242.929175
101236.487558
101472.958956
101094.891064
101044.338234
101028.638928
101019.574272
100997.813513
101024.467757
101316.844003
101576.022639
101614.650059
101615.3016
101615.683321
101616.049905
101616.296667
101616.529801
101616.57786
101611.428148
101423.74375
101247.435428
101292.953493
101525.805148
101098.014964
101045.085214
101029.614693
101022.824837
101017.97172
101075.258924
101386.428043
101598.512409
101622.989379
101623.703955
101624.341731
101624.871554
101625.365892
101625.728072
101625.434031
101506.491224
101306.148996
101310.060648
101442.311648
101596.289353
101114.978079
101048.370958
101030.779992
101027.936725
101039.184323
101114.564327
101409.35267
101607.956829
101631.093103
101632.117825
101632.935355
101633.665251
101634.23862
101634.735228
101576.702802
101314.288489
101313.089516
101422.576443
101583.290399
101632.561031
101155.638716
101061.445569
101033.483112
101034.451798
101057.623582
101135.753014
101407.031828
101612.765507
101639.828264
101641.120808
101642.161072
101642.994674
101643.70597
101609.394059
101334.442967
101321.143028
101392.237238
101571.67377
101633.14649
101642.521755
101209.554514
101092.104839
101041.78505
101045.059423
101077.644733
101151.829603
101382.074976
101607.093965
101649.549518
101651.635237
101652.831582
101653.777946
101630.269087
101337.573693
101336.905218
101391.077286
101567.150758
101625.672112
101640.705679
101651.955561
101251.102248
101136.24666
101064.956597
101069.249718
101108.532637
101177.577805
101345.488134
101580.644265
101657.656722
101664.648515
101666.165349
101652.124379
101318.13404
101313.722308
101398.491895
101583.400571
101629.06624
101627.078817
101634.328562
101652.973466
101272.537946
101180.937544
101114.520511
101121.47436
101162.020466
101221.608993
101322.920236
101523.464862
101652.447522
101669.443704
101645.72061
101318.929151
101242.993048
101375.364616
101606.417303
101659.073081
101632.830212
101608.265047
101607.4681
101637.682254
101281.542355
101221.751347
101191.958182
101203.791057
101231.821631
101249.500015
101282.313637
101394.694641
101556.988642
101534.522211
101277.699964
100967.652989
101239.284568
101576.560766
101662.705095
101660.244303
101625.129863
101577.111278
101559.821244
101593.841656
101286.108756
101264.971278
101266.717446
101267.453984
)
;

boundaryField
{
    emptyPatch
    {
        type            empty;
    }
    minY
    {
        type            zeroGradient;
    }
    maxY
    {
        type            prghTotalPressure;
        U               U.gas;
        p0              nonuniform List<scalar> 0();
        value           nonuniform List<scalar> 0();
    }
    water_to_cooler
    {
        type            fixedFluxPressure;
        gradient        uniform 0;
        value           nonuniform List<scalar> 
37
(
101324.315846
101360.806709
101385.187782
101398.930973
101409.576167
101418.849209
101426.419561
101432.483219
101437.457058
101441.715871
101445.546874
101449.331872
101453.474808
101458.296576
101464.002098
101470.651466
101478.138967
101486.307766
101495.014916
101504.187044
101513.763035
101504.396509
101482.351144
101460.674937
101452.584603
101450.538531
101454.125908
101460.387625
101472.958956
101525.805148
101596.289353
101632.561031
101642.521755
101651.955561
101652.973466
101637.682254
101593.841656
)
;
    }
    water_to_heater
    {
        type            fixedFluxPressure;
        gradient        uniform 0;
        value           nonuniform List<scalar> 
60
(
100738.681125
100738.681125
100776.5751
100776.5751
100810.907421
100810.907421
100729.621407
100619.079503
100503.217682
100503.217682
100468.9048
100468.9048
100469.834486
100469.834486
100487.743275
100544.216434
100614.97578
100614.97578
100654.301137
100654.301137
100654.450473
100654.450473
100629.97993
100558.830083
100490.014325
100490.014325
100490.71824
100490.71824
100489.920709
100489.920709
100492.391643
100492.361516
100494.49537
100494.49537
100494.893002
100494.893002
100507.488846
100507.488846
100556.923278
100642.194594
100721.764451
100721.764451
100744.476559
100744.476559
100748.334679
100748.334679
100743.53381
100747.675366
100726.810947
100726.810947
100728.40257
100728.40257
100706.392854
100706.392854
100718.841859
100595.68736
100595.040468
100595.040468
100614.958014
100614.958014
)
;
    }
    procBoundary1to0
    {
        type            processor;
        value           nonuniform List<scalar> 
41
(
100703.972063
100666.961477
100612.788547
100601.459956
100617.760597
100680.372634
100758.375536
100816.11478
100859.208352
100898.05572
100937.841651
100981.820676
101033.716795
101096.899486
101171.005905
101247.196179
101304.101962
101322.176166
101317.348537
101308.006474
101228.026515
101144.474713
101048.823611
101027.628995
101113.023798
101005.732249
100841.28402
100937.512089
101304.726119
101598.181273
101648.545316
101648.892185
101625.170882
101558.555559
101507.907996
101527.424234
101300.794582
101296.055585
101278.4094
101228.026515
101162.261427
)
;
    }
    procBoundary1to3
    {
        type            processor;
        value           nonuniform List<scalar> 
41
(
101158.930324
101209.610727
101207.804118
101206.247874
101205.597903
101202.813079
101201.779991
101198.453224
101196.955805
101186.288511
101179.415086
101181.637911
101184.677939
100734.2753
101037.448489
101000.14749
101004.096494
101021.650399
101071.175721
101148.530763
101148.530763
101181.998556
101169.203605
101108.646305
101000.300094
100939.20174
100934.06692
100933.083586
100936.783744
100956.332855
101008.699398
101056.768104
100866.277373
100698.238306
100702.279496
100698.286191
100701.8434
100698.207302
100701.659684
100811.87429
101305.870387
)
;
    }
}


// ************************************************************************* //
