/*--------------------------------*- C++ -*----------------------------------*\
| =========                 |                                                 |
| \\      /  F ield         | OpenFOAM: The Open Source CFD Toolbox           |
|  \\    /   O peration     | Version:  2312                                  |
|   \\  /    A nd           | Website:  www.openfoam.com                      |
|    \\/     M anipulation  |                                                 |
\*---------------------------------------------------------------------------*/
FoamFile
{
    version     2.0;
    format      ascii;
    arch        "LSB;label=32;scalar=64";
    class       volScalarField;
    location    "0.45/water";
    object      p;
}
// * * * * * * * * * * * * * * * * * * * * * * * * * * * * * * * * * * * * * //

dimensions      [1 -1 -2 0 0 0 0];

internalField   nonuniform List<scalar> 
6000
(
101518.89079
101515.081979
101514.087261
101513.330001
101512.690228
101512.121169
101511.600919
101511.128928
101510.709379
101510.340652
101510.021034
101509.74744
101509.51524
101509.319906
101509.157695
101509.025465
101508.920683
101508.84131
101508.785875
101508.753268
101499.865448
101498.013373
101498.189264
101498.21699
101497.950899
101497.708335
101497.475751
101497.247795
101497.017577
101496.791764
101496.584342
101496.400788
101496.239089
101496.096759
101495.9729
101495.867589
101495.78131
101495.714568
101495.667893
101495.641703
101483.015055
101481.086504
101481.840203
101482.425637
101482.580034
101482.698857
101482.784293
101482.824717
101482.824438
101482.791052
101482.737775
101482.680065
101482.626069
101482.576909
101482.5323
101482.492723
101482.459583
101482.43472
101482.420155
101482.417638
101468.543252
101467.220643
101468.035197
101468.42247
101468.424843
101468.477395
101468.578251
101468.68148
101468.76711
101468.830391
101468.872582
101468.901418
101468.925612
101468.949062
101468.972128
101468.994468
101469.01638
101469.038829
101469.063309
101469.09128
101454.060046
101453.176578
101454.275615
101454.698661
101454.674182
101454.673841
101454.748443
101454.856614
101454.96411
101455.060791
101455.145015
101455.218704
101455.286895
101455.353338
101455.418864
101455.482735
101455.544209
101455.602984
101455.659329
101455.713621
101440.006337
101439.158795
101440.362023
101440.892573
101440.975936
101441.000203
101441.066738
101441.180277
101441.308038
101441.429117
101441.540466
101441.642809
101441.739099
101441.832412
101441.924049
101442.013555
101442.099934
101442.18223
101442.259874
101442.332388
101426.54411
101425.623673
101426.716244
101427.192624
101427.336731
101427.420545
101427.507678
101427.625429
101427.768351
101427.910966
101428.044433
101428.16918
101428.286743
101428.399142
101428.507895
101428.613065
101428.71392
101428.809436
101428.898766
101428.981056
101412.760581
101411.75858
101412.729188
101413.297057
101413.582032
101413.804504
101413.99005
101414.159466
101414.333679
101414.505626
101414.663767
101414.809136
101414.943797
101415.069514
101415.188171
101415.300621
101415.406796
101415.506052
101415.597725
101415.680945
101400.414221
101399.32285
101400.131763
101400.410344
101400.486205
101400.619878
101400.781115
101400.946178
101401.115408
101401.290718
101401.4572
101401.609316
101401.74794
101401.874315
101401.990451
101402.097836
101402.1971
101402.288142
101402.370686
101402.444187
101386.12212
101385.104876
101386.407017
101386.958713
101387.210103
101387.458951
101387.707428
101387.921025
101388.107083
101388.286163
101388.456585
101388.606933
101388.735017
101388.844089
101388.938961
101389.022865
101389.097628
101389.164045
101389.222463
101389.273025
101375.608359
101374.298342
101375.103105
101375.354036
101375.34681
101375.365913
101375.430863
101375.506703
101375.588224
101375.684772
101375.791919
101375.887943
101375.960232
101376.011511
101376.049986
101376.080558
101376.105396
101376.125519
101376.141727
101376.154572
101363.615856
101361.886614
101362.835705
101363.264903
101363.313575
101363.315111
101363.314498
101363.313936
101363.324645
101363.354849
101363.392895
101363.406796
101363.384975
101363.337418
101363.282103
101363.228135
101363.177574
101363.131211
101363.089775
101363.05344
101353.825545
101351.522878
101351.727096
101351.855134
101351.689026
101351.476561
101351.284012
101351.163412
101351.118967
101351.115272
101351.09874
101351.022041
101350.880209
101350.699826
101350.521074
101350.360613
101350.220144
101350.098765
101349.995672
101349.909791
101341.161779
101338.609838
101339.245949
101339.460506
101339.237035
101338.945684
101338.703614
101338.57138
101338.551956
101338.570121
101338.541568
101338.405397
101338.163604
101337.858417
101337.561362
101337.304647
101337.088725
101336.909498
101336.763584
101336.647741
101327.959572
101325.36827
101326.036284
101326.125543
101325.7517
101325.386836
101325.153477
101325.08366
101325.128495
101325.194559
101325.209981
101325.106428
101324.85
101324.492525
101324.14168
101323.852149
101323.620527
101323.438477
101323.299735
101323.198841
101313.745534
101310.79111
101311.329087
101311.338143
101310.943237
101310.597546
101310.411032
101310.410223
101310.505399
101310.617131
101310.719263
101310.748511
101310.610646
101310.333223
101310.051451
101309.844994
101309.703699
101309.611072
101309.558088
101309.538376
101297.786555
101294.631018
101295.004986
101294.99138
101294.601297
101294.305299
101294.219492
101294.300675
101294.439093
101294.616326
101294.863886
101295.123271
101295.27129
101295.277512
101295.247373
101295.2775
101295.359922
101295.46808
101295.590291
101295.722444
101279.530765
101276.125593
101276.276366
101276.393537
101276.328025
101276.412471
101276.648489
101276.950382
101277.273867
101277.66041
101278.138063
101278.64519
101279.125525
101279.585766
101280.002756
101280.413945
101280.8285
101281.221469
101281.580706
101281.9083
101258.86367
101256.346073
101257.514428
101258.140757
101258.570857
101259.112864
101259.738578
101260.38402
101261.035852
101261.680776
101262.295494
101262.875074
101263.468023
101264.196831
101265.039886
101265.844966
101266.586269
101267.249639
101267.828362
101268.330893
101242.333359
101241.529572
101243.263843
101244.039101
101244.550865
101245.162127
101245.890451
101246.673218
101247.429219
101248.085166
101248.665447
101249.261243
101249.828599
101250.443232
101251.303402
101252.267901
101253.165621
101253.955348
101254.635727
101255.21669
101233.56602
101233.08909
101234.329184
101234.674626
101234.773706
101234.994341
101235.388009
101235.880132
101236.393088
101236.878766
101237.312538
101237.754674
101238.215328
101238.684176
101239.259017
101240.037403
101240.832037
101241.53994
101242.151176
101242.673271
101224.240439
101223.810495
101225.121828
101225.533983
101225.638472
101225.789805
101226.046576
101226.367486
101226.709508
101226.944217
101227.125191
101227.379724
101227.727627
101228.124151
101228.489546
101228.943511
101229.448447
101229.905318
101230.301405
101230.642678
101216.779079
101215.921245
101216.576855
101216.784968
101216.783075
101216.825886
101216.976493
101217.203834
101217.352698
101217.259482
101217.264817
101217.373231
101217.61355
101217.966026
101218.245812
101218.439125
101218.623318
101218.754398
101218.857778
101218.945777
101206.676798
101205.866239
101207.030672
101207.404287
101207.487579
101207.5931
101207.785297
101207.93414
101207.726283
101207.513016
101207.442948
101207.449627
101207.552822
101207.795108
101208.000516
101208.034481
101207.942105
101207.74969
101207.545916
101207.359802
101198.529709
101197.53475
101198.613785
101198.85367
101198.797486
101198.769352
101198.784407
101198.579854
101198.053212
101197.632164
101197.578331
101197.429202
101197.274927
101197.30771
101197.434426
101197.384816
101197.069971
101196.593547
101196.11165
101195.671843
101188.539434
101187.357149
101188.793335
101189.19667
101189.202062
101189.168914
101189.031956
101188.438179
101187.630893
101187.452651
101187.109357
101186.855093
101186.581597
101186.161108
101186.243368
101186.186259
101185.730366
101185.047036
101184.351514
101183.709884
101179.986141
101178.330549
101179.340006
101179.547119
101179.354046
101179.065928
101178.517228
101177.501476
101176.945392
101176.351678
101176.054334
101175.53632
101174.447032
101174.023294
101174.247722
101174.252256
101173.76113
101172.987619
101172.161178
101171.37822
101169.139315
101166.944088
101167.868798
101168.190867
101168.044188
101167.692909
101166.914268
101165.966695
101165.130833
101164.706805
101163.979646
101163.057719
101162.033973
101161.733329
101161.99854
101161.883854
101161.357638
101160.530708
101159.586964
101158.674528
101157.878707
101155.596656
101156.755863
101156.940378
101156.563209
101155.924783
101154.880228
101153.72046
101153.204079
101152.390381
101151.618166
101150.37662
101149.205664
101149.341239
101149.177364
101149.086253
101148.607767
101147.731368
101146.643109
101145.579112
101146.062109
101143.401435
101144.815996
101144.920408
101144.326277
101143.41111
101142.154325
101141.31284
101140.29213
101139.49426
101138.474688
101136.786952
101136.507801
101136.173956
101136.037144
101135.862508
101135.416858
101134.468541
101133.213599
101131.980132
101134.172831
101131.062695
101132.323012
101132.244995
101131.417222
101130.363867
101129.247161
101127.955594
101126.91085
101125.791485
101123.669408
101122.919621
101122.659144
101122.282403
101121.876498
101121.744462
101121.332847
101120.370436
101119.014937
101117.656216
101122.73664
101118.634112
101119.054204
101118.610265
101117.558863
101116.289008
101114.633173
101112.820793
101111.256218
101109.448373
101108.568016
101108.234255
101107.715438
101106.986442
101106.632211
101106.377736
101106.008974
101105.103119
101103.7622
101102.373739
101110.348425
101104.501901
101103.614366
101102.847443
101101.499157
101099.731503
101097.748244
101096.173158
101094.97824
101094.037921
101093.322732
101092.488387
101091.49708
101090.664501
101090.019782
101089.615294
101089.159047
101088.348741
101087.178641
101085.912124
101092.540305
101085.108753
101084.466309
101083.614701
101082.417793
101080.951342
101079.55972
101078.545417
101077.619304
101076.685357
101075.562861
101074.265876
101073.057042
101072.051281
101071.226315
101070.498213
101069.981047
101069.48772
101068.846819
101068.035874
101059.009473
101051.074323
101052.724976
101053.821538
101054.435323
101054.434267
101054.240371
101054.037609
101053.716774
101053.111882
101052.215447
101051.325621
101050.607473
101049.953036
101049.195646
101048.592773
101048.324683
101048.473117
101048.694586
101048.808552
101005.184326
101002.061568
101008.360842
101011.319249
101013.932844
101016.357178
101018.395979
101020.054205
101021.391764
101022.34901
101023.118501
101023.906955
101024.670487
101025.225749
101025.485997
101025.809671
101026.451998
101027.073115
101027.844682
101029.000347
100955.329779
100958.982572
100963.74173
100966.398099
100969.065441
100972.922097
100977.529048
100981.801923
100985.659177
100989.202498
100992.488943
100995.542385
100998.324418
101000.674286
101002.504987
101004.101258
101005.508672
101006.487498
101007.688213
101009.606948
100936.731354
100936.719611
100937.48385
100938.684194
100940.014761
100942.238589
100946.415636
100951.670967
100956.981037
100962.1145
100966.9723
100971.480794
100975.656476
100979.32486
100982.337502
100984.623321
100986.52365
100988.12891
100989.710603
100991.870839
100933.85793
100933.806817
100933.727172
100933.665734
100933.656651
100933.925787
100935.101463
100937.912867
100941.783594
100946.148308
100950.62862
100954.976098
100959.13606
100962.992616
100966.281678
100968.824754
100970.965661
100972.809855
100974.614818
100976.698171
100931.868572
100931.845266
100931.826669
100931.808962
100931.78337
100931.782156
100931.921112
100933.009918
100935.173901
100938.082028
100941.373804
100944.757458
100948.160337
100951.383051
100954.248751
100956.600725
100958.592462
100960.46272
100962.250907
100964.144388
100930.150994
100930.129365
100930.112803
100930.099468
100930.086354
100930.120705
100930.086573
100930.574067
100931.854182
100933.733812
100935.929872
100938.315761
100940.778811
100943.218214
100945.366556
100947.193175
100948.875252
100950.4981
100952.11336
100953.76906
100928.511318
100928.493229
100928.481622
100928.472206
100928.461373
100928.517079
100928.437795
100928.651222
100929.464257
100930.723101
100932.146328
100933.68607
100935.463342
100937.188458
100938.519422
100939.690776
100940.932003
100942.295021
100943.653309
100945.027847
100926.978124
100926.959257
100926.946864
100926.937491
100926.92755
100927.021371
100926.919946
100926.995785
100927.551514
100928.334851
100929.076136
100930.059859
100931.142766
100932.295392
100933.039156
100933.412863
100934.244207
100935.303012
100936.371134
100937.464568
100925.502092
100925.486049
100925.477405
100925.471564
100925.464031
100925.623549
100925.509851
100925.522002
100925.850881
100926.095263
100926.300259
100926.76461
100927.454275
100928.001492
100927.987386
100927.959701
100928.376793
100929.084358
100929.878423
100930.745804
100924.092391
100924.077729
100924.074783
100924.081056
100924.096165
100924.235631
100924.02757
100923.953753
100923.98566
100923.674711
100923.427967
100923.630749
100923.778947
100923.858503
100923.558924
100922.919463
100922.961748
100923.332866
100923.899495
100924.574242
100922.608887
100922.59326
100922.584326
100922.57544
100922.694907
100922.740448
100922.503496
100922.321692
100921.907058
100921.080804
100920.667444
100920.412975
100920.214009
100919.824756
100918.855208
100918.03192
100917.703106
100917.71071
100918.044295
100918.538057
100921.155375
100921.145104
100921.152732
100921.169251
100921.388746
100921.286537
100921.005799
100920.616461
100919.541196
100918.33142
100917.56341
100916.983974
100916.241724
100915.284053
100914.108467
100912.846909
100912.151067
100911.770096
100911.853997
100912.158599
100919.44073
100919.44029
100919.463553
100919.725171
100919.804717
100919.631389
100919.27006
100918.346971
100916.523409
100914.939175
100913.990664
100912.882608
100911.648497
100910.255717
100908.406628
100906.999592
100905.86173
100905.026573
100904.810221
100904.943345
100917.197721
100917.231288
100918.22392
100918.72982
100918.640334
100918.223317
100917.328737
100915.146367
100912.638036
100911.087367
100909.475622
100907.848152
100906.092301
100903.883932
100901.788305
100899.958776
100898.28982
100896.942332
100896.414685
100896.360017
100914.425411
100914.765264
100917.271064
100917.729023
100917.220576
100916.075589
100913.554793
100910.242063
100907.94384
100905.767089
100903.6416
100901.382801
100898.83487
100896.212957
100893.453367
100891.255178
100888.988952
100887.135729
100886.280697
100885.947374
100911.907356
100910.971754
100914.494793
100914.791839
100913.30418
100910.205705
100906.294122
100903.492903
100900.911331
100898.416994
100895.692613
100892.717558
100889.788985
100886.271394
100883.316915
100880.606
100877.706673
100875.400618
100874.163964
100873.528019
100909.55431
100904.573583
100908.092039
100907.538047
100903.829015
100899.671268
100896.949504
100894.230591
100891.580291
100888.571162
100885.290973
100882.002097
100878.037218
100874.441445
100871.197118
100867.757414
100864.171263
100861.469894
100859.870214
100859.036227
100907.4126
100897.895239
100898.844107
100895.988778
100891.73028
100889.294635
100886.447767
100883.587139
100880.266693
100876.560193
100872.875516
100868.500959
100864.440888
100860.456953
100856.547851
100852.187956
100847.999048
100844.929351
100843.009872
100841.957734
100905.341626
100893.768386
100890.342482
100886.757084
100883.566479
100879.804969
100875.823389
100871.444344
100866.558973
100861.895095
100856.613503
100851.793495
100846.888802
100842.409753
100837.849229
100833.043127
100828.602641
100825.276795
100823.108903
100821.8547
100897.582439
100880.769123
100877.402436
100874.299782
100868.885445
100862.711258
100856.497067
100849.703498
100843.535425
100837.021319
100831.335945
100825.954916
100821.338681
100817.132843
100813.016734
100808.981372
100805.256672
100802.368718
100800.309777
100799.046189
100801.414498
100780.763819
100787.781621
100793.611109
100796.257864
100797.910685
100797.713433
100796.242735
100793.402176
100790.601669
100787.852146
100785.535466
100783.537608
100781.745649
100780.170524
100778.738779
100777.458653
100776.335843
100775.244355
100774.421958
100659.484889
100652.403046
100660.131309
100666.500391
100673.635046
100683.32555
100696.149382
100708.732664
100717.960578
100724.255454
100729.142958
100733.173426
100736.593368
100739.54701
100742.142406
100744.450872
100746.587708
100748.428962
100749.39816
100749.625103
100634.634397
100634.585565
100634.564272
100634.549995
100634.550275
100634.841318
100637.086007
100644.733216
100657.850389
100670.515212
100680.475611
100688.739326
100695.925853
100702.247361
100707.819719
100712.767581
100717.230937
100721.342357
100724.579694
100726.324868
100633.418922
100633.416184
100633.414841
100633.406549
100633.388809
100633.361254
100633.348004
100633.778596
100637.00406
100645.119724
100654.4119
100662.539522
100669.756956
100676.45256
100682.611382
100688.240261
100693.393094
100698.138312
100702.429815
100705.407733
100632.503494
100632.499475
100632.496104
100632.492608
100632.486477
100632.476827
100632.462771
100632.449258
100633.220208
100636.391297
100642.174917
100648.516547
100654.433859
100660.027165
100665.440161
100670.544017
100675.310193
100679.717582
100683.759868
100687.11263
100631.600937
100631.600259
100631.601641
100631.604301
100631.606705
100631.608436
100631.610089
100631.612057
100631.933519
100633.415251
100636.63172
100640.840069
100645.118742
100649.370407
100653.562846
100657.689119
100661.601413
100665.297618
100668.640363
100671.621319
100630.702804
100630.702849
100630.706603
100630.713078
100630.720643
100630.728743
100630.737952
100630.752703
100630.872247
100631.706666
100633.638538
100636.263971
100639.100614
100642.018938
100645.028978
100648.022264
100650.975363
100653.793466
100656.455543
100658.623831
100629.757491
100629.758894
100629.764461
100629.7715
100629.777528
100629.780765
100629.780009
100629.856596
100629.898585
100630.394398
100631.541099
100633.003265
100634.640412
100636.546863
100638.466965
100640.396755
100642.369145
100644.338769
100646.151516
100647.401773
100628.738588
100628.742433
100628.751818
100628.76455
100628.779508
100628.797749
100628.822874
100628.961933
100628.921135
100629.169249
100629.699863
100630.172508
100630.897306
100631.80156
100632.814742
100633.848961
100634.884756
100635.984489
100637.089824
100637.545635
100627.534043
100627.539813
100627.549766
100627.563027
100627.582469
100627.610581
100627.671242
100627.603133
100627.530313
100627.597368
100627.485589
100627.088799
100626.93954
100627.174169
100627.34295
100627.563674
100627.893713
100628.245001
100628.53833
100627.979297
100626.030676
100626.03781
100626.045595
100626.058891
100626.084473
100626.153475
100626.05089
100625.84064
100625.620757
100625.299308
100624.25856
100623.079209
100622.578031
100622.044964
100621.5971
100621.148617
100620.714956
100620.338137
100619.881306
100618.746805
100624.127356
100624.13267
100624.133534
100624.144762
100624.29586
100624.14243
100623.797979
100623.405113
100622.918221
100621.727821
100619.840307
100618.542217
100617.443088
100616.466446
100615.366941
100614.289317
100613.257721
100612.18107
100611.049882
100608.894341
100621.86817
100621.866164
100621.861296
100622.344102
100622.364473
100621.908341
100621.291145
100620.594536
100619.339825
100617.010472
100614.902661
100613.279869
100611.891428
100610.270624
100608.65912
100607.000314
100605.252124
100603.505795
100601.535761
100598.952531
100619.201917
100619.186111
100620.196002
100620.94985
100620.773337
100619.990759
100618.958136
100617.508107
100614.841968
100611.951753
100609.746578
100607.959147
100605.875803
100603.807467
100601.593934
100599.266166
100596.937295
100594.408463
100591.762576
100588.075341
100612.021109
100615.426308
100618.257257
100619.117062
100618.826419
100617.770617
100616.164093
100613.50792
100609.915978
100606.869981
100604.676239
100602.152904
100599.671472
100596.970699
100594.101072
100591.197578
100588.028346
100584.832554
100581.172788
100577.053681
100606.639731
100609.826181
100614.643645
100615.832945
100615.619665
100614.491149
100612.32061
100608.562004
100604.487366
100601.700191
100598.761353
100595.913854
100592.805177
100589.493789
100586.102174
100582.461606
100578.864844
100574.655997
100570.456951
100565.22641
100609.305936
100607.219794
100612.056241
100613.129833
100612.661318
100611.126993
100607.949036
100603.066092
100598.808552
100595.176811
100591.934132
100588.331108
100584.61915
100580.843926
100576.810912
100572.917346
100567.976864
100563.433564
100558.558471
100553.383458
100612.049359
100604.928872
100607.5519
100608.155671
100607.213578
100604.935993
100600.347919
100594.632951
100589.813629
100586.14884
100582.05219
100577.972247
100573.884152
100569.474445
100565.299396
100560.095947
100555.606462
100551.298046
100546.744887
100541.569968
100602.6133
100592.41724
100594.306061
100594.483367
100592.807343
100589.439155
100583.907329
100578.302113
100574.686702
100570.632938
100566.673617
100562.775158
100558.223134
100554.177845
100549.357328
100545.320444
100541.593711
100537.772607
100533.672845
100529.191559
100575.593389
100562.362277
100564.162735
100563.99547
100562.713963
100560.029962
100555.919457
100552.617717
100549.438469
100546.104405
100543.063566
100538.874324
100535.504371
100532.050846
100529.122186
100526.445835
100523.79033
100521.200491
100518.431568
100515.497466
100510.189856
100496.262678
100498.153081
100500.305597
100501.688988
100501.85092
100500.764108
100499.515552
100498.443626
100498.618784
100499.616842
100501.334117
100502.319145
100502.725186
100502.819331
100502.622769
100502.35428
100501.939022
100501.313678
100500.497771
100437.611815
100427.708522
100430.520203
100432.334545
100433.212816
100433.620874
100434.290008
100435.853086
100438.830517
100443.418825
100449.749221
100457.10483
100463.923077
100469.444685
100473.682195
100477.101533
100479.904813
100482.198977
100484.062799
100485.522706
100432.732385
100432.345171
100432.314907
100432.285875
100432.251165
100432.215758
100432.183316
100432.178487
100432.170492
100432.171176
100432.605642
100434.833748
100439.552541
100445.666648
100451.71027
100457.065059
100461.783979
100465.930936
100469.547814
100472.679294
100431.881826
100431.848455
100431.826969
100431.804443
100431.782063
100431.762515
100431.747245
100431.733931
100431.723256
100431.714193
100431.708381
100431.795072
100432.945464
100435.971518
100440.483013
100445.53315
100450.426027
100455.031161
100459.298785
100463.201132
100431.318956
100431.314153
100431.311876
100431.307321
100431.300913
100431.294531
100431.289313
100431.285164
100431.281766
100431.278792
100431.276577
100431.276123
100431.78118
100433.410704
100436.296055
100440.188094
100444.44655
100448.696474
100452.878557
100456.890431
100430.794508
100430.792302
100430.791212
100430.789436
100430.786694
100430.78472
100430.784787
100430.786947
100430.791078
100430.79693
100430.804183
100430.811795
100431.253535
100432.569729
100434.839556
100437.938797
100441.512453
100445.284833
100449.082726
100452.89677
100430.223034
100430.22313
100430.225697
100430.229875
100430.234798
100430.240633
100430.248256
100430.25846
100430.271627
100430.287883
100430.30713
100430.331671
100430.749685
100431.917499
100433.945975
100436.653363
100439.817727
100443.175166
100446.675574
100450.173717
100429.553666
100429.553191
100429.563554
100429.58577
100429.612823
100429.640225
100429.66507
100429.688581
100429.711491
100429.732549
100429.748838
100429.835641
100430.337956
100431.486118
100433.388501
100435.840325
100438.603733
100441.688428
100444.794582
100447.991808
100428.624246
100428.621714
100428.644847
100428.711286
100428.82489
100428.926761
100429.001106
100429.056254
100429.109727
100429.166639
100429.203263
100429.498205
100430.143708
100431.3493
100433.137972
100435.171765
100437.589088
100440.206621
100442.998307
100445.858436
100426.387131
100426.341257
100426.339851
100426.398932
100426.829256
100427.560566
100428.111506
100428.267636
100428.323766
100428.357541
100428.419494
100428.734987
100429.531046
100430.800245
100432.290932
100433.925454
100435.930667
100438.320329
100440.719167
100442.297135
100419.225397
100421.95454
100421.914886
100421.893052
100422.386599
100422.211774
100422.659003
100423.186865
100423.659875
100424.259029
100425.105604
100426.074963
100427.316257
100428.659375
100429.824159
100431.242055
100433.274298
100435.303629
100436.302189
100437.638442
100413.490364
100416.609679
100416.574363
100416.533399
100417.032056
100416.522166
100417.988503
100420.123839
100421.371432
100421.943816
100422.478019
100423.352362
100424.305472
100425.027954
100425.895977
100427.524465
100429.207599
100429.68588
100430.125109
100432.593398
100409.004378
100411.40826
100411.332671
100411.193173
100411.024278
100410.025181
100410.276385
100412.649592
100415.060413
100416.551577
100417.489684
100418.274773
100418.868925
100419.523484
100420.756483
100421.885083
100421.662796
100421.627269
100423.984394
100426.613452
100407.951361
100407.949944
100407.963165
100407.976299
100407.968972
100407.541857
100406.254473
100406.677872
100408.262038
100409.778773
100410.902029
100411.709587
100412.479791
100413.435126
100413.924057
100413.082475
100413.185632
100415.486989
100417.911754
100420.056907
100405.491709
100405.465379
100405.433142
100405.376421
100405.284721
100405.185422
100404.366608
100403.679924
100404.257257
100405.346089
100406.336714
100407.116595
100407.729517
100407.780725
100406.919115
100407.436902
100409.319661
100410.923654
100412.559688
100414.29651
100403.692274
100403.684651
100403.671523
100403.644099
100403.600386
100403.537784
100403.464691
100402.850237
100402.53938
100403.019771
100403.685905
100404.086094
100404.063029
100403.565228
100404.220051
100405.682096
100406.721888
100407.624079
100408.677111
100410.010361
100402.399744
100402.391955
100402.382843
100402.367296
100402.342228
100402.30948
100402.272488
100402.226493
100401.751664
100401.685846
100401.758911
100401.716758
100401.683851
100402.194907
100403.213652
100403.990533
100404.574903
100405.154376
100405.916922
100406.954109
100401.291958
100401.287742
100401.287014
100401.286044
100401.283345
100401.279328
100401.275591
100401.274542
100401.136897
100400.979806
100400.890289
100400.819922
100401.005797
100401.533643
100402.055129
100402.442636
100402.81144
100403.281747
100403.916168
100404.719621
100400.238361
100400.234736
100400.234588
100400.235407
100400.235972
100400.236565
100400.237209
100400.23631
100400.233816
100400.195068
100400.164484
100400.129114
100400.20001
100400.4372
100400.727515
100400.991702
100401.315278
100401.761631
100402.29681
100402.79846
100399.177979
100399.174966
100399.17533
100399.176172
100399.176488
100399.176927
100399.177529
100399.177171
100399.190391
100399.11697
100399.008572
100398.85916
100398.794541
100398.957561
100399.251013
100399.523717
100399.860429
100400.276141
100400.623279
100400.655517
100398.086909
100398.086186
100398.090234
100398.095761
100398.101523
100398.107833
100398.114676
100398.1178
100398.143249
100397.955487
100397.693334
100397.419862
100397.276772
100397.394643
100397.67211
100397.956246
100398.275912
100398.554605
100398.545952
100397.986992
100396.896644
100396.900134
100396.913564
100396.933949
100396.959824
100396.990003
100397.026957
100397.079257
100397.061894
100396.748406
100396.392031
100396.006047
100395.711963
100395.669659
100395.847522
100396.077101
100396.268459
100396.260821
100395.705725
100394.606177
100395.444795
100395.451747
100395.471609
100395.507498
100395.550747
100395.604224
100395.664559
100395.68572
100395.407671
100395.116955
100394.747504
100394.262022
100393.762184
100393.46271
100393.427447
100393.468422
100393.371988
100392.888864
100391.702588
100390.233677
100393.427473
100393.441898
100393.476406
100393.559858
100393.707606
100393.78892
100393.834735
100393.607888
100393.273246
100392.914694
100392.440551
100391.690785
100390.865255
100390.228886
100389.868865
100389.552208
100388.97386
100387.880263
100386.307704
100384.709174
100390.254891
100390.222052
100390.17796
100390.141457
100390.321909
100389.994665
100389.728479
100389.494469
100389.280414
100388.936737
100388.104473
100387.001571
100385.976907
100385.18332
100384.527993
100383.784627
100382.750446
100381.371075
100379.829523
100378.265802
100386.612097
100386.554041
100386.504656
100386.459294
100386.952392
100386.478593
100385.837057
100385.308376
100384.670533
100383.479746
100382.068793
100380.865557
100379.993389
100379.026067
100377.979404
100376.816277
100375.619931
100374.29007
100372.87568
100371.211654
100376.559817
100382.785416
100382.705722
100382.643652
100383.28544
100382.331843
100381.401907
100380.416666
100378.919816
100377.335883
100375.995891
100374.977255
100373.788303
100372.629354
100371.380169
100370.099623
100368.743458
100367.297714
100365.669176
100363.735407
100371.35809
100377.676682
100378.449202
100378.385342
100379.563101
100378.426145
100376.952884
100375.037907
100373.107473
100371.553173
100370.337389
100368.977987
100367.69828
100366.31635
100364.868025
100363.391238
100361.799608
100360.128512
100358.16487
100356.255947
100360.105135
100368.915415
100373.286057
100373.401209
100375.199018
100373.778908
100371.544552
100368.985842
100366.770075
100365.096829
100363.433823
100361.950859
100360.46816
100359.015444
100357.50703
100355.724519
100354.123674
100352.210259
100350.415341
100349.055075
100339.228437
100351.093643
100358.515696
100360.658508
100363.151663
100362.117941
100360.32904
100358.304228
100356.511325
100354.921198
100353.453047
100352.110169
100350.621867
100349.163192
100347.252778
100346.023606
100344.726599
100343.521538
100342.155759
100341.345869
100320.398416
100329.286804
100336.25113
100338.838849
100341.263653
100340.322959
100339.307864
100339.005459
100338.922466
100338.565319
100338.010265
100337.00828
100336.070797
100335.096456
100334.920842
100334.913414
100334.748887
100334.209961
100333.452453
100333.161301
100311.017499
100317.974931
100322.656196
100324.065346
100324.201174
100323.476972
100322.58826
100321.948683
100321.885499
100322.050324
100322.123778
100322.294587
100322.689081
100323.507245
100324.4465
100325.151628
100325.398779
100325.282807
100324.950698
100325.0285
100315.359456
100318.202922
100320.157222
100320.132196
100320.00214
100319.862135
100319.659721
100319.284142
100318.772984
100318.070349
100317.604052
100317.525543
100317.789834
100318.203463
100318.534985
100318.599764
100318.342678
100317.865361
100317.30816
100317.400499
100318.484614
100318.56417
100318.554472
100318.541161
100318.497576
100318.437708
100318.356744
100318.286371
100318.135645
100317.786971
100317.401844
100317.016924
100316.628027
100316.145899
100315.483251
100314.56222
100313.330396
100311.919978
100310.583299
100310.313312
100317.439719
100317.406818
100317.3962
100317.390995
100317.375504
100317.353954
100317.328313
100317.295992
100317.253889
100316.992167
100316.559257
100315.93586
100315.095644
100314.020291
100312.702107
100311.061338
100308.877285
100306.382139
100303.948445
100303.478716
100316.16318
100316.160652
100316.182138
100316.221806
100316.279254
100316.316874
100316.331908
100316.323553
100316.280384
100315.911529
100315.162999
100314.14242
100312.871668
100311.361688
100309.534467
100307.031813
100303.526032
100299.775814
100296.393576
100296.158483
100313.166661
100314.322097
100314.498856
100314.530683
100314.578142
100314.488817
100314.330936
100314.13915
100313.788629
100313.106301
100312.056893
100310.700403
100309.062031
100307.06558
100304.329655
100300.11583
100295.173364
100290.42316
100287.089112
100287.567262
100301.53293
100304.728088
100306.546231
100307.365782
100307.663776
100307.677347
100307.541846
100307.269939
100306.671177
100305.681204
100304.347634
100302.659783
100300.490929
100297.42898
100292.766023
100287.162854
100282.145907
100276.802962
100275.244894
100276.366452
100268.557312
100276.710635
100281.795063
100284.595744
100285.810176
100287.331515
100288.692018
100289.281939
100289.051144
100288.167195
100286.69339
100284.537229
100281.358565
100276.946176
100271.964262
100267.396543
100262.111262
100258.545171
100260.013879
100261.541993
100224.421943
100232.834767
100239.486656
100243.574838
100244.98766
100247.165304
100250.40629
100253.171401
100254.828695
100255.490145
100255.188626
100253.92031
100251.77608
100249.038803
100245.684994
100241.268551
100238.25147
100239.795958
100242.470719
100244.394926
100202.595267
100207.769447
100207.775384
100207.904205
100209.766961
100211.096612
100213.938339
100217.575802
100220.81351
100223.254782
100224.78389
100225.315327
100224.748107
100223.08852
100221.067458
100220.814121
100222.943437
100225.326354
100227.327949
100228.947311
100204.545213
100204.497011
100204.456865
100204.370296
100204.264818
100203.752293
100203.218987
100203.40152
100204.563695
100206.074267
100207.306057
100208.016184
100208.490661
100209.430193
100211.236704
100213.303422
100214.992355
100216.307509
100217.293755
100217.981025
100202.986043
100202.982495
100202.984559
100202.95402
100202.906939
100202.843923
100202.609418
100202.079884
100201.628226
100201.558265
100202.135729
100203.280599
100204.790385
100206.393591
100207.83496
100209.058169
100209.933813
100210.581215
100210.918105
100210.788658
100202.22513
100202.225301
100202.22283
100202.203792
100202.171781
100202.135481
100202.093856
100202.057228
100202.0326
100202.007418
100202.249667
100202.794461
100203.597997
100204.449836
100205.215211
100205.838341
100206.375019
100206.738482
100206.690648
100205.975213
100201.654568
100201.655712
100201.656685
100201.649952
100201.636034
100201.617094
100201.597464
100201.578083
100201.558292
100201.53803
100201.527119
100201.653424
100202.078775
100202.550881
100203.009654
100203.446629
100203.81838
100203.934792
100203.48677
100202.13469
100201.134476
100201.135643
100201.137782
100201.136521
100201.130618
100201.122092
100201.112519
100201.102849
100201.093712
100201.085151
100201.076772
100201.068936
100201.153411
100201.31295
100201.529041
100201.725583
100201.749856
100201.327339
100200.063674
100197.381396
100200.631347
100200.632849
100200.635377
100200.635489
100200.631894
100200.626368
100200.620251
100200.613919
100200.607156
100200.599061
100200.588535
100200.568743
100200.506057
100200.438699
100200.32757
100200.05238
100199.400732
100197.978425
100195.287077
100191.112272
100200.122726
100200.125122
100200.128838
100200.131269
100200.131173
100200.129831
100200.128263
100200.127025
100200.126341
100200.126162
100200.127241
100200.101967
100199.894836
100199.554391
100199.004483
100198.089772
100196.481659
100193.723706
100189.978816
100185.851948
100199.56737
100199.571479
100199.578435
100199.585937
100199.593228
100199.600696
100199.608164
100199.615721
100199.623368
100199.630796
100199.634772
100199.56705
100199.207596
100198.585306
100197.603801
100195.970662
100193.259091
100189.627944
100185.872759
100181.180475
100198.889613
100198.897184
100198.912969
100198.931192
100198.953698
100198.97922
100199.008963
100199.045209
100199.061237
100199.067475
100199.004932
100198.732677
100198.205053
100197.349438
100195.945932
100193.556027
100190.027208
100186.242927
100182.040802
100173.606414
100197.809272
100197.833864
100197.892168
100198.00944
100198.094095
100198.148712
100198.174527
100198.148195
100197.985064
100197.735043
100197.494331
100197.070662
100196.386305
100195.285155
100193.364053
100190.205782
100186.524689
100182.879552
100176.279003
100168.35638
100195.41116
100195.431367
100195.478832
100195.775772
100195.452282
100195.163003
100195.014263
100195.013812
100195.068394
100194.958466
100194.685221
100194.192133
100193.334153
100191.772965
100189.085294
100185.734425
100182.544343
100177.126186
100169.237325
100170.145404
100191.595481
100191.569809
100192.639153
100192.988409
100192.817563
100192.650209
100192.48908
100192.295658
100192.075721
100191.758126
100191.26333
100190.360404
100188.796886
100186.313681
100183.374467
100180.484317
100175.662695
100169.503635
100169.268382
100170.620275
100187.544299
100187.541913
100190.949991
100191.17996
100190.396126
100189.799359
100189.351474
100188.947718
100188.496002
100187.814958
100186.636828
100184.751444
100182.361006
100179.949007
100177.582232
100173.451177
100168.572959
100169.0278
100170.124598
100170.384086
100177.64518
100184.980225
100189.651647
100190.106959
100188.586117
100187.227153
100186.207611
100185.288361
100184.195038
100182.527202
100180.269317
100178.119269
100176.202107
100174.388898
100171.327459
100166.842634
100167.54226
100169.139463
100169.661153
100169.85513
100149.512608
100179.899581
100185.532383
100186.144283
100184.038365
100182.018883
100180.595903
100179.235062
100177.369523
100175.112024
100173.293415
100171.700092
100170.227247
100168.125768
100164.207043
100163.664707
100165.757988
100166.810443
100167.439874
100168.247789
100141.370031
100171.733148
100178.900031
100180.157032
100178.13198
100175.576863
100173.401156
100171.217275
100168.959559
100167.238779
100165.699066
100164.372185
100162.739234
100160.068993
100157.584111
100159.09861
100160.554646
100161.279441
100162.033138
100163.271943
100146.220128
100167.408572
100172.960134
100173.566943
100171.064926
100167.596574
100164.344989
100161.61029
100159.570557
100157.772493
100156.278346
100154.662763
100153.002722
100150.732902
100149.384296
100150.942521
100151.905986
100152.371291
100152.709552
100153.490117
100127.317459
100147.76737
100156.306924
100157.593567
100156.18668
100153.686036
100150.901974
100148.609301
100146.699767
100145.113199
100143.472212
100142.081362
100140.537347
100138.318002
100137.731371
100139.038962
100139.697737
100139.69897
100139.210395
100138.670331
100114.288373
100130.021348
100137.528898
100138.530335
100137.413559
100135.423116
100132.977626
100130.86307
100129.214532
100127.610931
100126.270383
100124.862457
100123.436514
100121.92832
100121.00629
100121.558276
100121.537018
100121.066155
100119.996986
100118.53299
100086.908643
100100.216726
100107.507526
100107.960674
100107.690519
100107.469894
100107.029625
100106.462861
100105.716808
100104.988352
100104.042572
100103.143796
100101.922339
100099.666991
100097.577167
100096.64931
100095.782658
100094.88726
100093.773319
100092.370746
100065.878753
100073.332709
100075.253245
100076.005897
100075.456789
100075.133272
100076.009997
100077.547961
100078.788732
100079.300939
100079.102319
100078.216641
100075.790723
100071.108266
100066.383564
100064.866974
100063.790623
100063.087925
100062.516989
100061.635824
100044.974641
100051.045986
100054.046086
100054.768644
100054.134122
100053.040141
100052.241706
100052.471876
100053.201279
100053.268149
100051.650742
100046.951643
100038.586622
100030.92835
100030.069229
100030.497259
100030.974096
100031.928884
100033.797446
100036.030866
100037.262389
100041.042524
100043.213419
100043.711539
100043.180077
100042.148746
100040.853071
100039.204192
100036.801834
100032.19321
100024.775523
100016.566026
100013.599268
100015.234256
100016.144403
100016.5112
100016.80801
100017.393151
100018.978737
100022.333715
100031.152461
100033.085126
100035.079188
100035.448111
100035.019982
100034.250608
100032.738352
100029.853807
100025.170189
100019.080301
100014.006643
100013.253833
100014.023538
100014.022037
100014.041827
100014.072197
100014.109416
100014.158323
100014.245661
100015.907998
100026.716766
100028.253898
100029.546176
100029.658358
100029.204056
100028.146615
100026.002992
100022.373218
100017.748578
100014.054166
100013.21494
100013.284976
100013.279772
100013.277851
100013.281437
100013.298986
100013.336056
100013.39941
100013.509685
100014.276516
100023.855585
100024.174596
100024.941601
100024.937081
100024.296535
100022.860537
100020.379163
100017.191473
100014.004307
100012.396423
100012.362066
100012.354565
100012.344958
100012.336126
100012.335527
100012.347171
100012.377476
100012.439245
100012.463065
100012.549671
100020.124285
100019.777398
100020.26591
100020.252555
100019.540805
100018.055135
100016.082003
100013.954555
100011.953006
100011.292581
100011.352441
100011.332875
100011.315132
100011.29835
100011.285472
100011.274605
100011.264547
100011.298089
100011.136057
100010.630634
100014.55701
100014.600837
100015.762397
100016.024105
100015.458161
100014.305148
100012.979422
100011.582526
100010.387461
100010.163317
100010.280824
100010.273703
100010.261248
100010.24801
100010.237296
100010.235501
100010.252594
100010.180687
100009.38616
100008.358559
100007.717262
100008.308946
100009.655995
100010.307145
100010.312548
100009.957498
100009.50226
100009.032344
100008.782881
100009.03746
100009.297048
100009.27309
100009.244621
100009.213829
100009.181153
100009.142009
100009.104372
100008.851689
100008.103645
100006.927357
100003.850383
100003.82341
100003.811491
100004.332932
100004.80675
100005.248866
100005.71003
100006.168302
100006.742769
100007.466229
100008.124602
100008.281434
100008.25394
100008.216811
100008.188932
100008.170221
100008.256746
100008.154829
100007.617872
100006.38463
100002.755081
100002.742063
100002.731268
100002.714403
100002.810643
100002.986648
100003.292346
100003.776605
100004.46426
100005.337319
100006.281093
100006.87962
100007.134231
100007.131639
100007.130573
100007.165798
100007.357959
100007.567816
100007.308729
100006.120822
100001.887333
100001.879313
100001.871387
100001.857772
100001.836715
100001.828901
100001.877766
100002.075637
100002.557827
100003.462989
100004.583823
100005.462653
100005.916052
100006.0513
100006.062863
100006.131113
100006.411441
100006.849278
100006.733956
100005.518085
100001.151984
100001.147041
100001.145545
100001.143068
100001.139817
100001.134248
100001.124745
100001.128154
100001.276056
100001.888962
100002.857143
100003.708371
100004.224828
100004.466281
100004.552616
100004.635342
100004.96553
100005.600371
100005.513573
100004.343558
100000.40925
100000.405091
100000.405284
100000.406968
100000.409497
100000.414293
100000.421086
100000.427853
100000.439283
100000.583301
100000.860863
100001.153184
100001.369272
100001.512912
100001.597725
100001.662649
100001.867639
100002.345357
100002.356307
100001.778569
101508.742929
101508.753216
101508.781285
101508.824795
101508.882146
101508.952304
101509.034738
101509.129295
101509.236152
101509.355745
101509.488782
101509.636311
101509.799964
101509.982306
101510.18684
101510.415566
101510.665357
101510.941687
101511.314821
101515.067016
101495.636073
101495.649695
101495.679987
101495.724539
101495.781532
101495.849527
101495.927389
101496.01415
101496.108984
101496.211212
101496.320448
101496.436791
101496.560994
101496.694011
101496.834855
101496.977679
101497.115354
101497.249835
101497.399147
101497.407214
101482.427527
101482.44911
101482.4812
101482.522162
101482.570367
101482.624249
101482.682403
101482.743557
101482.806666
101482.870985
101482.936199
101483.00237
101483.069497
101483.136195
101483.197958
101483.248113
101483.283381
101483.309125
101483.336095
101483.233624
101469.122232
101469.155308
101469.1908
101469.228436
101469.26748
101469.307089
101469.346533
101469.385234
101469.422901
101469.459554
101469.495504
101469.53104
101469.565774
101469.597704
101469.623223
101469.640009
101469.651487
101469.667428
101469.687899
101469.598283
101455.763934
101455.80869
101455.849197
101455.886438
101455.920698
101455.952121
101455.980893
101456.007292
101456.031789
101456.054996
101456.077538
101456.099658
101456.120682
101456.138635
101456.151128
101456.158269
101456.165271
101456.177708
101456.184929
101456.107372
101442.396662
101442.450516
101442.49584
101442.534386
101442.567261
101442.595372
101442.619592
101442.640777
101442.659839
101442.67763
101442.694775
101442.711304
101442.726315
101442.737992
101442.744966
101442.749018
101442.75596
101442.765788
101442.765935
101442.706249
101429.05264
101429.111217
101429.159006
101429.198171
101429.230346
101429.256901
101429.279105
101429.298108
101429.314996
101429.330635
101429.345518
101429.359469
101429.371495
101429.380107
101429.384948
101429.389064
101429.397094
101429.403552
101429.399622
101429.354111
101415.75225
101415.809697
101415.855686
101415.892643
101415.922453
101415.946685
101415.966754
101415.983883
101415.999137
101416.013266
101416.026581
101416.03874
101416.048751
101416.055524
101416.059622
101416.064788
101416.072886
101416.075639
101416.070242
101416.035312
101402.505976
101402.554798
101402.593203
101402.623603
101402.647851
101402.667458
101402.683755
101402.697838
101402.710603
101402.722589
101402.733895
101402.744037
101402.752079
101402.757367
101402.761269
101402.767467
101402.774318
101402.7739
101402.768394
101402.740938
101389.314162
101389.345528
101389.36965
101389.388447
101389.403357
101389.415515
101389.425918
101389.435336
101389.444353
101389.453214
101389.461779
101389.469434
101389.47533
101389.479267
101389.483228
101389.489893
101389.494564
101389.491898
101389.486746
101389.464529
101376.163417
101376.168807
101376.172593
101376.175518
101376.178095
101376.180711
101376.183743
101376.18744
101376.191942
101376.197125
101376.202591
101376.207606
101376.211441
101376.214346
101376.218617
101376.225064
101376.227297
101376.223315
101376.218552
101376.19998
101363.022243
101362.996998
101362.977926
101362.963829
101362.95378
101362.947059
101362.943188
101362.941736
101362.942317
101362.944412
101362.947371
101362.950381
101362.952886
101362.955557
101362.960571
101362.966402
101362.966607
101362.962079
101362.957681
101362.941644
101349.840991
101349.789177
101349.751908
101349.725518
101349.707341
101349.695381
101349.688228
101349.684759
101349.684095
101349.685384
101349.687806
101349.690562
101349.693353
101349.697218
101349.703698
101349.70907
101349.708173
101349.703751
101349.6998
101349.685563
101336.560521
101336.499469
101336.458918
101336.432911
101336.417267
101336.408959
101336.405887
101336.406465
101336.409537
101336.414121
101336.419413
101336.424794
101336.430349
101336.43739
101336.446352
101336.452011
101336.451227
101336.44754
101336.444253
101336.431391
101323.132155
101323.093814
101323.075487
101323.070237
101323.073405
101323.081753
101323.093146
101323.106071
101323.119524
101323.132748
101323.145245
101323.156813
101323.168056
101323.180438
101323.193012
101323.200081
101323.200646
101323.198311
101323.195992
101323.184315
101309.546125
101309.572166
101309.607664
101309.647267
101309.687697
101309.726882
101309.763681
101309.797429
101309.827869
101309.854913
101309.878712
101309.899739
101309.919238
101309.938658
101309.955711
101309.965266
101309.968129
101309.967639
101309.966561
101309.956036
101295.858385
101295.987669
101296.104673
101296.208966
101296.300942
101296.381295
101296.451007
101296.511067
101296.562534
101296.6064
101296.643755
101296.675936
101296.704871
101296.731796
101296.753426
101296.765972
101296.771494
101296.773012
101296.773266
101296.763911
101282.20114
101282.451079
101282.659622
101282.83401
101282.980053
101283.102334
101283.204697
101283.290254
101283.361681
101283.421229
101283.471023
101283.513294
101283.550559
101283.583608
101283.608688
101283.623721
101283.631439
101283.634605
101283.635964
101283.627734
101268.758621
101269.108008
101269.389015
101269.61668
101269.802171
101269.953823
101270.078157
101270.180204
101270.264051
101270.333002
101270.390027
101270.438055
101270.479912
101270.515692
101270.541711
101270.557548
101270.566107
101270.569954
101270.571806
101270.564504
101255.700702
101256.087439
101256.392269
101256.634599
101256.828612
101256.984722
101257.110879
101257.213094
101257.296124
101257.363742
101257.419293
101257.466009
101257.506554
101257.540097
101257.56343
101257.577401
101257.584727
101257.587778
101257.589175
101257.582411
101243.104742
101243.445091
101243.709587
101243.916659
101244.079902
101244.209281
101244.312362
101244.394779
101244.460944
101244.514318
101244.558031
101244.595092
101244.627433
101244.65315
101244.669709
101244.67867
101244.682353
101244.682877
101244.682694
101244.675918
101230.922959
101231.140003
101231.304675
101231.429921
101231.525597
101231.598961
101231.655529
101231.699327
101231.733485
101231.760455
101231.782607
101231.802207
101231.819882
101231.83266
101231.838677
101231.839656
101231.837412
101231.833754
101231.830904
101231.823485
101219.012434
101219.055381
101219.07968
101219.090604
101219.092562
101219.088784
101219.081721
101219.073012
101219.063917
101219.055441
101219.048825
101219.045132
101219.043263
101219.039335
101219.032003
101219.022726
101219.012796
101219.003666
101218.997284
101218.988614
101207.190759
101207.039521
101206.906084
101206.78794
101206.68376
101206.592421
101206.513022
101206.444575
101206.386296
101206.337608
101206.298432
101206.268278
101206.244134
101206.221486
101206.199281
101206.178459
101206.159819
101206.144452
101206.134006
101206.123584
101195.279394
101194.940861
101194.653178
101194.407467
101194.19748
101194.018245
101193.865831
101193.736857
101193.628672
101193.539221
101193.467045
101193.409874
101193.362868
101193.321201
101193.283875
101193.251226
101193.223612
101193.201784
101193.187095
101193.174571
101183.132042
101182.632597
101182.208941
101181.848618
101181.542202
101181.281988
101181.061779
101180.876341
101180.721544
101180.594069
101180.491069
101180.408395
101180.33969
101180.280089
101180.22845
101180.184531
101180.148316
101180.120263
101180.101449
101180.086626
101170.659328
101170.030151
101169.492817
101169.034458
101168.644343
101168.313204
101168.033339
101167.798195
101167.602513
101167.441861
101167.311942
101167.206735
101167.118787
101167.043357
101166.979015
101166.925026
101166.881072
101166.847381
101166.824788
101166.807599
101157.830333
101157.087219
101156.450546
101155.90695
101155.444545
101155.052662
101154.722258
101154.445594
101154.216348
101154.028895
101153.877325
101153.753813
101153.650227
101153.561982
101153.487288
101153.425021
101153.374636
101153.336208
101153.310386
101153.290878
101144.603498
101143.750567
101143.02354
101142.405831
101141.883005
101141.442232
101141.072703
101140.765251
101140.512275
101140.306691
101140.140751
101140.004984
101139.890941
101139.794151
101139.71248
101139.64453
101139.589621
101139.547779
101139.519551
101139.497912
101130.874059
101129.924036
101129.124465
101128.452248
101127.888771
101127.418165
101127.027394
101126.705592
101126.44363
101126.2327
101126.063118
101125.924099
101125.80721
101125.708089
101125.624375
101125.554554
101125.497941
101125.454652
101125.425259
101125.401895
101116.466394
101115.466431
101114.638318
101113.95179
101113.384002
101112.916155
101112.533159
101112.222589
101111.973814
101111.776314
101111.618701
101111.489471
101111.380603
101111.287972
101111.209237
101111.142983
101111.08871
101111.046811
101111.018063
101110.993702
101101.193123
101100.231787
101099.452816
101098.819018
101098.304703
101097.889388
101097.556939
101097.294114
101097.089297
101096.930746
101096.806116
101096.704099
101096.617609
101096.543084
101096.478576
101096.423071
101096.376498
101096.339773
101096.314109
101096.289882
101084.887514
101084.102936
101083.490981
101083.007887
101082.628435
101082.333401
101082.107885
101081.939505
101081.816956
101081.728514
101081.662249
101081.608297
101081.561209
101081.518525
101081.479173
101081.442917
101081.410415
101081.383377
101081.363729
101081.341172
101067.430036
101067.034352
101066.75617
101066.553611
101066.411163
101066.317637
101066.264002
101066.241958
101066.242973
101066.257502
101066.276029
101066.291615
101066.301318
101066.304451
101066.301371
101066.293023
101066.281111
101066.268395
101066.2578
101066.238705
101048.961543
101049.198113
101049.433111
101049.643839
101049.838041
101050.022011
101050.198687
101050.367972
101050.527241
101050.671735
101050.796485
101050.898867
101050.979249
101051.039349
101051.081418
101051.107933
101051.121887
101051.127278
101051.128242
101051.114364
101030.099749
101031.103816
101031.954014
101032.654688
101033.242099
101033.745292
101034.182887
101034.565769
101034.899504
101035.186059
101035.426455
101035.623169
101035.780288
101035.902259
101035.993453
101036.058033
101036.100373
101036.125729
101036.139532
101036.132196
101011.654708
101013.428821
101014.887357
101016.070425
101017.04235
101017.855074
101018.543381
101019.129582
101019.628135
101020.048243
101020.397231
101020.682539
101020.911812
101021.092075
101021.22971
101021.330448
101021.399918
101021.444462
101021.470676
101021.470389
100994.526539
100996.890074
100998.820485
101000.382642
101001.658061
101002.715365
101003.60101
101004.346662
101004.973844
101005.498092
101005.931804
101006.286513
101006.572494
101006.798849
101006.973415
101007.103162
101007.194602
101007.254831
101007.291288
101007.297755
100979.427044
100982.041808
100984.208358
100985.971885
100987.415093
100988.609805
100989.607181
100990.442968
100991.142865
100991.725905
100992.20783
100992.602342
100992.921314
100993.174813
100993.371544
100993.51903
100993.624245
100993.694498
100993.73763
100993.749685
100966.57431
100969.092339
100971.243356
100973.014645
100974.474201
100975.685757
100976.697542
100977.544638
100978.25311
100978.842859
100979.330564
100979.730422
100980.054455
100980.312775
100980.514067
100980.665827
100980.774886
100980.848301
100980.893733
100980.909484
100955.750739
100957.933062
100959.867982
100961.484365
100962.827839
100963.94752
100964.884043
100965.668445
100966.324425
100966.870547
100967.322557
100967.693645
100967.994874
100968.235502
100968.423494
100968.565716
100968.668389
100968.737813
100968.781004
100968.798343
100946.555355
100948.2889
100949.877225
100951.221446
100952.34803
100953.289788
100954.077955
100954.737897
100955.289416
100955.74835
100956.128229
100956.440204
100956.693573
100956.896087
100957.054434
100957.17438
100957.26111
100957.319836
100957.356506
100957.373196
100938.594365
100939.852558
100941.016224
100942.005071
100942.839776
100943.537866
100944.120649
100944.607098
100945.012292
100945.348471
100945.626098
100945.853601
100946.03797
100946.184978
100946.299638
100946.386255
100946.448688
100946.490766
100946.517104
100946.530934
100931.548379
100932.33306
100933.017321
100933.584008
100934.067068
100934.469742
100934.802535
100935.077185
100935.303294
100935.488763
100935.640319
100935.763179
100935.86162
100935.93911
100935.998679
100936.042908
100936.074089
100936.094508
100936.107266
100936.116114
100925.09047
100925.403591
100925.569362
100925.662561
100925.748171
100925.816927
100925.867271
100925.902606
100925.926249
100925.941061
100925.949517
100925.953251
100925.953554
100925.951339
100925.947452
100925.942564
100925.937266
100925.932163
100925.928778
100925.9307
100918.795924
100918.650506
100918.286259
100917.883067
100917.54838
100917.263679
100917.015148
100916.797246
100916.60654
100916.440457
100916.29695
100916.173924
100916.069549
100915.982086
100915.91009
100915.852243
100915.807353
100915.774342
100915.753125
100915.746532
100912.174489
100911.610144
100910.738817
100909.84928
100909.099513
100908.464585
100907.919646
100907.450429
100907.046814
100906.700807
100906.405923
100906.156403
100905.947369
100905.774463
100905.633997
100905.522692
100905.437645
100905.376105
100905.33643
100905.320157
100904.753258
100903.830284
100902.501032
100901.164775
100900.031813
100899.072309
100898.252364
100897.549833
100896.948404
100896.435055
100895.999204
100895.631735
100895.324944
100895.072069
100894.86733
100894.705657
100894.582568
100894.493828
100894.43626
100894.409649
100896.019401
100894.853043
100893.166299
100891.457214
100889.999152
100888.762238
100887.706562
100886.803847
100886.032604
100885.375519
100884.818517
100884.349583
100883.958583
100883.636661
100883.376259
100883.17077
100883.014442
100882.901746
100882.828059
100882.791062
100885.537979
100884.321074
100882.415585
100880.423242
100878.711727
100877.258223
100876.018816
100874.960787
100874.058378
100873.290678
100872.640689
100872.093994
100871.638456
100871.263539
100870.960254
100870.720832
100870.538572
100870.40707
100870.320269
100870.273378
100873.131477
100872.011439
100870.010245
100867.821276
100865.930752
100864.330087
100862.969527
100861.812123
100860.827897
100859.992565
100859.286566
100858.69348
100858.199618
100857.793194
100857.464257
100857.204297
100857.006184
100856.863045
100856.767528
100856.711826
100858.550527
100857.5372
100855.61529
100853.367966
100851.406688
100849.757937
100848.364094
100847.184671
100846.186051
100845.34123
100844.628812
100844.031145
100843.533721
100843.124233
100842.792414
100842.529672
100842.329039
100842.183936
100842.085858
100842.02316
100841.224849
100840.354726
100838.784419
100836.743415
100834.897633
100833.356514
100832.05971
100830.967867
100830.047256
100829.270601
100828.616681
100828.068289
100827.611543
100827.234821
100826.928634
100826.685228
100826.498769
100826.363886
100826.271332
100826.204303
100820.978869
100820.341439
100819.263533
100817.780823
100816.312787
100815.085663
100814.053003
100813.184645
100812.453716
100811.837125
100811.317176
100810.879768
100810.513764
100810.209988
100809.961121
100809.761477
100809.607452
100809.496529
100809.419538
100809.351882
100798.243066
100797.855024
100797.27671
100796.621315
100795.840326
100795.15434
100794.563815
100794.058835
100793.629578
100793.263395
100792.95043
100792.682886
100792.454846
100792.261478
100792.099191
100791.965538
100791.86025
100791.785561
100791.736078
100791.675581
100774.039533
100773.966232
100773.897902
100773.974166
100774.076935
100774.103687
100774.08997
100774.05155
100774.004564
100773.95293
100773.89837
100773.842025
100773.785123
100773.728663
100773.673846
100773.62221
100773.576834
100773.54438
100773.528742
100773.486308
100749.985157
100750.207205
100750.634374
100751.165537
100752.007943
100752.764374
100753.359163
100753.812442
100754.165843
100754.442801
100754.65792
100754.821989
100754.943872
100755.03072
100755.088843
100755.123918
100755.142155
100755.152236
100755.166901
100755.148249
100727.286154
100727.976617
100728.7736
100729.60176
100730.778755
100732.065151
100733.165752
100734.041877
100734.740815
100735.302568
100735.752715
100736.110025
100736.389671
100736.604013
100736.763733
100736.878211
100736.956294
100737.007273
100737.043867
100737.042396
100706.886585
100708.024278
100708.996894
100710.05097
100711.282784
100712.765556
100714.159992
100715.316567
100716.251756
100717.01099
100717.626298
100718.121072
100718.514188
100718.821128
100719.055407
100719.228911
100719.352379
100719.434985
100719.48452
100719.488738
100689.030464
100690.430462
100691.518846
100692.64212
100693.821903
100695.243955
100696.702496
100697.972019
100699.016272
100699.870723
100700.568183
100701.133154
100701.585471
100701.941487
100702.215629
100702.420869
100702.568729
100702.667967
100702.723739
100702.730038
100673.636146
100674.905941
100675.959873
100677.110512
100678.249899
100679.51202
100680.864363
100682.10081
100683.138502
100683.994441
100684.696864
100685.268597
100685.728461
100686.0919
100686.372719
100686.583619
100686.736456
100686.839136
100686.895634
100686.903281
100660.071636
100661.173574
100662.252564
100663.300995
100664.340844
100665.400099
100666.54188
100667.631244
100668.564685
100669.34268
100669.985443
100670.510809
100670.934753
100671.270456
100671.529707
100671.723806
100671.863082
100671.956178
100672.006277
100672.012641
100648.168788
100648.947354
100650.004942
100650.885319
100651.754951
100652.601826
100653.491051
100654.358987
100655.11634
100655.755374
100656.288789
100656.726771
100657.080724
100657.360393
100657.574632
100657.730044
100657.836441
100657.903988
100657.938148
100657.941623
100637.227863
100637.746836
100638.572043
100639.220412
100640.015853
100640.716193
100641.364486
100641.975534
100642.510601
100642.964111
100643.348941
100643.66708
100643.923098
100644.12265
100644.268136
100644.365672
100644.425891
100644.458021
100644.470221
100644.471523
100626.954014
100626.964102
100627.620809
100628.186077
100628.818462
100629.367048
100629.773199
100630.105639
100630.379492
100630.611493
100630.817701
100630.992417
100631.131134
100631.230419
100631.29255
100631.326339
100631.33849
100631.335362
100631.325662
100631.323721
100616.778804
100616.508161
100616.731882
100617.12343
100617.647489
100618.033299
100618.214274
100618.277994
100618.287529
100618.290796
100618.311078
100618.337579
100618.351805
100618.343536
100618.318569
100618.284806
100618.247907
100618.211376
100618.18218
100618.170036
100606.515316
100605.602134
100605.713903
100605.789057
100605.901971
100606.138996
100606.149576
100605.991657
100605.769593
100605.564606
100605.411536
100605.29401
100605.182416
100605.063536
100604.944918
100604.840127
100604.757093
100604.695351
100604.657407
100604.628318
100595.736333
100594.464379
100593.769363
100593.335278
100593.259245
100593.235528
100593.074638
100592.725256
100592.301059
100591.909658
100591.605015
100591.37558
100591.187659
100591.010876
100590.840591
100590.696886
100590.59787
100590.541765
100590.522076
100590.486899
100584.407807
100582.148673
100581.140638
100580.122673
100579.478411
100579.140878
100578.720451
100578.120754
100577.456266
100576.864085
100576.424096
100576.179673
100576.098099
100576.089416
100576.075712
100576.035727
100576.008026
100576.011313
100576.04513
100576.046242
100572.429814
100569.651283
100567.610065
100566.004137
100564.849124
100563.792762
100562.954201
100561.980465
100560.969211
100560.108606
100559.547729
100559.474736
100559.898145
100560.591387
100561.270352
100561.675429
100561.802797
100561.83859
100561.893511
100561.954723
100560.146212
100556.340749
100553.872414
100551.578032
100549.538417
100547.998612
100546.491384
100544.95859
100543.399558
100542.044441
100541.273689
100541.332573
100542.151974
100543.445757
100544.82073
100545.740778
100545.950023
100545.858818
100545.8501
100545.840904
100547.835487
100543.533264
100540.317958
100537.659471
100535.108654
100532.753973
100530.648316
100528.452441
100526.119413
100523.879988
100522.131658
100521.074076
100520.513605
100519.748947
100518.089048
100515.336554
100513.915575
100514.262298
100515.522703
100516.026592
100536.025217
100531.400184
100528.065595
100525.126148
100522.260447
100519.647706
100517.002607
100514.447744
100511.713452
100508.791941
100505.725005
100502.224167
100496.902415
100489.728659
100483.350432
100482.589273
100482.050283
100482.042782
100481.724904
100482.703307
100524.456511
100520.181053
100516.884135
100514.262935
100511.762239
100509.253298
100506.946626
100504.575798
100502.075766
100499.164991
100495.470565
100489.733639
100481.709172
100480.040719
100481.0527
100481.052421
100481.061686
100481.055902
100481.03869
100480.551
100512.396934
100509.317771
100506.749216
100504.670105
100502.78171
100500.915978
100498.959462
100496.953737
100494.612774
100491.692935
100487.528618
100481.478956
100479.930717
100480.548418
100480.549268
100480.547241
100480.546981
100480.550042
100480.553096
100478.809478
100499.473933
100498.265643
100497.025192
100495.848369
100494.685897
100493.409968
100492.048124
100490.429152
100488.421199
100485.980497
100482.539508
100479.540675
100479.995226
100479.995853
100479.99547
100479.997788
100480.004984
100480.017836
100480.037239
100479.476091
100486.577864
100487.266066
100487.642256
100487.657122
100487.350443
100486.85653
100486.249409
100485.319672
100484.077124
100482.532283
100480.251878
100479.146953
100479.424459
100479.408166
100479.393457
100479.382045
100479.374209
100479.370337
100477.907253
100478.258434
100475.288275
100477.390749
100479.058956
100480.273969
100480.965222
100481.301563
100481.390386
100481.294092
100480.998339
100480.244381
100478.775095
100478.668386
100478.77518
100478.765142
100478.755854
100478.748216
100478.74345
100478.741787
100476.85224
100477.345861
100466.643709
100469.577838
100472.050189
100474.117553
100475.678228
100476.720571
100477.533334
100478.16698
100478.616659
100478.603484
100477.739407
100478.029212
100478.141462
100478.135412
100478.129251
100478.124656
100478.121296
100478.120574
100476.390799
100476.835906
100460.61541
100463.919784
100466.823507
100469.360963
100471.465418
100473.11299
100474.496483
100475.691794
100476.709266
100477.086649
100476.543156
100477.395966
100477.542532
100477.53882
100477.535187
100477.531853
100477.52968
100477.528628
100475.913764
100476.294836
100456.549905
100459.915263
100462.945996
100465.681987
100468.089992
100470.164718
100472.011034
100473.632452
100474.933657
100475.533049
100475.5104
100476.687003
100476.990411
100476.990344
100476.988362
100476.986093
100476.984062
100476.983436
100475.697761
100475.926042
100453.635579
100456.827255
100459.772142
100462.584942
100465.18338
100467.55696
100469.719314
100471.625293
100473.157899
100474.142513
100474.633791
100476.001879
100476.490589
100476.492753
100476.49346
100476.49258
100476.491215
100476.48964
100475.421766
100475.509368
100451.126347
100453.925644
100456.812703
100459.656764
100462.364036
100464.914905
100467.297469
100469.458756
100471.310074
100472.614518
100473.631411
100475.20998
100476.017381
100476.019321
100476.02308
100476.027268
100476.029044
100476.02873
100475.263591
100475.155665
100448.146221
100450.849614
100453.703054
100456.498639
100459.225167
100461.857939
100464.371154
100466.711687
100468.847577
100470.740505
100472.162529
100474.0501
100475.50844
100475.482066
100475.518991
100475.547541
100475.562972
100475.567871
100475.065524
100474.779478
100444.505162
100447.296272
100450.014835
100452.728078
100455.441378
100458.12834
100460.745191
100463.250933
100465.675405
100467.85705
100469.777976
100471.976372
100473.834164
100473.974658
100473.959719
100473.967503
100473.962967
100473.885803
100473.53498
100473.180686
100440.319835
100442.891185
100445.437117
100448.051559
100450.721233
100453.411395
100456.083915
100458.71771
100461.388057
100464.062535
100466.567518
100469.113283
100471.783534
100472.800825
100472.635462
100472.430507
100472.236578
100472.023541
100471.61816
100471.140752
100435.116515
100437.42837
100439.842172
100442.354964
100444.91677
100447.493324
100450.047646
100452.556275
100455.066954
100457.489493
100459.912378
100462.099487
100464.327858
100466.008582
100466.228999
100466.415341
100466.438188
100466.32937
100465.973581
100465.501715
100428.829441
100431.08288
100433.467052
100435.901816
100438.337451
100440.754097
100443.116993
100445.401572
100447.625984
100449.790432
100451.755235
100453.547939
100455.054206
100456.787327
100457.331041
100457.754464
100457.95661
100457.964917
100457.683818
100457.257709
100422.205964
100424.499322
100426.871963
100429.219104
100431.507923
100433.733345
100435.882097
100437.933855
100439.902291
100441.690795
100443.481872
100444.541618
100444.845275
100446.663773
100447.461891
100448.032208
100448.339751
100448.438387
100448.240794
100447.877887
100416.297594
100418.500688
100420.718007
100422.872685
100424.922005
100426.885225
100428.753497
100430.50627
100432.108789
100433.676742
100434.6685
100433.718131
100435.033947
100436.616664
100437.567109
100438.21195
100438.571273
100438.736513
100438.617362
100438.327944
100411.682265
100413.558207
100415.42799
100417.215993
100418.917683
100420.516114
100422.011736
100423.36565
100424.545909
100425.09522
100424.012929
100424.741812
100426.187756
100427.409926
100428.344226
100428.992426
100429.387784
100429.591936
100429.523052
100429.32161
100408.239601
100409.617011
100410.979599
100412.332611
100413.580369
100414.724857
100415.750077
100416.546595
100416.524979
100415.675487
100416.364443
100417.479205
100418.448606
100419.439332
100420.257936
100420.883169
100421.317253
100421.501368
100421.439949
100421.328668
100405.548684
100406.325607
100407.193449
100408.031949
100408.800171
100409.455968
100409.846803
100409.446471
100408.958534
100409.632902
100410.464803
100411.15649
100411.975915
100412.777557
100413.462013
100414.032978
100414.462132
100414.596429
100414.512561
100414.485152
100403.065725
100403.319584
100403.696081
100404.098685
100404.405344
100404.496908
100403.865392
100403.60029
100404.24577
100404.858627
100405.354175
100405.966719
100406.625165
100407.225996
100407.781562
100408.257747
100408.623613
100408.70106
100408.575695
100408.601679
100400.36138
100400.168543
100400.21073
100400.184076
100400.063446
100399.247154
100398.936802
100399.570652
100400.071363
100400.450724
100400.922904
100401.434509
100401.896774
100402.351121
100402.78349
100403.14926
100403.409385
100403.425157
100403.250538
100403.277502
100397.232416
100396.802184
100396.448871
100396.004831
100394.997757
100394.396523
100395.059953
100395.554947
100395.891413
100396.27443
100396.674305
100396.998433
100397.306144
100397.628126
100397.916633
100398.112147
100398.238983
100398.137102
100397.925386
100397.932197
100393.576442
100392.786983
100391.931797
100390.72161
100389.702221
100390.332774
100390.865757
100391.226449
100391.56713
100391.854022
100392.056259
100392.209815
100392.381485
100392.524565
100392.561379
100392.498641
100392.449955
100392.090151
100391.914352
100391.84903
100388.930026
100387.67168
100386.23233
100384.871187
100385.18209
100385.760163
100386.046764
100386.38328
100386.636918
100386.754808
100386.799611
100386.844574
100386.851774
100386.752627
100386.51373
100386.224368
100385.939667
100385.41001
100385.334831
100385.148153
100383.167864
100381.510452
100379.89944
100379.639544
100380.170061
100380.365388
100380.611258
100380.915074
100381.046821
100381.049096
100380.99867
100380.916209
100380.761023
100380.525903
100380.247251
100379.918965
100379.534362
100379.23586
100379.106408
100378.767301
100376.508773
100374.725093
100374.009588
100374.325232
100374.535851
100374.608567
100374.822888
100375.038699
100375.064186
100374.942402
100374.738364
100374.504495
100374.256673
100374.015416
100373.735908
100373.321835
100372.798731
100372.80267
100372.660815
100372.221409
100369.326916
100368.314848
100368.433953
100368.648967
100368.678352
100368.750421
100368.941849
100369.050862
100368.931268
100368.640095
100368.319634
100368.032796
100367.765867
100367.48936
100367.096932
100366.475785
100365.999725
100366.206396
100366.080451
100365.588167
100362.250367
100362.228532
100362.485615
100362.539634
100362.577947
100362.689766
100362.923556
100362.935087
100362.670661
100362.303935
100361.998174
100361.744183
100361.494665
100361.218538
100360.769481
100360.016136
100359.940649
100360.096684
100359.9367
100359.392801
100355.721038
100356.003198
100356.065392
100356.051862
100356.102328
100356.258014
100356.520031
100356.458959
100356.124612
100355.800759
100355.552548
100355.331043
100355.106888
100354.8351
100354.327869
100353.476051
100353.523752
100353.658443
100353.550234
100353.005387
100349.070828
100349.169874
100349.139659
100349.154209
100349.232216
100349.429672
100349.646216
100349.535455
100349.232436
100348.984413
100348.790401
100348.606376
100348.416468
100348.141849
100347.562696
100346.44171
100347.057168
100347.259372
100347.138356
100346.582822
100341.54493
100341.619535
100341.721846
100341.842643
100341.971126
100342.191861
100342.327656
100342.215347
100342.004675
100341.820188
100341.669029
100341.511466
100341.338199
100341.012177
100340.296498
100339.303015
100340.189358
100340.339299
100340.200707
100339.649082
100333.53015
100333.771923
100334.031834
100334.251916
100334.420016
100334.62003
100334.705733
100334.655402
100334.533562
100334.398516
100334.279861
100334.134525
100333.947015
100333.502546
100332.420002
100331.530798
100332.509885
100332.714657
100332.59433
100332.083497
100325.594659
100325.94077
100326.274792
100326.534979
100326.71308
100326.846689
100326.947071
100326.992648
100326.94613
100326.87126
100326.817057
100326.755328
100326.652881
100326.250243
100324.311155
100324.377684
100325.325287
100325.459745
100325.274116
100324.774106
100317.945846
100318.328388
100318.62274
100318.845553
100318.978487
100319.002316
100319.145462
100319.244139
100319.211854
100319.143727
100319.109533
100319.099541
100319.034707
100318.63654
100315.964585
100317.1253
100317.896982
100317.97833
100317.735571
100317.245893
100310.831009
100311.093902
100311.167488
100311.238078
100311.258895
100311.155683
100311.30569
100311.382946
100311.280354
100311.124969
100310.994887
100310.881851
100310.605919
100309.703082
100307.012133
100309.084666
100309.654021
100309.716437
100309.481231
100309.028922
100303.855584
100303.84444
100303.643573
100303.52243
100303.391127
100303.150762
100303.325625
100303.410461
100303.262382
100303.055863
100302.894575
100302.779781
100302.490394
100300.105544
100298.780692
100300.731538
100301.207822
100301.274504
100301.074913
100300.672206
100296.372783
100296.167044
100295.654239
100295.343874
100295.056944
100294.668103
100294.932198
100295.098409
100294.975089
100294.758935
100294.602337
100294.557841
100294.388696
100290.790753
100290.978172
100292.683349
100293.109774
100293.136243
100292.952084
100292.620313
100287.79803
100287.304962
100286.545351
100286.157682
100285.811339
100285.308108
100285.772741
100286.188438
100286.17763
100285.973925
100285.789638
100285.734764
100285.548733
100282.230082
100282.91095
100284.517865
100284.980389
100285.024939
100284.859278
100284.630824
100276.731936
100276.149351
100275.551525
100275.373548
100275.213639
100274.705305
100275.509259
100276.63982
100277.018803
100277.008409
100276.913797
100276.948545
100276.929474
100274.122708
100274.682706
100276.594023
100277.269966
100277.392953
100277.128735
100276.92423
100262.191826
100262.229223
100262.479976
100262.968734
100263.397371
100263.235335
100263.957051
100266.410147
100267.78858
100268.327899
100268.582381
100268.911937
100269.272128
100266.367024
100266.299469
100268.90365
100270.039546
100270.040671
100269.487631
100269.421261
100245.609027
100246.753994
100248.161994
100249.681205
100251.111302
100252.036765
100252.64169
100255.466473
100258.85402
100260.544813
100261.453916
100262.261015
100262.930845
100257.750509
100258.071815
100261.466175
100262.480995
100261.733632
100261.191991
100261.212823
100230.296163
100231.86779
100233.817034
100236.048494
100238.392334
100240.579766
100242.222118
100244.398157
100249.016874
100253.15067
100255.54764
100257.232676
100254.555049
100247.037577
100250.53803
100252.461137
100251.306006
100250.051524
100249.426294
100249.207052
100218.50713
100219.173988
100220.127751
100221.349957
100222.709564
100224.319465
100225.595996
100225.17393
100224.94495
100228.439115
100232.050922
100230.292766
100224.82544
100229.650188
100232.179376
100230.942166
100229.176195
100228.110924
100227.574057
100227.123483
100210.163497
100209.099662
100207.706169
100205.581736
100203.011418
100199.407686
100192.830791
100186.423121
100182.655774
100179.354877
100177.912157
100179.859575
100184.494945
100189.587607
100193.035297
100195.529428
100197.331872
100198.414178
100199.08597
100199.150563
100204.393694
100201.785284
100197.775344
100192.932629
100186.461429
100176.358162
100173.203295
100174.032082
100174.032072
100174.037955
100174.051673
100174.07762
100174.110163
100175.422658
100177.099774
100179.196331
100181.185165
100182.495172
100183.214204
100183.496653
100199.365469
100194.735022
100189.252276
100181.681193
100172.059056
100173.394272
100173.614048
100173.63028
100173.645982
100173.654588
100173.660167
100173.663565
100173.666915
100173.960426
100174.565962
100175.349519
100176.166481
100176.715292
100176.948738
100177.123219
100192.793521
100187.252007
100179.492747
100170.685218
100173.186046
100173.199356
100173.225411
100173.241797
100173.253557
100173.263225
100173.270653
100173.277322
100173.283515
100173.45152
100173.824874
100174.17797
100174.490181
100174.650845
100174.615861
100174.681354
100186.180642
100179.135079
100170.118755
100172.805952
100172.822667
100172.836719
100172.844814
100172.852949
100172.861799
100172.871261
100172.881596
100172.894317
100172.911798
100173.124569
100173.396207
100173.611833
100173.75822
100173.80656
100173.676965
100173.675759
100180.119563
100170.118409
100172.433212
100172.447458
100172.456938
100172.459803
100172.462802
100172.466846
100172.472247
100172.477857
100172.48359
100172.487879
100172.495836
100172.783557
100173.019675
100173.179779
100173.27034
100173.325915
100173.186277
100173.136441
100171.137276
100171.397035
100172.104498
100172.102031
100172.096738
100172.093847
100172.093696
100172.096718
100172.101515
100172.108279
100172.115976
100172.123418
100172.173369
100172.476805
100172.675242
100172.803748
100172.875261
100172.98267
100172.88925
100172.788499
100169.319953
100171.724627
100171.739106
100171.739575
100171.737446
100171.736545
100171.738704
100171.743204
100171.751037
100171.761258
100171.77564
100171.795519
100171.975394
100172.205881
100172.359657
100172.453731
100172.523071
100172.71471
100172.756945
100172.658308
100171.399954
100171.407628
100171.408231
100171.403445
100171.399321
100171.397961
100171.398412
100171.401503
100171.405574
100171.410938
100171.414443
100171.406367
100171.627443
100171.817383
100171.96614
100172.07659
100172.183941
100172.395228
100172.645592
100172.665088
100171.134682
100171.11687
100171.10213
100171.09071
100171.084051
100171.080625
100171.081204
100171.084268
100171.090829
100171.101166
100171.11621
100171.230149
100171.398637
100171.545624
100171.736323
100171.94258
100172.155219
100172.404892
100172.60943
100172.616058
100170.832497
100170.814284
100170.799848
100170.789349
100170.78197
100170.778747
100170.77814
100170.779509
100170.780845
100170.781122
100170.762195
100170.859242
100170.960711
100171.145261
100171.442743
100171.817685
100172.206571
100172.600427
100172.728858
100173.04762
100170.52949
100170.517483
100170.507296
100170.499194
100170.494803
100170.49369
100170.495542
100170.498685
100170.501985
100170.505914
100170.513142
100170.43418
100170.379599
100170.527832
100170.872023
100171.358132
100171.876593
100172.248665
100172.542691
100173.221787
100170.233699
100170.226141
100170.219072
100170.212733
100170.207857
100170.205722
100170.205927
100170.209255
100170.203194
100170.10668
100169.842793
100169.461487
100169.155292
100169.093915
100169.260354
100169.60619
100170.013863
100169.588902
100170.116839
100170.749542
100169.495407
100169.890443
100169.896054
100169.891216
100169.880675
100169.865423
100169.842887
100169.672072
100169.298419
100168.777207
100167.910394
100166.830669
100165.966736
100165.347404
100165.037464
100165.115338
100165.268085
100163.960184
100164.951705
100165.431064
100165.309124
100166.542212
100166.983555
100167.136981
100167.104848
100166.877011
100166.435177
100165.789295
100164.846335
100163.320883
100161.306717
100159.211423
100157.116532
100155.144306
100153.67613
100152.822248
100151.033687
100149.728993
100150.779435
100151.197272
100155.585603
100157.775364
100158.742947
100158.866275
100158.639321
100158.073292
100157.042034
100155.522299
100153.453284
100150.742189
100147.505049
100143.726003
100139.631539
100135.769343
100132.363753
100129.175931
100123.795532
100122.292647
100122.542838
100123.341851
100139.136022
100140.976231
100142.566097
100143.149556
100142.974444
100142.099882
100140.514733
100138.301733
100135.397056
100131.633954
100126.938938
100121.775449
100116.752675
100111.971144
100107.144351
100101.842883
100095.224679
100093.439011
100092.493041
100093.435547
100117.62129
100117.901713
100118.727814
100119.248726
100119.311691
100118.702442
100117.229125
100114.821647
100111.453172
100107.258158
100102.718565
100098.302951
100094.019797
100089.696357
100085.125138
100079.391733
100074.986045
100073.713172
100072.085152
100072.181061
100091.034145
100090.504998
100090.946131
100091.587736
100091.99253
100091.895006
100090.990446
100089.051675
100086.352417
100083.300052
100080.130654
100076.853439
100073.407475
100069.722135
100065.595803
100057.352374
100055.580282
100055.165748
100054.20047
100053.005721
100060.118222
100059.015919
100059.122136
100060.434677
100062.458392
100064.58331
100066.093693
100066.454402
100065.603304
100064.043068
100062.06609
100059.76169
100057.150723
100054.057287
100048.883625
100041.446095
100043.469359
100043.03651
100042.199986
100039.283663
100037.54813
100038.468224
100039.249236
100040.206179
100041.494519
100043.137015
100045.20908
100047.68971
100049.631699
100050.206353
100049.688039
100048.456082
100046.488274
100041.33638
100029.192897
100032.837143
100033.020105
100032.529986
100031.64378
100028.1718
100025.706853
100028.074181
100029.739108
100031.021247
100032.178146
100033.342032
100034.554164
100036.148764
100038.462959
100040.721666
100041.406402
100039.249454
100030.193159
100021.585081
100024.807363
100025.249912
100025.032145
100024.432687
100023.558219
100020.089927
100018.708562
100021.008134
100022.534081
100023.578123
100024.340435
100024.945301
100025.362865
100025.261206
100024.339898
100022.555982
100019.879214
100016.327308
100016.595459
100018.458159
100018.900552
100018.868498
100018.642149
100018.178648
100017.473445
100015.322653
100015.470357
100016.413855
100016.838285
100016.761312
100016.195334
100014.846452
100012.462108
100009.433808
100007.410879
100007.518164
100008.407631
100009.523583
100010.630126
100011.733807
100012.339587
100012.59339
100012.651193
100012.502037
100012.133336
100011.396354
100012.864675
100012.717467
100011.896354
100010.271263
100007.702369
100004.825933
100003.390015
100003.924506
100004.010628
100004.044716
100004.107411
100004.188379
100004.280593
100005.383648
100006.795708
100007.58346
100007.963588
100008.109419
100008.067325
100007.761547
100010.029448
100008.859049
100006.877758
100004.226176
100002.796875
100003.249023
100003.253754
100003.287294
100003.332296
100003.362231
100003.385321
100003.406943
100003.433115
100003.995943
100004.917399
100005.468769
100005.667905
100005.763794
100005.769974
100005.600444
100007.127731
100005.298932
100003.074437
100002.659011
100002.788741
100002.795335
100002.807663
100002.814949
100002.818387
100002.818529
100002.818085
100002.817138
100002.815364
100003.075442
100003.614689
100004.055342
100004.229995
100004.284792
100004.298668
100004.179939
100005.246999
100003.194145
100002.310196
100002.398345
100002.388526
100002.386618
100002.380038
100002.371221
100002.361105
100002.351072
100002.341896
100002.332879
100002.322829
100002.440253
100002.734477
100003.072454
100003.269928
100003.312639
100003.328126
100003.233581
100004.460146
100002.461209
100002.03036
100001.988243
100001.974405
100001.962197
100001.947921
100001.934485
100001.922452
100001.912055
100001.901767
100001.890596
100001.878063
100001.95509
100002.148654
100002.372015
100002.56597
100002.672312
100002.686287
100002.598295
100004.066448
100001.948595
100001.598004
100001.551792
100001.534976
100001.52134
100001.508502
100001.497324
100001.4881
100001.480332
100001.471414
100001.460208
100001.447158
100001.50423
100001.650058
100001.814196
100001.974184
100002.139535
100002.197366
100002.119389
100003.340114
100001.242025
100001.119866
100001.088602
100001.080154
100001.072738
100001.065303
100001.059083
100001.054104
100001.05053
100001.044034
100001.034139
100001.021746
100001.069107
100001.19298
100001.337317
100001.425239
100001.64571
100001.785745
100001.707246
100002.309589
100000.476975
100000.654155
100000.636811
100000.634651
100000.631688
100000.628665
100000.625946
100000.624478
100000.623688
100000.619731
100000.613094
100000.604934
100000.652081
100000.765781
100000.906638
100000.990673
100001.095139
100001.305875
100001.164434
100000.56212
99999.5993098
100000.218398
100000.210835
100000.209899
100000.208096
100000.205958
100000.204043
100000.202178
100000.199814
100000.194983
100000.187012
100000.183279
100000.232487
100000.333889
100000.4557
100000.53096
100000.500574
100000.652564
100000.491821
)
;

boundaryField
{
    emptyPatch
    {
        type            empty;
    }
    minY
    {
        type            calculated;
        value           nonuniform List<scalar> 
40
(
101524.314959
101520.946852
101520.434195
101519.820552
101519.220663
101518.659653
101518.140726
101517.668914
101517.249379
101516.880652
101516.561034
101516.28744
101516.05524
101515.859906
101515.697695
101515.565465
101515.460683
101515.38131
101515.325875
101515.293268
101515.282929
101515.293216
101515.321285
101515.364795
101515.422146
101515.492304
101515.574738
101515.669295
101515.776152
101515.895745
101516.028782
101516.176311
101516.339964
101516.522306
101516.72684
101516.955566
101517.205357
101517.481687
101517.854821
101521.607016
)
;
    }
    maxY
    {
        type            calculated;
        value           uniform 100000;
    }
    maxX
    {
        type            calculated;
        value           nonuniform List<scalar> 
150
(
101515.067016
101497.407214
101483.233624
101469.598283
101456.107372
101442.706249
101429.354111
101416.035312
101402.740938
101389.464529
101376.19998
101362.941644
101349.685563
101336.431391
101323.184315
101309.956036
101296.763911
101283.627734
101270.564504
101257.582411
101244.675918
101231.823485
101218.988614
101206.123584
101193.174571
101180.086626
101166.807599
101153.290878
101139.497912
101125.401895
101110.993702
101096.289882
101081.341172
101066.238705
101051.114364
101036.132196
101021.470389
101007.297755
100993.749685
100980.909484
100968.798343
100957.373196
100946.530934
100936.116114
100925.9307
100915.746532
100905.320157
100894.409649
100882.791062
100870.273378
100856.711826
100842.02316
100826.204303
100809.351882
100791.675581
100773.486308
100755.148249
100737.042396
100719.488738
100702.730038
100686.903281
100672.012641
100657.941623
100644.471523
100631.323721
100618.170036
100604.628318
100590.486899
100576.046242
100561.954723
100545.840904
100516.026592
100482.703307
100480.551
100478.809478
100479.476091
100478.258434
100477.345861
100476.835906
100476.294836
100475.926042
100475.509368
100475.155665
100474.779478
100473.180686
100471.140752
100465.501715
100457.257709
100447.877887
100438.327944
100429.32161
100421.328668
100414.485152
100408.601679
100403.277502
100397.932197
100391.84903
100385.148153
100378.767301
100372.221408
100365.588167
100359.392801
100353.005387
100346.582822
100339.649082
100332.083497
100324.774106
100317.245893
100309.028922
100300.672206
100292.620313
100284.630824
100276.92423
100269.421261
100261.212823
100249.207052
100227.123483
100199.150563
100183.496653
100177.123219
100174.681353
100173.675759
100173.136441
100172.788499
100172.658308
100172.665087
100172.616058
100173.04762
100173.221787
100170.749542
100165.431064
100151.197272
100123.341851
100093.435547
100072.181061
100053.005721
100039.283662
100028.171798
100020.08992
100015.322635
100011.396317
100007.761488
100005.600359
100004.179807
100003.233388
100002.598051
100002.119109
100001.706943
100001.164123
100000.491537
)
;
    }
    water_to_heater
    {
        type            calculated;
        value           nonuniform List<scalar> 
240
(
101518.891171
101501.766356
101499.236192
101484.285515
101481.755345
101469.183361
101466.653198
101454.069683
101440.017855
101428.686341
101425.84826
101414.197141
101411.355655
101401.138952
101398.312082
101386.142164
101375.630634
101365.772272
101362.929355
101355.261838
101352.442213
101341.900935
101339.058018
101327.990188
101313.778236
101299.992356
101297.097438
101281.045149
101278.08912
101259.621971
101256.744812
101242.376621
101233.612316
101226.113941
101223.68009
101218.031208
101215.628244
101207.337355
101204.905251
101198.584873
101188.596471
101181.848418
101179.444984
101170.417827
101167.983976
101158.546507
101156.132041
101146.128287
101134.24134
101124.633249
101122.199052
101111.727647
101109.112689
101093.367196
101090.335263
101059.076172
101005.254949
100957.344652
100954.767648
100937.689138
100935.950992
100934.321386
100932.811593
100931.952524
100930.23561
100929.738628
100928.216375
100927.812618
100926.319156
100925.971292
100924.452332
100924.184481
100922.703177
100922.377781
100920.877941
100920.304312
100918.777627
100917.676686
100916.172995
100914.529856
100912.013471
100910.813055
100909.277794
100908.294686
100906.757343
100905.987042
100903.87984
100897.68755
100801.518903
100661.641553
100658.923835
100635.455466
100634.02681
100633.715183
100632.850789
100632.573808
100631.669277
100631.407579
100630.560413
100630.259694
100629.401064
100629.02924
100628.178837
100627.617952
100626.118857
100624.883774
100623.994249
100622.505607
100621.423727
100619.708465
100618.162443
100612.157056
100606.782434
100611.557556
100608.755383
100613.61028
100610.801462
100603.496342
100600.596037
100575.744765
100510.338102
100440.008934
100437.024671
100433.908625
100431.889005
100432.335179
100431.021555
100431.417489
100430.888531
100431.11239
100430.057077
100430.272942
100429.072118
100429.1743
100427.618729
100426.566835
100419.416002
100415.260829
100413.165678
100410.255966
100408.159525
100408.6442
100406.697175
100405.683731
100403.845666
100403.364135
100402.255724
100401.975702
100400.85882
100400.638862
100399.530288
100399.301835
100398.213625
100397.869444
100396.752542
100396.153428
100395.036987
100393.886499
100392.701048
100390.437617
100386.816773
100378.484663
100376.206948
100372.745417
100370.432684
100360.920357
100358.621919
100339.470197
100320.646938
100313.042814
100310.668793
100316.753118
100314.453811
100319.233563
100317.194303
100317.6813
100316.41084
100315.040526
100312.877225
100302.901956
100300.68263
100269.38554
100267.129424
100224.69224
100202.863248
100206.144761
100204.350557
100203.645315
100202.689715
100202.510572
100201.901613
100201.767165
100201.240071
100201.183046
100200.586277
100200.52967
100199.933462
100199.844561
100199.228744
100199.042591
100197.989651
100196.249319
100195.386607
100192.272217
100191.286403
100188.078485
100186.753121
100177.873651
100149.747577
100143.859385
100140.878714
100147.970421
100145.016348
100128.353222
100125.312281
100114.574428
100087.190298
100068.391013
100065.426561
100046.775494
100043.741284
100038.290939
100035.332738
100031.439991
100027.020582
100026.110514
100023.508697
100021.746768
100019.109132
100015.521178
100012.886458
100008.034464
100004.155321
100003.973539
100002.676333
100002.67831
100001.509667
100001.634532
100000.482924
100000.602948
)
;
    }
}


// ************************************************************************* //
