/*--------------------------------*- C++ -*----------------------------------*\
| =========                 |                                                 |
| \\      /  F ield         | OpenFOAM: The Open Source CFD Toolbox           |
|  \\    /   O peration     | Version:  2312                                  |
|   \\  /    A nd           | Website:  www.openfoam.com                      |
|    \\/     M anipulation  |                                                 |
\*---------------------------------------------------------------------------*/
FoamFile
{
    version     2.0;
    format      ascii;
    arch        "LSB;label=32;scalar=64";
    class       surfaceScalarField;
    location    "0.6/water";
    object      phi;
}
// * * * * * * * * * * * * * * * * * * * * * * * * * * * * * * * * * * * * * //

dimensions      [0 3 -1 0 0 0 0];

oriented        oriented;

internalField   nonuniform List<scalar> 
2928
(
7.97095442201e-08
1.99101712912e-07
5.49209729357e-08
1.50242647543e-07
4.0858607544e-08
1.47766686189e-07
3.18065987807e-08
1.4968962405e-07
2.54822727588e-08
1.53950406895e-07
2.10295790466e-08
1.59376095067e-07
1.78629754385e-08
1.65744594774e-07
1.55070570521e-08
1.72966513564e-07
1.35573444332e-08
1.80989752764e-07
1.17973135771e-08
1.89646020098e-07
1.01673385617e-08
1.98798958617e-07
8.66849716318e-09
2.08409472737e-07
7.31085578535e-09
2.1849123799e-07
6.09868314019e-09
2.29073814048e-07
5.02763870293e-09
2.40190796349e-07
4.0859183769e-09
2.51875796085e-07
3.25689413827e-09
2.64161166394e-07
2.52150023868e-09
2.7707813577e-07
1.85994491127e-09
2.90657745137e-07
3.04933235288e-07
1.25090639414e-09
1.1599289827e-07
2.53647409357e-07
7.9922905167e-08
1.78669972265e-07
6.25037226048e-08
1.63689639854e-07
5.05822839023e-08
1.61400451239e-07
4.14531468401e-08
1.63054675326e-07
3.44947724414e-08
1.66332628175e-07
2.91365441245e-08
1.71102830249e-07
2.50043183594e-08
1.77098799514e-07
2.18394555951e-08
1.84154620554e-07
1.92751979334e-08
1.92210286183e-07
1.70189836106e-08
2.01055173804e-07
1.49241381063e-08
2.10504318823e-07
1.2940687704e-08
2.20474691204e-07
1.10632361853e-08
2.30951261898e-07
9.30081209536e-09
2.41953224211e-07
7.66155994123e-09
2.53515042475e-07
6.14621588474e-09
2.6567651373e-07
4.74632141131e-09
2.78478023371e-07
3.44460193175e-09
2.91959466721e-07
3.06162658356e-07
2.215170818e-09
1.19078418333e-07
2.98647086769e-07
7.73894264999e-08
2.1058708976e-07
5.77858873914e-08
1.8130010405e-07
4.64595040732e-08
1.72410470117e-07
3.85932976989e-08
1.70882551104e-07
3.29061616724e-08
1.72017521862e-07
2.88584686066e-08
1.75150990666e-07
2.57218687825e-08
1.80235646258e-07
2.31109690077e-08
1.86765552787e-07
2.08741740428e-08
1.94447097142e-07
1.88526593614e-08
2.03076684913e-07
1.69288126452e-08
2.12428169277e-07
1.50385046813e-08
2.22364999763e-07
1.31593267213e-08
2.32830438363e-07
1.12948582781e-08
2.43817695634e-07
9.46032559333e-09
2.55349570721e-07
7.67167978104e-09
2.67465162717e-07
5.93845091448e-09
2.80211246455e-07
4.26011608295e-09
2.93637803764e-07
3.07797883043e-07
2.62488402356e-09
1.39382199584e-07
3.17884557534e-07
9.22210584077e-08
2.44176539059e-07
6.60838648999e-08
2.04195663064e-07
4.98002151042e-08
1.88106996289e-07
3.88059484429e-08
1.81800828271e-07
3.12343289851e-08
1.79585483327e-07
2.63977282039e-08
1.79989197901e-07
2.34304821103e-08
1.8320363343e-07
2.1338326085e-08
1.88857864742e-07
1.96131880968e-08
1.96172275225e-07
1.80250472323e-08
2.04664827816e-07
1.64633716822e-08
2.13989854369e-07
1.48735676757e-08
2.23954807151e-07
1.32303511368e-08
2.34473656435e-07
1.15288541387e-08
2.45519196681e-07
9.77822863809e-09
2.57100193539e-07
7.9945668021e-09
2.69248828195e-07
6.19386073632e-09
2.82011947606e-07
4.38666647434e-09
2.95445000653e-07
3.09609278011e-07
2.57526463249e-09
1.50870017919e-07
3.22541728994e-07
1.09397107985e-07
2.69395230302e-07
7.92767840912e-08
2.29557842705e-07
5.819197226e-08
2.08132419535e-07
4.29054353677e-08
1.96919276749e-07
3.21329571682e-08
1.90346657333e-07
2.51937445998e-08
1.86932091533e-07
2.13531030962e-08
1.87046178113e-07
1.92302727179e-08
1.90981151325e-07
1.77471341199e-08
1.97655506895e-07
1.64379186482e-08
2.05974041602e-07
1.51347317488e-08
2.15293054452e-07
1.37779302986e-08
2.25311608511e-07
1.23423590835e-08
2.3590923187e-07
1.08186841685e-08
2.4704287442e-07
9.20891976118e-09
2.58709956976e-07
7.52324167081e-09
2.70934509632e-07
5.77564324232e-09
2.83759542406e-07
3.97942586176e-09
2.97241220487e-07
3.11444598905e-07
2.1440990546e-09
1.57795261327e-07
3.18850400652e-07
1.26053321587e-07
2.83676657095e-07
9.69015952371e-08
2.52784547651e-07
7.32212155502e-08
2.30223806007e-07
5.37401254152e-08
2.16085380008e-07
3.84059040563e-08
2.05649764374e-07
2.75621098658e-08
1.9778300992e-07
2.11913401847e-08
1.93421743359e-07
1.8059195587e-08
1.94114644492e-07
1.6338622586e-08
1.99376341261e-07
1.50204634449e-08
2.07292219722e-07
1.37657500272e-08
2.16547789531e-07
1.24790248553e-08
2.26598338174e-07
1.11265807529e-08
2.37261684374e-07
9.69384259691e-09
2.48475617148e-07
8.17646406559e-09
2.60227337006e-07
6.5777933365e-09
2.72533184383e-07
4.90646802118e-09
2.85430865281e-07
3.17338588241e-09
2.98974305549e-07
3.13228947668e-07
1.38903191537e-09
1.56868079111e-07
3.1651195354e-07
1.33168120211e-07
2.9020391237e-07
1.10706883488e-07
2.68905836482e-07
8.82646902581e-08
2.50721099593e-07
6.75201139771e-08
2.36373256933e-07
4.88363776712e-08
2.24275110108e-07
3.36807019845e-08
2.1295125947e-07
2.34201504989e-08
2.0369365842e-07
1.80336922465e-08
1.99504985866e-07
1.54778259135e-08
2.01933002245e-07
1.38639184466e-08
2.08906192814e-07
1.24657632423e-08
2.17945973923e-07
1.11019642407e-08
2.27962138505e-07
9.71868318599e-09
2.38644977798e-07
8.29219896519e-09
2.49902104831e-07
6.8108634853e-09
2.61708676369e-07
5.27070592208e-09
2.74073345751e-07
3.67350080624e-09
2.87028069767e-07
2.02469107027e-09
3.00623117901e-07
3.14922130632e-07
3.3150427977e-10
1.54457454839e-07
3.17674690426e-07
1.34742659835e-07
2.93734902666e-07
1.1792105087e-07
2.79624343848e-07
9.89841616184e-08
2.67661072987e-07
7.91688601279e-08
2.55670266945e-07
5.9523013226e-08
2.43846760043e-07
4.14860980895e-08
2.31009971546e-07
2.72626138296e-08
2.17940456976e-07
1.85858794928e-08
2.08191816471e-07
1.45058771856e-08
2.06015500865e-07
1.23977643338e-08
2.11014597276e-07
1.07861685244e-08
2.19557619648e-07
9.30035257537e-09
2.2944796224e-07
7.8585709264e-09
2.40086776983e-07
6.42664547076e-09
2.51334035763e-07
4.98451061932e-09
2.63150817901e-07
3.51993983299e-09
2.75537920877e-07
2.02658475748e-09
2.88521425389e-07
5.02438440779e-10
3.02147267158e-07
3.16475143629e-07
-1.05057769708e-09
1.56355023541e-07
3.16935301276e-07
1.39685702821e-07
2.94519616572e-07
1.24571366116e-07
2.88696660984e-07
1.07145078805e-07
2.83066480956e-07
8.75523238718e-08
2.74713455949e-07
6.79223419158e-08
2.63395834765e-07
4.87950144088e-08
2.50170194611e-07
3.1693295892e-08
2.35081451171e-07
1.92767309135e-08
2.20629687807e-07
1.27560101339e-08
2.12543047059e-07
9.850451814e-09
2.13921209172e-07
8.05115271315e-09
2.21357024269e-07
6.52348638265e-09
2.309756303e-07
5.11449762781e-09
2.41495787296e-07
3.77200508432e-09
2.52676530409e-07
2.46401357529e-09
2.64458818343e-07
1.16776886366e-09
2.76834168429e-07
-1.32570568772e-10
2.8982176724e-07
-1.44697420543e-09
3.03461672644e-07
3.1780976192e-07
-2.78159404086e-09
1.57216885753e-07
3.14967168045e-07
1.41225479971e-07
2.94907549006e-07
1.26185306563e-07
2.9775496224e-07
1.08763471618e-07
2.98460366088e-07
8.93957003523e-08
2.93520542552e-07
7.02399129415e-08
2.82471833202e-07
5.17348307395e-08
2.68719658406e-07
3.38989465581e-08
2.52973045694e-07
1.87405886358e-08
2.35824341516e-07
9.30797975336e-09
2.21990747659e-07
5.27682680062e-09
2.17955605833e-07
3.48807071454e-09
2.23146107788e-07
2.20481670296e-09
2.32258899567e-07
1.0915148293e-09
2.42609117873e-07
7.07034557152e-11
2.53697346476e-07
-9.00899590974e-10
2.65430434012e-07
-1.85473378581e-09
2.77788005988e-07
-2.81467637254e-09
2.90781713759e-07
-3.79815862562e-09
3.04445157047e-07
3.18827927316e-07
-4.81632472209e-09
1.54227929564e-07
3.15734691637e-07
1.34900982726e-07
2.99266970411e-07
1.18841895163e-07
3.08038234984e-07
1.01386774785e-07
3.13948642019e-07
8.29080013484e-08
3.1145973962e-07
6.49064725042e-08
3.00405793787e-07
4.80113183131e-08
2.85671448725e-07
3.12704172274e-08
2.69784374698e-07
1.53992666696e-08
2.51747783564e-07
3.64550682366e-09
2.33771687828e-07
-1.75205658646e-09
2.23361113159e-07
-3.24765593671e-09
2.24642740364e-07
-3.78614961055e-09
2.3279743305e-07
-4.18547185086e-09
2.43008474842e-07
-4.55190848789e-09
2.54063785502e-07
-4.92634458131e-09
2.65804885769e-07
-5.33719547217e-09
2.78198859151e-07
-5.80561015497e-09
2.91250134841e-07
-6.34628391355e-09
3.04985831886e-07
3.1944953043e-07
-6.96788565862e-09
1.46298810498e-07
3.24805491241e-07
1.20471860577e-07
3.10812151165e-07
1.03197134997e-07
3.19904458695e-07
8.73463526098e-08
3.27979984807e-07
7.1690225648e-08
3.26630842568e-07
5.62950199368e-08
3.15754911207e-07
4.13850269821e-08
3.00650763982e-07
2.64295898921e-08
2.84823623321e-07
1.12127076396e-08
2.67033009501e-07
-2.01922521668e-09
2.47046212966e-07
-9.38008180206e-09
2.30738542542e-07
-1.09566232327e-08
2.26222350678e-07
-1.04358795977e-08
2.32276887976e-07
-9.78033672559e-09
2.42352978178e-07
-9.25591911065e-09
2.53539374278e-07
-8.87698917874e-09
2.65425976176e-07
-8.6490506307e-09
2.77970924045e-07
-8.57534137039e-09
2.9117643396e-07
-8.65565892825e-09
3.05066151253e-07
3.19679923716e-07
-8.88604975193e-09
1.3450256457e-07
3.47355539613e-07
1.02676106998e-07
3.2919929967e-07
8.56572719737e-08
3.32098512855e-07
7.39571631204e-08
3.38099504517e-07
6.32602768229e-08
3.36916525883e-07
5.16194970271e-08
3.27370433197e-07
3.88867080872e-08
3.13463847365e-07
2.58255747007e-08
2.97981231506e-07
1.19019418196e-08
2.81041414342e-07
-2.15791308092e-09
2.61167465051e-07
-1.25799122698e-08
2.41191675336e-07
-1.61609950981e-08
2.29811913262e-07
-1.53411971739e-08
2.31457993339e-07
-1.37987987701e-08
2.40810660441e-07
-1.2523765854e-08
2.52264348466e-07
-1.15494486131e-08
2.64451683919e-07
-1.08474505641e-08
2.77268929506e-07
-1.03949530815e-08
2.90723948155e-07
-1.01711164812e-08
3.04842315752e-07
3.19663891777e-07
-1.01550794421e-08
1.34738039797e-07
3.69473258609e-07
1.03326752655e-07
3.45533044377e-07
8.69278420938e-08
3.43283642591e-07
7.74488816765e-08
3.45936858754e-07
6.95951036946e-08
3.44348407294e-07
6.04800897705e-08
3.36459484546e-07
4.94218158933e-08
3.24609126744e-07
3.70595266992e-08
3.10452236027e-07
2.36150620695e-08
2.94587513941e-07
8.7074498767e-09
2.76157903065e-07
-5.55941372868e-09
2.55511715369e-07
-1.42245984374e-08
2.38498367121e-07
-1.56803419296e-08
2.32917588884e-07
-1.4331325527e-08
2.39461944136e-07
-1.29498709102e-08
2.50882911e-07
-1.19059387178e-08
2.63407783181e-07
-1.11734004208e-08
2.76536396441e-07
-1.07173594454e-08
2.90267921185e-07
-1.05058903054e-08
3.0463084857e-07
3.1966636683e-07
-1.05083590696e-08
1.47622049076e-07
3.79390820913e-07
1.21885197025e-07
3.54564480066e-07
1.05982980697e-07
3.53092388279e-07
9.55827737818e-08
3.54362292214e-07
8.74007050045e-08
3.51998035657e-07
7.91289645475e-08
3.44669077498e-07
6.94114048267e-08
3.34404996159e-07
5.77648040079e-08
3.22211737333e-07
4.42413633307e-08
3.08224424692e-07
2.8619850144e-08
2.91881411822e-07
1.14599566035e-08
2.72750676128e-07
-3.35089452632e-09
2.53353518563e-07
-1.02585757404e-08
2.39838310672e-07
-1.09455938572e-08
2.40150486255e-07
-1.03316510109e-08
2.50269027028e-07
-9.85497716582e-09
2.6293114832e-07
-9.60941101251e-09
2.76290835407e-07
-9.57448144918e-09
2.90233009862e-07
-9.72313424565e-09
3.04779502076e-07
3.19969944972e-07
-1.00267029031e-08
1.54043295134e-07
3.81666722108e-07
1.3329274196e-07
3.57924264422e-07
1.20468311907e-07
3.59392511984e-07
1.11237612871e-07
3.61429450776e-07
1.03509938049e-07
3.59136208123e-07
9.5833251028e-08
3.52271561779e-07
8.71537736738e-08
3.43161886984e-07
7.68007623046e-08
3.32680303793e-07
6.42302581177e-08
3.20916020636e-07
4.89323893675e-08
3.07295594516e-07
3.11239613194e-08
2.90661697354e-07
1.2750109662e-08
2.71800677071e-07
-3.20230295265e-10
2.52940847843e-07
-4.87291867269e-09
2.44709286074e-07
-5.81695283295e-09
2.51213423247e-07
-6.3569886748e-09
2.6347123728e-07
-6.95438884518e-09
2.76888243347e-07
-7.63086412722e-09
2.90909506663e-07
-8.37408402853e-09
3.05522723468e-07
3.2076077914e-07
-9.16490732088e-09
1.56411179046e-07
3.82893960678e-07
1.37707826819e-07
3.59181815593e-07
1.27694569557e-07
3.62702514791e-07
1.20790180227e-07
3.66043485997e-07
1.14513728254e-07
3.64758440371e-07
1.0769389688e-07
3.58986911605e-07
9.96614380392e-08
3.51256497069e-07
8.99726382601e-08
3.42476082739e-07
7.81653482487e-08
3.32840738539e-07
6.35041619641e-08
3.22077899032e-07
4.63483708007e-08
3.07935303443e-07
2.76695677385e-08
2.90578150474e-07
1.10379073402e-08
2.69629846415e-07
2.04866871346e-09
2.53715144607e-07
-1.08980436973e-09
2.54353508801e-07
-2.87534767702e-09
2.65256875298e-07
-4.44733115152e-09
2.78460234465e-07
-5.9203307191e-09
2.9238253295e-07
-7.31034764064e-09
3.06912739943e-07
3.22065816818e-07
-8.61537079033e-09
1.52502431813e-07
3.87744769642e-07
1.35417624138e-07
3.59990597141e-07
1.27515166211e-07
3.64491936726e-07
1.23040338372e-07
3.6844121144e-07
1.18857243669e-07
3.68353018869e-07
1.13630674159e-07
3.6412745679e-07
1.06791796497e-07
3.58160459767e-07
9.78369397752e-08
3.5153566221e-07
8.58275298505e-08
3.44965634889e-07
7.11756600341e-08
3.36853063183e-07
5.43296572123e-08
3.24907966736e-07
3.64403356334e-08
3.08583136354e-07
1.93229531405e-08
2.86826585639e-07
7.34341234403e-09
2.65726020668e-07
1.95125804708e-09
2.59750359259e-07
-1.0423869142e-09
2.68250764731e-07
-3.46960073657e-09
2.80887460487e-07
-5.59078186592e-09
2.94503744918e-07
-7.46896391501e-09
3.08790922569e-07
3.23726542082e-07
-9.1296730733e-09
1.50576983703e-07
3.95835108002e-07
1.33388314012e-07
3.61528656801e-07
1.25460524906e-07
3.66717807441e-07
1.21902075633e-07
3.70126842646e-07
1.19191208979e-07
3.70540897014e-07
1.15314600982e-07
3.67927598631e-07
1.09344069601e-07
3.64188877021e-07
9.97154676018e-08
3.61258557129e-07
8.64386237446e-08
3.5835119808e-07
7.13525976473e-08
3.5206099052e-07
5.47186152442e-08
3.41671380192e-07
3.72363135003e-08
3.26189695283e-07
2.07052239259e-08
3.0345067483e-07
7.90380280939e-09
2.78572021542e-07
1.17601504777e-09
2.6648734137e-07
-2.50310922589e-09
2.71930474892e-07
-5.32463513492e-09
2.8370900343e-07
-7.67090630922e-09
2.9685005253e-07
-9.65219114916e-09
3.10772206469e-07
3.25398185457e-07
-1.13238144005e-08
1.47236403082e-07
4.0638700638e-07
1.2891980515e-07
3.6470833882e-07
1.21309092371e-07
3.69016549681e-07
1.18294536077e-07
3.71488878339e-07
1.16310437622e-07
3.72097990509e-07
1.13067352132e-07
3.71124067492e-07
1.06868591716e-07
3.70447879384e-07
9.54563513173e-08
3.72762732914e-07
8.13376035311e-08
3.72582810115e-07
6.59630979987e-08
3.67556226448e-07
4.91784249886e-08
3.58584280226e-07
3.13993690362e-08
3.44097281003e-07
1.48516835232e-08
3.20099154814e-07
2.03939466443e-09
2.91437982131e-07
-4.90959529979e-09
2.73449987053e-07
-8.31427309234e-09
2.75336255482e-07
-1.07602473636e-08
2.8615500766e-07
-1.26891624789e-08
2.98779007817e-07
-1.42263249397e-08
3.12309369743e-07
3.26615058783e-07
-1.54431766277e-08
1.46609529542e-07
4.18434925217e-07
1.26889433239e-07
3.69435018653e-07
1.19495806616e-07
3.71196267856e-07
1.15998697617e-07
3.73392123081e-07
1.12759309188e-07
3.7493590678e-07
1.07919241096e-07
3.75919802686e-07
9.93359131957e-08
3.79086344427e-07
8.73333551239e-08
3.84862263369e-07
7.4027199419e-08
3.85996930668e-07
5.92987149907e-08
3.82402368604e-07
4.15896401128e-08
3.76425996137e-07
2.29020793062e-08
3.62916201183e-07
5.17484658605e-09
3.37933121478e-07
-8.78330325276e-09
3.05456909838e-07
-1.59444002262e-08
2.80629056097e-07
-1.82577934311e-08
2.7765143213e-07
-1.94787797524e-08
2.87376042817e-07
-2.0319779365e-08
2.99620053394e-07
-2.08669974651e-08
3.12856587927e-07
3.26929373092e-07
-2.11812857983e-08
1.47080194896e-07
4.29445119258e-07
1.27137173237e-07
3.74395622228e-07
1.19909794186e-07
3.73197672938e-07
1.15043381058e-07
3.76654521768e-07
1.09005377296e-07
3.80571708713e-07
1.01211187393e-07
3.83669653457e-07
9.10380350645e-08
3.89319849199e-07
8.01438879824e-08
3.95848178705e-07
6.83449119568e-08
3.97903588123e-07
5.39264004412e-08
3.9694174958e-07
3.56914694486e-08
3.9479021775e-07
1.6649062108e-08
3.82096476917e-07
-3.00475101655e-09
3.57702857559e-07
-2.03149828997e-08
3.22838307687e-07
-2.93809731349e-08
2.89719411534e-07
-3.06739462367e-08
2.78947410141e-07
-3.00725622539e-08
2.86774754382e-07
-2.93468148863e-08
2.98894356234e-07
-2.85471692775e-08
3.12056944769e-07
3.26068846909e-07
-2.76866157051e-08
1.47551271294e-07
4.40212335036e-07
1.28150967185e-07
3.79169589398e-07
1.18796052932e-07
3.77506432308e-07
1.10763360551e-07
3.83131596543e-07
1.01616511641e-07
3.89317578668e-07
9.16027351602e-08
3.93634932169e-07
8.18489319302e-08
3.99125981707e-07
7.20651731337e-08
4.05722209345e-07
6.06565641109e-08
4.0942112794e-07
4.61991751403e-08
4.11515829094e-07
3.24517271687e-08
4.08683185538e-07
1.66668293365e-08
3.98029980264e-07
-4.05144737762e-09
3.78553127196e-07
-2.59515614187e-08
3.44829415747e-07
-4.02613509095e-08
3.04066753609e-07
-4.24720606444e-08
2.8116424148e-07
-4.02545699436e-08
2.8455751764e-07
-3.79381367354e-08
2.96577982813e-07
-3.57998028765e-08
3.09918612919e-07
3.24063713545e-07
-3.37946368355e-08
1.56040146995e-07
4.41012961656e-07
1.35900277119e-07
3.83825621636e-07
1.20569844923e-07
3.87497160571e-07
1.06032814761e-07
3.96030675266e-07
9.19786741727e-08
4.02946781965e-07
7.88141693297e-08
4.06743879257e-07
6.68512682327e-08
4.11141386992e-07
5.5408982972e-08
4.17256886098e-07
4.31607471286e-08
4.21779821658e-07
3.28995928659e-08
4.21910643203e-07
2.58722210439e-08
4.158535552e-07
1.72641865743e-08
4.067879941e-07
1.38761293123e-09
3.94578203025e-07
-2.22726920589e-08
3.68609631201e-07
-4.34804851541e-08
3.25337672877e-07
-5.02586803893e-08
2.87957069077e-07
-4.77842284125e-08
2.82083991864e-07
-4.43822589507e-08
2.93176089987e-07
-4.12915488181e-08
3.0682790815e-07
3.21240220352e-07
-3.84680207552e-08
1.64122946224e-07
4.32337364163e-07
1.41026737422e-07
3.90799410156e-07
1.18435184731e-07
4.04312125755e-07
9.47190356126e-08
4.17984326336e-07
7.32410046661e-08
4.23992660627e-07
5.56555058166e-08
4.24288849139e-07
4.03367999004e-08
4.26527776251e-07
2.72943255743e-08
4.30402808779e-07
1.81333250204e-08
4.31062668801e-07
1.45693420769e-08
4.25604784144e-07
1.2672953979e-08
4.17891198282e-07
9.77405734294e-09
4.09834490068e-07
2.98936828225e-09
4.01515823945e-07
-1.47937401159e-08
3.86538636223e-07
-3.79363695681e-08
3.4857990267e-07
-5.1725367015e-08
3.01779807525e-07
-5.14447874343e-08
2.81806901162e-07
-4.78285861173e-08
2.89560043978e-07
-4.43619638095e-08
3.03361291472e-07
3.18065552145e-07
-4.1187254007e-08
1.6320208946e-07
4.23682910515e-07
1.3482675251e-07
4.03111092141e-07
1.03851694702e-07
4.29490056383e-07
6.91649138694e-08
4.50957492159e-07
3.95267556372e-08
4.53269054661e-07
1.8950997656e-08
4.44871367207e-07
4.2502652641e-09
4.41322599079e-07
-4.88424170861e-09
4.3965515186e-07
-7.43768174138e-09
4.33740976161e-07
-6.14377551379e-09
4.24440329839e-07
-3.34232408639e-09
4.15222837599e-07
-2.05100568279e-09
4.0868437005e-07
-3.9153340528e-09
4.03528963126e-07
-1.163401547e-08
3.94411803944e-07
-2.93455886943e-08
3.66421730317e-07
-4.71499991382e-08
3.19647560978e-07
-5.1352415582e-08
2.86020316096e-07
-4.84927740275e-08
2.86700957756e-07
-4.51519541492e-08
3.00020486485e-07
3.14946657402e-07
-4.20330142188e-08
1.57069370359e-07
4.21839870368e-07
1.21195847582e-07
4.23624891601e-07
8.17150818728e-08
4.63588433673e-07
4.01359750281e-08
4.91037258398e-07
7.37603665887e-09
4.85786661628e-07
-1.24409820236e-08
4.64748433457e-07
-2.29333599391e-08
4.51930778773e-07
-2.64859752806e-08
4.43332002787e-07
-2.51245823275e-08
4.32501853145e-07
-2.09038044021e-08
4.20338402272e-07
-1.67591067256e-08
4.11197752153e-07
-1.30057227744e-08
4.0506102922e-07
-1.16594320576e-08
4.02326116345e-07
-1.36316383479e-08
3.96535400282e-07
-2.31308121574e-08
3.76064989352e-07
-3.92609870114e-08
3.35869834981e-07
-4.82593326114e-08
2.950444325e-07
-4.71483113423e-08
2.85592050209e-07
-4.4254131732e-08
2.97126354207e-07
3.12128579644e-07
-4.14360005011e-08
1.48862776757e-07
4.29355052734e-07
1.07551940002e-07
4.50635091175e-07
6.37427391989e-08
5.02762573734e-07
2.46850044961e-08
5.28941386363e-07
-3.2765579629e-09
5.13608178934e-07
-1.9836268929e-08
4.81397281824e-07
-2.67821570311e-08
4.59002690119e-07
-2.7392130037e-08
4.44067748625e-07
-2.47149140393e-08
4.29942339464e-07
-2.13692550069e-08
4.17101129043e-07
-2.02439815292e-08
4.10180779931e-07
-1.82654719579e-08
4.03200276011e-07
-1.51453485342e-08
3.99339652695e-07
-1.44397892242e-08
3.95976142068e-07
-1.87326376216e-08
3.80501399538e-07
-3.12515198053e-08
3.48499106669e-07
-4.31579264464e-08
3.06996326427e-07
-4.4539970459e-08
2.86980308063e-07
-4.22721654542e-08
2.9485875529e-07
3.09706128261e-07
-3.98496548753e-08
1.43630843148e-07
4.42398889003e-07
1.01114433036e-07
4.78836707446e-07
6.76815609633e-08
5.31692932096e-07
3.82414780411e-08
5.57255885551e-07
1.56333377706e-08
5.36073889644e-07
9.97289408999e-10
4.96118022388e-07
-5.45335577359e-09
4.65579065474e-07
-6.46038227158e-09
4.45198824537e-07
-5.38693761159e-09
4.28981652011e-07
-5.72477276321e-09
4.17540305083e-07
-8.85289808304e-09
4.13412560402e-07
-1.14732190189e-08
4.05930965596e-07
-1.08323277437e-08
3.98821315687e-07
-9.3328464578e-09
3.94613435199e-07
-1.26983143688e-08
3.84006653086e-07
-2.3481391193e-08
3.59403502684e-07
-3.67651306241e-08
3.20345684018e-07
-4.10156600496e-08
2.912446579e-07
-3.95549128829e-08
2.9339873398e-07
3.07703812731e-07
-3.75525226238e-08
1.39764591893e-07
4.59963295781e-07
9.99955123134e-08
5.04155043479e-07
8.46361658281e-08
5.42127915334e-07
6.88128647596e-08
5.71677313264e-07
4.97627362018e-08
5.54865771361e-07
3.63190257953e-08
5.0961117603e-07
2.91828768181e-08
4.72830809823e-07
2.62733893478e-08
4.48227517878e-07
2.45004560837e-08
4.30862283423e-07
2.02857054628e-08
4.21852400355e-07
1.40149928725e-08
4.19785109092e-07
7.34827583698e-09
4.12705253004e-07
3.03229151392e-09
4.03252184128e-07
1.33878651185e-09
3.96432823721e-07
-3.17125804496e-09
3.88651385143e-07
-1.43121839501e-08
3.70672463605e-07
-2.91353946473e-08
3.3525330809e-07
-3.65732010844e-08
2.98707539744e-07
-3.62122734905e-08
2.9303983195e-07
3.06134816706e-07
-3.4643173541e-08
1.39185300916e-07
4.78960434922e-07
1.09017534315e-07
5.18885931482e-07
9.68530630067e-08
5.48993896359e-07
8.93697555111e-08
5.77444077844e-07
7.79481818625e-08
5.65896018695e-07
6.87302660523e-08
5.18833219296e-07
6.27994522992e-08
4.7886375681e-07
5.89968514509e-08
4.52143381249e-07
5.53955464075e-08
4.34565793861e-07
4.87182090688e-08
4.28623761917e-07
4.05475406773e-08
4.2805448025e-07
3.15815360643e-08
4.21776241275e-07
2.34545387549e-08
4.11490336453e-07
1.72203742137e-08
4.0278645289e-07
1.02976322323e-08
3.95704246267e-07
-3.00534042995e-09
3.84108803102e-07
-1.96866893546e-08
3.52037991904e-07
-3.06836340406e-08
3.09744770998e-07
-3.20681010791e-08
2.94429068043e-07
3.05132881732e-07
-3.10659657795e-08
1.39008136121e-07
4.9776329147e-07
1.14023689423e-07
5.2819423877e-07
1.03798823827e-07
5.53229092652e-07
9.98636984816e-08
5.79414616666e-07
9.68291049564e-08
5.6841118818e-07
9.33754543485e-08
5.2224008729e-07
8.99398146576e-08
4.82382810867e-07
8.66608242163e-08
4.55526654501e-07
8.21790389826e-08
4.391422698e-07
7.4210422906e-08
4.36682623688e-07
6.51127990014e-08
4.37250239762e-07
5.50248593188e-08
4.31967100735e-07
4.49071430845e-08
4.21718027757e-07
3.55808905494e-08
4.12229795701e-07
2.59943584701e-08
4.05418527325e-07
9.78268581168e-09
4.00461609254e-07
-8.51433057126e-09
3.70457245659e-07
-2.29150559031e-08
3.24204654477e-07
-2.69320942445e-08
2.98456094646e-07
3.05007204236e-07
-2.68059447062e-08
1.37613257242e-07
5.17503149283e-07
1.10994870433e-07
5.38874685071e-07
1.0235207762e-07
5.56162751689e-07
1.02719264501e-07
5.77047436652e-07
1.0800779282e-07
5.62552373739e-07
1.10631552965e-07
5.19534846503e-07
1.10448886178e-07
4.82631893271e-07
1.08403384951e-07
4.57666244134e-07
1.0308969746e-07
4.44543593934e-07
9.42651917672e-08
4.45597275576e-07
8.47167249795e-08
4.46892868099e-07
7.4288443688e-08
4.42498937479e-07
6.32176100315e-08
4.32900014232e-07
5.20553228704e-08
4.23508263983e-07
4.01797053446e-08
4.17422154352e-07
2.29984514388e-08
4.17794566888e-07
3.84138673015e-09
3.89754395409e-07
-1.33291174776e-08
3.41455468424e-07
-2.08192039301e-08
3.05964879991e-07
3.062768981e-07
-2.20876829786e-08
1.41359189184e-07
5.31732649384e-07
1.14278285256e-07
5.49681392026e-07
1.04320287174e-07
5.60224915879e-07
1.0623718544e-07
5.73159295326e-07
1.16844485603e-07
5.51360790226e-07
1.23855786289e-07
5.12427885382e-07
1.26298390206e-07
4.80244920246e-07
1.24801838661e-07
4.59247810614e-07
1.17998255701e-07
4.51429329026e-07
1.08424374547e-07
4.55257618255e-07
9.83677393075e-08
4.57047601634e-07
8.77387271648e-08
4.53231173203e-07
7.61087752506e-08
4.44640359688e-07
6.36362150865e-08
4.36100995209e-07
4.94958725898e-08
4.316921082e-07
3.31588270562e-08
4.34290625654e-07
1.43718443658e-08
4.08694799722e-07
-3.8735558265e-09
3.59801701011e-07
-1.46337601806e-08
3.1675600796e-07
3.09310650529e-07
-1.76646703228e-08
1.39785294766e-07
5.46956422231e-07
1.13222241482e-07
5.59369890176e-07
1.02917623241e-07
5.64623317747e-07
1.09713060528e-07
5.64404512628e-07
1.23336694355e-07
5.37156694116e-07
1.32680837282e-07
5.02981788701e-07
1.36382487056e-07
4.76588949563e-07
1.34692424387e-07
4.61012910379e-07
1.26304220719e-07
4.59895786808e-07
1.16354413058e-07
4.6529832039e-07
1.06100755045e-07
4.67396850277e-07
9.54108280802e-08
4.64027629099e-07
8.37047887806e-08
4.56461655758e-07
7.05634297118e-08
4.49361836585e-07
5.44943661458e-08
4.47899669928e-07
3.85181556822e-08
4.50429636913e-07
2.07273288312e-08
4.26647950006e-07
2.8831877364e-09
3.77763266627e-07
-9.96081283393e-09
3.29644838251e-07
3.14004867847e-07
-1.46492721543e-08
1.35943911285e-07
5.66189616601e-07
1.09496002154e-07
5.68821847456e-07
1.02712573426e-07
5.6536583281e-07
1.13782361003e-07
5.51360124499e-07
1.27751861043e-07
5.22613697056e-07
1.37205607105e-07
4.93425993212e-07
1.40757101885e-07
4.73076387403e-07
1.3774769834e-07
4.640898073e-07
1.28550895591e-07
4.69173179386e-07
1.18712701886e-07
4.75224551799e-07
1.08744553771e-07
4.77467036474e-07
9.84440273475e-08
4.74437444352e-07
8.71311500411e-08
4.67890295814e-07
7.41130573613e-08
4.62508848843e-07
5.69115772777e-08
4.65239152687e-07
4.07655780387e-08
4.66742254277e-07
2.35559124513e-08
4.44024575885e-07
6.10222425861e-09
3.95346323704e-07
-7.9014933075e-09
3.43707162936e-07
3.19943201219e-07
-1.38296833741e-08
1.31926331941e-07
5.89612529662e-07
1.02794914336e-07
5.80916238429e-07
1.01877489819e-07
5.60197828198e-07
1.15096669553e-07
5.3614567054e-07
1.28721321571e-07
5.08421935965e-07
1.37475347576e-07
4.84573888247e-07
1.40193538679e-07
4.70393598998e-07
1.3485788517e-07
4.69490226769e-07
1.25886165835e-07
4.78224662895e-07
1.16670731683e-07
4.84536394115e-07
1.07494438431e-07
4.86746219223e-07
9.80550984499e-08
4.83988990121e-07
8.76216539933e-08
4.78447397329e-07
7.53292184575e-08
4.74925284681e-07
5.79385758488e-08
4.8278346617e-07
4.21633839237e-08
4.8268946319e-07
2.51367969298e-08
4.61226948797e-07
7.05325031663e-09
4.13571534631e-07
-8.18754281165e-09
3.59021125016e-07
3.2687968137e-07
-1.51076248329e-08
1.2321952476e-07
9.1637997702e-08
9.45523107762e-08
1.09654083565e-07
1.23854613687e-07
1.3226237423e-07
1.33867471889e-07
1.27205627998e-07
1.19239502971e-07
1.11232450543e-07
1.03335848221e-07
9.52315504642e-08
8.61049495434e-08
7.44032699545e-08
5.91644250484e-08
4.45197814129e-08
2.74005156596e-08
7.46503977928e-09
-9.61998721986e-09
-1.7646709711e-08
6.92959645638e-10
3.04882154595e-07
1.80353180748e-10
2.90508782358e-07
-3.09725150834e-10
2.7683282892e-07
-7.93835674889e-10
2.63816237296e-07
-1.28530340066e-09
2.51425550866e-07
-1.79569444127e-09
2.39630127791e-07
-2.33495999458e-09
2.28400911196e-07
-2.91131272501e-09
2.17709937357e-07
-3.53069289478e-09
2.07530011826e-07
-4.19629108918e-09
1.97834574366e-07
-4.9081768117e-09
1.88597869429e-07
-5.66376624664e-09
1.79795627363e-07
-6.45970069597e-09
1.71406514544e-07
-7.29634296696e-09
1.63414629045e-07
-8.18555217804e-09
1.55812793034e-07
-9.1558881446e-09
1.4859989437e-07
-1.02145985054e-08
1.41737658882e-07
-1.10673477011e-08
1.34908330894e-07
-9.99177644539e-09
1.26668481263e-07
1.11737905867e-07
1.07738635942e-09
3.06019939954e-07
3.65677989995e-11
2.91549590923e-07
-9.48780737375e-10
2.77818177364e-07
-1.90802525239e-09
2.64775470604e-07
-2.86232561186e-09
2.52379850153e-07
-3.82661433894e-09
2.4059440477e-07
-4.81037409143e-09
2.29384668584e-07
-5.81819870994e-09
2.18717750543e-07
-6.85037661396e-09
2.08562186169e-07
-7.90429063148e-09
1.98888477866e-07
-8.9768014899e-09
1.89670375686e-07
-1.00680949139e-08
1.80886911606e-07
-1.11866916704e-08
1.72525105843e-07
-1.23549701579e-08
1.64582899814e-07
-1.36105950098e-08
1.57068411296e-07
-1.49785573312e-08
1.4996785031e-07
-1.62689189936e-08
1.43028014608e-07
-1.64009292742e-08
1.35040335637e-07
-1.23450619632e-08
1.22612608292e-07
9.93928437409e-08
1.0841817103e-09
3.07560643654e-07
-3.29904758485e-10
2.92963668026e-07
-1.65733697673e-09
2.79145610124e-07
-2.92684253478e-09
2.66044965418e-07
-4.15784074818e-09
2.5361084793e-07
-5.36202039296e-09
2.41798573141e-07
-6.54473051833e-09
2.3056737709e-07
-7.70662276321e-09
2.1987963187e-07
-8.84551402959e-09
2.09701074657e-07
-9.95883169404e-09
2.00001785658e-07
-1.1046061875e-08
1.90757602148e-07
-1.21107205538e-08
1.81951561829e-07
-1.31604352077e-08
1.73574816146e-07
-1.42027526457e-08
1.65625210283e-07
-1.52269002498e-08
1.58092553493e-07
-1.61223937903e-08
1.50863338178e-07
-1.63792609302e-08
1.43284876852e-07
-1.45423203538e-08
1.33203390323e-07
-8.44060394579e-09
1.16510886927e-07
9.09522396208e-08
8.37820281512e-10
3.09298089555e-07
-7.65939319629e-10
2.94567418621e-07
-2.26399902579e-09
2.80643670655e-07
-3.67765164474e-09
2.67458607431e-07
-5.02143059913e-09
2.54954626696e-07
-6.30393664455e-09
2.4308106785e-07
-7.52923564618e-09
2.31792674574e-07
-8.6987605897e-09
2.21049145686e-07
-9.81320462779e-09
2.10815515858e-07
-1.08743570881e-08
2.01062927889e-07
-1.1886064049e-08
1.91769305108e-07
-1.28539832203e-08
1.82919472097e-07
-1.37831828879e-08
1.74504010926e-07
-1.46711085053e-08
1.66513128475e-07
-1.54801290737e-08
1.58901568042e-07
-1.60135337906e-08
1.5139673687e-07
-1.55456893896e-08
1.42817027072e-07
-1.25119738939e-08
1.3016966976e-07
-6.233357548e-09
1.10232265338e-07
8.47188819244e-08
3.6143533687e-10
3.11080755055e-07
-1.29163249793e-09
2.9622047819e-07
-2.83149128101e-09
2.82183530423e-07
-4.27257435791e-09
2.68899680609e-07
-5.6255084596e-09
2.56307560805e-07
-6.89745538749e-09
2.44353004177e-07
-8.09316742182e-09
2.32988385413e-07
-9.2165045054e-09
2.22172472424e-07
-1.0271668139e-08
2.11870677066e-07
-1.12640150013e-08
2.02055265365e-07
-1.21998279149e-08
1.92705114617e-07
-1.30850053284e-08
1.8380464146e-07
-1.39215621544e-08
1.75340563722e-07
-1.46967190065e-08
1.67288278722e-07
-1.53357393757e-08
1.59540583413e-07
-1.55145554267e-08
1.51575547597e-07
-1.42802428366e-08
1.41582710039e-07
-1.03670173045e-08
1.2625643993e-07
-4.60404973672e-09
1.04469293266e-07
8.01148320272e-08
-3.5232618361e-10
3.12822114747e-07
-1.96863662461e-09
2.97836780914e-07
-3.47018319406e-09
2.8368507776e-07
-4.86772212984e-09
2.70297210003e-07
-6.16998171927e-09
2.57609820151e-07
-7.38391197146e-09
2.45566924021e-07
-8.51540508114e-09
2.34119877008e-07
-9.57029721404e-09
2.23227354257e-07
-1.05549009303e-08
2.12855278021e-07
-1.14760349989e-08
2.02976389917e-07
-1.23401253727e-08
1.93569201155e-07
-1.3151290102e-08
1.84615797861e-07
-1.39063627153e-08
1.76095631691e-07
-1.45773543634e-08
1.67959263414e-07
-1.50373650515e-08
1.60000588464e-07
-1.48183374996e-08
1.513565144e-07
-1.28603191946e-08
1.39624686786e-07
-8.58120941603e-09
1.21977325491e-07
-3.64612958947e-09
9.95342086147e-08
7.64687023006e-08
-1.3169881414e-09
3.1447060895e-07
-2.84267601655e-09
2.99362462186e-07
-4.25546551771e-09
2.85097868091e-07
-5.56498017527e-09
2.71606716183e-07
-6.77959972439e-09
2.58824439534e-07
-7.90666240615e-09
2.46693977355e-07
-8.95299041884e-09
2.35166203738e-07
-9.92548048751e-09
2.24199835063e-07
-1.08311484604e-08
2.13760943597e-07
-1.16767160872e-08
2.03821949054e-07
-1.24673862132e-08
1.94359868001e-07
-1.3204382065e-08
1.85352786357e-07
-1.387777382e-08
1.76769019631e-07
-1.4439299327e-08
1.68520782835e-07
-1.46947142506e-08
1.60255998743e-07
-1.40311373121e-08
1.50692932504e-07
-1.14663656666e-08
1.37059911073e-07
-7.2167168005e-09
1.17727672654e-07
-3.04020303452e-09
9.53576906787e-08
7.34284991076e-08
-2.55502053041e-09
3.15975053029e-07
-3.94341365335e-09
3.00750849278e-07
-5.22626098154e-09
2.86380715653e-07
-6.41301366056e-09
2.72793460758e-07
-7.51185320991e-09
2.59923278282e-07
-8.53014077643e-09
2.47712255736e-07
-9.4748346356e-09
2.36110895597e-07
-1.03527964089e-08
2.25077787541e-07
-1.1170550867e-08
2.14578694923e-07
-1.19336508794e-08
2.04585040318e-07
-1.26452247341e-08
1.95071437791e-07
-1.33027271777e-08
1.86010280999e-07
-1.38874066108e-08
1.77353694276e-07
-1.43236299447e-08
1.68956999533e-07
-1.43344091609e-08
1.60266772322e-07
-1.31940638316e-08
1.49552581698e-07
-1.02095867276e-08
1.34075429079e-07
-6.22011559653e-09
1.13738196919e-07
-2.64293049979e-09
9.17805008237e-08
7.07855684775e-08
-4.0758209421e-09
3.17269281056e-07
-5.27387597305e-09
3.01948899676e-07
-6.38480426748e-09
2.87491644067e-07
-7.41604001405e-09
2.73824689794e-07
-8.37395419095e-09
2.60881191658e-07
-9.26442984647e-09
2.48602723632e-07
-1.00931376578e-08
2.36939601664e-07
-1.08655918646e-08
2.25850233844e-07
-1.15867149905e-08
2.15299815401e-07
-1.22600326489e-08
2.05258350586e-07
-1.28859045261e-08
1.95697306305e-07
-1.34570413762e-08
1.86581411311e-07
-1.39431043104e-08
1.77839753432e-07
-1.42324367845e-08
1.69246326474e-07
-1.39551100996e-08
1.59989441198e-07
-1.23457857476e-08
1.4794325272e-07
-9.14655938286e-09
1.30876198897e-07
-5.49624669915e-09
1.10087880473e-07
-2.36556056003e-09
8.86498107249e-08
6.84200077682e-08
-5.82544042403e-09
3.18278397057e-07
-6.77924540167e-09
3.02902700696e-07
-7.67961637987e-09
2.88392014216e-07
-8.52784091481e-09
2.74672908101e-07
-9.32545313651e-09
2.61678802106e-07
-1.00745613728e-08
2.49351824384e-07
-1.07777646969e-08
2.37642802231e-07
-1.14378620743e-08
2.26510323426e-07
-1.2057172976e-08
2.15919122686e-07
-1.26364768855e-08
2.05837646999e-07
-1.3172709027e-08
1.96233534199e-07
-1.36526298237e-08
1.87061325271e-07
-1.40306597353e-08
1.7821777857e-07
-1.41493303239e-08
1.69364991101e-07
-1.35464397858e-08
1.59386545274e-07
-1.15230115095e-08
1.45919819388e-07
-8.28104123437e-09
1.27634224045e-07
-4.96087745423e-09
1.06767712368e-07
-2.16262951977e-09
8.58515583153e-08
6.62573781299e-08
-7.63952426982e-09
3.18950035923e-07
-8.31760128309e-09
3.03580775575e-07
-8.98934314571e-09
2.89063755203e-07
-9.64511863381e-09
2.75328679152e-07
-1.02785107314e-08
2.62312192502e-07
-1.08857499394e-08
2.49959057918e-07
-1.14649245484e-08
2.38221974473e-07
-1.20151496225e-08
2.27060542427e-07
-1.2535510504e-08
2.1643948064e-07
-1.30235863224e-08
2.06325716958e-07
-1.34723114545e-08
1.96682255959e-07
-1.38610119993e-08
1.87450020451e-07
-1.41242143342e-08
1.78480977309e-07
-1.40489955316e-08
1.69289767579e-07
-1.30990084996e-08
1.58436554207e-07
-1.07541374414e-08
1.43574944205e-07
-7.58448057881e-09
1.24464563795e-07
-4.551544955e-09
1.03734773328e-07
-2.00634593023e-09
8.33063556771e-08
6.42510320507e-08
-9.23913179683e-09
3.19303117458e-07
-9.66575692024e-09
3.04007399346e-07
-1.01343156467e-08
2.89532311993e-07
-1.06222663745e-08
2.75816625899e-07
-1.11143270941e-08
2.62804250315e-07
-1.16004743656e-08
2.50445199641e-07
-1.20741952687e-08
2.3869569165e-07
-1.25309900207e-08
2.27517330992e-07
-1.29668383522e-08
2.16875324633e-07
-1.33761596253e-08
2.06735031986e-07
-1.37475099076e-08
1.97053601553e-07
-1.40510217072e-08
1.87753526286e-07
-1.41957335394e-08
1.7862568408e-07
-1.39060284915e-08
1.69000057076e-07
-1.26109057801e-08
1.57141426042e-07
-1.00539447512e-08
1.41017978349e-07
-7.01741870335e-09
1.21428033183e-07
-4.22513392483e-09
1.00942484232e-07
-1.87923296978e-09
8.09604502666e-08
6.23717989718e-08
-1.03139812826e-08
3.1946201906e-07
-1.05895360387e-08
3.04282955038e-07
-1.09359249059e-08
2.89878699054e-07
-1.13217576546e-08
2.76202456881e-07
-1.17261407721e-08
2.63208630736e-07
-1.2135326966e-08
2.50854382541e-07
-1.25401617305e-08
2.39100523255e-07
-1.29340371409e-08
2.27911202373e-07
-1.33109373941e-08
2.17252221499e-07
-1.36627732998e-08
2.07086863713e-07
-1.39735759329e-08
1.97364400642e-07
-1.42021907332e-08
1.87982136986e-07
-1.42258930681e-08
1.78649382847e-07
-1.37047599213e-08
1.68478920052e-07
-1.20918049252e-08
1.55528467295e-07
-9.42623848433e-09
1.38352408271e-07
-6.54484236962e-09
1.18546634027e-07
-3.95364553298e-09
9.83512842627e-08
-1.77043247425e-09
7.87772338796e-08
6.06013663616e-08
-1.06827064911e-08
3.19636365206e-07
-1.09655848596e-08
3.04565835219e-07
-1.13108222173e-08
2.90223933203e-07
-1.16881379181e-08
2.76579771419e-07
-1.20781127615e-08
2.63598601352e-07
-1.24683463402e-08
2.51244613101e-07
-1.28507014939e-08
2.39482873599e-07
-1.32191017939e-08
2.28279598713e-07
-1.35673744521e-08
2.1760048911e-07
-1.38859735713e-08
2.07405458458e-07
-1.41542947372e-08
1.97632716858e-07
-1.43172845326e-08
1.88145122265e-07
-1.42140908428e-08
1.78546184125e-07
-1.34482002111e-08
1.67713024961e-07
-1.15646225756e-08
1.53644884571e-07
-8.87171931306e-09
1.35659500783e-07
-6.14403771407e-09
1.15818948308e-07
-3.72152810884e-09
9.59287707261e-08
-1.67442150321e-09
7.67301232126e-08
5.8926944764e-08
-1.0433836392e-08
3.20043497485e-07
-1.08838895788e-08
3.05015893074e-07
-1.13468858332e-08
2.9068692639e-07
-1.1805162321e-08
2.77038049523e-07
-1.2248769898e-08
2.64042205026e-07
-1.26722553406e-08
2.51668098313e-07
-1.30724532878e-08
2.39883067526e-07
-1.34465968323e-08
2.28653740886e-07
-1.37902124596e-08
2.17944100953e-07
-1.40932346604e-08
2.0770847868e-07
-1.43299405343e-08
1.97869419161e-07
-1.44280079479e-08
1.88243187242e-07
-1.41830990006e-08
1.78301271825e-07
-1.31621319066e-08
1.6669205511e-07
-1.1063983678e-08
1.51546733098e-07
-8.39536227077e-09
1.32990876398e-07
-5.80646557427e-09
1.13230049112e-07
-3.52372722239e-09
9.36460296683e-08
-1.5901624447e-09
7.47965555368e-08
5.73367821828e-08
-9.94355331803e-09
3.20822140885e-07
-1.06589642569e-08
3.05731309622e-07
-1.13094708923e-08
2.91337428197e-07
-1.18983375611e-08
2.77626918368e-07
-1.24307681181e-08
2.64574629781e-07
-1.29121666552e-08
2.52149496703e-07
-1.33470334897e-08
2.40317928229e-07
-1.37377296785e-08
2.29044435474e-07
-1.4082574225e-08
2.1828893948e-07
-1.43712283301e-08
2.07997130232e-07
-1.4571561685e-08
1.98069746968e-07
-1.4589754098e-08
1.8826137639e-07
-1.41753638375e-08
1.77886876128e-07
-1.28915263051e-08
1.65408213826e-07
-1.06311333446e-08
1.49286334932e-07
-8.00895736231e-09
1.30368696492e-07
-5.53517954201e-09
1.10756267158e-07
-3.36305337524e-09
9.14738995518e-08
-1.52000645551e-09
7.2953504556e-08
5.58167756454e-08
-9.77326386336e-09
3.21980031065e-07
-1.07496754182e-08
3.06707730024e-07
-1.15765335063e-08
2.92164281405e-07
-1.22810438727e-08
2.78331434092e-07
-1.28852694153e-08
2.65178849812e-07
-1.34064144161e-08
2.52670644832e-07
-1.38571257413e-08
2.40768634337e-07
-1.42450430821e-08
2.29432354323e-07
-1.45710809587e-08
2.18614972885e-07
-1.48237866281e-08
2.0824983628e-07
-1.49622346373e-08
1.98208191143e-07
-1.48662519811e-08
1.88165393059e-07
-1.42415799339e-08
1.77262200746e-07
-1.26896153958e-08
1.63856247689e-07
-1.03058747687e-08
1.46902591434e-07
-7.72795250063e-09
1.27790771907e-07
-5.33922724982e-09
1.08367539869e-07
-3.24633227446e-09
8.93810022503e-08
-1.468010202e-09
7.1175179968e-08
5.43487653247e-08
-1.05222160555e-08
3.23372569492e-07
-1.16368156142e-08
3.07822339331e-07
-1.25362593199e-08
2.93063718027e-07
-1.32683904134e-08
2.79063571088e-07
-1.38690704522e-08
2.65779522011e-07
-1.43647006403e-08
2.53166278259e-07
-1.47739156129e-08
2.41177841611e-07
-1.5107810468e-08
2.29766250579e-07
-1.53681842049e-08
2.18875339611e-07
-1.55403617267e-08
2.08422013782e-07
-1.55710546644e-08
1.98238878177e-07
-1.53088889595e-08
1.87903226052e-07
-1.44249406009e-08
1.76378246999e-07
-1.26027460119e-08
1.6203405069e-07
-1.01171049757e-08
1.44416945693e-07
-7.56448528304e-09
1.25238149097e-07
-5.2267207988e-09
1.06029771864e-07
-3.17985507401e-09
8.73341331037e-08
-1.43790276659e-09
6.94332241373e-08
5.29108624933e-08
-1.2661276485e-08
3.24710026968e-07
-1.36830603724e-08
3.08844136546e-07
-1.44696630996e-08
2.93850313853e-07
-1.50789486559e-08
2.79672866054e-07
-1.55524014381e-08
2.66252967464e-07
-1.59193986606e-08
2.53533282327e-07
-1.6199816904e-08
2.41458253368e-07
-1.64045003785e-08
2.29970938827e-07
-1.65329915774e-08
2.19003825726e-07
-1.65640835052e-08
2.0845310881e-07
-1.64275123638e-08
1.98102303093e-07
-1.59368767031e-08
1.87412591765e-07
-1.4745464813e-08
1.75186831982e-07
-1.2655456858e-08
1.59944042493e-07
-1.00740645247e-08
1.41835551065e-07
-7.51959321241e-09
1.22683676245e-07
-5.19830813819e-09
1.03708485382e-07
-3.16508189637e-09
8.53009050248e-08
-1.43109034258e-09
6.76992305629e-08
5.14797720286e-08
-1.63498246333e-08
3.2561666913e-07
-1.69889362574e-08
3.09483262235e-07
-1.74363909597e-08
2.94297759574e-07
-1.77436987408e-08
2.79980183432e-07
-1.79460906371e-08
2.66455349566e-07
-1.80672606604e-08
2.53654458769e-07
-1.81219277463e-08
2.41512911074e-07
-1.8115816278e-08
2.29964831397e-07
-1.80421764392e-08
2.18930177615e-07
-1.78691136036e-08
2.08280047998e-07
-1.75041448709e-08
1.97737327644e-07
-1.67243620326e-08
1.86632809009e-07
-1.51890481338e-08
1.73651512105e-07
-1.28403812878e-08
1.57595373982e-07
-1.01608961928e-08
1.39156061011e-07
-7.57768421192e-09
1.20100461423e-07
-5.24282852066e-09
1.01373626053e-07
-3.19576203524e-09
8.32538350075e-08
-1.44528718358e-09
6.59487521012e-08
5.00344847946e-08
-2.1306945376e-08
3.25742323455e-07
-2.1300292013e-08
3.09476626802e-07
-2.12078948463e-08
2.94205353957e-07
-2.10577873871e-08
2.79830089374e-07
-2.08669896072e-08
2.66264542744e-07
-2.06450163783e-08
2.53432495995e-07
-2.03952625964e-08
2.41263149402e-07
-2.01136533388e-08
2.2968323007e-07
-1.97831504607e-08
2.18599668798e-07
-1.93567944718e-08
2.07853697749e-07
-1.87147069659e-08
1.97095235836e-07
-1.75998680881e-08
1.85517973503e-07
-1.57057018459e-08
1.71757342718e-07
-1.31169014129e-08
1.55006574626e-07
-1.03370937462e-08
1.36376251465e-07
-7.70581696989e-09
1.17469183859e-07
-5.33665664201e-09
9.90044648525e-08
-3.25743596132e-09
8.11746129293e-08
-1.47421594107e-09
6.41655305015e-08
4.85602687528e-08
-2.6830591757e-08
3.24886292839e-07
-2.60344258866e-08
3.08680479467e-07
-2.52970062196e-08
2.93467923374e-07
-2.46113073929e-08
2.79144404145e-07
-2.39685219066e-08
2.65621745355e-07
-2.33587730467e-08
2.52822757238e-07
-2.27703866006e-08
2.40674751812e-07
-2.21865231934e-08
2.2909937404e-07
-2.15769194386e-08
2.17990055597e-07
-2.08756229597e-08
2.07152406168e-07
-1.99312460371e-08
1.96150851766e-07
-1.84603798941e-08
1.84047109695e-07
-1.62193476392e-08
1.69516304539e-07
-1.34201300308e-08
1.52207356903e-07
-1.05451386858e-08
1.33501255755e-07
-7.85887885327e-09
1.14782922118e-07
-5.44739746759e-09
9.65929805654e-08
-3.32977693149e-09
7.90569894969e-08
-1.50867088528e-09
6.23444214918e-08
4.70515978365e-08
-3.19948483841e-08
3.23086498262e-07
-3.04459122804e-08
3.07131566508e-07
-2.90970507738e-08
2.92119051676e-07
-2.79061278174e-08
2.77953499304e-07
-2.68389536072e-08
2.64554560316e-07
-2.58667069567e-08
2.51850525374e-07
-2.49628729134e-08
2.39770908568e-07
-2.40975945638e-08
2.28234107425e-07
-2.32261080604e-08
2.17118562528e-07
-2.2260489965e-08
2.06186796978e-07
-2.10159682389e-08
1.94906325648e-07
-1.91967058363e-08
1.8222785303e-07
-1.66469550911e-08
1.66966550904e-07
-1.36777874141e-08
1.49238191853e-07
-1.07236456625e-08
1.30547112786e-07
-7.98927199207e-09
1.12048548536e-07
-5.54083346618e-09
9.41445418926e-08
-3.39104379627e-09
7.69071989818e-08
-1.53858175778e-09
6.04919584318e-08
4.55130159698e-08
-3.59873722473e-08
3.20605841932e-07
-3.38886963583e-08
3.0503291439e-07
-3.2087873315e-08
2.90318215573e-07
-3.05194705005e-08
2.76385114561e-07
-2.91322380502e-08
2.63167313752e-07
-2.78842058435e-08
2.50602507085e-07
-2.67378892335e-08
2.38624578879e-07
-2.56525599991e-08
2.27148788664e-07
-2.45690864682e-08
2.1603507805e-07
-2.3375636923e-08
2.04993354659e-07
-2.18555469271e-08
1.93386227475e-07
-1.97204395809e-08
1.80092749531e-07
-1.69195894397e-08
1.6416569402e-07
-1.38284051253e-08
1.46147008173e-07
-1.08212148622e-08
1.27539917708e-07
-8.05726668986e-09
1.09284598666e-07
-5.58836606171e-09
9.16756380863e-08
-3.4228920536e-09
7.47417218266e-08
-1.55530722329e-09
5.86243704156e-08
4.39577087321e-08
-3.83948323672e-08
3.1781341251e-07
-3.60289549185e-08
3.02667065843e-07
-3.39971512428e-08
2.8828639915e-07
-3.22276299591e-08
2.74615616293e-07
-3.06636850265e-08
2.61603355667e-07
-2.92581736873e-08
2.49197014944e-07
-2.79679601862e-08
2.37334354418e-07
-2.67444437703e-08
2.2592528779e-07
-2.55146423902e-08
2.1480526905e-07
-2.4141745388e-08
2.03620469692e-07
-2.23828323908e-08
1.91627309623e-07
-1.99808703956e-08
1.77690795609e-07
-1.69960723854e-08
1.61180893068e-07
-1.38331761998e-08
1.42984116144e-07
-1.08052097866e-08
1.24511950545e-07
-8.03755671528e-09
1.06516946545e-07
-5.57170305278e-09
8.92097848979e-08
-3.41342159588e-09
7.25834400342e-08
-1.55309463528e-09
5.67640429419e-08
4.24046140138e-08
-3.92576428378e-08
3.150380318e-07
-3.68825541508e-08
3.00292006653e-07
-3.48261947238e-08
2.86230023593e-07
-3.30235578061e-08
2.72813002153e-07
-3.14216078719e-08
2.60001388765e-07
-2.99743741094e-08
2.47749799372e-07
-2.86372344594e-08
2.35997199484e-07
-2.73557877008e-08
2.24643855355e-07
-2.60430204904e-08
2.13492489464e-07
-2.45368319439e-08
2.02114291664e-07
-2.25781369876e-08
1.89668605966e-07
-1.9965717486e-08
1.75078382525e-07
-1.6864234943e-08
1.58079403844e-07
-1.36774607976e-08
1.39797344404e-07
-1.06625748756e-08
1.21497060508e-07
-7.91980030336e-09
1.03774171344e-07
-5.48325829248e-09
8.67732405972e-08
-3.35749972724e-09
7.04576790903e-08
-1.52929366958e-09
5.49358344778e-08
4.08753203512e-08
-3.88882223981e-08
3.12490245629e-07
-3.66793156103e-08
2.98083135033e-07
-3.47462033854e-08
2.84296896285e-07
-3.30360589179e-08
2.71102885659e-07
-3.15034937683e-08
2.5846880818e-07
-3.0106549477e-08
2.46352878762e-07
-2.88008059493e-08
2.34691443421e-07
-2.75262684805e-08
2.23369337377e-07
-2.61805317412e-08
2.12146744385e-07
-2.45769965893e-08
2.00510771841e-07
-2.24547177831e-08
1.87546322202e-07
-1.96893117341e-08
1.72312987005e-07
-1.65323663872e-08
1.5492245585e-07
-1.33641848766e-08
1.36629168655e-07
-1.03944712453e-08
1.1852734686e-07
-7.70453987279e-09
1.01084241818e-07
-5.32323367713e-09
8.43919356865e-08
-3.25493897289e-09
6.838938465e-08
-1.48352329936e-09
5.31644188953e-08
3.93917969517e-08
-3.76274647558e-08
3.10268048453e-07
-3.56790954173e-08
2.96134801541e-07
-3.39575205851e-08
2.82575304309e-07
-3.2420973555e-08
2.69566365626e-07
-3.10312819496e-08
2.57079097829e-07
-2.97502639158e-08
2.45071882185e-07
-2.85331072972e-08
2.33474269719e-07
-2.73126515645e-08
2.22148898503e-07
-2.59688527953e-08
2.10802931682e-07
-2.4293282456e-08
1.98835213829e-07
-2.20408611701e-08
1.85293891005e-07
-1.91780177203e-08
1.69450151033e-07
-1.60184633062e-08
1.51762893647e-07
-1.29052983636e-08
1.33516006498e-07
-1.00095740045e-08
1.15631617576e-07
-7.39814863123e-09
9.84728157447e-08
-5.09604715922e-09
8.20898313233e-08
-3.1082612592e-09
6.64015958626e-08
-1.41666508778e-09
5.14728198476e-08
3.79751318957e-08
-3.56949369492e-08
3.08410460256e-07
-3.40568241632e-08
2.94496730955e-07
-3.26009711971e-08
2.81119436849e-07
-3.12927416228e-08
2.68258168606e-07
-3.00986914644e-08
2.55885031403e-07
-2.89825810726e-08
2.43955799341e-07
-2.78972635575e-08
2.3238893868e-07
-2.67656723859e-08
2.21017330202e-07
-2.54477780282e-08
2.09485028381e-07
-2.37189134022e-08
1.97106367428e-07
-2.1369588922e-08
1.82944561389e-07
-1.84618015872e-08
1.66542376505e-07
-1.53441929021e-08
1.4864528254e-07
-1.23169063766e-08
1.30488727332e-07
-9.52029060595e-09
1.12835002526e-07
-7.01003542701e-09
9.59625633939e-08
-4.8083634733e-09
7.98881615559e-08
-2.9214542893e-09
6.45146877089e-08
-1.33027490746e-09
4.98816413213e-08
3.66448569282e-08
-3.31759286878e-08
3.06943214775e-07
-3.18897089061e-08
2.932105539e-07
-3.07479062486e-08
2.79977617736e-07
-2.97178350332e-08
2.67228128951e-07
-2.87676927857e-08
2.54934869487e-07
-2.78609075062e-08
2.43049039464e-07
-2.69455042689e-08
2.31473517181e-07
-2.59312940833e-08
2.20003140552e-07
-2.4656944354e-08
2.08210663835e-07
-2.28910440614e-08
1.95340482753e-07
-2.04794423854e-08
1.80532949703e-07
-1.757486464e-08
1.63637808954e-07
-1.4535883244e-08
1.45606293789e-07
-1.1619944415e-08
1.275727933e-07
-8.9433489471e-09
1.1015840321e-07
-6.5531424773e-09
9.35723575583e-08
-4.46951122742e-09
7.78045287041e-08
-2.70026775662e-09
6.27454425418e-08
-1.22674891444e-09
4.84081208185e-08
3.54181080915e-08
-3.0065499115e-08
3.05942752974e-07
-2.92040305868e-08
2.92349136273e-07
-2.84443187499e-08
2.79217893143e-07
-2.77542432061e-08
2.66538092317e-07
-2.71027730731e-08
2.5428338339e-07
-2.64519372895e-08
2.42398236917e-07
-2.57429365124e-08
2.30764503232e-07
-2.48697703978e-08
2.1913000235e-07
-2.3651051746e-08
2.06991937092e-07
-2.18626630711e-08
1.93552116573e-07
-1.94231180731e-08
1.78093400716e-07
-1.65627691143e-08
1.60777476101e-07
-1.36303889228e-08
1.42673912612e-07
-1.08447018519e-08
1.24787115912e-07
-8.30330622247e-09
1.07617010075e-07
-6.04663813694e-09
9.1315693763e-08
-4.09342863326e-09
7.58513230929e-08
-2.45347109993e-09
6.11054873354e-08
-1.10990634012e-09
4.70645582059e-08
3.43082016477e-08
-2.64195824173e-08
3.05556398556e-07
-2.60943213773e-08
2.92023927136e-07
-2.58049787736e-08
2.78928535667e-07
-2.55254382237e-08
2.6625858947e-07
-2.52284415752e-08
2.53986367083e-07
-2.48756582599e-08
2.42045483596e-07
-2.4400563678e-08
2.30289389752e-07
-2.36801840155e-08
2.18409646513e-07
-2.25183443964e-08
2.05830081592e-07
-2.07162708795e-08
1.91750060664e-07
-1.82772689094e-08
1.7565438753e-07
-1.54903545782e-08
1.57990572797e-07
-1.26812081136e-08
1.39864757191e-07
-1.00353899174e-08
1.22141302425e-07
-7.63599940873e-09
1.05217614075e-07
-5.51846223592e-09
8.91981566545e-08
-3.70049958913e-09
7.40333572767e-08
-2.19407037713e-09
5.95990551045e-08
-9.85617950667e-10
4.58561029009e-08
3.332258383e-08
-2.25149243675e-08
3.0598365956e-07
-2.28430687487e-08
2.92352133972e-07
-2.31005867864e-08
2.79186042807e-07
-2.32824456357e-08
2.66440496054e-07
-2.3372263262e-08
2.54076169811e-07
-2.33340838903e-08
2.42007345546e-07
-2.30937000172e-08
2.30048993854e-07
-2.25121161002e-08
2.1782809745e-07
-2.13881514328e-08
2.04706110264e-07
-1.95682359257e-08
1.89930173393e-07
-1.71446823822e-08
1.73230831312e-07
-1.44432234653e-08
1.55289134429e-07
-1.17590508296e-08
1.37180584863e-07
-9.25015110988e-09
1.19632415551e-07
-6.98825627165e-09
1.02955723284e-07
-5.00496816403e-09
8.72148749824e-08
-3.31721976405e-09
7.23456143571e-08
-1.93910072111e-09
5.82209401373e-08
-8.61726097531e-10
4.47787323776e-08
3.24608579685e-08
-1.8990047571e-08
3.07309083401e-07
-1.99886711164e-08
2.93350822472e-07
-2.07858051892e-08
2.7998316294e-07
-2.14091191367e-08
2.67063860355e-07
-2.18572018575e-08
2.54524234413e-07
-2.20968288268e-08
2.42247015276e-07
-2.20450097508e-08
2.29997158492e-07
-2.1549099937e-08
2.1733222467e-07
-2.04159222846e-08
2.03572920261e-07
-1.85549093524e-08
1.88069191083e-07
-1.61419217407e-08
1.70817838039e-07
-1.35172814561e-08
1.52664517311e-07
-1.09427180784e-08
1.34606019195e-07
-8.55329114024e-09
1.17243004192e-07
-6.41152340575e-09
1.00813958825e-07
-4.54588659079e-09
8.53492473189e-08
-2.97251770226e-09
7.07722520662e-08
-1.70728173546e-09
5.69557115265e-08
-7.47006760781e-10
4.38184654378e-08
3.17138522925e-08
-1.6688028575e-08
3.09347976408e-07
-1.81845657497e-08
2.94847443682e-07
-1.93766299676e-08
2.81175221891e-07
-2.03171444411e-08
2.68004443796e-07
-2.10129233531e-08
2.55220005627e-07
-2.14273092214e-08
2.42661466409e-07
-2.14643447331e-08
2.30034191724e-07
-2.09604553178e-08
2.16828395412e-07
-1.97443702021e-08
2.02356842081e-07
-1.78003185298e-08
1.86125194097e-07
-1.53728582795e-08
1.68390391336e-07
-1.27971572857e-08
1.50088863576e-07
-1.03012891337e-08
1.32110173237e-07
-8.00082271964e-09
1.14942576434e-07
-5.95034474628e-09
9.87635129841e-08
-4.17548779741e-09
8.35744192182e-08
-2.69131980655e-09
6.92881192077e-08
-1.51485841833e-09
5.57792823723e-08
-6.49175989514e-10
4.29528162203e-08
3.10646778173e-08
-1.61862777557e-08
3.11704942827e-07
-1.78622674913e-08
2.96523513526e-07
-1.92021804021e-08
2.82515145243e-07
-2.02604096407e-08
2.69062742944e-07
-2.10359544041e-08
2.5599555449e-07
-2.14773530035e-08
2.43102932382e-07
-2.14694873561e-08
2.3002633047e-07
-2.08413983181e-08
2.16200370449e-07
-1.94569882892e-08
2.00972436197e-07
-1.73789462057e-08
1.84047210093e-07
-1.48993049135e-08
1.65910764196e-07
-1.23328294896e-08
1.47522439704e-07
-9.87544266319e-09
1.29652808082e-07
-7.62566074118e-09
1.12692839187e-07
-5.6308792391e-09
9.67687649259e-08
-3.91387894016e-09
8.1857455206e-08
-2.48831957691e-09
6.78626019005e-08
-1.37154283863e-09
5.46625524712e-08
-5.73024702152e-10
4.21543450224e-08
3.04916554495e-08
-1.74278805343e-08
3.14025993662e-07
-1.89791860674e-08
2.98074987387e-07
-2.02287113076e-08
2.83764653828e-07
-2.12113319947e-08
-2.1902976376e-08
-2.22266221739e-08
-2.20438449593e-08
-2.11829123197e-08
-1.95552477767e-08
-1.72981013453e-08
-1.4727967146e-08
-1.21298550198e-08
-9.67004848796e-09
-7.43220230095e-09
-5.45691407482e-09
-3.76429083969e-09
-2.36611513481e-09
-1.2792912923e-09
-5.1920530441e-10
-1.98183225747e-08
-2.10950872239e-08
)
;

boundaryField
{
    emptyPatch
    {
        type            empty;
        value           nonuniform List<scalar> 0();
    }
    minY
    {
        type            calculated;
        value           nonuniform List<scalar> 
40
(
-1.2172968251e-07
-1.27744055695e-07
-1.34055584715e-07
-1.40678951325e-07
-1.4762956267e-07
-1.5492358715e-07
-1.6257799197e-07
-1.70610582675e-07
-1.79040044515e-07
-1.8788598596e-07
-1.97168984265e-07
-2.06910633365e-07
-2.17133594115e-07
-2.27861646955e-07
-2.39119747295e-07
-2.5093408351e-07
-2.633321379e-07
-2.7634275057e-07
-2.8999618657e-07
-3.0432420627e-07
-3.0432420625e-07
-2.899961866e-07
-2.7634275055e-07
-2.633321379e-07
-2.509340835e-07
-2.391197473e-07
-2.2786164695e-07
-2.1713359415e-07
-2.0691063335e-07
-1.9716898425e-07
-1.8788598595e-07
-1.7904004455e-07
-1.7061058265e-07
-1.62577992e-07
-1.5492358715e-07
-1.4762956265e-07
-1.4067895135e-07
-1.340555847e-07
-1.277440557e-07
-1.217296825e-07
)
;
    }
    maxY
    {
        type            calculated;
        value           nonuniform List<scalar> 0();
    }
    maxX
    {
        type            calculated;
        value           uniform 0;
    }
    water_to_heater
    {
        type            calculated;
        value           uniform 0;
    }
    procBoundary2to3
    {
        type            processor;
        value           nonuniform List<scalar> 
41
(
6.21605081989e-07
5.96652031716e-07
5.51855546167e-07
5.19266567153e-07
4.93720751789e-07
4.76087772809e-07
4.6882658613e-07
4.76221987743e-07
4.86283584855e-07
4.92643120922e-07
4.94754643234e-07
4.9221531323e-07
4.87698836311e-07
4.86767885378e-07
4.98184587072e-07
4.97515804937e-07
4.7852895103e-07
4.33662187843e-07
3.7619648142e-07
3.34931179376e-07
2.70045496535e-07
2.56687235953e-07
2.43426679283e-07
2.29843620128e-07
2.1533951868e-07
1.99344862048e-07
1.81790127352e-07
1.63340727275e-07
1.44924375723e-07
1.27193109934e-07
1.10455029561e-07
9.47935932249e-08
8.01648705443e-08
6.64645487587e-08
5.35757895503e-08
4.1394318491e-08
2.99724421257e-08
3.16199367028e-07
2.99351684177e-07
-2.21243030613e-08
2.84794025711e-07
)
;
    }
}


// ************************************************************************* //
