/*--------------------------------*- C++ -*----------------------------------*\
| =========                 |                                                 |
| \\      /  F ield         | OpenFOAM: The Open Source CFD Toolbox           |
|  \\    /   O peration     | Version:  2312                                  |
|   \\  /    A nd           | Website:  www.openfoam.com                      |
|    \\/     M anipulation  |                                                 |
\*---------------------------------------------------------------------------*/
FoamFile
{
    version     2.0;
    format      ascii;
    arch        "LSB;label=32;scalar=64";
    class       volScalarField;
    location    "0.355/heater";
    object      T;
}
// * * * * * * * * * * * * * * * * * * * * * * * * * * * * * * * * * * * * * //

dimensions      [0 0 0 1 0 0 0];

internalField   nonuniform List<scalar> 
600
(
795.70835104
795.583297166
795.333833576
794.961307705
794.467852449
795.591345357
795.455875988
795.184487479
794.776188513
794.229235449
795.516261039
795.378906733
795.104129527
794.691804197
794.141789387
795.488065223
795.350711214
795.076003481
794.663939938
794.114527104
795.487091281
795.350398105
795.077065212
794.667198543
794.120964767
795.493127565
795.356836444
795.08433323
794.675742481
794.13104507
795.497390931
795.361196711
795.088895241
794.680592295
794.136074441
795.498600527
795.362429668
795.090207296
794.682117185
794.13791328
795.496392768
795.360110568
795.087682576
794.679438434
794.135374378
795.491375228
795.354848957
795.081889029
794.672861524
794.128203142
795.485284922
795.34849577
795.074943756
794.664913364
794.119262072
795.479518714
795.34251888
795.068491032
794.657561741
794.110963398
795.474348646
795.337154898
795.062712234
794.650863916
794.102214066
795.470051912
795.332682129
795.057918055
794.645545294
794.095125379
795.466945059
795.329420404
795.054382262
794.641695844
794.09076931
795.465353655
795.327741345
795.052554654
794.639720627
794.088737472
795.464906887
795.327245721
795.051989085
794.639117144
794.088152244
795.464934327
795.327188837
795.051781102
794.638752468
794.087707307
795.465447274
795.327611429
795.052033471
794.638820642
794.087679604
795.466740805
795.328870946
795.053241676
794.64004601
794.089061283
795.468327501
795.330433535
795.054764601
794.641642503
794.091047755
795.469427967
795.331468441
795.055648567
794.642358072
794.091917497
795.470149322
795.332121278
795.056127514
794.642567318
794.092293109
795.471025686
795.33299626
795.056953838
794.643249561
794.093510153
795.471982129
795.333995754
795.057976256
794.644033287
794.093784754
795.472530075
795.334547517
795.058498766
794.644238227
794.092324765
795.473152623
795.335196366
795.059182396
794.644834507
794.091772829
795.47400436
795.33617022
795.060377317
794.646290842
794.093252965
795.474451265
795.336797568
795.061331016
794.647639973
794.094965847
795.474014248
795.336515504
795.061315249
794.647919989
794.095466498
795.472735458
795.33554541
795.060870639
794.648035796
794.095933158
795.474345837
795.33820642
795.065404541
794.654691712
794.104043562
795.485765621
795.352378826
795.084638712
794.679882663
794.133540238
795.508525278
795.378629939
795.117435039
794.720560597
794.179955845
795.545985767
795.420382482
795.167377501
794.780625726
794.247524084
795.591428513
795.470589225
795.226937542
794.85223612
794.328459537
795.637044261
795.521595128
795.288849193
794.928876781
794.417178934
795.678031847
795.567178638
795.343804619
794.996820551
794.496351977
795.718602615
795.612011216
795.397490232
795.063308282
794.575077709
795.763016042
795.660502094
795.454628404
795.133539889
794.660048102
795.812483226
795.71405395
795.517158821
795.21052509
794.752814448
795.862559365
795.767352925
795.577666252
795.283317694
794.839350867
795.911005449
795.818392894
795.634683878
795.351483894
794.921255761
795.954644486
795.863943617
795.684819065
795.411436373
794.994946253
795.992307188
795.902767262
795.726657432
795.462050357
795.062991383
796.023307755
795.933980111
795.7584073
795.498143761
795.116072906
796.048258373
795.958005402
795.779936297
795.518465958
795.150790386
796.065851767
795.973295388
795.789096873
795.518837195
795.164753207
796.075402849
795.979296602
795.785601051
795.49703894
795.141126122
796.081232854
795.981898803
795.779513508
795.47055332
795.082722586
796.083381582
795.980822795
795.770406428
795.4412604
795.004938085
796.080485227
795.974593258
795.757425867
795.414456555
794.93245578
796.071989094
795.96273148
795.739833762
795.389577011
794.888577421
796.062844509
795.950931171
795.7236375
795.369090559
794.86433935
796.055741087
795.94163324
795.710599833
795.352411627
794.845539039
796.05738097
795.942062192
795.709158136
795.349714343
794.842909643
796.073528008
795.958394841
795.726783828
795.371059171
794.869113026
796.103638976
795.989157019
795.759907646
795.409741594
794.91466317
796.142030899
796.028196564
795.801339947
795.457196759
794.969955918
796.182655877
796.069515975
795.844895007
795.506746875
795.027669189
796.223735188
796.111832993
795.88974486
795.557866994
795.091370963
796.262717731
796.152192421
795.932079099
795.604285443
795.150428621
796.298558046
796.189172582
795.970057826
795.643965257
795.204011533
796.327965347
796.219525943
796.000993665
795.674717279
795.253202394
796.347593736
796.240004133
796.022132419
795.693318586
795.278361857
796.357905112
796.250528398
796.032996425
795.701420551
795.276902367
796.362584079
796.25470423
796.03700141
795.702863482
795.264632065
796.366092448
796.257317853
796.039715275
795.705077396
795.249219812
796.369081278
796.259294944
796.042624304
795.711978068
795.23840601
796.369953359
796.258792313
796.042100977
795.716673479
795.244739044
796.367971766
796.255039976
796.037173804
795.716318322
795.253975523
796.369664057
796.255307576
796.036262039
795.720394431
795.272759044
796.387248947
796.274034567
796.056878458
795.748782453
795.323431784
796.414715744
796.305984347
796.095246269
795.797137825
795.400015415
796.431671266
796.326645568
796.121507107
795.832216578
795.473621003
796.440397763
796.338819252
796.139690816
795.85867199
795.525415077
796.446972831
796.348470309
796.154964131
795.881167961
795.559304058
796.454424792
796.358024717
796.16844042
795.89949045
795.583659417
796.467493878
796.372594772
796.185769293
795.91986847
795.606913996
796.490801458
796.397178207
796.212328021
795.947404005
795.633370746
796.522381452
796.430252324
796.247211499
795.980903522
795.65828427
796.549285084
796.458854796
796.278037996
796.010247553
795.672941879
796.565087623
796.476536357
796.298394768
796.029030179
795.668696104
796.57087965
796.484410032
796.309402506
796.038118886
795.64956136
796.571669077
796.488020679
796.317869997
796.047043134
795.634870104
796.567107299
796.48614431
796.321432474
796.05510679
795.633489193
796.556135888
796.477357112
796.318133492
796.060037488
795.639539487
796.537326199
796.459948374
796.30559961
796.059180888
795.652679807
796.511827349
796.434642164
796.283472826
796.050180481
795.669260318
796.485527602
796.407060486
796.255693269
796.030711149
795.674432164
796.463768955
796.383564685
796.23054883
796.011441888
795.680704386
796.44743884
796.365617906
796.210495269
795.995413204
795.694238301
796.436562733
796.353141697
796.195393786
795.981563583
795.720535848
796.426338315
796.340966913
796.179752716
795.962941147
795.713546182
796.413033077
796.325100353
796.159339732
795.937818788
795.688930575
796.402825059
796.312457496
796.142171994
795.915562402
795.665141947
796.399143098
796.306182777
796.130714114
795.897688029
795.644020205
796.40267368
796.307301373
796.12669359
795.886760915
795.628583768
796.41048598
796.312855764
796.127032612
795.879453821
795.615512006
796.419964386
796.321138607
796.131704648
795.877666424
795.607983063
796.434739202
796.33709404
796.148440337
795.892868602
795.620263951
796.45492
796.359235429
796.172889231
795.917433584
795.642345707
796.479860092
796.38587878
796.201245287
795.944654808
795.665172449
796.508258251
796.414810125
796.228872648
795.965418937
795.675020662
796.535631783
796.440741797
796.2480533
795.966296404
795.650475251
796.556927767
796.460665761
796.262939469
795.966646592
795.626744676
796.573757329
796.476400395
796.275361816
795.967558939
795.601742967
796.585766477
796.487571975
796.284660116
795.967749255
795.569850138
796.588304842
796.488883918
796.284584114
795.961179843
795.518916197
796.589758016
796.489561465
796.285478344
795.962972917
795.4954699
796.597309102
796.498093261
796.297587745
795.982805441
795.51436034
796.606534817
796.508948618
796.313122362
796.008691271
795.551358422
796.605134869
796.507653661
796.313847856
796.018427381
795.577958776
796.595129351
796.496740684
796.302692531
796.013250617
795.590283032
796.567956042
796.467665099
796.271581929
795.986415824
795.583985542
796.510285416
796.405401739
796.201944823
795.913707173
795.532719567
796.421411672
796.310171394
796.094884858
795.794329616
795.434893366
796.308615696
796.190362379
795.96020928
795.636896504
795.264168193
796.190667322
796.064003247
795.814206208
795.45580438
795.039408704
796.115881349
795.984303056
795.722183002
795.339173324
794.887188689
)
;

boundaryField
{
    emptyPatch
    {
        type            empty;
    }
    minY
    {
        type            zeroGradient;
    }
    maxY
    {
        type            zeroGradient;
    }
    minX
    {
        type            zeroGradient;
    }
    heater_to_water
    {
        type            compressible::turbulentTemperatureTwoPhaseRadCoupledMixed;
        refValue        nonuniform List<scalar> 
240
(
304.915284906
325.863384439
325.865787042
326.800491595
326.801445713
326.520674476
326.521015289
325.055296018
322.924339311
321.959120431
321.959100691
321.7424599
321.742482778
321.758483841
321.758533147
321.707418352
321.821060789
321.774160011
321.774285006
321.836201729
321.836341515
321.733704036
321.733838197
320.979632336
320.211188204
321.726779893
321.726902674
325.169274216
325.169378542
325.887962019
325.888046152
325.875549803
326.150290599
325.95792455
325.957994243
326.152062257
326.152127461
325.883544317
325.88359622
325.987025426
325.772649023
325.81472284
325.814779189
325.686047908
325.686109097
324.94827878
324.948332084
322.437139198
320.394372435
320.453563963
320.45363756
322.410645633
322.410712184
325.539195508
325.539244068
327.699494253
328.594414855
329.105096321
329.105155538
329.568598757
329.56865832
329.468804769
329.468783516
328.815706465
327.564496803
326.267501707
326.26711906
325.370716379
325.370149133
324.775451872
324.774774994
324.477398868
324.290858545
323.988694677
323.988054054
324.056023152
324.055384953
327.658195767
327.657408791
345.244706153
350.352871126
353.800713776
353.79935783
353.554634177
353.553343059
355.354480902
355.353300606
352.575658533
335.214444805
321.302398285
321.302032563
316.911440916
316.911272679
321.028796125
321.028748433
346.613494072
456.786727613
497.318155754
497.319221158
505.914504111
505.915950704
480.425285283
480.426940555
399.787521628
360.500499608
350.602479392
350.602952125
347.962190804
347.962556861
346.638032062
346.638143907
346.080110624
345.846996261
345.445364416
345.444761693
345.262129819
345.261386419
344.719294446
344.718520947
338.990034521
328.948716718
322.005820738
322.005397024
320.689342227
320.688987128
326.54796138
326.547553742
359.03339751
445.219429348
460.860130758
460.860259259
464.859484998
464.859885793
462.822592498
462.823074629
457.845108747
403.403364188
356.438274258
356.438224207
338.726314992
338.726259201
329.804002448
329.803867698
324.029762511
320.839919772
321.850053789
321.849497248
333.237590246
333.236811993
410.17856102
410.177604162
481.695048732
497.853211438
511.736453857
511.736206777
521.060923893
521.060686913
525.376818443
525.376529094
529.261538113
530.329664198
523.873556227
523.873388308
493.9923984
493.992524599
433.906246815
433.906804423
385.274188283
362.625944879
348.884679619
348.884777744
339.734819089
339.734808376
333.08639179
333.086306097
328.165797127
323.943905751
319.352720549
319.352745426
315.0430743
315.043095881
313.984733903
313.984714806
320.443229931
365.938987402
512.880196728
512.880263244
549.83853504
549.83866738
565.123677942
565.123826857
575.715667133
580.202529382
585.933291048
585.933387729
587.694802946
587.694897015
591.461413095
591.461467114
591.524488394
593.673734682
592.674529833
592.674402928
593.272703748
593.272581084
590.423397639
590.423348805
589.600042236
588.292953618
589.227004038
589.227160254
588.659108469
588.659279271
588.583224769
588.583436315
582.31547454
545.398911111
451.534283912
451.534903594
372.958914012
372.958576201
347.592814217
347.592304601
336.990387193
330.286701071
324.939466817
324.939418805
321.608922454
321.609033777
322.269170197
322.269646653
332.076958277
381.624978951
484.565712329
484.569393424
507.383018392
507.387578227
504.058208411
504.061262608
500.754978619
)
;
        refGradient     uniform 0;
        valueFraction   nonuniform List<scalar> 
240
(
0.0006046622155
0.000735553058629
0.000735484610296
0.000735521464289
0.000735495192161
0.000735528273973
0.000735518776025
0.000731648723078
0.000724458370432
0.000721858249929
0.000721858905069
0.000721748015249
0.000721747247737
0.000722229838946
0.000722228183519
0.000721721114802
0.000722342489889
0.000721659611246
0.000721655412841
0.000722090821258
0.000722086134475
0.000721632167553
0.000721627648413
0.00071868312599
0.000715067839927
0.000722135879465
0.000722131729721
0.000736140051627
0.000736136953269
0.000737544325451
0.000737541890917
0.000736813441719
0.000737898848696
0.000736837341837
0.000736835330462
0.000737889083329
0.000737887212774
0.000736814476262
0.000736812973562
0.000737643577256
0.00073680414033
0.000737189565673
0.000737187928109
0.000736750272321
0.000736748485534
0.000735037675101
0.000735036074722
0.000725847279362
0.000716846996424
0.000718528534967
0.000718525881272
0.000727847975583
0.000727845759665
0.000738450099022
0.00073844866287
0.000742845429593
0.000743987231722
0.000744598316186
0.00074459676979
0.000745264845567
0.000745263313701
0.00074506917296
0.00074506972125
0.000744155095252
0.000742065290882
0.000739539852286
0.000739550865128
0.000737797314193
0.000737814185806
0.000736649577763
0.000736670167014
0.00073643955573
0.000736666522007
0.000736013208184
0.000736033320365
0.000736665895971
0.0007366858923
0.000743360992528
0.000743382569214
0.000738537267417
0.000736159093538
0.000733197771979
0.000733216432936
0.000735452194132
0.000735470098109
0.00073330306595
0.000733318847707
0.000736377574935
0.000748342673437
0.000714963976643
0.000714976578447
0.000696860642055
0.000696867825184
0.000718627692642
0.000718629374572
0.000744908313922
0.000623882696055
0.000607971310894
0.000607968016439
0.000607900356819
0.00060789607206
0.000624458350111
0.000624452600069
0.000697825350137
0.000736789790029
0.000742220592831
0.0007422135692
0.000742314614385
0.00074230887307
0.0007423949559
0.00074239315129
0.000742462691955
0.000742453473651
0.000742671923739
0.000742681908136
0.000742618404916
0.000742630769344
0.000743167456353
0.000743180491375
0.000747663367026
0.000741696072624
0.000720027630495
0.000720041953969
0.000718747009563
0.000718759817101
0.000738243370357
0.000738255074622
0.000734745709835
0.000645143623212
0.000642275487055
0.000642274971165
0.00064089806456
0.000640896498266
0.000642260742754
0.000642258831051
0.000641684131206
0.000687517761788
0.000738119105214
0.000738119769946
0.000748530852581
0.000748531955845
0.00074386276182
0.000743866228882
0.000730947743031
0.00071913584646
0.000724045010468
0.00072406434557
0.000747414924201
0.000747432998828
0.000659256030972
0.000659261812085
0.000595480216127
0.000594526360911
0.000595220132065
0.000595220830099
0.000594559979916
0.00059456062027
0.000595216898647
0.000595217666239
0.000594930618985
0.000595211714636
0.000597934394563
0.00059793484492
0.000614132611005
0.000614132209582
0.000662737055738
0.00066273427669
0.000713816000044
0.000734938520437
0.00074530632692
0.000745304802065
0.000748573246986
0.000748573453596
0.00074634252951
0.000746344517493
0.000739686632504
0.000728819546982
0.00070936251405
0.000709361555816
0.000684774716275
0.000684773666516
0.000679657677078
0.000679658678229
0.000713667129474
0.000721651976232
0.0005877485232
0.000587748338355
0.000586597661529
0.000586597349007
0.000586839362723
0.000586839031297
0.000586556115457
0.000586825438581
0.000586559887296
0.000586559688007
0.000586822048356
0.00058682185558
0.000586561149649
0.000586561040448
0.000586818052434
0.000586587053346
0.000586814725434
0.000586814980925
0.000586622461146
0.000586622707485
0.000586812138338
0.000586812237397
0.000586651787814
0.00058682073335
0.000586703301759
0.000586702983711
0.000586817600563
0.000586817252097
0.000586783426218
0.000586782994575
0.000587296949855
0.000595473131471
0.000645374176302
0.000645371519506
0.000724204552674
0.000724207953695
0.000745816266832
0.000745824428665
0.000748374395038
0.000744280312296
0.000733356795642
0.000733358269694
0.000721957582362
0.000721953665041
0.000725678944084
0.000725662571341
0.000746120929504
0.00071126635032
0.000620289529046
0.000620277073485
0.000612301464454
0.000612287921615
0.000612281741066
0.000612272522628
0.000612266403741
)
;
        source          uniform 0;
        kappaMethod     solidThermo;
        Tnbr            T.liquid;
        region          solid;
        otherPhase      gas;
        value           nonuniform List<scalar> 
240
(
794.173210494
794.124540805
793.88614321
793.886813445
793.799460155
793.799238179
793.77201184
793.772749066
793.781018853
793.781547274
793.791633406
793.791529405
793.796560349
793.796343932
793.798184678
793.798387317
793.795642707
793.795931395
793.788755885
793.788594927
793.779650921
793.779791256
793.771476121
793.772325015
793.764701891
793.762446865
793.755417688
793.75133465
793.747030816
793.746900854
793.744867152
793.745199006
793.744313202
793.74466818
793.744220537
793.743870444
793.743842647
793.744146724
793.745532916
793.745220316
793.747442468
793.747292982
793.748165693
793.748275795
793.748648319
793.748907343
793.750087324
793.752575473
793.755560646
793.754806631
793.753367501
793.750376588
793.749884473
793.747192821
793.748703907
793.74824851
793.750096798
793.75019259
793.750692464
793.750727202
793.75119267
793.751208456
793.759321337
793.759260315
793.78882537
793.789044486
793.835473372
793.83563252
793.903223224
793.903331201
793.984299681
793.984188966
794.072741622
794.072826367
794.152044708
794.151797146
794.230588668
794.230126076
794.314926508
794.330178161
794.427699486
794.431543454
794.51809651
794.516930462
794.598898987
794.60117623
794.674985135
794.67159499
794.721863845
794.727266478
794.780347634
794.785871644
794.820737273
794.81328974
794.827345621
794.833944032
794.930618439
794.960644081
794.901391549
794.906636771
794.828574152
794.807868332
794.736437772
794.65708938
794.570001368
794.56029577
794.536226522
794.534221355
794.515446781
794.514424991
794.511807424
794.511361936
794.537440615
794.537044245
794.582641173
794.58253409
794.637876006
794.637231787
794.69508852
794.688786851
794.747956952
794.753058511
794.81211872
794.811785509
794.865534209
794.860614269
794.909583655
794.935097357
795.052875781
795.063925438
795.062148864
795.06517242
795.052747421
795.050988195
795.035463095
795.032459859
794.969907967
794.915414712
794.922824479
794.904998097
794.914602082
794.910096775
794.9290123
794.930804917
794.984880972
794.983283024
795.060161985
795.057615866
795.130460235
795.221943393
795.272082044
795.339247411
795.382616545
795.39067359
795.414890219
795.420621904
795.44378855
795.446177406
795.472550289
795.474939176
795.500312358
795.495729624
795.510496562
795.487743125
795.484222871
795.429738506
795.411651884
795.358458607
795.319023332
795.304292503
795.30313309
795.294823494
795.301034186
795.297089285
795.310409105
795.309849204
795.328632298
795.33455392
795.339798048
795.348558219
795.354957847
795.356697478
795.370709909
795.358936812
795.41354382
795.557457956
795.548003575
795.570008661
795.545015319
795.553925666
795.529955024
795.536232956
795.517567528
795.520986173
795.505448646
795.506427268
795.493260684
795.495524182
795.48791269
795.487897204
795.501429955
795.500797629
795.522853435
795.523243487
795.54603597
795.544325696
795.554089139
795.553639077
795.528036321
795.528608682
795.504635876
795.504278876
795.479030208
795.47899258
795.446854955
795.443067419
795.368761028
795.295702032
795.273916858
795.18989628
795.21017632
795.182127365
795.219611987
795.210535496
795.234280059
795.235441274
795.24789675
795.250858048
795.244775573
795.24348892
795.192541566
795.190176755
795.142571514
795.244071866
795.07147904
795.087925836
794.862597112
794.860560377
794.708068446
794.706045899
)
;
    }
}


// ************************************************************************* //
