/*--------------------------------*- C++ -*----------------------------------*\
| =========                 |                                                 |
| \\      /  F ield         | OpenFOAM: The Open Source CFD Toolbox           |
|  \\    /   O peration     | Version:  2312                                  |
|   \\  /    A nd           | Website:  www.openfoam.com                      |
|    \\/     M anipulation  |                                                 |
\*---------------------------------------------------------------------------*/
FoamFile
{
    version     2.0;
    format      ascii;
    arch        "LSB;label=32;scalar=64";
    class       volScalarField;
    location    "0.56/water";
    object      p_rgh;
}
// * * * * * * * * * * * * * * * * * * * * * * * * * * * * * * * * * * * * * //

dimensions      [1 -1 -2 0 0 0 0];

internalField   nonuniform List<scalar> 
1503
(
101416.679063
101413.285201
101412.72913
101412.064382
101411.404267
101410.778026
101410.18995
101409.645798
101409.151115
101408.704455
101408.30397
101407.946639
101407.627953
101407.343623
101407.090152
101406.864755
101406.665285
101406.490215
101406.33865
101406.210203
101399.943494
101404.932642
101408.00613
101409.365054
101409.527004
101409.382043
101409.123464
101408.831052
101408.525233
101408.220023
101407.930657
101407.662433
101407.413217
101407.180723
101406.964323
101406.764474
101406.582073
101406.418156
101406.273854
101406.150329
101387.80105
101394.783461
101401.198519
101404.905164
101406.462779
101407.135354
101407.380664
101407.420799
101407.364642
101407.2575
101407.124034
101406.982087
101406.840052
101406.699482
101406.560554
101406.424276
101406.292569
101406.167892
101406.052943
101405.950288
101378.442023
101385.96344
101394.793439
101400.627925
101403.721323
101405.293396
101406.002306
101406.269757
101406.345425
101406.341597
101406.300247
101406.240143
101406.17139
101406.098335
101406.021884
101405.9423
101405.860449
101405.777962
101405.697053
101405.620049
101369.96703
101376.749124
101386.265029
101394.088159
101399.465453
101402.81667
101404.576044
101405.319146
101405.565145
101405.623248
101405.619269
101405.593895
101405.559062
101405.519296
101405.475971
101405.428964
101405.378109
101405.323793
101405.267038
101405.209137
101363.403323
101368.668283
101376.957564
101385.282453
101392.65238
101398.427876
101402.179425
101404.097575
101404.828524
101405.026816
101405.057019
101405.047054
101405.025987
101404.99941
101404.9692
101404.935496
101404.897868
101404.856074
101404.81035
101404.761193
101356.515948
101361.240464
101368.078022
101375.508132
101383.583041
101391.420216
101397.739629
101401.82569
101403.79756
101404.444811
101404.573508
101404.579918
101404.564724
101404.541342
101404.51262
101404.479511
101404.442018
101404.399986
101404.353518
101404.302841
101348.731818
101353.723271
101359.775473
101366.090159
101373.809923
101382.501337
101390.860123
101397.572257
101401.814767
101403.672098
101404.148543
101404.200764
101404.184488
101404.153855
101404.114969
101404.070123
101404.020277
101403.965877
101403.907385
101403.84512
101341.847232
101347.611538
101352.750159
101358.072955
101364.97922
101373.460402
101382.534946
101391.106886
101398.043079
101402.225087
101403.723778
101403.950413
101403.918104
101403.856925
101403.787043
101403.711927
101403.63329
101403.552131
101403.469183
101403.38515
101334.741843
101341.289257
101346.024392
101350.851052
101357.112293
101364.992692
101373.743035
101382.923745
101391.906241
101399.151236
101402.897288
101403.779732
101403.760432
101403.639499
101403.512072
101403.384494
101403.258825
101403.136244
101403.017635
101402.903764
101328.907239
101337.111644
101341.366897
101345.830554
101350.964425
101357.582683
101365.358702
101374.249721
101384.091393
101393.898497
101400.896689
101403.438061
101403.630731
101403.429894
101403.220113
101403.022089
101402.837056
101402.665501
101402.507516
101402.362979
101322.55904
101333.049985
101337.374911
101341.221886
101345.27076
101350.501963
101357.286421
101365.803403
101375.88726
101387.008321
101397.037082
101402.351757
101403.297141
101403.059587
101402.766095
101402.501597
101402.265591
101402.056314
101401.871979
101401.710726
101315.444329
101329.511674
101334.250084
101336.752776
101339.051624
101342.936934
101349.080108
101357.568806
101367.724299
101379.138099
101391.157122
101399.789282
101402.347961
101402.270462
101401.945617
101401.661943
101401.420064
101401.214944
101401.042396
101400.898544
101306.329292
101323.274399
101327.216307
101329.132706
101330.69881
101333.932625
101340.103319
101348.749793
101358.620528
101369.740613
101382.918546
101394.969978
101400.254908
101400.804889
101400.579377
101400.376293
101400.215149
101400.087742
101399.988633
101399.913176
101298.05612
101312.540777
101315.326821
101316.721719
101318.281775
101322.339637
101329.295165
101337.887175
101347.074823
101357.493587
101371.135466
101386.619457
101396.267605
101398.517699
101398.651656
101398.662812
101398.690228
101398.725839
101398.766485
101398.810264
101284.108889
101293.92545
101295.845975
101297.708398
101301.533208
101308.152123
101316.213313
101324.471684
101332.802544
101342.242262
101355.211582
101373.013925
101388.924132
101395.328601
101396.453199
101396.79583
101397.081565
101397.329643
101397.543165
101397.727128
101261.52882
101270.563032
101274.939283
101278.443053
101284.979413
101294.247164
101303.577104
101311.884612
101319.564467
101327.72286
101338.213762
101354.702228
101376.064729
101390.5021
101394.484995
101395.29397
101395.793357
101396.211285
101396.558921
101396.847515
101247.439586
101257.964427
101262.569649
101266.536102
101273.977531
101284.700766
101295.631564
101305.341444
101313.32101
101319.10961
101325.338396
101336.601767
101357.91428
101381.712951
101392.594153
101394.593022
101395.181722
101395.636835
101396.011393
101396.317085
101241.490075
101251.007077
101253.664326
101258.350324
101267.063367
101279.285946
101291.780789
101302.554072
101311.282399
101316.818485
101318.195903
101322.87326
101339.646559
101368.06103
101389.194541
101394.62037
101395.339816
101395.678453
101395.951489
101396.169762
101236.005192
101247.240158
101248.333674
101252.544283
101262.47414
101276.031235
101289.590816
101301.894308
101312.18761
101317.062948
101316.132142
101316.258771
101326.602695
101353.946491
101383.105231
101394.690715
101396.077695
101396.200951
101396.269604
101396.315325
101231.101022
101242.712335
101243.070524
101247.603388
101258.559538
101273.842684
101289.702212
101304.666625
101315.705888
101317.270693
101315.340921
101314.109953
101320.017887
101343.857556
101376.087776
101394.098732
101397.007994
101396.926874
101396.742729
101396.573292
101225.98587
101241.436373
101240.299449
101245.154174
101257.501339
101275.198452
101293.897494
101310.704312
101315.563122
101315.186983
101314.994385
101312.420512
101316.306499
101337.329353
101370.276279
101392.862552
101397.712223
101397.528565
101397.104112
101396.726508
101220.834877
101238.93016
101238.772376
101245.111725
101259.568449
101279.81069
101300.595023
101313.264944
101312.727682
101312.490054
101312.051794
101311.86889
101312.529959
101331.077957
101365.001119
101390.985239
101397.846608
101397.704519
101397.105155
101396.572088
101212.989895
101236.720883
101238.785373
101248.128447
101264.822097
101286.432791
101306.4652
101309.534982
101309.065404
101308.579682
101308.537292
101307.735561
101305.116434
101322.133365
101357.88604
101387.597112
101397.07378
101397.228711
101396.562434
101395.962314
101205.065625
101231.942044
101237.075545
101250.120733
101269.381886
101290.890219
101305.332647
101304.526542
101304.030928
101303.947697
101302.996705
101297.134145
101286.57433
101306.84524
101345.330839
101380.710115
101394.962228
101396.014891
101395.412792
101394.843967
101195.683261
101228.040287
101235.69755
101250.798213
101270.930164
101290.830327
101299.603126
101298.89126
101298.605318
101297.554895
101296.508734
101275.297191
101274.729238
101285.974256
101322.780272
101367.22613
101390.869373
101394.177963
101393.7515
101393.271709
101187.481621
101224.708277
101234.968054
101249.826193
101268.17478
101285.975161
101293.597758
101292.954473
101291.933606
101291.506895
101272.532217
101267.608136
101267.874501
101267.750175
101294.760104
101344.893731
101383.146636
101391.693406
101391.677197
101391.313866
101177.272532
101222.467254
101233.814836
101246.037508
101261.206009
101277.821192
101286.548215
101285.490938
101283.598965
101268.384205
101259.86606
101260.163022
101259.720462
101259.995357
101270.236944
101316.250045
101369.637368
101388.036039
101389.173569
101388.98173
101170.664099
101219.187137
101225.15176
101235.124895
101248.712461
101262.291655
101269.396442
101266.381201
101258.220623
101253.200149
101251.77015
101251.366773
101251.451686
101251.221849
101253.404227
101289.839796
101350.191629
101382.138718
101386.16921
101386.273242
101170.743124
101206.08031
101206.944875
101211.963557
101223.011675
101235.00666
101240.059241
101238.960696
101241.788518
101246.557226
101250.023941
101247.317557
101242.380872
101242.318554
101243.615268
101269.625362
101326.732215
101372.43141
101382.443279
101383.19052
101161.092993
101177.962591
101169.082984
101168.596753
101183.478325
101201.870589
101212.719247
101221.20824
101232.257281
101244.267205
101251.9739
101248.635909
101238.731777
101233.762252
101235.463333
101253.393878
101301.467158
101357.504863
101377.587295
101379.816343
101129.931134
101125.340434
101114.581523
101114.504896
101137.94355
101167.067974
101187.617969
101204.8224
101223.286553
101240.683679
101249.645212
101247.920626
101239.078795
101231.01652
101230.079257
101239.238278
101275.01202
101336.450712
101370.88981
101376.388001
101078.072102
101068.26837
101067.550349
101068.595554
101093.847237
101131.028506
101161.843133
101186.966314
101211.10114
101232.921909
101243.123025
101243.619723
101239.187747
101232.546013
101226.767595
101223.624865
101247.62375
101309.576602
101361.185119
101373.268626
101026.00815
101036.12062
101039.911962
101040.838478
101059.244834
101097.264019
101136.970733
101170.19156
101200.120363
101225.822652
101238.063147
101240.031131
101238.69807
101234.839576
101223.267882
101205.770462
101221.438537
101279.759948
101347.087121
101370.672097
101021.972643
101028.537111
101030.144622
101030.400918
101040.554505
101072.977965
101116.896145
101157.202499
101193.547236
101223.235779
101237.501414
101239.955337
101239.958104
101237.311513
101219.157226
101201.595464
101203.072144
101251.624405
101328.425313
101367.995953
101020.865286
101027.333197
101027.147741
101027.238484
101033.399527
101060.777426
101105.134751
101150.485172
101192.042081
101225.470311
101240.811912
101243.187486
101243.505489
101240.449271
101217.249994
101199.933233
101201.683906
101232.929082
101308.451497
101364.047871
101024.882961
101028.28905
101027.660838
101027.85097
101033.160636
101059.484938
101104.04555
101152.067139
101196.645003
101231.716971
101246.504805
101248.026252
101248.724679
101244.558905
101217.621282
101200.62954
101201.55371
101223.714764
101292.644762
101358.802105
101024.471599
101029.835399
101029.539422
101029.654169
101035.854021
101063.788336
101109.469777
101159.211264
101206.17412
101241.748083
101252.955733
101253.609814
101254.25565
101249.595748
101220.065644
101202.256455
101203.460356
101220.640949
101282.653813
101353.314946
101406.107421
101406.033291
101405.986445
101405.963791
101405.962949
101405.982174
101406.02025
101406.076395
101406.150188
101406.241523
101406.3506
101406.478007
101406.62495
101406.793608
101406.987139
101407.207264
101407.450657
101407.7226
101408.093093
101411.843921
101406.050826
101405.978723
101405.932958
101405.910361
101405.908307
101405.924638
101405.957523
101406.005356
101406.066708
101406.140351
101406.225384
101406.321434
101406.42881
101406.548063
101406.677857
101406.812087
101406.943408
101407.073524
101407.220189
101407.227029
101405.863592
101405.796988
101405.750878
101405.722853
101405.710438
101405.711319
101405.723364
101405.744638
101405.773463
101405.808522
101405.848955
101405.894334
101405.9442
101405.996778
101406.047247
101406.088681
101406.117539
101406.138889
101406.163194
101406.059476
101405.549904
101405.490832
101405.444763
101405.410567
101405.386585
101405.371169
101405.362802
101405.360196
101405.362383
101405.368771
101405.379095
101405.39313
101405.410026
101405.427396
101405.441316
101405.449184
101405.454117
101405.465564
101405.483303
101405.392379
101405.151781
101405.098784
101405.053088
101405.014614
101404.982628
101404.956357
101404.935108
101404.918369
101404.905865
101404.897543
101404.89341
101404.893166
101404.89566
101404.898528
101404.89905
101404.897018
101404.8973
101404.905122
101404.909533
101404.830596
101404.70937
101404.658436
101404.611838
101404.57001
101404.532852
101404.500188
101404.471878
101404.447879
101404.428268
101404.41316
101404.402509
101404.395768
101404.39154
101404.387606
101404.382244
101404.376876
101404.376929
101404.382027
101404.379286
101404.318135
101404.248545
101404.194414
101404.14401
101404.097865
101404.056123
101404.018849
101403.986115
101403.958031
101403.934732
101403.916263
101403.902387
101403.892313
101403.88453
101403.877135
101403.869387
101403.863931
101403.864976
101403.866638
101403.85977
101403.8127
101403.780305
101403.717224
101403.659204
101403.606573
101403.559338
101403.517469
101403.480954
101403.449803
101403.424
101403.403384
101403.387473
101403.375281
101403.365283
101403.355969
101403.34749
101403.343141
101403.344314
101403.342312
101403.333986
101403.297413
101403.302085
101403.224569
101403.15539
101403.094164
101403.040366
101402.993548
101402.953355
101402.919492
101402.891646
101402.869371
101402.85193
101402.83819
101402.82669
101402.816361
101402.80814
101402.805218
101402.805452
101402.800487
101402.792167
101402.763013
101402.797038
101402.702032
101402.620295
101402.550151
101402.490133
101402.439087
101402.396104
101402.36044
101402.331407
101402.308242
101402.289987
101402.275417
101402.263211
101402.252783
101402.245681
101402.244073
101402.242761
101402.235982
101402.228274
101402.204368
101402.23408
101402.124462
101402.033606
101401.958105
101401.895298
101401.84317
101401.800183
101401.765116
101401.736917
101401.714565
101401.696953
101401.68286
101401.671192
101401.661881
101401.656816
101401.656326
101401.653561
101401.646144
101401.639247
101401.619093
101401.573501
101401.461842
101401.37269
101401.301016
101401.243118
101401.196299
101401.158562
101401.128378
101401.104497
101401.085797
101401.071176
101401.059554
101401.050182
101401.04353
101401.041457
101401.042054
101401.038507
101401.031409
101401.025436
101401.008047
101400.782289
101400.6923
101400.623531
101400.570407
101400.529031
101400.496674
101400.471398
101400.45178
101400.436706
101400.425229
101400.416477
101400.409692
101400.404611
101400.402236
101400.40395
101400.405813
101400.40242
101400.396315
101400.391381
101400.376134
101399.85846
101399.820744
101399.795025
101399.777341
101399.765131
101399.756739
101399.751093
101399.747474
101399.745355
101399.744301
101399.743923
101399.743981
101399.74482
101399.747911
101399.75374
101399.757067
101399.754641
101399.749891
101399.746065
101399.732577
101398.854388
101398.894858
101398.929893
101398.959787
101398.985063
101399.006334
101399.024214
101399.039255
101399.051919
101399.062561
101399.071465
101399.079037
101399.086292
101399.095009
101399.104486
101399.109171
101399.108046
101399.104649
101399.101851
101399.089857
101397.8817
101398.005467
101398.102566
101398.17921
101398.240015
101398.288476
101398.327271
101398.358455
101398.383598
101398.403905
101398.420353
101398.433985
101398.446418
101398.459453
101398.471115
101398.476458
101398.476278
101398.473808
101398.47172
101398.460961
101397.080701
101397.260718
101397.397541
101397.502443
101397.583464
101397.64645
101397.695711
101397.734444
101397.765033
101397.789277
101397.808627
101397.824581
101397.839145
101397.853718
101397.865181
101397.869808
101397.869536
101397.867154
101397.865203
101397.855348
101396.55838
101396.739811
101396.874109
101396.974287
101397.049526
101397.106409
101397.149695
101397.182841
101397.208372
101397.228159
101397.243724
101397.256708
101397.269139
101397.281526
101397.289903
101397.291975
101397.290133
101397.286726
101397.284162
101397.274779
101396.335799
101396.454632
101396.537719
101396.595686
101396.63601
101396.663981
101396.683339
101396.696718
101396.705969
101396.712424
101396.717227
101396.72179
101396.727716
101396.73417
101396.736733
101396.73439
101396.72945
101396.723881
101396.71993
101396.710521
101396.337758
101396.341472
101396.333468
101396.318668
101396.300489
101396.281227
101396.262357
101396.244771
101396.228966
101396.215244
101396.204009
101396.19612
101396.192274
101396.190024
101396.184891
101396.176773
101396.167588
101396.158983
101396.153035
101396.143106
101396.417472
101396.279482
101396.160341
101396.057627
101395.969468
101395.894251
101395.830507
101395.77689
101395.732198
101395.695468
101395.6662
101395.644463
101395.629626
101395.617631
101395.604281
101395.589959
101395.576097
101395.564089
101395.555853
101395.545004
101396.39803
101396.123209
101395.897206
101395.710444
101395.555817
101395.427811
101395.322024
101395.234905
101395.163616
101395.106011
101395.060728
101395.026908
101395.002327
101394.981607
101394.961082
101394.941269
101394.923178
101394.908029
101394.897625
101394.88563
101396.114048
101395.736693
101395.430928
101395.181863
101394.978393
101394.811979
101394.675949
101394.565071
101394.475311
101394.403698
101394.348207
101394.307011
101394.276252
101394.249762
101394.224548
101394.20106
101394.180039
101394.162629
101394.150586
101394.137434
101395.4462
101395.022204
101394.680249
101394.403434
101394.178854
101393.996488
101393.848528
101393.72894
101393.633179
101393.557964
101393.500875
101393.459152
101393.427526
101393.399678
101393.373336
101393.348847
101393.326862
101393.308561
101393.295736
101393.281632
101394.349332
101393.940871
101393.611459
101393.345847
101393.131712
101392.959195
101392.820558
101392.709889
101392.622844
101392.556311
101392.507711
101392.473445
101392.447268
101392.423318
101392.400036
101392.377741
101392.357166
101392.339649
101392.327112
101392.312438
101392.854871
101392.511289
101392.236148
101392.01696
101391.843004
101391.705459
101391.597402
101391.513666
101391.450604
101391.405586
101391.375999
101391.357546
101391.343571
101391.329144
101391.313381
101391.296722
101391.280129
101391.265221
101391.25415
101391.239421
101391.011303
101390.770674
101390.585139
101390.444017
101390.338071
101390.259726
101390.20321
101390.164469
101390.140848
101390.13036
101390.130434
101390.136302
101390.141523
101390.142417
101390.138767
101390.131313
101390.121378
101390.110978
101390.102608
101390.088435
101388.839164
101388.745556
101388.689074
101388.660656
101388.65282
101388.659652
101388.676997
101388.702346
101388.734357
101388.771872
101388.812517
101388.851454
101388.883112
101388.90527
101388.918443
101388.923859
101388.923333
101388.919398
101388.91501
101388.902092
101386.353901
101386.465373
101386.587573
101386.713682
101386.839031
101386.960404
101387.076172
101387.186111
101387.290715
101387.390018
101387.482207
101387.562993
101387.628336
101387.677643
101387.712301
101387.734223
101387.745844
101387.750328
101387.751208
101387.740322
101383.591505
101383.98711
101384.350582
101384.680724
101384.978633
101385.246033
101385.485512
101385.700357
101385.893747
101386.06754
101386.221117
101386.35156
101386.456982
101386.538577
101386.598799
101386.64042
101386.666613
101386.681259
101386.688574
101386.680529
101380.669097
101381.439985
101382.111641
101382.695024
101383.20209
101383.64301
101384.026995
101384.362463
101384.65637
101384.913243
101385.134488
101385.319447
101385.468886
101385.585903
101385.674192
101385.737506
101385.779825
101385.805783
101385.820331
101385.81586
101377.854394
101379.07167
101380.09823
101380.964969
101381.700497
101382.327151
101382.863106
101383.323357
101383.719595
101384.059788
101384.348125
101384.586906
101384.779772
101384.931722
101385.04774
101385.132572
101385.190981
101385.228301
101385.250186
101385.249783
101375.599241
101377.262289
101378.633399
101379.768741
101380.716394
101381.512442
101382.184755
101382.755192
101383.240341
101383.651811
101383.996859
101384.28093
101384.51033
101384.691716
101384.831201
101384.934371
101385.006618
101385.053805
101385.082145
101385.085878
101374.47345
101376.463878
101378.079654
101379.404633
101380.500483
101381.413421
101382.178485
101382.822591
101383.366006
101383.823175
101384.203908
101384.516274
101384.768547
101384.968493
101385.122959
101385.238034
101385.319453
101385.373317
101385.406139
101385.413522
101374.868711
101377.020144
101378.710115
101380.09517
101381.237936
101382.186959
101382.979347
101383.643653
101384.201488
101384.668462
101385.055727
101385.37287
101385.629082
101385.832485
101385.990081
101386.108009
101386.191959
101386.247907
101386.282323
101386.292317
101376.71139
101379.022961
101380.607795
101381.912722
101382.991374
101383.887189
101384.634329
101385.259532
101385.783248
101386.220349
101386.581876
101386.877621
101387.116578
101387.30643
101387.453724
101387.564168
101387.643003
101387.695699
101387.728322
101387.739474
101379.549941
101382.351372
101383.681621
101384.783129
101385.698522
101386.460299
101387.095817
101387.627285
101388.071888
101388.442103
101388.747568
101388.997093
101389.19852
101389.358419
101389.482364
101389.575201
101389.641368
101389.685503
101389.712929
101389.723526
101382.742299
101386.716091
101387.70982
)
;

boundaryField
{
    emptyPatch
    {
        type            empty;
    }
    minY
    {
        type            zeroGradient;
    }
    maxY
    {
        type            prghTotalPressure;
        U               U.gas;
        p0              nonuniform List<scalar> 0();
        value           nonuniform List<scalar> 0();
    }
    maxX
    {
        type            fixedFluxPressure;
        gradient        uniform 0;
        value           nonuniform List<scalar> 
37
(
101411.843921
101407.227029
101406.059476
101405.392379
101404.830596
101404.318135
101403.8127
101403.297413
101402.763013
101402.204368
101401.619093
101401.008047
101400.376134
101399.732577
101399.089857
101398.460961
101397.855348
101397.274779
101396.710521
101396.143106
101395.545004
101394.88563
101394.137434
101393.281632
101392.312438
101391.239421
101390.088435
101388.902092
101387.740322
101386.680529
101385.81586
101385.249783
101385.085878
101385.413522
101386.292317
101387.739474
101389.723526
)
;
    }
    water_to_heater
    {
        type            fixedFluxPressure;
        gradient        uniform 0;
        value           nonuniform List<scalar> 
61
(
101416.679063
101399.943494
101399.943494
101387.80105
101387.80105
101378.442023
101378.442023
101369.96703
101363.403323
101356.515948
101356.515948
101348.731818
101348.731818
101341.847232
101341.847232
101334.741843
101328.907239
101322.55904
101322.55904
101315.444329
101315.444329
101306.329292
101306.329292
101298.05612
101284.108889
101261.52882
101261.52882
101247.439586
101247.439586
101241.490075
101241.490075
101236.005192
101231.101022
101225.98587
101225.98587
101220.834877
101220.834877
101212.989895
101212.989895
101205.065625
101195.683261
101187.481621
101187.481621
101177.272532
101177.272532
101170.664099
101170.664099
101170.743124
101161.092993
101129.931134
101129.931134
101078.072102
101078.072102
101026.00815
101026.00815
101021.972643
101020.865286
101024.882961
101024.882961
101024.471599
101024.471599
)
;
    }
    procBoundary2to3
    {
        type            processor;
        value           nonuniform List<scalar> 
41
(
101028.751904
101031.574364
101031.568911
101031.74236
101042.32499
101075.065999
101122.832568
101174.493854
101222.702721
101254.3917
101259.615269
101259.734434
101259.897467
101254.659897
101223.126735
101205.11017
101205.469038
101220.772238
101276.750694
101348.17074
101388.520157
101389.198855
101389.764949
101390.237154
101390.631662
101390.961041
101391.234295
101391.458764
101391.641391
101391.788212
101391.90421
101391.9936
101392.060057
101392.106948
101392.137835
101392.157052
101392.165472
101385.721346
101391.751739
101388.520157
101392.409667
)
;
    }
}


// ************************************************************************* //
