/*--------------------------------*- C++ -*----------------------------------*\
| =========                 |                                                 |
| \\      /  F ield         | OpenFOAM: The Open Source CFD Toolbox           |
|  \\    /   O peration     | Version:  2312                                  |
|   \\  /    A nd           | Website:  www.openfoam.com                      |
|    \\/     M anipulation  |                                                 |
\*---------------------------------------------------------------------------*/
FoamFile
{
    version     2.0;
    format      ascii;
    arch        "LSB;label=32;scalar=64";
    class       volScalarField;
    location    "0.7/water";
    object      rhom;
}
// * * * * * * * * * * * * * * * * * * * * * * * * * * * * * * * * * * * * * //

dimensions      [1 -3 0 0 0 0 0];

internalField   nonuniform List<scalar> 
6000
(
914.894358206
948.455366293
985.252200724
996.20143244
999.264154298
999.884035404
999.985408284
999.998921125
999.999977936
999.999999806
999.999999999
1000
1000
1000
1000
1000
1000
1000
1000
1000
693.686392019
872.014324725
946.659759839
981.608504854
994.076259895
998.396569532
999.63807431
999.936628006
999.993585513
999.999850736
999.999999464
999.999999999
1000
1000
1000
1000
1000
1000
1000
1000
693.683635902
830.567343748
916.833071887
964.422186104
986.141191012
995.317930386
998.683834807
999.704658502
999.955393223
999.997463844
999.999986656
999.999999981
1000
1000
1000
1000
1000
1000
1000
1000
693.684368782
791.465223145
879.281026174
938.713526723
972.375876478
989.285841716
996.552485288
999.107151288
999.831158085
999.983512517
999.999726137
999.999999643
1000
1000
1000
1000
1000
1000
1000
1000
701.50249427
768.097302112
840.077050348
903.017422997
948.637649586
977.024970629
991.644455186
997.611004805
999.490914469
999.934601869
999.997417126
999.999994971
999.999999996
1000
1000
1000
1000
1000
1000
1000
714.793945492
759.324467214
810.16797141
864.845602263
915.336467451
955.068079723
980.753313354
993.709990086
998.521169475
999.78039505
999.986186346
999.999904861
999.999999937
1000
1000
1000
1000
1000
1000
1000
718.139831941
755.001282234
791.808595154
833.571365076
879.715627373
924.640387426
961.055521115
984.554011492
995.710559324
999.261839353
999.938952097
999.998804926
999.999999011
999.999999999
1000
1000
1000
1000
1000
1000
718.361316576
752.205260666
781.907938688
812.468166279
849.955056158
892.509011158
934.083088176
967.661128539
988.612329962
997.522967489
999.73177465
999.990310835
999.999973711
999.999999988
1000
1000
1000
1000
1000
1000
717.412522335
750.926217134
773.283437853
796.534131389
826.766827582
864.277457193
905.109944617
943.73311111
974.448379609
992.47899842
998.85696126
999.934156982
999.99921586
999.999999596
1000
1000
1000
1000
1000
1000
718.369505842
750.965849252
766.57463147
784.482056909
809.529677787
842.329525055
879.04451925
916.835486866
952.761446082
981.12643493
995.833272585
999.621597716
999.9903754
999.999980723
999.999999993
1000
1000
1000
1000
1000
717.144631284
752.545791465
765.333701245
779.822788531
800.142060521
827.59413644
858.651085157
891.891596772
927.247254403
962.453725619
988.222147981
998.341945831
999.926326523
999.999401481
999.999999788
1000
1000
1000
1000
1000
718.447046588
756.585602428
768.092839227
781.685899751
799.131297875
820.08793809
844.397977246
871.828364863
903.693494731
940.317210184
974.986526454
994.771253206
999.623247275
999.993885733
999.999992746
999.999999998
1000
1000
1000
1000
717.360614641
763.58557111
776.918632739
789.175365057
802.140048773
817.329301388
835.141799035
857.703271261
886.286251937
920.867119048
958.871332408
988.055525993
998.699010407
999.965215413
999.999874761
999.999999962
1000
1000
1000
1000
718.494016742
771.765965187
786.438839929
797.58754042
805.82009456
815.65617456
829.003714806
848.683263114
874.779439661
906.090807217
943.19912069
978.768890385
996.719285461
999.86413413
999.998988789
999.999999588
1000
1000
1000
1000
718.439904331
776.76846386
788.501249193
797.763351118
804.787149855
812.397482347
823.918016329
842.292888368
865.854119276
893.213312314
927.63070586
967.080361765
993.088962239
999.557241296
999.993793907
999.999995954
1000
1000
1000
1000
726.106263957
776.182364346
784.478379199
791.018558826
797.161519911
805.308200634
817.983222941
835.576923957
855.727987001
878.275318212
908.84589101
950.405943058
985.872214112
998.547406095
999.959956937
999.999842878
999.999999999
1000
1000
1000
728.250883152
764.281338247
768.608686213
772.556070635
780.890139971
794.037928494
809.819926119
826.206708581
842.238214022
859.816706627
884.878713299
924.557638581
969.963739224
994.868581441
999.722207622
999.996657656
999.999999745
1000
1000
1000
711.854573485
737.112972496
743.981416254
749.514019932
762.230561044
781.012315897
799.946055005
816.235344295
830.157425758
843.123011755
860.783805581
891.250712401
939.621192314
983.021570519
998.302935262
999.955923991
999.999868975
1000
1000
1000
689.268617839
715.595490142
721.270894854
730.0685414
746.931973738
769.826490688
792.222337052
811.695570189
828.252042296
839.836671582
845.764207352
860.64046139
899.400456675
956.623171248
992.423500789
999.612715867
999.995854608
999.999999758
1000
1000
690.096145771
709.637640048
709.39465663
717.751968869
736.880599616
763.243533766
789.254098833
811.627555303
829.812322291
842.123139629
844.382680165
844.489602432
865.809317518
920.758341324
977.668117415
997.951863838
999.955303447
999.999890061
999.99999999
1000
687.893909972
709.009630453
709.109764865
713.730104899
732.448049676
761.087718641
789.306931845
813.864638837
835.64599706
848.497136413
846.085628396
844.522806218
851.108210583
892.227055261
956.383354096
993.457162159
999.748942638
999.998248002
999.999999629
1000
690.080716116
710.457953943
709.180511306
713.823824372
732.528083214
761.827170662
792.277573235
821.435225201
846.40614656
852.457523367
851.088459533
845.337925829
847.328311654
877.698728701
938.215301153
986.576510238
999.188969765
999.990286223
999.999990015
999.999999997
687.885468226
714.644168307
711.073826936
716.804952212
736.252635377
767.213401153
801.58743283
834.980749809
852.457470791
852.573495086
852.457516462
850.105134672
848.425581481
871.120789343
926.62488537
979.91672652
998.317909914
999.970896893
999.999927081
999.999999966
690.080767355
720.834747776
716.090934116
724.214056312
746.259244618
779.862452342
817.171887843
849.118974187
852.577800872
852.457476803
852.795265504
852.457499904
850.810016138
866.960626617
918.70656263
974.403250382
997.302905667
999.939093121
999.999768674
999.999999826
688.181930683
727.738938782
723.492217773
735.178353049
761.587543515
798.015407228
835.198366248
852.517326848
852.457422932
852.94223167
852.457469336
852.897429061
848.180099126
859.499080665
910.181984836
968.482591518
995.955035841
999.884668502
999.999437233
999.999999452
690.095877598
734.247644527
732.613919476
748.165479373
778.530213343
815.973374141
848.967079486
852.457350074
852.919133819
852.457426664
853.208804507
852.457448611
831.162666042
844.308977668
895.78325415
958.401134675
993.377658423
999.756871602
999.99853678
999.999998343
688.793130459
740.764791794
744.710333488
763.227732129
793.833124707
828.519597776
852.457233986
852.730662767
852.457371496
853.208761027
852.457414598
839.416393694
821.073393783
823.921488685
870.467779391
939.462122667
987.704899372
999.385692341
999.995197445
999.999993802
690.190095093
749.615706581
760.462830463
779.763915594
806.591054613
835.669652978
852.53342067
852.457298818
853.18570847
852.457370268
849.68109808
821.073355678
820.606344717
821.073360206
845.727942331
910.958472772
976.323443619
998.326490568
999.981015415
999.999972416
689.972415747
761.428095143
772.873822169
790.226477736
812.88214991
837.77934649
852.457187945
852.949521572
852.457314461
852.982017835
824.00789808
820.606304767
821.073322274
820.802240596
824.71425308
879.501779911
958.300667872
995.64788822
999.918000855
999.99980581
705.499170737
771.221106221
774.544983
789.75421308
812.468011783
836.196404594
850.897742429
851.172034005
846.613836808
830.77131699
820.831600041
821.073278639
820.686804291
821.073282223
820.944509289
856.753783338
935.170900462
989.712580251
999.655854838
999.998369418
728.751897616
765.637519332
764.527856671
778.793142319
804.800860729
826.51375734
835.734667297
833.306765124
828.053975677
827.307235889
826.585638898
823.92809039
821.073238271
820.923642893
821.073240166
842.806018879
909.945302669
978.352149096
998.725490592
999.988149774
723.420014372
729.555392625
726.447687865
744.152725565
781.015197884
805.370551157
814.017505735
817.207727437
824.940562227
834.459667296
841.746015289
837.969990457
827.569604628
822.115149886
821.203477439
835.363027612
885.209609441
959.542670419
995.920952159
999.927059099
684.158411718
677.547908185
677.207796483
692.360432777
735.790746207
773.704552473
794.420614164
808.788912545
825.770300737
845.053073194
855.646203045
853.654832565
842.95001913
831.514462847
827.085481494
832.331538826
862.523792482
932.997239955
988.904878314
999.626679657
670.505862777
669.141181444
670.606206197
669.915918631
686.413947968
731.929070987
770.607900438
797.935317357
823.243209403
846.581625249
861.369941191
861.958688256
856.501717179
846.982052599
837.512805041
830.236865858
843.217744982
901.397601271
974.721768517
998.474872572
667.330917081
670.718711549
668.709580174
670.618546453
670.194231974
697.503763479
741.760780187
780.824830246
814.711959939
844.569236973
862.696432733
863.955552679
862.864558253
858.325538852
847.637625279
829.255036585
822.412586029
869.158985081
952.411255681
995.068415374
670.503566442
668.656448898
670.603348312
668.940739291
670.623258996
681.361117685
718.591368696
763.342792775
804.341740352
840.889247925
862.873567785
864.224934874
864.053330062
863.39386092
854.350561932
827.378843363
816.36572294
845.341316738
925.522644515
987.581090237
667.130350473
670.716996141
668.596968597
670.617334383
669.763472263
675.751128856
707.072242893
752.962073126
798.491074566
839.250530383
863.063632553
864.352199191
864.32507105
864.089467011
858.802410101
829.126368793
816.362307247
832.278842068
901.478684396
975.841990151
670.502893021
668.981572507
670.602959131
668.978763363
670.622881988
674.284446084
704.044340482
750.261916386
797.782027599
839.997278948
863.597406174
864.41357212
864.500717197
864.265614373
862.437237207
833.899401944
816.367663002
826.551945178
884.843206006
962.428905031
667.524113973
670.569396648
668.836017487
670.617386723
669.836465747
674.439428957
704.626398586
751.421631154
800.402135635
844.206827867
864.074391151
864.510194036
864.413574522
864.528229986
864.018672709
839.882466547
816.364875856
824.339439637
874.646904464
949.801106232
670.50254695
669.739303967
670.603318965
669.423662044
670.622947442
676.702538008
710.043077314
758.588902886
809.394354945
852.229871492
864.464203844
864.413542103
864.651840873
864.413567798
864.368316135
844.007156896
816.580679522
823.372014782
867.294710832
938.202066704
668.18960393
670.569892004
669.66035276
670.617761361
670.376789404
683.804154797
723.379864504
773.838249091
824.501686563
860.616034283
864.413501722
864.66540533
864.413546833
864.76166918
864.413554869
844.829383885
817.097394235
822.37226293
859.732855589
926.202775222
670.502594117
671.717435702
670.604155755
670.332134156
671.777790411
697.744009446
743.515215355
794.906348296
842.952022174
864.23388792
864.568271835
864.413516956
864.854116791
864.413539656
864.708216131
843.32521171
817.340506406
820.213065458
849.661223567
912.031187657
668.849236118
678.731400451
670.490651696
670.99977963
682.888613087
719.44627041
768.175192259
819.34729877
859.095067541
864.510241767
864.413479158
864.872042517
864.413519571
864.88840107
864.222414365
839.335923248
817.109258064
814.890753368
836.283453426
895.727618507
670.503255636
687.799993165
676.76727526
681.09873468
704.510189267
746.283377242
796.135510388
844.471216067
864.446123187
864.413434399
864.852123807
864.413491253
865.002234884
864.413508799
861.49802138
836.037037904
816.153768652
808.695705089
824.4887765
879.729251183
669.542084918
696.913993381
688.969792229
700.143620246
731.164118398
775.940112821
825.705890614
861.582830318
864.413380388
864.826404806
864.413454938
865.082670937
864.413488093
864.977616358
857.756900107
834.509754194
815.89921259
808.692715517
817.582623763
865.778138096
670.50372277
706.20695903
703.928275182
722.037562933
759.028166198
805.831254694
851.616360621
864.413309722
864.801938886
864.413410872
865.168248907
864.413459238
865.134426818
864.413472322
855.195567707
834.818781006
817.192325074
808.692797658
813.494370222
854.045929644
669.849066162
716.951207611
722.448592176
745.961149932
785.822919387
831.513536781
863.543293685
864.670038956
864.413357084
865.241682298
864.413422625
865.323544871
864.413449137
864.951990363
853.67510273
837.183271333
819.809437292
808.933992497
810.392470429
843.160765846
670.503701693
731.7835898
745.136832006
771.02266192
809.569562188
850.486347733
864.547527967
864.413287347
865.258690847
864.41337839
865.493344483
864.413417651
865.16420698
864.41342798
854.021150699
841.44523626
823.202253234
809.534024437
805.997749743
831.756484036
673.863497697
751.109494716
763.475352824
788.109169362
824.618699135
860.860061215
864.413180374
865.188076765
864.413324455
865.49994573
864.413378666
865.386210553
864.413399927
863.03103704
857.45169944
847.451561408
827.650238095
810.167923601
799.449446362
815.649353315
694.280579731
768.30970639
768.738417656
789.487760391
827.344686623
862.324687146
864.872465879
864.413254033
865.499889537
864.41332922
862.039745167
859.012108269
863.945575251
864.453700708
864.113594362
855.112348388
834.055729072
811.308535664
797.920441156
798.350632794
721.085180343
768.457576107
765.241110952
783.424557989
821.760407055
856.958588206
864.413141717
865.407565263
858.819764925
847.526049759
841.86696621
854.655437804
866.560359164
870.894091646
871.177583018
863.885593928
843.545107345
815.000441166
797.990139146
797.79174089
728.841745717
754.578865131
744.963579449
758.183708314
794.130431256
829.089560811
843.94774659
836.517991515
821.035596923
815.223448558
831.761755363
855.989972874
871.758836495
876.142989275
876.348849974
871.883838007
855.493648237
824.098930508
797.918535688
797.990093769
718.074952537
720.193643391
713.125112485
719.756563268
744.531077764
773.063923961
786.889101083
781.91833164
777.373653035
791.475233845
823.35682107
854.782903242
873.033339416
878.407883396
878.885777885
876.063034256
866.425153629
838.60691718
801.269306471
797.792213642
691.138297608
693.690159915
690.966806239
693.127883857
705.043462905
721.947105445
733.250887237
737.67448471
745.960734356
768.881241735
807.106816562
847.442501336
872.43723405
879.32423303
879.63159976
876.778822506
873.59756743
855.827142714
811.662572809
797.990007315
667.058856619
686.523360275
683.625626817
683.457668878
689.254948416
698.133610187
705.591677276
712.416554859
723.8868512
747.13680753
786.594719302
834.730592586
870.122589854
879.773790852
879.82559415
876.739458299
877.47341026
870.286309197
828.688055343
797.842711746
667.363003718
686.564931557
683.230752014
683.220789308
685.187291938
689.629922796
693.311302083
698.140338059
708.86397647
731.611221334
771.559679186
823.530032924
866.589814985
879.975384057
879.842422173
876.22423192
878.892290317
879.56650583
847.156326395
798.160597705
664.701741423
689.367462663
684.693403032
683.337912182
684.682299881
686.329112466
686.900034144
689.462815115
699.341358212
722.62992984
763.567943405
817.216343822
863.986608273
879.991818838
879.245920865
874.487247635
878.551054271
885.53048397
861.233505501
801.398705484
667.111109907
695.463955567
689.993840343
686.088992757
685.37733972
685.131584732
683.879738839
684.93222173
694.112541915
718.368653505
760.590661256
815.226886558
863.254135051
879.810825762
877.171245504
870.859577661
877.251197342
889.72716131
871.232801525
807.38065366
664.643224637
704.057189182
696.940994399
691.756668506
687.779255006
685.299409903
683.616674935
683.589306647
692.554353337
717.780632569
760.828718051
816.0140267
863.903625079
878.396920916
872.630522369
865.806090776
875.626269868
893.426909413
878.668506787
813.313004967
667.110388032
713.032479431
703.856791094
699.075931413
692.89998646
687.306116662
684.021200681
684.138826206
693.735730287
720.325180996
765.357739368
821.338963523
866.182716634
874.766998837
865.571147543
861.425094056
875.446000198
896.188180716
883.952772669
819.78400634
664.739347724
721.327957039
710.548722389
707.729823226
701.345506536
693.442824772
688.265824329
689.051469258
700.658733937
730.197324258
777.500907072
832.347271853
868.248323011
869.824409486
858.5290576
859.647389088
877.440378647
897.754365474
887.443047206
825.97633348
667.333680789
728.559197465
717.878426674
717.904973741
712.883195788
704.860385598
699.678808882
701.938105661
716.547438444
748.749930984
796.555078452
846.529517777
868.998168047
864.913797147
855.849117066
860.316625134
881.742590567
897.803642016
890.006937953
831.600799101
666.145852577
735.183926524
726.610062395
729.005201589
725.728997566
719.843338919
717.199535357
722.319281228
740.250812337
773.839427119
819.537542042
859.999631617
869.235246839
861.622745935
855.811779269
863.328171689
887.365556154
897.890529742
891.784364795
835.992645428
667.589967311
739.503033354
733.692763339
737.790050404
736.592494874
734.555234934
736.85471498
746.950724017
768.136172675
802.048515947
842.777809629
869.686490758
870.05349778
861.203249856
857.328708504
869.093942771
892.639709643
897.803611205
892.940338025
839.6134922
668.307053701
741.23196372
738.711725761
741.703428576
741.862751909
746.196304894
756.242808961
772.181000433
796.411199293
829.850973763
863.297994767
876.738808527
873.148889306
863.015156826
863.236886705
877.197012986
896.016434126
897.960793857
893.578575599
843.144510639
682.898166787
741.423310919
741.637237298
741.83107588
742.197207701
755.063876712
774.109584053
795.710931055
822.589854787
854.129862406
879.553688388
884.388939115
879.701772695
871.441011377
874.261490192
885.57780509
897.243971192
897.803571145
894.209145281
847.686522013
706.77551424
741.238038328
741.454260491
736.766958993
740.131432114
761.227172854
788.189840191
815.127738208
844.375807492
872.888808084
890.560464418
892.851617254
889.709186509
885.919403627
887.537747295
891.93266422
897.3039754
897.962672128
894.7223017
854.667883216
713.751654543
740.714148242
727.783818777
715.010878143
731.999476444
761.513564793
793.106603825
824.491871042
856.401144292
884.22355319
895.819286873
897.283526528
896.746067788
895.875385154
895.454762251
895.461254293
897.172149137
897.803522477
895.44546794
864.465928638
693.924911265
702.737198275
688.631140705
681.532528279
709.810301089
750.536692951
788.489894585
823.396875771
857.049070264
886.64173864
897.434589835
897.790651979
897.792576659
897.694724872
897.305485284
896.746370724
897.095086894
897.93458106
896.383351376
875.380068093
651.420952368
658.435432654
655.369420677
655.311296922
675.181450927
714.017717696
762.334064577
808.522718919
849.77712541
884.723228959
897.735704764
897.792517102
897.819788196
897.797743417
897.631498922
897.165705008
897.105389932
897.803475369
897.874461765
885.283367412
645.053306976
646.290261286
645.952921058
646.036145867
650.957229693
674.375145538
720.726768537
777.002368105
830.444973716
876.478301986
897.389998166
897.839919176
897.797697548
897.855974013
897.794452215
897.526662728
897.246278155
897.86030806
897.803457165
892.246445189
644.051872645
645.770019313
645.834019792
645.970027899
645.859786127
658.590673269
696.518161393
752.114298562
811.585173578
865.792084395
896.037333671
897.797650542
897.928007916
897.800777118
897.881026561
897.799983723
897.501451567
897.788736782
897.86382915
895.736909496
645.050208491
649.460534199
645.955213937
645.872499191
646.145754655
657.334677183
692.388288841
745.08471133
804.748509782
861.465524345
895.14088756
897.883219798
897.800741066
897.99962431
897.802702448
897.884506501
897.74415675
897.771041182
897.80343173
897.449309568
644.630895954
662.315497032
650.209694539
646.939944571
647.97092893
661.19802853
695.506866389
746.845714123
806.040202504
862.903062399
895.660301995
897.800703266
898.00829586
897.802676584
898.037235056
897.803418816
897.874328311
897.786308228
897.825837411
897.803422002
645.052985682
683.504117243
666.341914648
658.711961754
661.450352749
676.65814697
709.892034926
759.031274999
816.980242602
872.058869185
897.382277779
897.908515141
897.80264649
898.08962102
897.80340117
898.02704624
897.803415501
897.873719035
897.803416196
897.832871238
648.595104358
708.01615855
694.803069121
688.163187311
692.055422451
707.897897379
739.911564052
786.740388403
841.866247917
888.227424396
897.856953711
897.800694002
898.085659197
897.802660995
898.108009074
897.803402221
897.982001029
897.803408443
897.6100455
897.559015389
655.905775608
728.780443554
732.889882544
734.485340512
740.171961712
755.806231812
785.572735473
828.898320895
876.115988647
897.623951669
897.797587417
898.058602753
897.800710307
898.133016285
897.802664246
898.050193508
897.322087276
894.888764727
894.961215778
896.264106957
663.948778241
744.975788308
775.460990563
790.188353924
800.277059303
816.314825075
842.558278912
877.049982747
897.152447535
897.792372508
898.076120317
897.797602037
898.154501233
897.800711511
898.053838651
894.694651136
890.728221022
889.601652715
891.84820147
894.69416217
682.261041167
757.744637156
799.428721533
828.813053985
847.94209334
866.778237596
887.312587663
897.782002574
897.785272913
898.183256652
897.792382423
898.225215457
897.66204528
893.837499367
889.940534254
887.263932931
887.220034181
888.53835971
891.526088046
893.624176398
708.176997289
761.144980181
798.212825552
829.884932083
853.515347863
874.504808934
892.303722261
897.774353907
897.94594516
897.785274062
893.888784142
889.059263093
883.59603429
881.14693811
882.366576074
886.119622636
887.492134193
889.288723242
891.794623299
893.268965311
715.099212546
745.170518634
773.861973907
805.464559156
833.482102994
856.293404832
871.860550978
875.692716985
872.361333897
865.173142323
858.71099202
855.872873169
859.314441184
868.339898538
879.114197124
887.311397248
890.181534709
891.467467171
892.718530968
893.423135281
691.58853166
690.498722399
704.947614859
728.303898252
753.761599016
772.772548399
780.490443928
778.729783108
773.102472043
771.392885233
780.068141484
797.290973023
821.669156266
848.177741261
871.71282593
886.88620989
893.886949297
894.363527574
894.47288905
894.23891238
634.936066494
627.623289341
639.017341813
650.523084128
659.25174005
664.117042712
664.425214033
662.570826913
661.905142233
671.065683745
694.273156555
726.349702784
765.189758374
807.564840968
848.330200825
879.961013756
894.053881249
896.579735398
896.422031872
895.810186331
587.506543246
603.783328979
619.875111447
624.920114577
624.208383989
622.099831274
620.809998158
620.326882448
622.628607821
632.907723468
653.575026047
683.10277124
720.84604714
765.943414465
815.674071651
863.38829686
892.087493687
897.590782547
897.591891654
897.245140246
583.448071328
602.149759992
616.964439664
622.481915356
621.004154632
618.369434969
617.285607484
617.250064128
620.187047561
630.079745615
648.322995749
674.768136054
709.612289035
752.665525265
802.630063831
854.193924292
890.409024605
897.86424318
897.871770896
897.855900353
584.050675816
601.914385616
616.999276927
623.728615265
623.357555894
621.700441537
621.095393387
621.734647825
625.59816717
635.601610833
653.083524356
678.594853581
712.651506117
755.291972772
805.207270212
856.651003006
892.027609086
897.886813698
897.868847027
897.913080337
583.537481151
603.201406072
619.594679623
629.165504904
632.558380853
634.678008068
637.054297697
640.558225085
647.033262445
658.024741851
674.882503967
699.239050264
732.474126535
774.954077045
824.595266958
872.390715197
896.799128778
897.868829346
897.975036863
897.868843928
584.055716997
610.633726751
625.893052996
637.519430714
646.442340658
656.919874818
667.429340933
677.063660512
687.496657583
700.748063164
718.888040803
743.939495335
777.582685564
819.540157361
864.041468832
893.67339042
897.868812893
898.00126163
897.868832553
898.088790424
585.803399534
624.540247645
634.566747313
645.38550337
659.488403117
681.107057221
704.250580331
723.862454445
741.046997213
759.167934315
780.846962453
807.809823211
840.298464179
873.651816695
894.758373208
897.868795523
898.011756284
897.868820607
898.144011232
897.868825968
602.097650791
641.843925105
645.237171413
653.085376752
670.537512634
701.88502386
738.717521475
771.733445099
799.969642437
825.913464808
850.338191191
872.665720712
889.884059201
897.444261138
897.868776313
898.029250136
897.868806132
898.173293389
897.868818514
898.221788405
627.817553612
662.975421472
660.395451644
665.201214014
683.540941941
720.687989219
767.920638365
814.379439328
855.177009055
882.78213888
894.396814214
897.704336475
897.927001942
897.868756162
898.103931049
897.868789608
898.224910971
897.868808736
898.26244415
892.192847021
640.209561143
694.053042273
685.810516058
688.095240835
704.325785679
742.688793498
795.316204261
850.293826273
890.674941886
897.90373096
897.868688981
898.135156751
897.868736352
898.306818196
897.868772472
898.356560232
897.868795902
898.343302044
894.074995934
878.835277537
640.588836679
736.684204903
723.923287262
724.556199639
736.584298652
772.20555636
825.20900176
878.970727438
897.894180732
897.868661701
898.267402126
897.868715664
898.548704052
897.868754485
898.57224392
897.868780059
897.421525672
893.128420517
884.516206369
878.470286661
644.689840366
775.462415916
763.09726024
765.135640496
775.410769174
808.540285237
857.74947937
895.505827967
897.868627971
898.269767556
897.86869071
898.705530043
897.868732978
898.732911288
896.6784216
888.021951476
887.423022043
889.611995887
885.077935511
878.812655967
671.840108019
785.485589604
785.444929363
787.630093762
804.998900788
842.305776049
882.940322952
897.868583124
898.201163944
897.86865696
898.756115561
897.868702902
897.540852867
884.875589183
874.006344087
878.88521284
887.167723024
891.031346776
887.972705339
878.695913819
715.506131991
785.459135443
782.880115011
786.302503413
813.350724839
854.910685678
886.499167854
897.830312496
897.868604554
896.500101839
889.038735094
876.814484525
860.708160347
854.93895994
867.169374988
881.693832216
890.926387497
893.566715027
890.679281821
880.862075983
722.297526092
754.901631262
751.126965543
766.540757564
804.478019346
846.317689819
871.624888189
877.454455886
870.926964119
854.271243751
833.996250767
818.968221387
822.850312243
845.009276993
870.19296592
887.263769876
894.586117115
895.7634753
893.454262174
885.941192769
679.032818686
667.125094879
685.147157453
708.283007359
748.61931983
786.770297938
807.294913398
810.468741036
799.646428306
784.769322873
777.146674615
786.710835744
812.452785618
845.531709123
874.12332507
891.138651847
896.673759247
897.115887317
896.064416024
892.281066145
601.572158609
604.329801443
622.021964667
635.812313838
655.164219035
680.236567496
709.178335367
731.504306968
743.122066086
751.100090422
763.603251433
783.747691287
812.48978617
846.700136651
877.389843775
893.859355166
897.606434075
897.641019731
897.082165551
894.370319528
576.388021653
587.871790673
595.173976589
600.339530995
604.960526796
615.89605173
642.703679808
682.859849593
718.809795227
744.311720611
763.621768906
784.914109071
814.684257056
850.745702509
882.482304472
896.80736942
897.774360691
897.753784211
897.206973499
891.918558879
574.947305659
584.503091392
588.286980126
592.190869189
593.763738203
599.118655521
617.438601966
659.111739339
707.487892129
744.310898749
768.02470646
792.972931042
825.679973759
863.381530927
891.194678238
897.780992812
897.770672826
897.769334521
897.051056268
885.008970841
576.339181115
582.928106448
586.770840194
591.181936901
592.348677065
596.300458508
610.089853923
645.7145276
701.414042887
749.601276916
782.356576581
812.903257265
849.288555266
884.11752931
897.648455864
897.77063735
897.827314596
897.770681262
896.71696052
873.987610973
574.907791349
582.251717719
586.950111084
592.172190004
593.096800395
596.475189074
608.794279442
639.238365867
695.897097687
756.252590008
800.181093913
837.581176042
875.97036553
897.200230883
897.770598744
897.8729691
897.770651927
897.826856764
896.338815245
861.21369744
576.338367411
582.36213869
589.197246927
596.559445158
597.273188554
599.421656729
610.032959932
638.711526068
691.297529865
754.274275616
807.640593884
853.478799809
891.451568926
897.770558877
897.8879869
897.770616739
897.961579231
897.770658868
896.171782009
851.829821235
575.3774839
584.0692941
594.813971903
604.544084563
606.082280087
607.616542995
616.300843378
642.095618219
691.196807296
751.52189121
808.044234621
858.905138916
895.05171094
897.852630722
897.770579175
898.013159573
897.770628496
897.947893996
895.768453324
844.631234189
576.374028139
590.394023121
603.060789743
613.594089178
617.023519054
620.27834479
629.828137165
653.976721945
697.553526252
753.256357189
809.735597381
862.404547882
896.102136977
897.770542075
897.982148545
897.770594526
898.06701933
897.770631797
893.4373676
838.029126013
576.135031069
603.261459221
612.68060968
621.508891382
626.581598965
633.998494078
648.697928688
675.222694188
715.0225503
764.266490814
817.994438345
869.720589729
897.373250787
897.872560398
897.770560202
898.067291417
897.770601848
898.006251792
884.530596685
834.80942337
581.365011839
621.449374919
623.336097596
628.317064906
633.800620197
646.202219198
669.218282624
702.104535675
742.307889015
788.123688086
838.386695626
884.437105222
897.813766012
897.770525944
898.03609895
897.770570415
898.095459088
895.503315416
866.210717495
835.515575033
602.418407002
642.390440682
635.888450959
636.07691625
640.713254173
657.416947046
689.264992847
730.520021659
775.707839334
823.520891896
870.902279236
897.052406215
897.770490626
898.026358159
897.770538296
898.140055262
897.770570804
880.259366391
852.733792849
841.827470591
630.757445373
665.698045815
652.733799482
647.735272982
651.640340057
671.571889021
710.191067399
759.500593444
812.498834581
864.510604442
895.724387244
897.770452587
898.068450215
897.770505249
898.221635568
897.770539781
889.398415695
859.532060003
852.734641555
854.12597703
647.660307904
698.031186635
677.984949516
668.774106871
672.446375406
694.081378081
736.45088129
791.502726029
850.381424046
893.222570814
897.770410004
898.133468354
897.770470362
898.36107547
897.770507603
895.760098726
865.216058274
857.455654851
856.531547498
867.010642083
651.216369574
739.8050005
714.799057398
704.495275384
708.094450462
729.827157773
773.007868938
829.491801948
883.520872518
897.770361253
898.129831997
897.770431947
898.51705833
897.77047364
898.415154092
874.372628782
855.329409316
857.648474517
865.214235161
878.413844303
655.699652887
771.215823538
754.655812989
749.286726929
754.157562426
776.804559624
819.051119243
869.618598515
897.447699622
898.005233023
897.770385122
898.62218708
897.770434401
898.63883433
883.098204777
849.171693077
854.216100022
863.849034626
876.354473539
886.982331579
675.751796555
773.019875492
772.973140245
773.678310635
784.397576879
812.699486117
851.703214618
887.428208264
897.904284448
897.770320812
898.67211159
897.770380921
898.218289961
877.90477924
846.674235105
843.623431639
857.78179707
874.366117909
885.508415805
891.821143636
702.379432112
767.607925937
764.254914712
767.41377128
782.448176453
813.659428316
851.510988853
882.577119567
892.492859178
892.870543549
888.444545361
876.646375642
850.602416526
824.366168843
821.652979135
841.06689317
860.589943575
879.498528832
890.398047386
891.945618253
694.652208228
718.321895011
720.586103169
728.552740605
749.660067065
782.048721574
813.911065599
833.08955705
835.854217691
826.714197041
808.759905795
786.389095843
768.197642654
770.527850246
796.421509577
828.815552957
856.697237749
879.477623682
890.947648723
891.899782513
643.423319544
637.137088681
649.383931262
659.287155515
674.799893673
693.864127846
708.915155692
714.336326345
711.568866124
702.589450881
695.085293381
696.736300088
708.190712697
730.651104703
762.965455664
801.313676946
842.13310706
876.362102294
890.563297106
887.12606791
576.686268966
590.519557856
607.098030404
611.808903129
615.555259107
619.534124701
622.350103631
625.241693223
629.824636482
636.634244068
648.130658604
665.711035358
687.322667398
712.537296302
743.793394915
783.509680392
829.571019817
872.156666305
889.210511876
875.036697958
562.954999151
578.758081489
592.879848692
597.717314252
597.730103864
597.874045665
598.238788719
601.947412337
611.921027814
626.973370798
644.500935157
664.070104495
686.465017055
711.902743631
743.366073705
783.336727191
829.449120166
872.416543011
886.270363242
857.543108919
563.89774535
572.807662545
587.15412394
594.875876035
595.373206724
595.433707458
595.629452552
599.404830239
610.57133802
628.128686326
649.839750824
673.310584618
697.130328897
723.266217463
755.814862538
796.32285369
841.317474212
878.418452842
882.542146263
837.21802606
562.771169359
568.472833144
584.398409684
594.773369685
596.249915606
596.424603406
596.706235845
600.571773101
612.647934509
635.125950802
665.835001635
696.460016012
724.063116782
752.960431929
787.828671849
828.620390744
867.997297249
886.975459016
880.335535133
822.682177934
563.955742409
566.36700464
583.585044722
596.871514969
601.244432303
602.201958629
602.989910392
607.419974264
621.435210641
648.744763666
685.159131152
721.182903111
754.531074305
789.020438591
827.872249688
866.582610339
889.488190798
890.635618599
879.237747007
823.383990444
562.795591645
566.55751338
584.868722676
602.984575881
611.615387402
614.839003189
617.309721908
623.33050345
638.961472962
666.9207706
703.319440449
741.559777574
779.934845997
820.47861471
862.241779506
890.210363466
894.485311267
891.488458541
879.567368267
830.60088361
563.964469546
569.027543086
590.412537597
612.739954441
625.216724745
632.269652693
638.539266258
648.116641984
665.198812088
691.473898784
725.291370175
763.412769876
804.555244014
848.454717848
885.30403933
896.017136331
895.223801051
891.821248199
881.962062497
848.523139951
563.315632195
576.584416209
601.083170171
624.901248159
639.593752808
651.514749732
664.28580051
679.661162889
699.710192452
725.762094855
757.796209089
794.942009299
836.153262366
876.331542564
895.435808209
896.404237113
895.63754967
893.217124243
888.230575258
874.471792093
564.054356401
589.100788682
616.082505292
638.422978956
654.425644094
671.787387944
692.360115429
715.79261246
742.019454513
771.603725072
804.777136431
840.680470872
875.289260465
894.753694169
896.404196593
896.452040098
896.403481164
896.086846245
895.869272132
887.241424466
565.564657115
606.887762594
635.029308538
654.699771888
672.188255352
694.687198919
723.168135945
755.700510437
790.664854128
826.859946752
861.10313003
886.277097966
896.004739354
896.40415472
896.552058196
896.404213383
896.643506199
896.404261733
894.30779604
866.964019948
578.686619814
631.120901876
659.535110737
678.711559441
698.461173649
725.336719877
759.975241452
800.268434035
842.868509995
878.958542852
894.835887488
896.462416882
896.404115222
896.699612561
896.404172391
896.937660458
896.404206073
877.238382745
811.324426158
741.288509264
601.811380243
664.527385327
695.802531993
718.159433203
740.788078109
770.13312135
807.114687719
849.595775064
886.004908686
896.40395774
896.521675293
896.404081711
896.916262154
896.40414271
897.124897476
881.596624307
808.856696586
713.765553014
649.493014048
627.372547904
620.09654014
717.437304777
752.344695402
778.512891213
801.406280946
828.506174573
860.667149884
889.52681702
896.403862859
896.664581172
896.404050042
897.147144526
896.404117434
883.875780308
808.176494729
707.020831236
640.502771453
620.136825987
620.600093884
618.979408691
644.318445103
786.855802111
824.893510229
848.997855964
863.661183063
878.101191397
892.262746524
896.40375163
896.776041108
896.404015193
897.046745619
883.589406629
806.05873878
701.486273586
636.336814385
620.59999492
619.025413575
620.600078088
618.534599383
620.600128363
698.451933004
853.735470948
883.049987684
889.870865858
890.310466495
890.86510317
892.920321857
894.698699598
893.103981776
878.333399054
815.652211892
704.626228537
634.412285366
619.55862376
620.599974505
618.729714372
620.600054305
618.451802031
620.600106881
618.649317136
779.287432772
889.512472166
890.046930236
890.134947353
890.223823051
889.646549882
880.565797989
866.500619325
826.245730486
740.680265111
651.183573184
620.599829241
619.098905937
620.599941272
618.791300203
620.600020624
618.609639251
620.600078465
618.678004449
620.600119276
854.155848372
889.775506423
889.906560526
890.051671714
881.598355442
863.041630991
835.746837275
786.388959665
714.556852626
645.974393785
620.599788072
619.30988791
620.599895215
619.406603297
620.599974963
619.162135676
620.600038905
619.128631874
620.600089185
619.707545026
874.001092954
879.822130557
869.521500349
861.275194364
850.299112473
829.998147072
790.265750044
742.376567155
689.579691145
642.847421265
619.975086887
620.599839111
620.04009992
620.599918006
620.002472344
620.5999856
619.945333776
620.600045005
620.019267626
624.110884534
850.314657291
781.932277025
797.573211947
815.244040108
820.298624485
812.729946085
787.526771045
751.226478107
709.943080232
670.529235715
642.853850391
629.252342659
623.655818381
621.270163762
620.840702069
621.089314204
622.022094157
623.563226623
629.536692971
650.757175618
717.709698322
646.109144554
687.586780454
721.334279392
756.046210632
782.260176753
787.425192604
783.059149775
771.807296206
743.171378036
710.859008648
683.338936011
664.997579421
654.184752789
648.724349514
647.104680208
647.338669935
650.644981782
664.260645012
695.783156767
608.820944658
595.41368544
607.715598632
618.128010559
635.052839836
667.887030563
714.762122097
759.1646689
792.039728092
796.503328888
795.178005419
776.818269531
753.560993897
734.592683094
721.416145837
713.523996036
709.737719879
709.496632341
718.733118758
737.567463979
586.800052032
587.606545939
588.62214241
587.384815508
586.03518243
590.035338661
607.286415603
643.265428196
700.927344597
761.709363587
804.966236242
829.863148472
829.911795169
825.477835945
813.912987708
803.052923624
794.308190986
785.58252934
774.735436906
752.752032813
585.692120893
586.58136287
586.842090729
584.591075233
579.72421806
576.22350662
576.547591979
582.096355397
599.837876414
642.360206811
719.986388272
795.236094743
834.633472802
852.701208352
863.612647131
866.742067413
864.661158089
851.78391638
811.63507314
748.396680234
585.846003652
587.052622095
588.054787678
585.904659787
580.696235476
575.881120983
574.080355092
574.097819047
575.84293258
586.006766581
621.664271146
698.165195646
783.431142046
834.804978625
862.25121991
877.852449809
883.373741458
874.660229225
811.044209674
729.591519803
585.690178878
590.011406685
593.598210491
591.8281623
586.020999141
578.561873516
574.488176488
574.082683548
574.187724525
578.915667812
596.048883058
638.018461619
712.209710723
784.621924082
839.942739908
873.821927624
883.480473372
868.483839942
787.986768763
701.208074387
585.840458318
596.90926061
605.138033691
603.842036715
597.456805429
586.516339997
577.495125147
574.575745833
574.649222527
579.060753831
594.126249602
625.064543585
678.05617361
742.604334612
806.777556572
858.326632419
875.93719334
833.063158264
734.492874575
679.347073461
587.605335565
609.049216381
623.136541617
622.101861238
614.751136109
599.592323846
584.392901692
577.531994913
576.97676176
580.877629646
594.927241777
623.542385214
667.042957269
721.990530123
782.013172646
830.225492335
837.239099746
759.666119806
687.209029424
673.309154259
594.221271216
628.183767436
648.367159797
648.099057988
638.472223768
616.799780295
594.416081148
583.567760513
582.056986166
585.452043484
598.01392871
623.985592348
661.890674814
708.660543096
756.568038988
784.889820718
759.973229149
692.107015683
671.738361053
673.156525687
602.132260282
652.790766774
682.877869461
683.444815486
670.021097687
637.36716961
606.179131873
591.875487886
589.698863821
592.763424988
603.705327371
625.685955795
657.072366581
692.620414459
719.090649487
721.444762795
688.780629373
666.166115981
670.718249693
678.39017149
602.36639195
682.669588015
721.086801397
725.053402461
707.739184357
663.228121829
620.345871098
602.439558918
599.645273354
602.242432456
610.74985747
627.238489729
649.422588719
669.225338996
676.545742209
669.610635638
658.202324474
663.483726958
673.879048565
695.298831621
603.312155111
706.984439196
746.886122903
762.7074032
744.817999093
694.449411872
642.448379098
618.554587296
612.758770307
613.128226864
617.303291255
626.578406546
638.436199183
645.789373072
647.191297133
647.470508424
653.703061764
665.010716095
684.710586988
721.529607144
616.885463298
727.952280203
755.505927943
780.891405105
774.968513334
737.465356607
684.938844326
648.573138637
629.81617807
622.889804621
622.365385388
624.934469327
628.867226235
632.223478006
636.432080584
644.301451694
655.621475064
673.610063613
704.689494868
748.773188702
636.28069579
750.548703529
758.671146689
782.917769288
802.646506433
790.488419621
747.318260734
689.633352831
644.272731258
628.019275649
624.608846357
624.656496529
625.191984516
628.259761738
635.274015377
645.075147647
661.530711816
689.565708378
729.290189455
774.360906029
1000
1000
1000
1000
1000
1000
1000
1000
1000
1000
1000
1000
1000
1000
1000
1000
1000
1000
1000
1000
1000
1000
1000
1000
1000
1000
1000
1000
1000
1000
1000
1000
1000
1000
1000
1000
1000
1000
1000
1000
1000
1000
1000
1000
1000
1000
1000
1000
1000
1000
1000
1000
1000
1000
1000
1000
1000
1000
1000
1000
1000
1000
1000
1000
1000
1000
1000
1000
1000
1000
1000
1000
1000
1000
1000
1000
1000
1000
1000
1000
1000
1000
1000
1000
1000
1000
1000
1000
1000
1000
1000
1000
1000
1000
1000
1000
1000
1000
1000
1000
1000
1000
1000
1000
1000
1000
1000
1000
1000
1000
1000
1000
1000
1000
1000
1000
1000
1000
1000
1000
1000
1000
1000
1000
1000
1000
1000
1000
1000
1000
1000
1000
1000
1000
1000
1000
1000
1000
1000
1000
1000
1000
1000
1000
1000
1000
1000
1000
1000
1000
1000
1000
1000
1000
1000
1000
1000
1000
1000
1000
1000
1000
1000
1000
1000
1000
1000
1000
1000
1000
1000
1000
1000
1000
1000
1000
1000
1000
1000
1000
1000
1000
1000
1000
1000
1000
1000
1000
1000
1000
1000
1000
1000
1000
1000
1000
1000
1000
1000
1000
1000
1000
1000
1000
1000
1000
1000
1000
1000
1000
1000
1000
1000
1000
1000
1000
1000
1000
1000
1000
1000
1000
1000
1000
1000
1000
1000
1000
1000
1000
1000
1000
1000
1000
1000
1000
1000
1000
1000
1000
1000
1000
1000
1000
1000
1000
1000
1000
1000
1000
1000
1000
1000
1000
1000
1000
1000
1000
1000
1000
1000
1000
1000
1000
1000
1000
1000
1000
1000
1000
1000
1000
1000
1000
1000
1000
1000
1000
1000
1000
1000
1000
1000
1000
1000
1000
1000
1000
1000
1000
1000
1000
1000
1000
1000
1000
1000
1000
1000
1000
1000
1000
1000
1000
1000
1000
1000
1000
1000
1000
1000
1000
1000
1000
1000
1000
1000
1000
1000
1000
1000
1000
1000
1000
1000
1000
1000
1000
1000
1000
1000
1000
1000
1000
1000
1000
1000
1000
1000
1000
1000
1000
1000
1000
1000
1000
1000
1000
1000
1000
1000
1000
1000
1000
1000
1000
1000
1000
1000
1000
1000
1000
1000
1000
1000
1000
1000
1000
1000
1000
1000
1000
1000
1000
1000
1000
1000
1000
1000
1000
1000
1000
1000
1000
1000
1000
1000
1000
1000
1000
1000
1000
1000
1000
1000
1000
1000
1000
1000
1000
1000
1000
1000
1000
1000
1000
1000
1000
1000
1000
1000
1000
1000
1000
1000
1000
1000
1000
1000
1000
1000
1000
1000
1000
1000
1000
1000
1000
1000
1000
1000
1000
1000
1000
1000
1000
1000
1000
1000
1000
1000
1000
1000
1000
1000
1000
1000
1000
1000
1000
1000
1000
1000
1000
1000
1000
1000
1000
1000
1000
1000
1000
1000
1000
1000
1000
1000
1000
1000
1000
1000
1000
1000
1000
1000
1000
1000
1000
1000
1000
1000
1000
1000
1000
1000
1000
1000
1000
1000
1000
1000
1000
1000
1000
1000
1000
1000
1000
1000
1000
1000
1000
1000
1000
1000
1000
1000
1000
1000
1000
1000
1000
1000
1000
1000
1000
1000
1000
1000
1000
1000
1000
1000
1000
1000
1000
1000
1000
1000
1000
1000
1000
1000
1000
1000
1000
1000
1000
1000
1000
999.999999999
1000
1000
1000
1000
1000
1000
1000
1000
1000
1000
1000
1000
1000
1000
1000
1000
1000
1000
1000
999.999999995
1000
1000
1000
1000
1000
1000
1000
1000
1000
1000
1000
1000
1000
1000
1000
1000
1000
1000
1000
999.999999992
1000
1000
1000
1000
1000
1000
1000
1000
1000
1000
1000
1000
1000
1000
1000
1000
1000
1000
1000
999.999998934
1000
1000
1000
1000
1000
1000
1000
1000
1000
1000
1000
1000
1000
1000
1000
1000
1000
1000
1000
999.999950127
1000
1000
1000
1000
1000
1000
1000
1000
1000
1000
1000
1000
1000
1000
1000
1000
1000
1000
1000
999.998939514
1000
1000
1000
1000
1000
1000
1000
1000
1000
1000
1000
1000
1000
1000
1000
1000
1000
1000
1000
999.988527865
1000
1000
1000
1000
1000
1000
1000
1000
1000
1000
1000
1000
1000
1000
1000
1000
1000
1000
1000
999.918189936
1000
1000
1000
1000
1000
1000
1000
1000
1000
1000
1000
1000
1000
1000
1000
1000
1000
1000
1000
999.585047915
999.999517586
1000
1000
1000
1000
1000
1000
1000
1000
1000
1000
1000
1000
1000
1000
1000
1000
1000
1000
998.558519884
999.992930624
1000
1000
1000
1000
1000
1000
1000
1000
1000
1000
1000
1000
1000
1000
1000
1000
1000
1000
996.397281127
999.956608645
1000
1000
1000
1000
1000
1000
1000
1000
1000
1000
1000
1000
1000
1000
1000
1000
1000
1000
992.982186417
999.8376372
999.999998296
1000
1000
1000
1000
1000
1000
1000
1000
1000
1000
1000
1000
1000
1000
1000
1000
1000
988.411467087
999.562535224
999.999488916
1000
1000
1000
1000
1000
1000
1000
1000
1000
1000
1000
1000
1000
1000
1000
1000
1000
982.62179602
999.057778443
999.997011268
1000
1000
1000
1000
1000
1000
1000
1000
1000
1000
1000
1000
1000
1000
1000
1000
1000
975.322345055
998.251256712
999.990245436
1000
1000
1000
1000
1000
1000
1000
1000
1000
1000
1000
1000
1000
1000
1000
1000
1000
966.373972463
997.012364233
999.974480557
1000
1000
1000
1000
1000
1000
1000
1000
1000
1000
1000
1000
1000
1000
1000
1000
1000
955.845080763
995.10679613
999.938289586
1000
1000
1000
1000
1000
1000
1000
1000
1000
1000
1000
1000
1000
1000
1000
1000
1000
944.204692145
992.325299903
999.860336475
1000
1000
1000
1000
1000
1000
1000
1000
1000
1000
1000
1000
1000
1000
1000
1000
1000
931.809661182
988.496567632
999.705647657
999.999984199
1000
1000
1000
1000
1000
1000
1000
1000
1000
1000
1000
1000
1000
1000
1000
1000
917.982638234
983.171565329
999.395644894
999.999564134
1000
1000
1000
1000
1000
1000
1000
1000
1000
1000
1000
1000
1000
1000
1000
1000
901.399384044
975.297288825
998.742011167
999.997220939
1000
1000
1000
1000
1000
1000
1000
1000
1000
1000
1000
1000
1000
1000
1000
1000
879.433516823
963.139576368
997.308430341
999.985947937
1000
1000
1000
1000
1000
1000
1000
1000
1000
1000
1000
1000
1000
1000
1000
1000
854.64841604
945.119962418
994.107574242
999.930089587
1000
1000
1000
1000
1000
1000
1000
1000
1000
1000
1000
1000
1000
1000
1000
1000
834.888867949
922.112106484
987.593706313
999.678229211
999.999687328
1000
1000
1000
1000
1000
1000
1000
1000
1000
1000
1000
1000
1000
1000
1000
820.81904701
898.264692115
976.539137743
998.798062602
999.994252454
1000
1000
1000
1000
1000
1000
1000
1000
1000
1000
1000
1000
1000
1000
1000
807.770504858
876.091856827
961.08004932
996.436297354
999.950431528
1000
1000
1000
1000
1000
1000
1000
1000
1000
1000
1000
1000
1000
1000
1000
797.807872634
855.540576437
942.077404318
991.429600947
999.717969187
999.99945206
1000
1000
1000
1000
1000
1000
1000
1000
1000
1000
1000
1000
1000
1000
797.989971761
838.549219474
919.972815151
982.375153767
998.857534401
999.989840389
1000
1000
1000
1000
1000
1000
1000
1000
1000
1000
1000
1000
1000
1000
797.693866599
824.111057861
895.539800175
967.939631889
996.416414861
999.915627187
999.999980016
1000
1000
1000
1000
1000
1000
1000
1000
1000
1000
1000
1000
1000
797.989905213
810.607633198
870.51726644
948.075984105
990.959385728
999.538914968
999.997590791
1000
1000
1000
1000
1000
1000
1000
1000
1000
1000
1000
1000
1000
797.627820558
797.989878083
846.966187063
925.490875226
981.540849051
998.290556943
999.96947729
1000
1000
1000
1000
1000
1000
1000
1000
1000
1000
1000
1000
1000
797.989849345
797.718259157
831.157921666
904.321335535
968.990836403
995.453329663
999.813661332
999.99950243
1000
1000
1000
1000
1000
1000
1000
1000
1000
1000
1000
1000
797.631417636
797.989824221
821.631550487
887.465716579
955.535298804
990.778900356
999.282569981
999.991266838
1000
1000
1000
1000
1000
1000
1000
1000
1000
1000
1000
1000
797.989795619
797.724893193
815.659359775
874.333208335
942.54493634
984.574852307
998.08172811
999.941113219
999.999965569
1000
1000
1000
1000
1000
1000
1000
1000
1000
1000
1000
797.808313675
797.989767688
811.16530332
863.055787856
929.883586921
977.112328001
995.972242265
999.75871995
999.998497119
1000
1000
1000
1000
1000
1000
1000
1000
1000
1000
1000
797.989735354
797.741279996
807.197312582
852.49163679
917.012821675
968.356568431
992.791537835
999.269619209
999.985288028
1000
1000
1000
1000
1000
1000
1000
1000
1000
1000
1000
797.907104019
797.989701506
802.542348289
842.240755455
903.740735723
958.261364746
988.396383285
998.281238471
999.922976997
999.999811808
1000
1000
1000
1000
1000
1000
1000
1000
1000
1000
798.291653491
797.747811406
797.989664475
831.740541686
890.361638113
947.002539667
982.637034892
996.596014599
999.724859683
999.996408045
1000
1000
1000
1000
1000
1000
1000
1000
1000
1000
799.781907601
797.989622324
797.79064098
823.03760364
876.885735295
934.469825436
975.115437672
993.910594914
999.211541008
999.968956407
999.999955193
1000
1000
1000
1000
1000
1000
1000
1000
1000
804.861603501
797.771632832
797.989578801
815.613992966
863.225718585
920.011786175
964.853547221
989.415418305
998.060192448
999.844308461
999.997569159
999.999999949
1000
1000
1000
1000
1000
1000
1000
1000
815.171057737
797.989532099
797.796169781
808.759212587
848.772590831
902.413644263
950.245227084
981.479768656
995.450588102
999.375510338
999.968633357
999.999882077
999.999999995
1000
1000
1000
1000
1000
1000
1000
830.059929381
798.67720827
797.989486274
801.11224636
832.499728449
880.921942529
929.704341876
967.340748799
989.090360683
997.66643647
999.743866491
999.991591825
999.999993125
999.999999728
999.999999109
999.999996814
999.99999518
999.99999842
999.999999893
999.999999972
846.25227593
803.790646918
797.816419302
797.9894421
815.866189446
855.679408203
901.771992022
942.647250466
973.148091363
990.885931742
998.03496602
999.7818896
999.99060237
999.998869069
999.999503238
999.997976303
999.99620484
999.997911154
999.999825981
999.999995903
861.975649598
815.864054457
797.989403531
797.864105397
804.287428034
829.68293951
865.405035516
901.559037952
935.663121694
965.183481937
985.400439162
995.169625659
998.252106876
998.787072781
999.81781704
999.885641222
999.804088948
999.844217504
999.977922008
999.999933052
875.123232677
833.030663617
801.839450424
797.989369493
800.609664349
812.145508198
829.758607256
849.020124766
871.5199908
897.766980133
921.8347503
928.79186286
915.126707682
926.588986761
980.971858391
997.988720251
998.485200387
998.483082552
999.437306839
999.993676023
884.573601501
850.204921431
813.551067325
801.426655374
803.634784071
808.193371925
808.893188295
806.487514574
800.105959321
787.377413819
763.538165996
729.182508524
720.04484715
720.538849351
774.187541363
960.441816529
994.098382095
996.471488403
997.474373845
999.935450691
890.629184581
864.987128124
831.075665007
814.801405527
814.276947641
813.305892055
802.45218059
770.731460548
726.910815681
719.673762446
720.855949659
718.916843041
720.538843141
719.016935065
720.149477587
796.135894882
958.601775418
995.814852543
997.047679219
999.869305954
894.09073631
877.161424905
852.377153201
838.108822945
833.345330436
825.383920577
800.778903929
750.890843167
720.425484928
720.855939707
718.997294183
720.538832856
718.850913286
720.149304961
718.987354331
738.308159255
919.201659504
995.721104972
999.033841284
999.905220925
895.782322115
887.617021946
874.949606573
865.414329932
857.133011404
840.560356311
804.190404523
753.147434941
720.85592214
719.825256133
720.538816609
718.968356117
720.14933247
718.821701744
719.896827832
723.894599281
929.072937213
998.456120373
999.89801135
999.905186052
896.203287856
895.260813338
892.395293831
887.877741241
878.5349722
856.511207204
815.018574927
765.751796682
728.995817831
720.855905434
719.935804048
720.538509859
719.42782991
720.14943641
719.412163149
766.382125434
973.363829918
999.801646422
999.905223272
999.905456816
896.16242949
897.43682047
897.609123965
897.115027047
891.515234976
872.738455059
835.508965613
790.040118391
749.995123877
724.844583011
720.855885479
720.229998395
720.538489431
719.47830789
720.149413707
867.125079027
994.992910054
999.90525805
999.905691402
999.905421608
895.595637871
897.21100149
897.618261738
897.574250534
896.221014514
886.251323897
860.91826047
823.260067912
783.181383247
747.406167821
726.158391206
720.85586448
720.434448196
720.538467414
725.915111568
936.383874238
998.912853807
999.905844945
999.905396866
999.905643044
894.607095875
896.395339817
897.243560214
897.137444112
896.248991009
893.042283997
881.378164595
858.110969248
826.713390103
791.325988976
757.891051838
736.670444651
728.698753078
720.306428524
764.722894637
961.320016407
999.397621575
999.905376769
999.905791419
999.905501322
894.246520295
895.458347473
896.349417838
896.348600549
895.871702593
894.359844142
890.54867704
881.601841653
865.935611669
843.3023055
814.827694912
789.440359143
774.068753115
754.780408417
819.688153375
971.605054755
999.3321048
999.872755074
999.790853348
999.905557333
894.493890688
895.33464993
895.982925524
896.102935543
895.759420932
894.806799483
893.160622703
890.239971241
885.26895191
877.440666352
865.699187815
852.173771311
839.992026107
824.72465977
866.031438632
971.86225816
998.53099089
999.328414619
998.828213448
999.884620494
895.458945507
895.798152131
896.227592575
896.378541326
896.148302507
895.598868959
894.697376015
893.32814895
891.553713585
889.853827165
888.445529226
886.840090261
884.2312026
877.534391561
886.812532307
960.005381206
993.979227126
994.731637086
993.786132184
999.671288524
896.875357556
896.95375065
897.111167322
897.230363785
897.135083026
896.841082201
896.294302004
895.508072045
894.908722994
895.016061626
895.888131658
896.853117718
897.303041623
896.525756825
887.340624673
922.745532121
968.336420375
961.948549571
977.417056591
999.400907777
897.783745822
897.803971136
897.838695828
897.855015993
897.833369032
897.749900226
897.546719961
897.28659574
897.407460184
897.810889447
897.909008204
897.868932123
898.03711869
897.628634009
866.877039366
823.6480558
834.599349681
852.188414395
954.471186489
999.164449231
897.868858045
897.908106577
897.86885953
897.920657796
897.868858528
897.922617559
897.868856464
897.905025428
897.868853595
898.119776809
897.86884826
898.256896663
878.120385487
790.830136236
715.419287427
673.492329627
659.243848135
751.553614331
925.770895531
999.074547098
897.99879772
897.868843259
898.030801128
897.868837064
898.07132795
897.868827792
898.057875261
897.868815061
898.256862752
897.868796795
895.573071845
795.3436846
668.482055998
628.086689981
620.341444085
618.816588057
619.066787473
729.321326583
904.320189102
998.967156526
897.868833192
898.149241938
897.86882452
898.22893977
897.868811597
897.224852183
892.681747186
894.625319324
897.868776991
889.962928179
763.004905747
632.526781359
618.24149289
619.066775394
618.144291353
619.066775948
634.247955024
751.0961231
904.815520151
998.992618122
898.204067005
897.868816662
896.751625316
889.07908352
884.035756591
880.694075144
881.511221274
890.262676066
898.258492413
830.274580044
656.710251946
618.188648139
619.066764635
618.159437363
619.066764378
623.838509759
681.080973606
766.068430652
911.04424547
999.082415527
895.972035094
885.181456161
879.126382297
878.812672883
878.698795635
878.81265349
883.93822
899.860190451
897.785103768
767.394786592
622.267912694
619.066752399
618.408534856
619.066753012
619.090912626
649.248504205
713.067809186
776.665665036
917.837096003
999.091246833
879.241847825
878.504561816
878.812669876
878.638960044
878.812650789
882.357133297
897.258257116
902.63236198
891.866789499
681.948531444
619.0667395
618.438353891
619.066740121
618.895538859
630.062953687
678.610723866
725.869379612
790.117359556
924.855419765
999.091257244
878.470291655
878.812666732
878.602313279
878.812647733
880.41715914
894.598488518
902.63236099
902.880246282
817.625648238
623.284544518
618.64049995
619.066726029
619.430391244
627.756844509
654.717087236
699.627557987
739.227930843
806.123643965
932.871654879
999.091252017
878.812662603
878.562909626
878.812643814
879.023586298
890.586104903
902.632357516
902.81068955
874.300855082
651.548567454
618.866322991
619.066712285
620.566025734
630.407311064
650.673549629
680.287573794
715.727232348
759.341220218
823.35968832
940.107313881
999.091262426
878.54971955
878.812638782
878.770578895
886.357370456
902.632354138
902.733595928
882.747647463
713.55839703
619.10466072
619.066698801
621.106811629
632.885401946
653.844777685
677.380052561
701.504791728
735.881895943
783.674102304
839.541929523
944.431559937
999.091257031
878.812631122
878.76738901
883.736284251
900.896729107
902.658657291
873.4050576
734.951652759
628.404153306
619.04965876
620.063206529
633.51579221
657.690156889
680.945356215
699.674321378
724.129436774
757.625460161
806.986565419
852.659689811
945.488334776
999.091266943
878.771302235
880.29822293
887.012353077
893.519955554
853.985834701
734.718930556
636.865074454
619.066958859
619.04291565
629.800986271
657.974811805
687.194291404
705.861718092
725.296633988
751.352421561
779.851665526
827.297034777
862.411735848
943.813254351
999.091260005
880.694236957
878.982817039
870.592241044
826.299234085
729.330286241
643.917781301
620.45311118
619.063651035
625.528958216
651.500851549
687.411453843
715.369007803
734.565137692
758.717683859
780.411116403
802.188516582
846.7038641
869.605874912
941.00713642
999.078483631
883.357540047
859.333095928
803.125889164
723.217811817
657.169293158
629.220045285
622.966428253
626.406324787
645.906430916
680.782106564
718.167351955
746.924967232
773.961208837
798.460350706
807.28576709
823.651860693
865.787910474
874.473074754
939.366384145
999.045272873
873.44843562
805.484517995
722.688124937
670.808781305
645.627621346
636.06153376
635.833148736
649.242949498
678.700062615
716.37028814
753.199552398
788.332305853
820.630244853
837.6261941
831.170354055
844.764754333
880.188160193
877.183903205
940.11362719
999.111885028
845.624339953
744.318586626
681.458705811
661.348156088
653.214356755
653.011203726
663.480416184
686.07668325
719.627871934
758.149449505
799.14445512
837.738567491
865.61755886
867.830925698
849.888841785
863.368938468
886.065268418
879.33771644
942.841507183
999.148463019
807.845167783
705.433178853
671.920605685
665.175066886
665.93547859
677.821626631
699.169936107
728.241149
764.964734977
806.217871005
848.43399889
882.137152118
901.026398281
892.76051115
860.165703995
874.224000943
888.044032647
881.706455157
947.215523907
999.150749918
772.594803535
690.723933438
674.758964332
672.664642292
681.9220094
704.458115607
734.277259039
768.572067887
808.669196075
851.86910637
888.787707354
913.580273407
926.880219616
913.638108146
862.720394795
873.732323567
889.113835947
884.442381901
953.252941147
999.149676844
747.807837693
692.21812525
683.509008627
688.281538943
704.204177273
732.124625683
766.018438297
803.613448207
845.858220263
885.967653402
915.878768036
934.739003821
946.420074925
932.082078852
858.766973742
859.263449306
889.134005902
889.159289344
961.580058207
999.151918779
741.976648964
698.375961908
698.078051648
714.1524416
735.179176859
762.561130517
793.86871853
829.244959646
870.409733548
906.820618137
933.128353664
949.774536162
961.744896658
948.288475884
843.339563862
835.009409856
870.033677156
900.963577105
973.09393161
999.150883294
745.815371057
707.007458728
713.661749177
741.75825473
768.707730978
792.325044545
813.139773799
835.215488289
871.583129433
913.680582852
942.969760246
960.875664424
973.986579673
961.905432665
827.312285245
811.112117155
856.150222361
921.408015361
986.675532716
999.152898757
756.358547148
719.081739067
726.069129008
758.100141853
792.321161729
814.235398142
821.408708536
832.924393411
866.600085779
912.276927872
947.735025133
969.439527032
983.671267529
973.062934891
829.013487675
791.638879294
846.359123214
943.859539635
996.725118625
999.151846811
776.521228177
738.782156106
738.922047902
766.192794054
803.907268265
826.554237639
824.587950843
826.183945349
854.826931158
908.026294124
951.199298853
977.21314399
990.512839873
983.436188254
851.620207733
782.726915255
826.608227002
955.623344577
999.08564367
999.153303952
805.619040205
771.318239211
758.831312584
777.565382907
813.264102926
834.983535207
826.154994395
814.448308313
842.52482191
905.921702642
956.330372448
984.769733005
994.230816398
990.435760769
894.849475579
782.653829963
792.39838605
951.374966482
999.15397522
999.152601264
837.492444484
815.650754242
793.110343412
801.173049059
829.148293875
843.768390247
824.308880996
799.118768615
837.770159449
910.730393194
964.891956145
990.97434779
995.715102601
993.671412576
937.640617327
785.544108551
756.702894263
926.336625233
999.152887389
999.153925382
864.56041081
858.893719477
840.348742312
839.050274667
855.422925065
851.390972988
810.385124932
787.664639563
842.37896565
924.147306794
975.720524483
994.703002463
996.232330596
994.962578936
965.046864696
798.151595081
735.210300673
890.363998589
998.581035202
999.152582371
881.59062571
886.507358272
880.134327051
876.974230312
875.527477664
846.831539053
780.672501939
784.619514976
860.283092329
942.858849201
985.22932199
996.267188534
996.47490372
995.549695848
979.4064081
809.088475961
723.573937599
866.475744326
996.805808091
999.153037165
890.323947866
892.826544355
891.667413633
887.395327345
873.502030473
820.351544584
754.951464559
791.43352898
886.833951448
960.855124637
991.590937018
996.73083811
996.623486443
995.855802471
985.87108473
808.122839448
716.181761214
861.028657093
994.808289294
999.151783015
892.821361883
892.876157946
890.784940451
881.176723845
846.341851104
773.166781916
754.614994936
815.363928009
916.17840008
975.772666447
995.167964058
996.823232116
996.680789533
996.082046726
988.698140841
797.057992379
713.566045801
869.381952808
994.907726309
999.152369802
892.78058843
890.844611188
878.048243849
839.777307281
784.073648242
739.082175231
755.399124462
853.300617274
944.614300947
987.120142428
996.628480437
996.827227575
996.73121174
996.276270654
989.55616047
776.343971507
713.024089141
884.983424632
995.881890665
999.150918302
890.667073893
875.600108695
822.467730113
757.738562639
731.28688338
730.360798101
764.325412119
894.580407664
967.633473074
994.138782955
996.828979008
996.827388976
996.801958076
996.462529545
991.102909394
769.099712574
713.565943632
883.680040753
996.316493062
999.151600354
878.496111949
820.589727346
735.13782057
704.998423078
709.71303033
731.026025286
790.702202204
930.877200759
983.994647973
996.64754222
996.827388311
996.833112506
996.827245051
996.669724517
991.712183769
780.914406009
712.556792748
867.204048748
995.023253068
999.150137862
841.874400511
741.522730237
701.353564254
701.017778749
705.056186602
740.58974853
840.178379542
958.45085532
993.507429911
996.827387745
996.839315546
996.827387895
996.839673921
996.82738802
989.306304332
791.213816306
713.565855495
830.280030597
988.454430584
999.150877453
791.498875988
701.541208395
700.839485952
701.353558124
709.256177921
771.797223335
901.674926436
979.534650794
996.660314953
996.836816536
996.827387456
996.852999574
996.827387578
996.851637274
976.292870951
777.593961461
712.484161557
791.851604761
972.02353014
999.149247476
746.208877844
700.815597497
701.353507377
701.076711481
730.435027024
830.966596533
951.792876455
993.016168344
996.83506315
996.827387118
996.86155491
996.827387235
996.866263142
993.060451271
933.701820468
762.634901332
713.5657819
767.453265105
950.545730512
999.150025198
715.897748935
701.35345342
700.736111521
705.932876894
777.947773022
900.928229678
979.217151552
996.747142203
996.827386831
996.862925686
996.827386953
996.811988621
990.053219343
963.351237256
901.742852939
771.930027319
712.98654519
754.944792856
931.531290162
999.148142394
711.81236847
700.936224158
701.353463452
728.959695235
845.8385312
954.550117679
992.822178753
996.827386558
996.863050177
996.827386695
996.059399353
981.23503229
959.178137794
946.461941943
921.764934487
780.589023915
713.565722242
749.988130357
916.152359897
998.928832534
717.553852516
701.353416082
705.298628978
776.368131831
913.242420747
983.835102827
996.812950819
996.84998765
996.827386454
996.323242227
973.089120908
955.089664094
955.063465374
963.231386878
943.108146371
795.805111674
718.800123959
752.55996702
902.029412405
998.196686175
737.332736135
706.979776818
726.099351263
835.512435096
960.200182771
995.259920545
996.846012704
996.827386237
996.866504626
977.452912343
944.083119551
950.43431163
972.64132231
988.396992289
951.872152858
832.922350569
751.389496997
760.178530445
885.084525519
996.796175985
776.665720963
736.015172467
765.386089332
880.789636194
973.49322691
996.499021444
996.827386089
996.866504479
988.731046568
922.008533951
930.364186059
973.714576552
996.395156781
995.530905829
962.05140082
878.279996688
793.296871859
775.069723597
863.992998277
994.030491554
827.608194347
782.561716119
807.252246595
892.245670233
972.370036332
996.04854816
996.86507031
993.413493252
914.791249639
882.377947189
957.1329531
996.809479949
999.482493049
997.734965333
976.568519074
917.014538104
834.758983083
800.854356313
850.980571747
991.140770474
845.944351687
800.107162817
815.917638878
887.436992291
965.013388515
990.635237215
986.425320921
912.245283436
778.393392564
867.043035733
966.774696219
997.106877718
999.487004061
999.162824191
990.679018516
951.037500515
875.809671433
832.754253366
846.771307509
991.174711836
815.849274024
780.840788118
794.857352545
847.554819225
918.022108494
924.064853522
851.232320546
719.095154219
711.944102223
804.976049837
912.295860067
981.24088158
997.661375489
999.33697076
998.464236225
976.930049167
908.329291098
862.337284974
869.52496628
994.008444355
705.898397493
702.570455782
711.86608248
729.023646616
756.957974286
729.827842794
665.762644071
637.489772866
674.477243502
750.941885676
848.680214334
940.033235069
985.159582258
997.570412623
999.24938853
987.55620941
906.472146177
870.130459425
914.687578657
997.75451048
623.286716492
627.179353339
630.325184311
632.137346461
634.402172295
627.811075336
621.369101645
625.032838918
667.690766874
744.491990171
836.564029395
918.443976272
968.991864646
991.602266212
999.135675819
989.532916908
855.760803195
890.304986744
957.058815603
999.578967119
620.600145062
619.272731772
620.6001766
619.721915013
620.600196752
620.116214051
620.600208758
628.388937625
680.984699557
760.17759199
845.67829972
917.580999353
962.805448115
987.375273216
997.657591205
966.968812196
855.591655565
923.667808178
988.17304538
999.967322222
618.79849641
620.600160187
619.419864045
620.60018241
619.90399107
620.600197879
622.271254434
650.387093236
715.487525646
792.916231434
868.070965953
926.272519194
963.435081397
987.288376425
994.744037943
915.141839192
868.99606917
967.252064149
999.439640694
999.981535416
620.600141639
619.340772245
620.600167166
620.056470604
620.600186292
624.551036187
645.115061348
694.183939511
762.209280427
833.898978084
896.46629006
941.46697162
969.457541209
990.037104807
989.407226008
865.049403432
925.507817125
995.745566841
999.979779411
999.98150952
619.446654852
620.600149633
620.207990808
625.18526371
634.154431315
656.987987013
697.829240533
754.757956485
820.051606225
881.545881134
929.538087434
961.054156475
981.875316203
992.881087915
978.175644043
814.792710804
957.627758183
999.594764153
999.981543138
999.981580814
620.600126113
629.055817174
640.679339171
657.385930995
681.119218111
720.922735694
771.924912752
829.660011492
887.194280055
933.894643671
965.707295226
983.847912414
995.25181412
995.615613042
914.659846954
720.10072455
949.121908121
999.5978618
999.981627135
999.98155318
641.559211994
666.349373219
688.153313216
712.42813458
747.523696716
802.467505988
858.285908433
910.487873845
953.067387877
979.82940414
992.831407392
997.913575998
998.213517479
944.712915294
697.226192524
640.72342059
897.513373703
998.233978797
999.981570993
999.981612228
686.060841493
714.560375117
735.069015914
759.684938604
805.988168764
883.329369299
940.079623043
974.965362824
992.293281403
997.932370372
999.045065599
999.052116
988.35346377
676.282084032
639.178712151
640.393248348
903.650263865
998.297935204
999.981618066
999.981559713
725.543722052
743.022534221
754.278156794
772.422890662
833.271225815
941.964629207
987.62303278
997.459349469
999.030649438
999.112817801
999.112797265
993.978142556
821.4764939
639.194589959
640.393266147
705.170670072
957.842905247
999.575902246
999.971708704
999.981569395
738.722115415
745.14253059
753.41718243
769.953374437
838.569058497
962.151830433
996.824739215
999.066179668
999.112817705
999.112797217
996.7784955
925.739735564
717.645054513
640.393185882
653.542338432
868.553253953
993.993033333
999.933349134
999.796739142
999.915295896
735.572595255
738.675944416
744.561895082
759.337379778
829.218151648
960.093004853
996.696582666
998.710028264
998.819755517
998.057733806
977.798712255
862.888286173
731.460859628
690.176000453
820.262348091
983.915348234
999.836127604
999.932309722
998.313978307
998.46781383
718.330273726
717.958919723
726.146714685
745.07043482
802.704147646
936.576069591
992.850946791
996.646667239
996.693571568
989.812670682
936.293039189
834.830052578
792.091615949
874.12868333
979.326989326
999.680387172
999.967108223
999.96032818
996.738664574
989.320715992
690.538462348
693.328741418
710.968212104
741.34344121
790.833150805
902.295325848
980.891989291
990.712055293
990.05086716
965.891553078
900.804730816
864.97871668
925.536880081
989.29747127
999.699186855
999.967265916
999.966983194
999.967066292
996.754608851
959.081475048
675.584793976
681.981797263
708.010591441
744.322382288
795.723449593
891.325555531
965.972650368
981.329011388
978.797508452
944.397820923
911.124234386
930.451528274
990.515467126
999.747331863
999.96728621
999.966983247
999.967265707
999.940574565
984.899493106
946.706923972
675.033179102
682.442101758
712.674573613
757.01141296
814.68999333
896.93746379
961.142531303
976.597782315
974.480698116
944.602754645
924.542703379
966.569110275
997.751583834
999.93193685
999.966916425
999.967257395
999.966982881
998.908427325
965.863624459
946.604850269
674.986268163
691.997897065
731.923919061
783.586277758
844.735400563
913.58962007
962.568416679
977.183360779
976.519537277
952.76503317
935.34034761
962.181147589
996.740695424
999.886154441
999.963582522
999.964468036
999.963930009
997.582002203
963.090998696
951.248756862
682.394604875
716.941562253
767.491841209
820.705771571
876.283338251
931.881672704
967.837095363
980.76564368
982.380206392
971.283850303
952.776446653
953.980614432
966.473316051
996.90641313
999.874951771
999.922505123
999.923174439
996.688049246
954.769186589
955.924202362
704.635526212
754.959417029
811.201046474
859.965667249
902.776937356
945.058043151
974.002258501
985.700682577
988.342029122
987.066062698
975.06249295
957.569559702
957.729325948
959.748773585
994.298145113
999.692129847
999.740702836
994.853380754
932.197098614
955.789157144
738.77325218
795.794444353
851.255654687
890.472701112
918.774617435
949.584018974
977.065029921
988.855254174
991.063825354
991.04917532
989.124838671
978.6825574
960.454411342
956.838194291
957.345049418
990.562432325
997.326735194
985.380804442
932.255189798
956.537940191
772.986386897
826.738252644
872.102462066
900.491789606
919.392707142
946.113791742
974.698736685
988.715965651
991.470878121
991.495821363
991.431624227
990.318432357
983.076996672
966.291298942
956.838057095
959.461873069
973.318171977
966.57564455
946.707671004
956.590784574
797.987889788
842.310146835
876.502473432
900.70970391
918.002195917
939.71925731
968.440535238
987.130571503
991.49582284
991.505135098
991.51562485
991.536071974
991.287210579
988.262026511
978.062245897
963.056814439
906.875971887
871.837103737
866.92326463
946.048074105
817.926377954
854.33325348
881.917925105
904.221694439
921.359571899
934.740423605
953.365363821
974.669747864
987.271594577
991.515626626
991.549669557
991.564514129
991.564501673
991.569130906
991.576940988
975.020338893
859.034074928
759.236700622
724.599308229
762.724590061
)
;

boundaryField
{
    emptyPatch
    {
        type            empty;
    }
    minY
    {
        type            calculated;
        value           uniform 1000;
    }
    maxY
    {
        type            calculated;
        value           nonuniform List<scalar> 
40
(
636.280690845
750.548704448
758.671144623
782.917766825
802.646505332
790.488421782
747.318266996
689.633358375
644.27272727
628.019271371
624.608841965
624.656492104
625.191980106
628.25975743
635.274011273
645.07514386
661.530708086
689.565704843
729.290186345
774.360903548
817.926376194
854.333252145
881.91792374
904.221692752
921.359569843
934.740421289
953.365361629
974.669746213
987.271593434
991.515625654
991.549668377
991.564512702
991.56449992
991.569128712
991.576938213
975.02032891
859.034017457
759.236601544
724.599200705
762.724514835
)
;
    }
    water_to_cooler
    {
        type            calculated;
        value           nonuniform List<scalar> 
150
(
1000
1000
1000
1000
1000
1000
1000
1000
1000
1000
1000
1000
1000
1000
1000
1000
1000
1000
1000
1000
1000
1000
1000
1000
1000
1000
1000
1000
1000
1000
1000
1000
1000
1000
1000
1000
1000
1000
1000
1000
1000
1000
1000
1000
1000
1000
1000
1000
1000
1000
1000
1000
1000
1000
1000
1000
1000
1000
1000
1000
1000
1000
1000
1000
1000
1000
1000
1000
999.999999972
999.999995903
999.999933052
999.993676023
999.935450691
999.869305954
999.905220925
999.905186052
999.905456816
999.905421608
999.905643044
999.905501322
999.905557333
999.884620494
999.671288524
999.400907778
999.164449231
999.074547099
998.967156528
998.992618123
999.082415529
999.091246835
999.091257245
999.091252019
999.091262428
999.091257034
999.091266946
999.091260008
999.078483635
999.045272878
999.111885034
999.148463025
999.150749925
999.149676852
999.151918787
999.150883303
999.152898767
999.151846821
999.153303963
999.152601274
999.153925394
999.152582382
999.153037177
999.151783028
999.152369815
999.150918315
999.151600368
999.150137876
999.150877469
999.149247493
999.150025216
999.148142413
998.92883256
998.196686221
996.796176071
994.030491726
991.140770758
991.174712169
994.008444643
997.754510637
999.578967168
999.967322229
999.981535426
999.981509541
999.981580853
999.981553244
999.981612321
999.981559834
999.981569546
999.915296719
998.467831286
989.320863064
959.082164798
946.7081134
946.606544291
951.250911878
955.926693226
955.791939384
956.540603201
956.593180616
946.050824455
762.737540362
)
;
    }
    water_to_heater
    {
        type            calculated;
        value           nonuniform List<scalar> 
240
(
914.836262864
693.51906795
693.519120789
693.519314408
693.519337127
693.51909701
693.51910572
701.338700774
714.633691767
717.979513563
717.97950921
718.200474517
718.200469937
717.250984422
717.250980105
718.208525837
716.983075609
718.286335113
718.286332943
717.199343152
717.199341606
718.333300713
718.333299164
718.278820839
725.94780341
728.092959878
728.092957985
711.690645425
711.690643096
689.096606327
689.09660348
689.925810934
687.722828113
689.91092769
689.910924168
687.714540487
687.714536814
689.910895704
689.910891647
688.010920465
689.925716089
688.622145618
688.622141559
690.019684307
690.019680257
689.801345877
689.801341589
705.33284556
728.594008131
723.258812919
723.258808492
683.982496223
683.982491457
670.327859017
670.327853482
667.152965148
670.327822093
666.953315635
666.953307443
670.327796175
670.327786008
667.347721963
667.347708261
670.327756134
668.013675876
670.327726018
670.327702276
668.67323664
668.673207141
670.327659296
670.327624377
669.365648684
670.327563881
669.672563267
669.672522729
670.327499791
670.327458558
673.687443161
673.687401206
694.11003452
720.92350098
728.68183895
728.681803878
717.910289946
717.91025566
690.964566861
690.96453318
666.878613245
667.185652423
664.524406443
664.524382939
666.935725394
666.935710857
664.467077206
664.467073133
666.935693152
664.563465144
667.158777841
667.158792862
665.969850255
665.969874065
667.414137407
667.41416782
668.130225786
682.724092603
706.608218058
706.608237244
713.585701203
713.585710406
693.752626469
693.752626108
651.239818101
644.877512266
643.878881193
643.8788605
644.877491718
644.877461647
644.456520071
644.456482025
644.877421905
648.419106651
655.730412587
655.730379902
663.774123492
663.774095238
682.090207968
682.090185504
708.013253933
714.935875136
691.418161902
691.418147744
634.773997058
634.773985453
587.390909889
587.390906771
583.349448599
583.953439404
583.436275411
583.436269487
583.953435173
583.953425195
585.696079941
585.696063191
601.969450794
627.667138187
640.045973182
640.045940443
640.417730012
640.417698353
644.514258937
644.514229877
671.66644822
715.344763415
722.136782122
722.136763808
678.863622636
678.863605046
601.430876637
601.430866826
576.278707219
574.849750099
576.245428789
576.245442771
574.81484283
574.814859917
576.245458388
576.245475507
575.283480913
576.278773412
576.038402206
576.03842178
581.260614271
581.260635164
602.28879174
602.288809121
630.605065834
647.495122902
651.04311885
651.043126143
655.522281649
655.522284696
675.576897415
675.576896142
702.212219932
694.482842976
643.260781718
643.26077407
576.574584553
576.574581325
562.865659334
562.865655706
563.813890595
562.686854694
563.868414681
563.868397277
562.702979472
562.702967084
563.868385626
563.868381462
563.22036886
563.961600612
565.471708485
565.47170949
578.585479702
578.585479656
601.687745615
601.687742705
619.948432244
644.153119489
698.289767716
698.289756237
779.154249199
779.154237255
854.060248627
854.060238314
873.915700384
850.215923917
717.550799736
717.550777202
608.657572927
608.65754829
586.667097255
586.667074853
585.576772722
585.738917508
585.586882091
585.586873335
585.738906378
585.738920631
587.502196801
587.502232166
594.111473252
602.015422612
602.24700264
602.247062143
603.185865831
603.18592864
616.740535777
616.740573775
636.119855472
)
;
    }
}


// ************************************************************************* //
