/*--------------------------------*- C++ -*----------------------------------*\
| =========                 |                                                 |
| \\      /  F ield         | OpenFOAM: The Open Source CFD Toolbox           |
|  \\    /   O peration     | Version:  2312                                  |
|   \\  /    A nd           | Website:  www.openfoam.com                      |
|    \\/     M anipulation  |                                                 |
\*---------------------------------------------------------------------------*/
FoamFile
{
    version     2.0;
    format      ascii;
    arch        "LSB;label=32;scalar=64";
    class       volTensorField;
    location    "139.56841669182307/fluidRegion";
    object      Kd;
}
// * * * * * * * * * * * * * * * * * * * * * * * * * * * * * * * * * * * * * //

dimensions      [1 -3 -1 0 0 0 0];

internalField   nonuniform List<tensor> 
625
(
(1118.703 0 0 0 1118.703 0 0 0 1118.703)
(1118.703 0 0 0 1118.703 0 0 0 1118.703)
(1118.703 0 0 0 1118.703 0 0 0 1118.703)
(1118.703 0 0 0 1118.703 0 0 0 1118.703)
(1118.703 0 0 0 1118.703 0 0 0 1118.703)
(1118.703 0 0 0 1118.703 0 0 0 1118.703)
(1118.703 0 0 0 1118.703 0 0 0 1118.703)
(1118.703 0 0 0 1118.703 0 0 0 1118.703)
(1118.703 0 0 0 1118.703 0 0 0 1118.703)
(1118.703 0 0 0 1118.703 0 0 0 1118.703)
(1118.703 0 0 0 1118.703 0 0 0 1118.703)
(1118.703 0 0 0 1118.703 0 0 0 1118.703)
(1118.703 0 0 0 1118.703 0 0 0 1118.703)
(1118.703 0 0 0 1118.703 0 0 0 1118.703)
(1118.703 0 0 0 1118.703 0 0 0 1118.703)
(1118.703 0 0 0 1118.703 0 0 0 1118.703)
(1118.703 0 0 0 1118.703 0 0 0 1118.703)
(1118.703 0 0 0 1118.703 0 0 0 1118.703)
(1118.703 0 0 0 1118.703 0 0 0 1118.703)
(1118.703 0 0 0 1118.703 0 0 0 1118.703)
(1118.703 0 0 0 1118.703 0 0 0 1118.703)
(1118.703 0 0 0 1118.703 0 0 0 1118.703)
(1118.703 0 0 0 1118.703 0 0 0 1118.703)
(1118.703 0 0 0 1118.703 0 0 0 1118.703)
(1118.703 0 0 0 1118.703 0 0 0 1118.703)
(1118.703 0 0 0 1118.703 0 0 0 1118.703)
(1118.703 0 0 0 1118.703 0 0 0 1118.703)
(1118.703 0 0 0 1118.703 0 0 0 1118.703)
(1118.703 0 0 0 1118.703 0 0 0 1118.703)
(1118.703 0 0 0 1118.703 0 0 0 1118.703)
(1118.703 0 0 0 1118.703 0 0 0 1118.703)
(1118.703 0 0 0 1118.703 0 0 0 1118.703)
(1118.703 0 0 0 1118.703 0 0 0 1118.703)
(1118.703 0 0 0 1118.703 0 0 0 1118.703)
(1118.703 0 0 0 1118.703 0 0 0 1118.703)
(1118.703 0 0 0 1118.703 0 0 0 1118.703)
(1118.703 0 0 0 1118.703 0 0 0 1118.703)
(1118.703 0 0 0 1118.703 0 0 0 1118.703)
(1118.703 0 0 0 1118.703 0 0 0 1118.703)
(1118.703 0 0 0 1118.703 0 0 0 1118.703)
(1118.703 0 0 0 1118.703 0 0 0 1118.703)
(1118.703 0 0 0 1118.703 0 0 0 1118.703)
(1118.703 0 0 0 1118.703 0 0 0 1118.703)
(1118.703 0 0 0 1118.703 0 0 0 1118.703)
(1118.703 0 0 0 1118.703 0 0 0 1118.703)
(1118.703 0 0 0 1118.703 0 0 0 1118.703)
(1118.703 0 0 0 1118.703 0 0 0 1118.703)
(1118.703 0 0 0 1118.703 0 0 0 1118.703)
(1118.703 0 0 0 1118.703 0 0 0 1118.703)
(1118.703 0 0 0 1118.703 0 0 0 1118.703)
(1118.703 0 0 0 1118.703 0 0 0 1118.703)
(1118.703 0 0 0 1118.703 0 0 0 1118.703)
(1118.703 0 0 0 1118.703 0 0 0 1118.703)
(1118.703 0 0 0 1118.703 0 0 0 1118.703)
(1118.703 0 0 0 1118.703 0 0 0 1118.703)
(1118.703 0 0 0 1118.703 0 0 0 1118.703)
(1118.703 0 0 0 1118.703 0 0 0 1118.703)
(1118.703 0 0 0 1118.703 0 0 0 1118.703)
(1118.703 0 0 0 1118.703 0 0 0 1118.703)
(1118.703 0 0 0 1118.703 0 0 0 1118.703)
(1118.703 0 0 0 1118.703 0 0 0 1118.703)
(1118.703 0 0 0 1118.703 0 0 0 1118.703)
(1118.703 0 0 0 1118.703 0 0 0 1118.703)
(1118.703 0 0 0 1118.703 0 0 0 1118.703)
(1118.703 0 0 0 1118.703 0 0 0 1118.703)
(1118.703 0 0 0 1118.703 0 0 0 1118.703)
(1118.703 0 0 0 1118.703 0 0 0 1118.703)
(1118.703 0 0 0 1118.703 0 0 0 1118.703)
(1118.703 0 0 0 1118.703 0 0 0 1118.703)
(1118.703 0 0 0 1118.703 0 0 0 1118.703)
(1118.703 0 0 0 1118.703 0 0 0 1118.703)
(1118.703 0 0 0 1118.703 0 0 0 1118.703)
(1118.703 0 0 0 1118.703 0 0 0 1118.703)
(1118.703 0 0 0 1118.703 0 0 0 1118.703)
(1118.703 0 0 0 1118.703 0 0 0 1118.703)
(1118.703 0 0 0 1118.703 0 0 0 1118.703)
(1118.703 0 0 0 1118.703 0 0 0 1118.703)
(1118.703 0 0 0 1118.703 0 0 0 1118.703)
(1118.703 0 0 0 1118.703 0 0 0 1118.703)
(1118.703 0 0 0 1118.703 0 0 0 1118.703)
(1118.703 0 0 0 1118.703 0 0 0 1118.703)
(1118.703 0 0 0 1118.703 0 0 0 1118.703)
(1118.703 0 0 0 1118.703 0 0 0 1118.703)
(1118.703 0 0 0 1118.703 0 0 0 1118.703)
(1118.703 0 0 0 1118.703 0 0 0 1118.703)
(1118.703 0 0 0 1118.703 0 0 0 1118.703)
(1118.703 0 0 0 1118.703 0 0 0 1118.703)
(1118.703 0 0 0 1118.703 0 0 0 1118.703)
(1118.703 0 0 0 1118.703 0 0 0 1118.703)
(1118.703 0 0 0 1118.703 0 0 0 1118.703)
(1118.703 0 0 0 1118.703 0 0 0 1118.703)
(1118.703 0 0 0 1118.703 0 0 0 1118.703)
(1118.703 0 0 0 1118.703 0 0 0 1118.703)
(1118.703 0 0 0 1118.703 0 0 0 1118.703)
(1118.703 0 0 0 1118.703 0 0 0 1118.703)
(1118.703 0 0 0 1118.703 0 0 0 1118.703)
(1118.703 0 0 0 1118.703 0 0 0 1118.703)
(1118.703 0 0 0 1118.703 0 0 0 1118.703)
(1118.703 0 0 0 1118.703 0 0 0 1118.703)
(1118.703 0 0 0 1118.703 0 0 0 1118.703)
(1118.703 0 0 0 1118.703 0 0 0 1118.703)
(1118.703 0 0 0 1118.703 0 0 0 1118.703)
(1118.703 0 0 0 1118.703 0 0 0 1118.703)
(1118.703 0 0 0 1118.703 0 0 0 1118.703)
(1118.703 0 0 0 1118.703 0 0 0 1118.703)
(1118.703 0 0 0 1118.703 0 0 0 1118.703)
(1118.703 0 0 0 1118.703 0 0 0 1118.703)
(1118.703 0 0 0 1118.703 0 0 0 1118.703)
(1118.703 0 0 0 1118.703 0 0 0 1118.703)
(1118.703 0 0 0 1118.703 0 0 0 1118.703)
(1118.703 0 0 0 1118.703 0 0 0 1118.703)
(1118.703 0 0 0 1118.703 0 0 0 1118.703)
(1118.703 0 0 0 1118.703 0 0 0 1118.703)
(1118.703 0 0 0 1118.703 0 0 0 1118.703)
(1118.703 0 0 0 1118.703 0 0 0 1118.703)
(1118.703 0 0 0 1118.703 0 0 0 1118.703)
(1118.703 0 0 0 1118.703 0 0 0 1118.703)
(1118.703 0 0 0 1118.703 0 0 0 1118.703)
(1118.703 0 0 0 1118.703 0 0 0 1118.703)
(1118.703 0 0 0 1118.703 0 0 0 1118.703)
(1118.703 0 0 0 1118.703 0 0 0 1118.703)
(1118.703 0 0 0 1118.703 0 0 0 1118.703)
(1118.703 0 0 0 1118.703 0 0 0 1118.703)
(1118.703 0 0 0 1118.703 0 0 0 1118.703)
(1118.703 0 0 0 1118.703 0 0 0 1118.703)
(1118.703 0 0 0 1118.703 0 0 0 1118.703)
(1118.703 0 0 0 1118.703 0 0 0 1118.703)
(1118.703 0 0 0 1118.703 0 0 0 1118.703)
(1118.703 0 0 0 1118.703 0 0 0 1118.703)
(1118.703 0 0 0 1118.703 0 0 0 1118.703)
(1118.703 0 0 0 1118.703 0 0 0 1118.703)
(1118.703 0 0 0 1118.703 0 0 0 1118.703)
(1118.703 0 0 0 1118.703 0 0 0 1118.703)
(1118.703 0 0 0 1118.703 0 0 0 1118.703)
(1118.703 0 0 0 1118.703 0 0 0 1118.703)
(1118.703 0 0 0 1118.703 0 0 0 1118.703)
(1118.703 0 0 0 1118.703 0 0 0 1118.703)
(1118.703 0 0 0 1118.703 0 0 0 1118.703)
(1118.703 0 0 0 1118.703 0 0 0 1118.703)
(1118.703 0 0 0 1118.703 0 0 0 1118.703)
(1118.703 0 0 0 1118.703 0 0 0 1118.703)
(1118.703 0 0 0 1118.703 0 0 0 1118.703)
(1118.703 0 0 0 1118.703 0 0 0 1118.703)
(1118.703 0 0 0 1118.703 0 0 0 1118.703)
(1118.703 0 0 0 1118.703 0 0 0 1118.703)
(1118.703 0 0 0 1118.703 0 0 0 1118.703)
(1118.703 0 0 0 1118.703 0 0 0 1118.703)
(1118.703 0 0 0 1118.703 0 0 0 1118.703)
(1118.703 0 0 0 1118.703 0 0 0 1118.703)
(1118.703 0 0 0 1118.703 0 0 0 1118.703)
(1118.703 0 0 0 1118.703 0 0 0 1118.703)
(1118.703 0 0 0 1118.703 0 0 0 1118.703)
(1118.703 0 0 0 1118.703 0 0 0 1118.703)
(1118.703 0 0 0 1118.703 0 0 0 1118.703)
(1118.703 0 0 0 1118.703 0 0 0 1118.703)
(1118.703 0 0 0 1118.703 0 0 0 1118.703)
(1118.703 0 0 0 1118.703 0 0 0 1118.703)
(1118.703 0 0 0 1118.703 0 0 0 1118.703)
(1118.703 0 0 0 1118.703 0 0 0 1118.703)
(1118.703 0 0 0 1118.703 0 0 0 1118.703)
(1118.703 0 0 0 1118.703 0 0 0 1118.703)
(1118.703 0 0 0 1118.703 0 0 0 1118.703)
(1118.703 0 0 0 1118.703 0 0 0 1118.703)
(1118.703 0 0 0 1118.703 0 0 0 1118.703)
(1118.703 0 0 0 1118.703 0 0 0 1118.703)
(1118.703 0 0 0 1118.703 0 0 0 1118.703)
(1118.703 0 0 0 1118.703 0 0 0 1118.703)
(1118.703 0 0 0 1118.703 0 0 0 1118.703)
(1118.703 0 0 0 1118.703 0 0 0 1118.703)
(1118.703 0 0 0 1118.703 0 0 0 1118.703)
(1118.703 0 0 0 1118.703 0 0 0 1118.703)
(1118.703 0 0 0 1118.703 0 0 0 1118.703)
(1118.703 0 0 0 1118.703 0 0 0 1118.703)
(1118.703 0 0 0 1118.703 0 0 0 1118.703)
(1118.703 0 0 0 1118.703 0 0 0 1118.703)
(1118.703 0 0 0 1118.703 0 0 0 1118.703)
(1118.703 0 0 0 1118.703 0 0 0 1118.703)
(1118.703 0 0 0 1118.703 0 0 0 1118.703)
(1118.703 0 0 0 1118.703 0 0 0 1118.703)
(1118.703 0 0 0 1118.703 0 0 0 1118.703)
(1118.703 0 0 0 1118.703 0 0 0 1118.703)
(1118.703 0 0 0 1118.703 0 0 0 1118.703)
(1118.703 0 0 0 1118.703 0 0 0 1118.703)
(1118.703 0 0 0 1118.703 0 0 0 1118.703)
(1118.703 0 0 0 1118.703 0 0 0 1118.703)
(1118.703 0 0 0 1118.703 0 0 0 1118.703)
(1118.703 0 0 0 1118.703 0 0 0 1118.703)
(1118.703 0 0 0 1118.703 0 0 0 1118.703)
(1118.703 0 0 0 1118.703 0 0 0 1118.703)
(1118.703 0 0 0 1118.703 0 0 0 1118.703)
(1118.703 0 0 0 1118.703 0 0 0 1118.703)
(1118.703 0 0 0 1118.703 0 0 0 1118.703)
(1118.703 0 0 0 1118.703 0 0 0 1118.703)
(1118.703 0 0 0 1118.703 0 0 0 1118.703)
(1118.703 0 0 0 1118.703 0 0 0 1118.703)
(1118.703 0 0 0 1118.703 0 0 0 1118.703)
(1118.703 0 0 0 1118.703 0 0 0 1118.703)
(1118.703 0 0 0 1118.703 0 0 0 1118.703)
(1118.703 0 0 0 1118.703 0 0 0 1118.703)
(1118.703 0 0 0 1118.703 0 0 0 1118.703)
(1118.703 0 0 0 1118.703 0 0 0 1118.703)
(1118.703 0 0 0 1118.703 0 0 0 1118.703)
(1118.703 0 0 0 1118.703 0 0 0 1118.703)
(1118.703 0 0 0 1118.703 0 0 0 1118.703)
(1118.703 0 0 0 1118.703 0 0 0 1118.703)
(1118.703 0 0 0 1118.703 0 0 0 1118.703)
(1118.703 0 0 0 1118.703 0 0 0 1118.703)
(1118.703 0 0 0 1118.703 0 0 0 1118.703)
(1118.703 0 0 0 1118.703 0 0 0 1118.703)
(1118.703 0 0 0 1118.703 0 0 0 1118.703)
(1118.703 0 0 0 1118.703 0 0 0 1118.703)
(1118.703 0 0 0 1118.703 0 0 0 1118.703)
(1118.703 0 0 0 1118.703 0 0 0 1118.703)
(1118.703 0 0 0 1118.703 0 0 0 1118.703)
(1118.703 0 0 0 1118.703 0 0 0 1118.703)
(1118.703 0 0 0 1118.703 0 0 0 1118.703)
(1118.703 0 0 0 1118.703 0 0 0 1118.703)
(1118.703 0 0 0 1118.703 0 0 0 1118.703)
(1118.703 0 0 0 1118.703 0 0 0 1118.703)
(1118.703 0 0 0 1118.703 0 0 0 1118.703)
(1118.703 0 0 0 1118.703 0 0 0 1118.703)
(1118.703 0 0 0 1118.703 0 0 0 1118.703)
(1118.703 0 0 0 1118.703 0 0 0 1118.703)
(1118.703 0 0 0 1118.703 0 0 0 1118.703)
(1118.703 0 0 0 1118.703 0 0 0 1118.703)
(1118.703 0 0 0 1118.703 0 0 0 1118.703)
(1118.703 0 0 0 1118.703 0 0 0 1118.703)
(1118.703 0 0 0 1118.703 0 0 0 1118.703)
(1118.703 0 0 0 1118.703 0 0 0 1118.703)
(1118.703 0 0 0 1118.703 0 0 0 1118.703)
(1118.703 0 0 0 1118.703 0 0 0 1118.703)
(1118.703 0 0 0 1118.703 0 0 0 1118.703)
(1118.703 0 0 0 1118.703 0 0 0 1118.703)
(1118.703 0 0 0 1118.703 0 0 0 1118.703)
(1118.703 0 0 0 1118.703 0 0 0 1118.703)
(1118.703 0 0 0 1118.703 0 0 0 1118.703)
(1118.703 0 0 0 1118.703 0 0 0 1118.703)
(1118.703 0 0 0 1118.703 0 0 0 1118.703)
(1118.703 0 0 0 1118.703 0 0 0 1118.703)
(1118.703 0 0 0 1118.703 0 0 0 1118.703)
(1118.703 0 0 0 1118.703 0 0 0 1118.703)
(1118.703 0 0 0 1118.703 0 0 0 1118.703)
(1118.703 0 0 0 1118.703 0 0 0 1118.703)
(1118.703 0 0 0 1118.703 0 0 0 1118.703)
(1118.703 0 0 0 1118.703 0 0 0 1118.703)
(1118.703 0 0 0 1118.703 0 0 0 1118.703)
(1118.703 0 0 0 1118.703 0 0 0 1118.703)
(1118.703 0 0 0 1118.703 0 0 0 1118.703)
(1118.703 0 0 0 1118.703 0 0 0 1118.703)
(1118.703 0 0 0 1118.703 0 0 0 1118.703)
(1118.703 0 0 0 1118.703 0 0 0 1118.703)
(1118.703 0 0 0 1118.703 0 0 0 1118.703)
(1118.703 0 0 0 1118.703 0 0 0 1118.703)
(1118.703 0 0 0 1118.703 0 0 0 1118.703)
(1118.703 0 0 0 1118.703 0 0 0 1118.703)
(1118.703 0 0 0 1118.703 0 0 0 1118.703)
(1118.703 0 0 0 1118.703 0 0 0 1118.703)
(1118.703 0 0 0 1118.703 0 0 0 1118.703)
(1118.703 0 0 0 1118.703 0 0 0 1118.703)
(1118.703 0 0 0 1118.703 0 0 0 1118.703)
(1118.703 0 0 0 1118.703 0 0 0 1118.703)
(1118.703 0 0 0 1118.703 0 0 0 1118.703)
(1118.703 0 0 0 1118.703 0 0 0 1118.703)
(1118.703 0 0 0 1118.703 0 0 0 1118.703)
(1118.703 0 0 0 1118.703 0 0 0 1118.703)
(1118.703 0 0 0 1118.703 0 0 0 1118.703)
(1118.703 0 0 0 1118.703 0 0 0 1118.703)
(1118.703 0 0 0 1118.703 0 0 0 1118.703)
(1118.703 0 0 0 1118.703 0 0 0 1118.703)
(1118.703 0 0 0 1118.703 0 0 0 1118.703)
(1118.703 0 0 0 1118.703 0 0 0 1118.703)
(1118.703 0 0 0 1118.703 0 0 0 1118.703)
(1118.703 0 0 0 1118.703 0 0 0 1118.703)
(1118.703 0 0 0 1118.703 0 0 0 1118.703)
(1118.703 0 0 0 1118.703 0 0 0 1118.703)
(1118.703 0 0 0 1118.703 0 0 0 1118.703)
(1118.703 0 0 0 1118.703 0 0 0 1118.703)
(1118.703 0 0 0 1118.703 0 0 0 1118.703)
(1118.703 0 0 0 1118.703 0 0 0 1118.703)
(1118.703 0 0 0 1118.703 0 0 0 1118.703)
(1118.703 0 0 0 1118.703 0 0 0 1118.703)
(1118.703 0 0 0 1118.703 0 0 0 1118.703)
(1118.703 0 0 0 1118.703 0 0 0 1118.703)
(1118.703 0 0 0 1118.703 0 0 0 1118.703)
(1118.703 0 0 0 1118.703 0 0 0 1118.703)
(1118.703 0 0 0 1118.703 0 0 0 1118.703)
(1118.703 0 0 0 1118.703 0 0 0 1118.703)
(1118.703 0 0 0 1118.703 0 0 0 1118.703)
(1118.703 0 0 0 1118.703 0 0 0 1118.703)
(1118.703 0 0 0 1118.703 0 0 0 1118.703)
(1118.703 0 0 0 1118.703 0 0 0 1118.703)
(1118.703 0 0 0 1118.703 0 0 0 1118.703)
(1118.703 0 0 0 1118.703 0 0 0 1118.703)
(1118.703 0 0 0 1118.703 0 0 0 1118.703)
(1118.703 0 0 0 1118.703 0 0 0 1118.703)
(1118.703 0 0 0 1118.703 0 0 0 1118.703)
(1118.703 0 0 0 1118.703 0 0 0 1118.703)
(1118.703 0 0 0 1118.703 0 0 0 1118.703)
(1118.703 0 0 0 1118.703 0 0 0 1118.703)
(1118.703 0 0 0 1118.703 0 0 0 1118.703)
(1118.703 0 0 0 1118.703 0 0 0 1118.703)
(1118.703 0 0 0 1118.703 0 0 0 1118.703)
(1118.703 0 0 0 1118.703 0 0 0 1118.703)
(1118.703 0 0 0 1118.703 0 0 0 1118.703)
(1118.703 0 0 0 1118.703 0 0 0 1118.703)
(1118.703 0 0 0 1118.703 0 0 0 1118.703)
(1118.703 0 0 0 1118.703 0 0 0 1118.703)
(1118.703 0 0 0 1118.703 0 0 0 1118.703)
(1118.703 0 0 0 1118.703 0 0 0 1118.703)
(1118.703 0 0 0 1118.703 0 0 0 1118.703)
(1118.703 0 0 0 1118.703 0 0 0 1118.703)
(1118.703 0 0 0 1118.703 0 0 0 1118.703)
(1118.703 0 0 0 1118.703 0 0 0 1118.703)
(1118.703 0 0 0 1118.703 0 0 0 1118.703)
(1118.703 0 0 0 1118.703 0 0 0 1118.703)
(1118.703 0 0 0 1118.703 0 0 0 1118.703)
(1118.703 0 0 0 1118.703 0 0 0 1118.703)
(1118.703 0 0 0 1118.703 0 0 0 1118.703)
(1118.703 0 0 0 1118.703 0 0 0 1118.703)
(1118.703 0 0 0 1118.703 0 0 0 1118.703)
(1118.703 0 0 0 1118.703 0 0 0 1118.703)
(1118.703 0 0 0 1118.703 0 0 0 1118.703)
(1118.703 0 0 0 1118.703 0 0 0 1118.703)
(1118.703 0 0 0 1118.703 0 0 0 1118.703)
(1118.703 0 0 0 1118.703 0 0 0 1118.703)
(1118.703 0 0 0 1118.703 0 0 0 1118.703)
(1118.703 0 0 0 1118.703 0 0 0 1118.703)
(1118.703 0 0 0 1118.703 0 0 0 1118.703)
(1118.703 0 0 0 1118.703 0 0 0 1118.703)
(1118.703 0 0 0 1118.703 0 0 0 1118.703)
(1118.703 0 0 0 1118.703 0 0 0 1118.703)
(1118.703 0 0 0 1118.703 0 0 0 1118.703)
(1118.703 0 0 0 1118.703 0 0 0 1118.703)
(1118.703 0 0 0 1118.703 0 0 0 1118.703)
(1118.703 0 0 0 1118.703 0 0 0 1118.703)
(1118.703 0 0 0 1118.703 0 0 0 1118.703)
(1118.703 0 0 0 1118.703 0 0 0 1118.703)
(1118.703 0 0 0 1118.703 0 0 0 1118.703)
(1118.703 0 0 0 1118.703 0 0 0 1118.703)
(1118.703 0 0 0 1118.703 0 0 0 1118.703)
(1118.703 0 0 0 1118.703 0 0 0 1118.703)
(1118.703 0 0 0 1118.703 0 0 0 1118.703)
(1118.703 0 0 0 1118.703 0 0 0 1118.703)
(1118.703 0 0 0 1118.703 0 0 0 1118.703)
(1118.703 0 0 0 1118.703 0 0 0 1118.703)
(1118.703 0 0 0 1118.703 0 0 0 1118.703)
(1118.703 0 0 0 1118.703 0 0 0 1118.703)
(1118.703 0 0 0 1118.703 0 0 0 1118.703)
(1118.703 0 0 0 1118.703 0 0 0 1118.703)
(1118.703 0 0 0 1118.703 0 0 0 1118.703)
(1118.703 0 0 0 1118.703 0 0 0 1118.703)
(1118.703 0 0 0 1118.703 0 0 0 1118.703)
(1118.703 0 0 0 1118.703 0 0 0 1118.703)
(1118.703 0 0 0 1118.703 0 0 0 1118.703)
(1118.703 0 0 0 1118.703 0 0 0 1118.703)
(1118.703 0 0 0 1118.703 0 0 0 1118.703)
(1118.703 0 0 0 1118.703 0 0 0 1118.703)
(1118.703 0 0 0 1118.703 0 0 0 1118.703)
(1118.703 0 0 0 1118.703 0 0 0 1118.703)
(1118.703 0 0 0 1118.703 0 0 0 1118.703)
(1118.703 0 0 0 1118.703 0 0 0 1118.703)
(1118.703 0 0 0 1118.703 0 0 0 1118.703)
(1118.703 0 0 0 1118.703 0 0 0 1118.703)
(1118.703 0 0 0 1118.703 0 0 0 1118.703)
(1118.703 0 0 0 1118.703 0 0 0 1118.703)
(1118.703 0 0 0 1118.703 0 0 0 1118.703)
(1118.703 0 0 0 1118.703 0 0 0 1118.703)
(1118.703 0 0 0 1118.703 0 0 0 1118.703)
(1118.703 0 0 0 1118.703 0 0 0 1118.703)
(1118.703 0 0 0 1118.703 0 0 0 1118.703)
(1118.703 0 0 0 1118.703 0 0 0 1118.703)
(1118.703 0 0 0 1118.703 0 0 0 1118.703)
(1118.703 0 0 0 1118.703 0 0 0 1118.703)
(1118.703 0 0 0 1118.703 0 0 0 1118.703)
(1118.703 0 0 0 1118.703 0 0 0 1118.703)
(1118.703 0 0 0 1118.703 0 0 0 1118.703)
(1118.703 0 0 0 1118.703 0 0 0 1118.703)
(1118.703 0 0 0 1118.703 0 0 0 1118.703)
(1118.703 0 0 0 1118.703 0 0 0 1118.703)
(1118.703 0 0 0 1118.703 0 0 0 1118.703)
(1118.703 0 0 0 1118.703 0 0 0 1118.703)
(1118.703 0 0 0 1118.703 0 0 0 1118.703)
(1118.703 0 0 0 1118.703 0 0 0 1118.703)
(1118.703 0 0 0 1118.703 0 0 0 1118.703)
(1118.703 0 0 0 1118.703 0 0 0 1118.703)
(1118.703 0 0 0 1118.703 0 0 0 1118.703)
(1118.703 0 0 0 1118.703 0 0 0 1118.703)
(1118.703 0 0 0 1118.703 0 0 0 1118.703)
(1118.703 0 0 0 1118.703 0 0 0 1118.703)
(1118.703 0 0 0 1118.703 0 0 0 1118.703)
(1118.703 0 0 0 1118.703 0 0 0 1118.703)
(1118.703 0 0 0 1118.703 0 0 0 1118.703)
(1118.703 0 0 0 1118.703 0 0 0 1118.703)
(1118.703 0 0 0 1118.703 0 0 0 1118.703)
(1118.703 0 0 0 1118.703 0 0 0 1118.703)
(1118.703 0 0 0 1118.703 0 0 0 1118.703)
(1118.703 0 0 0 1118.703 0 0 0 1118.703)
(1118.703 0 0 0 1118.703 0 0 0 1118.703)
(1118.703 0 0 0 1118.703 0 0 0 1118.703)
(1118.703 0 0 0 1118.703 0 0 0 1118.703)
(1118.703 0 0 0 1118.703 0 0 0 1118.703)
(1118.703 0 0 0 1118.703 0 0 0 1118.703)
(1118.703 0 0 0 1118.703 0 0 0 1118.703)
(1118.703 0 0 0 1118.703 0 0 0 1118.703)
(1118.703 0 0 0 1118.703 0 0 0 1118.703)
(1118.703 0 0 0 1118.703 0 0 0 1118.703)
(1118.703 0 0 0 1118.703 0 0 0 1118.703)
(1118.703 0 0 0 1118.703 0 0 0 1118.703)
(1118.703 0 0 0 1118.703 0 0 0 1118.703)
(1118.703 0 0 0 1118.703 0 0 0 1118.703)
(1118.703 0 0 0 1118.703 0 0 0 1118.703)
(1118.703 0 0 0 1118.703 0 0 0 1118.703)
(1118.703 0 0 0 1118.703 0 0 0 1118.703)
(1118.703 0 0 0 1118.703 0 0 0 1118.703)
(1118.703 0 0 0 1118.703 0 0 0 1118.703)
(1118.703 0 0 0 1118.703 0 0 0 1118.703)
(1118.703 0 0 0 1118.703 0 0 0 1118.703)
(1118.703 0 0 0 1118.703 0 0 0 1118.703)
(1118.703 0 0 0 1118.703 0 0 0 1118.703)
(1118.703 0 0 0 1118.703 0 0 0 1118.703)
(1118.703 0 0 0 1118.703 0 0 0 1118.703)
(1118.703 0 0 0 1118.703 0 0 0 1118.703)
(1118.703 0 0 0 1118.703 0 0 0 1118.703)
(1118.703 0 0 0 1118.703 0 0 0 1118.703)
(1118.703 0 0 0 1118.703 0 0 0 1118.703)
(1118.703 0 0 0 1118.703 0 0 0 1118.703)
(1118.703 0 0 0 1118.703 0 0 0 1118.703)
(1118.703 0 0 0 1118.703 0 0 0 1118.703)
(1118.703 0 0 0 1118.703 0 0 0 1118.703)
(1118.703 0 0 0 1118.703 0 0 0 1118.703)
(1118.703 0 0 0 1118.703 0 0 0 1118.703)
(1118.703 0 0 0 1118.703 0 0 0 1118.703)
(1118.703 0 0 0 1118.703 0 0 0 1118.703)
(1118.703 0 0 0 1118.703 0 0 0 1118.703)
(1118.703 0 0 0 1118.703 0 0 0 1118.703)
(1118.703 0 0 0 1118.703 0 0 0 1118.703)
(1118.703 0 0 0 1118.703 0 0 0 1118.703)
(1118.703 0 0 0 1118.703 0 0 0 1118.703)
(1118.703 0 0 0 1118.703 0 0 0 1118.703)
(1118.703 0 0 0 1118.703 0 0 0 1118.703)
(1118.703 0 0 0 1118.703 0 0 0 1118.703)
(1118.703 0 0 0 1118.703 0 0 0 1118.703)
(1118.703 0 0 0 1118.703 0 0 0 1118.703)
(1118.703 0 0 0 1118.703 0 0 0 1118.703)
(1118.703 0 0 0 1118.703 0 0 0 1118.703)
(1118.703 0 0 0 1118.703 0 0 0 1118.703)
(1118.703 0 0 0 1118.703 0 0 0 1118.703)
(1118.703 0 0 0 1118.703 0 0 0 1118.703)
(1118.703 0 0 0 1118.703 0 0 0 1118.703)
(1118.703 0 0 0 1118.703 0 0 0 1118.703)
(1118.703 0 0 0 1118.703 0 0 0 1118.703)
(1118.703 0 0 0 1118.703 0 0 0 1118.703)
(1118.703 0 0 0 1118.703 0 0 0 1118.703)
(1118.703 0 0 0 1118.703 0 0 0 1118.703)
(1118.703 0 0 0 1118.703 0 0 0 1118.703)
(1118.703 0 0 0 1118.703 0 0 0 1118.703)
(1118.703 0 0 0 1118.703 0 0 0 1118.703)
(1118.703 0 0 0 1118.703 0 0 0 1118.703)
(1118.703 0 0 0 1118.703 0 0 0 1118.703)
(1118.703 0 0 0 1118.703 0 0 0 1118.703)
(1118.703 0 0 0 1118.703 0 0 0 1118.703)
(1118.703 0 0 0 1118.703 0 0 0 1118.703)
(1118.703 0 0 0 1118.703 0 0 0 1118.703)
(1118.703 0 0 0 1118.703 0 0 0 1118.703)
(1118.703 0 0 0 1118.703 0 0 0 1118.703)
(1118.703 0 0 0 1118.703 0 0 0 1118.703)
(1118.703 0 0 0 1118.703 0 0 0 1118.703)
(1118.703 0 0 0 1118.703 0 0 0 1118.703)
(1118.703 0 0 0 1118.703 0 0 0 1118.703)
(1118.703 0 0 0 1118.703 0 0 0 1118.703)
(1118.703 0 0 0 1118.703 0 0 0 1118.703)
(1118.703 0 0 0 1118.703 0 0 0 1118.703)
(1118.703 0 0 0 1118.703 0 0 0 1118.703)
(1118.703 0 0 0 1118.703 0 0 0 1118.703)
(1118.703 0 0 0 1118.703 0 0 0 1118.703)
(1118.703 0 0 0 1118.703 0 0 0 1118.703)
(1118.703 0 0 0 1118.703 0 0 0 1118.703)
(1118.703 0 0 0 1118.703 0 0 0 1118.703)
(1118.703 0 0 0 1118.703 0 0 0 1118.703)
(1118.703 0 0 0 1118.703 0 0 0 1118.703)
(1118.703 0 0 0 1118.703 0 0 0 1118.703)
(1118.703 0 0 0 1118.703 0 0 0 1118.703)
(1118.703 0 0 0 1118.703 0 0 0 1118.703)
(1118.703 0 0 0 1118.703 0 0 0 1118.703)
(1118.703 0 0 0 1118.703 0 0 0 1118.703)
(1118.703 0 0 0 1118.703 0 0 0 1118.703)
(1118.703 0 0 0 1118.703 0 0 0 1118.703)
(1118.703 0 0 0 1118.703 0 0 0 1118.703)
(1118.703 0 0 0 1118.703 0 0 0 1118.703)
(1118.703 0 0 0 1118.703 0 0 0 1118.703)
(1118.703 0 0 0 1118.703 0 0 0 1118.703)
(1118.703 0 0 0 1118.703 0 0 0 1118.703)
(1118.703 0 0 0 1118.703 0 0 0 1118.703)
(1118.703 0 0 0 1118.703 0 0 0 1118.703)
(1118.703 0 0 0 1118.703 0 0 0 1118.703)
(1118.703 0 0 0 1118.703 0 0 0 1118.703)
(1118.703 0 0 0 1118.703 0 0 0 1118.703)
(1118.703 0 0 0 1118.703 0 0 0 1118.703)
(1118.703 0 0 0 1118.703 0 0 0 1118.703)
(1118.703 0 0 0 1118.703 0 0 0 1118.703)
(1118.703 0 0 0 1118.703 0 0 0 1118.703)
(1118.703 0 0 0 1118.703 0 0 0 1118.703)
(1118.703 0 0 0 1118.703 0 0 0 1118.703)
(1118.703 0 0 0 1118.703 0 0 0 1118.703)
(1118.703 0 0 0 1118.703 0 0 0 1118.703)
(1118.703 0 0 0 1118.703 0 0 0 1118.703)
(1118.703 0 0 0 1118.703 0 0 0 1118.703)
(1118.703 0 0 0 1118.703 0 0 0 1118.703)
(1118.703 0 0 0 1118.703 0 0 0 1118.703)
(1118.703 0 0 0 1118.703 0 0 0 1118.703)
(1118.703 0 0 0 1118.703 0 0 0 1118.703)
(1118.703 0 0 0 1118.703 0 0 0 1118.703)
(1118.703 0 0 0 1118.703 0 0 0 1118.703)
(1118.703 0 0 0 1118.703 0 0 0 1118.703)
(1118.703 0 0 0 1118.703 0 0 0 1118.703)
(1118.703 0 0 0 1118.703 0 0 0 1118.703)
(1118.703 0 0 0 1118.703 0 0 0 1118.703)
(1118.703 0 0 0 1118.703 0 0 0 1118.703)
(1118.703 0 0 0 1118.703 0 0 0 1118.703)
(1118.703 0 0 0 1118.703 0 0 0 1118.703)
(1118.703 0 0 0 1118.703 0 0 0 1118.703)
(1118.703 0 0 0 1118.703 0 0 0 1118.703)
(1118.703 0 0 0 1118.703 0 0 0 1118.703)
(1118.703 0 0 0 1118.703 0 0 0 1118.703)
(1118.703 0 0 0 1118.703 0 0 0 1118.703)
(1118.703 0 0 0 1118.703 0 0 0 1118.703)
(1118.703 0 0 0 1118.703 0 0 0 1118.703)
(1118.703 0 0 0 1118.703 0 0 0 1118.703)
(1118.703 0 0 0 1118.703 0 0 0 1118.703)
(1118.703 0 0 0 1118.703 0 0 0 1118.703)
(1118.703 0 0 0 1118.703 0 0 0 1118.703)
(1118.703 0 0 0 1118.703 0 0 0 1118.703)
(1118.703 0 0 0 1118.703 0 0 0 1118.703)
(1118.703 0 0 0 1118.703 0 0 0 1118.703)
(1118.703 0 0 0 1118.703 0 0 0 1118.703)
(1118.703 0 0 0 1118.703 0 0 0 1118.703)
(1118.703 0 0 0 1118.703 0 0 0 1118.703)
(1118.703 0 0 0 1118.703 0 0 0 1118.703)
(1118.703 0 0 0 1118.703 0 0 0 1118.703)
(1118.703 0 0 0 1118.703 0 0 0 1118.703)
(1118.703 0 0 0 1118.703 0 0 0 1118.703)
(1118.703 0 0 0 1118.703 0 0 0 1118.703)
(1118.703 0 0 0 1118.703 0 0 0 1118.703)
(1118.703 0 0 0 1118.703 0 0 0 1118.703)
(1118.703 0 0 0 1118.703 0 0 0 1118.703)
(1118.703 0 0 0 1118.703 0 0 0 1118.703)
(1118.703 0 0 0 1118.703 0 0 0 1118.703)
(1118.703 0 0 0 1118.703 0 0 0 1118.703)
(1118.703 0 0 0 1118.703 0 0 0 1118.703)
(1118.703 0 0 0 1118.703 0 0 0 1118.703)
(1118.703 0 0 0 1118.703 0 0 0 1118.703)
(1118.703 0 0 0 1118.703 0 0 0 1118.703)
(1118.703 0 0 0 1118.703 0 0 0 1118.703)
(1118.703 0 0 0 1118.703 0 0 0 1118.703)
(1118.703 0 0 0 1118.703 0 0 0 1118.703)
(1118.703 0 0 0 1118.703 0 0 0 1118.703)
(1118.703 0 0 0 1118.703 0 0 0 1118.703)
(1118.703 0 0 0 1118.703 0 0 0 1118.703)
(1118.703 0 0 0 1118.703 0 0 0 1118.703)
(1118.703 0 0 0 1118.703 0 0 0 1118.703)
(1118.703 0 0 0 1118.703 0 0 0 1118.703)
(1118.703 0 0 0 1118.703 0 0 0 1118.703)
(1118.703 0 0 0 1118.703 0 0 0 1118.703)
(1118.703 0 0 0 1118.703 0 0 0 1118.703)
(1118.703 0 0 0 1118.703 0 0 0 1118.703)
(1118.703 0 0 0 1118.703 0 0 0 1118.703)
(1118.703 0 0 0 1118.703 0 0 0 1118.703)
(1118.703 0 0 0 1118.703 0 0 0 1118.703)
(1118.703 0 0 0 1118.703 0 0 0 1118.703)
(1118.703 0 0 0 1118.703 0 0 0 1118.703)
(1118.703 0 0 0 1118.703 0 0 0 1118.703)
(1118.703 0 0 0 1118.703 0 0 0 1118.703)
(1118.703 0 0 0 1118.703 0 0 0 1118.703)
(1118.703 0 0 0 1118.703 0 0 0 1118.703)
(1118.703 0 0 0 1118.703 0 0 0 1118.703)
(1118.703 0 0 0 1118.703 0 0 0 1118.703)
(1118.703 0 0 0 1118.703 0 0 0 1118.703)
(1118.703 0 0 0 1118.703 0 0 0 1118.703)
(1118.703 0 0 0 1118.703 0 0 0 1118.703)
(1118.703 0 0 0 1118.703 0 0 0 1118.703)
(1118.703 0 0 0 1118.703 0 0 0 1118.703)
(1118.703 0 0 0 1118.703 0 0 0 1118.703)
(1118.703 0 0 0 1118.703 0 0 0 1118.703)
(1118.703 0 0 0 1118.703 0 0 0 1118.703)
(1118.703 0 0 0 1118.703 0 0 0 1118.703)
(1118.703 0 0 0 1118.703 0 0 0 1118.703)
(1118.703 0 0 0 1118.703 0 0 0 1118.703)
(1118.703 0 0 0 1118.703 0 0 0 1118.703)
(1118.703 0 0 0 1118.703 0 0 0 1118.703)
(1118.703 0 0 0 1118.703 0 0 0 1118.703)
(1118.703 0 0 0 1118.703 0 0 0 1118.703)
(1118.703 0 0 0 1118.703 0 0 0 1118.703)
(1118.703 0 0 0 1118.703 0 0 0 1118.703)
(1118.703 0 0 0 1118.703 0 0 0 1118.703)
(1118.703 0 0 0 1118.703 0 0 0 1118.703)
(1118.703 0 0 0 1118.703 0 0 0 1118.703)
(1118.703 0 0 0 1118.703 0 0 0 1118.703)
(1118.703 0 0 0 1118.703 0 0 0 1118.703)
(1118.703 0 0 0 1118.703 0 0 0 1118.703)
(1118.703 0 0 0 1118.703 0 0 0 1118.703)
(1118.703 0 0 0 1118.703 0 0 0 1118.703)
(1118.703 0 0 0 1118.703 0 0 0 1118.703)
(1118.703 0 0 0 1118.703 0 0 0 1118.703)
(1118.703 0 0 0 1118.703 0 0 0 1118.703)
(1118.703 0 0 0 1118.703 0 0 0 1118.703)
(1118.703 0 0 0 1118.703 0 0 0 1118.703)
(1118.703 0 0 0 1118.703 0 0 0 1118.703)
(1118.703 0 0 0 1118.703 0 0 0 1118.703)
(1118.703 0 0 0 1118.703 0 0 0 1118.703)
(1118.703 0 0 0 1118.703 0 0 0 1118.703)
(1118.703 0 0 0 1118.703 0 0 0 1118.703)
(1118.703 0 0 0 1118.703 0 0 0 1118.703)
(1118.703 0 0 0 1118.703 0 0 0 1118.703)
(1118.703 0 0 0 1118.703 0 0 0 1118.703)
(1118.703 0 0 0 1118.703 0 0 0 1118.703)
(1118.703 0 0 0 1118.703 0 0 0 1118.703)
(1118.703 0 0 0 1118.703 0 0 0 1118.703)
(1118.703 0 0 0 1118.703 0 0 0 1118.703)
(1118.703 0 0 0 1118.703 0 0 0 1118.703)
(1118.703 0 0 0 1118.703 0 0 0 1118.703)
(1118.703 0 0 0 1118.703 0 0 0 1118.703)
(1118.703 0 0 0 1118.703 0 0 0 1118.703)
(1118.703 0 0 0 1118.703 0 0 0 1118.703)
(1118.703 0 0 0 1118.703 0 0 0 1118.703)
(1118.703 0 0 0 1118.703 0 0 0 1118.703)
)
;

boundaryField
{
    inlet
    {
        type            zeroGradient;
    }
    outlet
    {
        type            zeroGradient;
    }
    fixedWalls
    {
        type            zeroGradient;
    }
    frontAndBack
    {
        type            empty;
    }
}


// ************************************************************************* //
