/*--------------------------------*- C++ -*----------------------------------*\
| =========                 |                                                 |
| \\      /  F ield         | OpenFOAM: The Open Source CFD Toolbox           |
|  \\    /   O peration     | Version:  2312                                  |
|   \\  /    A nd           | Website:  www.openfoam.com                      |
|    \\/     M anipulation  |                                                 |
\*---------------------------------------------------------------------------*/
FoamFile
{
    version     2.0;
    format      ascii;
    arch        "LSB;label=32;scalar=64";
    class       volScalarField;
    location    "0.495/heater";
    object      T;
}
// * * * * * * * * * * * * * * * * * * * * * * * * * * * * * * * * * * * * * //

dimensions      [0 0 0 1 0 0 0];

internalField   nonuniform List<scalar> 
600
(
793.784351451
793.659885617
793.411599715
793.04087802
792.549992335
793.653388387
793.518527743
793.248366333
792.841968023
792.297709844
793.559189735
793.422456364
793.148927502
792.738516476
792.191160096
793.515750045
793.379019197
793.105566226
792.695438914
792.148757513
793.506499876
793.370423967
793.098334786
792.690394201
792.146878941
793.509556566
793.37388015
793.102601325
792.695842421
792.153546063
793.513233274
793.377657889
793.106574357
792.700045367
792.157823808
793.514166897
793.378623394
793.10763285
792.701292533
792.159267546
793.511035594
793.375387694
793.104227249
792.697776706
792.155816303
793.504225051
793.368327429
793.096660398
792.689548557
792.147129407
793.495659845
793.359487685
793.087232999
792.679257567
792.13612118
793.487087213
793.350690284
793.077940709
792.66918981
792.125408626
793.479153423
793.342549099
793.069323175
792.659681275
792.115044658
793.47240718
793.335632035
793.062043417
792.651629861
792.10542656
793.467248421
793.330333919
793.056482391
792.645568376
792.097590926
793.4639803
793.326986499
793.053001076
792.641910978
792.093233754
793.46216055
793.32512125
793.051070768
792.63994007
792.091259549
793.461040597
793.323924697
793.049744174
792.638484992
792.089743455
793.460578245
793.323370975
793.04902744
792.637596027
792.088755229
793.461034316
793.323785677
793.049383392
792.637942226
792.089168145
793.461878713
793.324608528
793.050193081
792.638850779
792.0903242
793.462347852
793.325012025
793.050467299
792.639019013
792.090579396
793.462636745
793.32522468
793.050510553
792.63887342
792.090515717
793.463365708
793.325940441
793.051174405
792.639534462
792.091749033
793.464343279
793.326939948
793.052160907
792.64045347
792.09366398
793.465141269
793.327725403
793.052866382
792.640731212
792.093116647
793.466386391
793.328962999
793.054081521
792.641713668
792.09228924
793.46870116
793.331335805
793.056578479
792.644431648
792.09502178
793.471870141
793.334599098
793.060024113
792.648162859
792.099388251
793.476196051
793.339010351
793.064583567
792.652906843
792.104390448
793.483323104
793.346287904
793.072103647
792.660677485
792.11236233
793.498968196
793.362318161
793.088777991
792.678035748
792.130169619
793.530231286
793.394354964
793.122118189
792.712778493
792.165805995
793.578450388
793.443690004
793.173292422
792.765862312
792.22006354
793.643046989
793.509746327
793.24172563
792.836706708
792.29235641
793.720801949
793.58939895
793.324467837
792.92258593
792.380190964
793.806538713
793.677571207
793.416621289
793.018823049
792.479112233
793.891862421
793.765402379
793.508543362
793.114896179
792.577880307
793.976551926
793.852589957
793.599796585
793.210222883
792.675795112
794.063040548
793.941601589
793.69294759
793.307612734
792.776105786
794.152723103
794.034004779
793.789828692
793.409031252
792.881354305
794.240466595
794.124295464
793.884339691
793.507607274
792.981946173
794.323871753
794.210175805
793.974406171
793.601879364
793.07696995
794.399534122
794.288152873
794.056356357
793.688112779
793.165451824
794.463631867
794.354414154
794.126379365
793.762295488
793.242779326
794.510800166
794.403254818
794.178234433
793.817612097
793.300630568
794.538607544
794.432163141
794.209344581
793.851554992
793.336784006
794.544870641
794.438450756
794.216140429
793.859605679
793.346147182
794.531613154
794.423969031
794.200040968
793.842505548
793.32887621
794.505800894
794.396044395
794.168861604
793.808397578
793.2931841
794.467838221
794.354452457
794.121224597
793.754549078
793.235373395
794.419225594
794.300841722
794.059037217
793.683159703
793.157900665
794.368155488
794.244858801
793.994529894
793.609343141
793.077796571
794.329586553
794.203421464
793.94813373
793.557519643
793.022167081
794.30868945
794.181163892
793.923471881
793.530160293
792.992870932
794.310861882
794.183251904
793.925296058
793.531662332
792.994642183
794.339153037
794.212790524
793.956962315
793.56599629
793.032481819
794.385764861
794.260796999
794.007529647
793.62010681
793.093001181
794.442808957
794.319172473
794.068432384
793.68439705
793.162752965
794.50496172
794.382915316
794.135338676
793.755543582
793.237896698
794.569599521
794.449774444
794.20683515
793.833556602
793.321155771
794.631639042
794.513939158
794.275408981
793.908378454
793.400811504
794.684571834
794.56880384
794.334487932
793.973738909
793.469868241
794.723984359
794.609764474
794.379264489
794.025193574
793.52521
794.749533439
794.636729354
794.41037745
794.066056365
793.579114635
794.762844107
794.65120421
794.428419445
794.094245451
793.626341492
794.766625193
794.655798776
794.435501743
794.110763851
793.669112753
794.762336304
794.651578762
794.431363176
794.111589051
793.70660185
794.753659359
794.643069848
794.422158123
794.101406829
793.72406374
794.750965253
794.641836444
794.42277969
794.101619319
793.722305474
794.759965144
794.653428728
794.438482904
794.119143378
793.735756488
794.784769616
794.681686604
794.472611634
794.156798309
793.768123031
794.831741308
794.733529643
794.533197474
794.223705461
793.826516939
794.88621554
794.792911305
794.602017064
794.301507532
793.895500478
794.924116726
794.834241867
794.65078906
794.359230242
793.947140907
794.94637935
794.858431721
794.680091669
794.396056385
793.973719838
794.959390367
794.87216887
794.697242359
794.421758756
793.993231301
794.970977459
794.88338086
794.70949763
794.44143865
794.025468449
794.985416331
794.896430323
794.721425837
794.459005879
794.062239382
795.005385388
794.913823637
794.735192092
794.475798179
794.10503943
795.028426664
794.932727641
794.747150709
794.485724001
794.154492205
795.047811905
794.947340667
794.753116886
794.482476692
794.166249538
795.054412471
794.948244427
794.743247111
794.458345241
794.130476257
795.045818817
794.933468627
794.71638682
794.413949279
794.064977645
795.025479829
794.90750685
794.679112034
794.35747029
793.973952422
795.001238679
794.879351011
794.643451054
794.308891111
793.888813288
794.975404026
794.850854016
794.609830727
794.267090125
793.818596173
794.948496506
794.822044338
794.577028565
794.228285254
793.766306731
794.925386565
794.797378048
794.548583532
794.193698055
793.723979814
794.910205191
794.781180021
794.529369295
794.168700601
793.692754653
794.899800284
794.769953683
794.51516794
794.147670677
793.663205254
794.891588181
794.761162133
794.503559445
794.128034908
793.631529079
794.884911625
794.754155273
794.493832948
794.108551098
793.595492115
794.877601565
794.746769148
794.484517931
794.090666808
793.561538112
794.871611738
794.741419291
794.479797179
794.084338028
793.549839235
794.87248347
794.744255101
794.486532666
794.096529976
793.567276554
794.883733351
794.759029986
794.508322224
794.128425423
793.609719854
794.899997311
794.778298232
794.53372559
794.163190726
793.654972655
794.917065148
794.797085377
794.556135141
794.19187328
793.692359191
794.934380437
794.814683021
794.574393978
794.21250465
793.719239351
794.957110077
794.836617552
794.594311355
794.230478899
793.741524655
794.988600971
794.867485344
794.622937237
794.254817371
793.769225646
795.023135747
794.901868199
794.655809546
794.282078328
793.791432644
795.052290337
794.930909911
794.683828804
794.304362054
793.795776265
795.071796431
794.950338033
794.703469048
794.322932267
793.798531349
795.084832436
794.963443619
794.717927718
794.341869111
793.821491371
795.094319653
794.973240262
794.729773393
794.361381824
793.856264255
795.101698855
794.981433141
794.740512889
794.380432571
793.89888859
795.111468587
794.993466703
794.75728087
794.407095161
793.962615634
795.123584865
795.007934281
794.776352942
794.432861068
794.003866735
795.138977839
795.025419705
794.797953562
794.460098727
794.038382306
795.153840264
795.04246158
794.81911395
794.486478882
794.070438175
795.159035171
795.049141247
794.828256079
794.497909068
794.083970746
795.146867107
795.037560504
794.817163727
794.485747305
794.069498291
795.109324667
795.000127452
794.77908901
794.444277104
794.021811336
795.03765035
794.928036891
794.705655548
794.367939601
793.941648412
794.928794928
794.817712254
794.592062549
794.250257526
793.821567376
794.78983997
794.677495312
794.448753979
794.100857446
793.660680064
794.644060169
794.530611885
794.299638185
793.945303975
793.47695583
794.547852745
794.433686223
794.201421712
793.842257569
793.345228037
)
;

boundaryField
{
    emptyPatch
    {
        type            empty;
    }
    minY
    {
        type            zeroGradient;
    }
    maxY
    {
        type            zeroGradient;
    }
    minX
    {
        type            zeroGradient;
    }
    heater_to_water
    {
        type            compressible::turbulentTemperatureTwoPhaseRadCoupledMixed;
        refValue        nonuniform List<scalar> 
240
(
304.784379914
325.656569296
325.659078588
326.743125084
326.744265994
326.474638851
326.475128542
324.901609781
322.72479275
322.043486448
322.043495428
321.857981113
321.858010206
321.89274719
321.892799716
321.834619612
321.974376138
321.911566512
321.911704169
322.036556106
322.036713364
321.926335245
321.926489785
321.905054612
321.463520476
320.466765394
320.466905117
320.793088748
320.793214463
323.392543409
323.39264532
326.243410306
326.519557906
326.877379598
326.87745942
326.675569718
326.675644794
326.912753258
326.912814155
326.650279118
326.833892679
326.576638045
326.576700725
326.668880711
326.668946048
326.456525659
326.456578544
326.354926119
324.190933264
320.853108591
320.853177136
319.73687714
319.736945455
322.635708783
322.63574785
331.849899008
334.333721301
334.342063128
334.342069738
335.335440723
335.335409976
334.77625778
334.776110212
335.508412191
334.886477748
335.197963158
335.19737063
334.513746804
334.512947585
334.499598003
334.498615142
334.024409298
334.218382254
334.042009673
334.040906588
334.338490387
334.337389339
334.334737085
334.3336049
333.083691806
326.687898929
320.531458576
320.530740881
318.634898654
318.634285252
321.288448968
321.287806821
330.100141491
333.086922814
333.307408723
333.306803639
334.316940026
334.316576909
333.900865753
333.900822194
334.629438894
334.241871502
334.657471286
334.657969128
334.202594626
334.203353153
334.05346413
334.054451743
333.54192374
333.248714346
332.9462473
332.946953782
332.021202129
332.021596997
329.093498633
329.093545048
325.609111032
324.629340259
328.757898048
328.757340005
343.847635177
343.846720834
352.032453396
352.031311077
353.812088365
354.110905919
352.626783229
352.625543164
350.989313492
350.988273602
344.332071629
344.331329185
336.421212443
329.127404928
324.240571337
324.240212399
323.150322877
323.150018238
327.1012225
327.100920186
353.174225623
482.024759234
511.226550247
511.226654778
517.406546803
517.406332333
514.23122766
514.230613164
513.422076812
510.182173006
505.725573329
505.724244767
455.522644726
455.521595367
455.030495427
455.029961342
423.296222479
365.354705623
339.7558318
339.755455748
329.081381402
329.081062734
325.172753668
325.172423923
327.533313972
349.440995119
466.158253742
466.158125121
532.272883892
532.273372847
534.471984471
534.472830968
529.019749884
522.728580863
498.301415033
498.303011006
427.362304266
427.364120281
367.339335648
367.340464171
344.887429922
334.564160871
329.525008952
329.525405997
327.030283989
327.030636399
325.375223684
325.375578472
323.932562413
322.477564717
321.122662426
321.12299033
320.662759233
320.66290826
320.35735483
320.357281612
320.461771943
320.329259456
320.65931625
320.659029236
320.325808709
320.325586545
318.869722109
318.869592188
316.834438086
318.801136896
329.286159531
329.285939884
358.02445068
358.024148205
376.282153162
376.282157927
376.258415659
353.408309544
336.775907084
336.775684853
332.500660857
332.500332874
331.010291935
331.00989507
336.162296568
371.723291559
442.633317615
442.632613081
463.189175641
463.188527027
471.627486289
471.626843775
480.66772261
483.226861093
489.144832903
489.145248943
489.680372428
489.681609096
493.698591732
493.700594629
493.332259241
495.142546058
493.217396686
493.221457402
478.86678079
478.871063425
416.402856381
416.406046367
365.806098007
)
;
        refGradient     uniform 0;
        valueFraction   nonuniform List<scalar> 
240
(
0.000603065640418
0.000734594227876
0.000734522257203
0.000734962700373
0.000734931241853
0.000734964321115
0.000734950661197
0.000730675923737
0.000723227753206
0.000721944723176
0.00072194442629
0.000721817012619
0.000721816041782
0.000722417800476
0.000722416047541
0.000721826995646
0.000722648138099
0.000721824119472
0.000721819523572
0.000722603703221
0.000722598474742
0.000721812584327
0.000721807423306
0.000721913558038
0.000720394359753
0.000715966932399
0.000715961960072
0.000718013517343
0.000718009097949
0.000729041603666
0.000729038373563
0.000738647162778
0.000738231113742
0.000739253899194
0.000739251667728
0.000738234934092
0.000738232821524
0.000739277906406
0.000739276205512
0.00073822362367
0.000739183443499
0.000738210827997
0.000738209056901
0.000738897478317
0.000738895636724
0.000738137026343
0.000738135524853
0.000738216698009
0.000731852197803
0.000718309674704
0.000718307257518
0.000714389863227
0.000714387325835
0.000727810921292
0.000727809634911
0.000747581100009
0.000747767136136
0.000747734979708
0.000747734833193
0.000747776821255
0.000747777483419
0.000747741436925
0.000747744667016
0.000747785770236
0.000747738639173
0.000747782063122
0.0007477948684
0.000747727758589
0.000747745372766
0.000747776373965
0.000747798038691
0.00074773309018
0.000747787954505
0.000747729742883
0.000747754367806
0.000747780343018
0.00074780470533
0.000747759505326
0.000747784559176
0.000747499173242
0.000738627837288
0.000715948366601
0.000715974138358
0.000709485960292
0.000709510127212
0.000723689547915
0.000723712081754
0.000747070392874
0.000747927440126
0.000747684539879
0.000747698423408
0.000747968391786
0.000747976475735
0.000747695644693
0.000747696626074
0.000747926558247
0.000747664254751
0.000747822403162
0.000747811447373
0.000747619388887
0.000747602482064
0.00074766687413
0.000747644771411
0.000747546480359
0.000747517870654
0.0007474614047
0.000747445071417
0.000747036407529
0.000747027016601
0.000743956637932
0.000743955425725
0.000736671084226
0.000735030274765
0.000744264555121
0.000744279324937
0.000741814223821
0.000741829927704
0.000736431817186
0.000736448196044
0.000737559662873
0.000736802422359
0.00073757374217
0.000737591347562
0.000738699628019
0.000738714893081
0.000745241763469
0.000745254435376
0.000747752263543
0.000740367559248
0.000728575035775
0.000728586157853
0.000728267506686
0.00072827742105
0.000739988246832
0.000739996764899
0.000739568462475
0.000617746763522
0.000612716834139
0.000612716529619
0.000611161042744
0.000611161648143
0.000612712675724
0.000612714440482
0.000611589094452
0.00061270872606
0.000612587187456
0.000612591159526
0.000632267258203
0.000632271547411
0.000635821392101
0.000635823594246
0.000668905858048
0.000734874641173
0.000747582243252
0.000747589474269
0.000737639631151
0.000737647972767
0.000732153543112
0.000732163504993
0.000740524415968
0.000742252309618
0.000624649657442
0.000624650143982
0.000595298809273
0.00059529755069
0.000594962644623
0.000594960487673
0.000594934197307
0.000596790325749
0.000610229809153
0.000610224875972
0.000665436785588
0.000665427231374
0.000730662475345
0.000730650068146
0.000747126274804
0.000746593123941
0.000742737648078
0.000742727370673
0.000740164865581
0.000740154914723
0.000737510959404
0.00073750030926
0.000733895404033
0.000728960201634
0.000723729382903
0.000723717712181
0.00072393492625
0.000723929498173
0.000723231577362
0.000723234283571
0.000724320193777
0.000722281160576
0.000723945923974
0.000723956401419
0.000721991579802
0.000721999818344
0.000715436308617
0.000715441481629
0.000701305734885
0.000710283345161
0.000742126787534
0.000742132577241
0.0007355987558
0.000735602668769
0.000719507603
0.000719507557368
0.00071914943496
0.000741490384117
0.000747328021191
0.000747332679414
0.000746253361097
0.000746261160333
0.000746202387048
0.00074621229688
0.000747929243305
0.0007067227976
0.000630677183833
0.000630680324664
0.000627176124453
0.000627178635253
0.000628449970588
0.000628452339463
0.000625794033426
0.000627913558529
0.000625451675803
0.000625450291792
0.000627298549296
0.000627294435388
0.000625333954384
0.000625327451887
0.000626958762977
0.000626387183203
0.000627249097038
0.000627235847362
0.000627424832022
0.000627409729152
0.000670132849918
0.000670114332622
0.000726537549812
)
;
        source          uniform 0;
        kappaMethod     solidThermo;
        Tnbr            T.liquid;
        region          solid;
        otherPhase      gas;
        value           nonuniform List<scalar> 
240
(
792.257206503
792.20838379
791.956331456
791.956922662
791.850476702
791.850263139
791.807906616
791.808747522
791.808784586
791.808895005
791.815575579
791.81550157
791.819781951
791.819524038
791.820969115
791.821204131
791.817474531
791.817816633
791.80912819
791.808849658
791.797842563
791.798132338
791.787421773
791.787356394
791.777373192
791.77874333
791.769100726
791.768367334
791.760570293
791.757265628
791.752973953
791.750576003
791.74900461
791.748792949
791.747279177
791.747603133
791.746614922
791.746303813
791.746716001
791.747011829
791.747863745
791.748126354
791.748380502
791.748128143
791.748065981
791.74826226
791.749501979
791.74938914
791.752650764
791.756589775
791.755959756
791.75700832
791.756201324
791.75197035
791.754777968
791.752384367
791.758499545
791.758520503
791.763513189
791.764236788
791.772196459
791.771794823
791.789582783
791.790111589
791.825293321
791.825506387
791.879731062
791.879250568
791.951504904
791.951480729
792.039269173
792.038944333
792.137947047
792.137841844
792.23655421
792.236764827
792.334618324
792.334637057
792.434904315
792.434100839
792.538663971
792.544829336
792.645242778
792.646963062
792.741956133
792.737149578
792.825698013
792.821259142
792.900383848
792.900660474
792.958480517
792.959111883
792.995255392
792.995073474
793.004437089
793.004876399
792.987442628
792.987680818
792.952003991
792.951751629
792.893953604
792.893811979
792.816339901
792.816001888
792.735675226
792.735475108
792.679861003
792.679357449
792.65008008
792.649317063
792.651080236
792.65189258
792.689797094
792.688544453
792.749005474
792.761344308
792.830837282
792.839290981
792.914327659
792.915150701
792.998955316
792.997521893
793.077204936
793.07550775
793.144666753
793.136818242
793.192329158
793.185292336
793.237335754
793.239252412
793.286610494
793.285966334
793.32901644
793.326430087
793.363975452
793.383458296
793.531523768
793.550984022
793.548826527
793.553042853
793.566417883
793.564043863
793.596353582
793.596173666
793.65221401
793.649518428
793.718740093
793.681329184
793.733363147
793.731849537
793.758846337
793.726406405
793.680427568
793.655843309
793.688626368
793.68527269
793.722257764
793.721951104
793.765024749
793.762852314
793.82732799
793.952535216
793.961953687
794.010939218
793.9744261
793.97582189
793.910182562
793.906945162
793.811527325
793.79297575
793.708341937
793.64481553
793.575991262
793.508227576
793.456806661
793.433005495
793.383423099
793.381450619
793.350230998
793.349573633
793.319972046
793.319984922
793.288203519
793.288832522
793.253867564
793.255351324
793.221226557
793.220790759
793.20904685
793.209155903
793.226643035
793.226204854
793.269596233
793.269047273
793.314381919
793.315070693
793.352484607
793.354549989
793.3813651
793.386650215
793.406143123
793.39880054
793.426441125
793.450616001
793.472206241
793.492356738
793.4963308
793.496463247
793.473376145
793.458375439
793.481635617
793.478938665
793.51389084
793.512806084
793.555590023
793.558648895
793.665488778
793.742319659
793.782298152
793.796422013
793.830750934
793.835633777
793.867588312
793.874103193
793.888532313
793.892999011
793.878442652
793.878214757
793.830457927
793.833566535
793.753406587
793.75268587
793.633941719
793.632476736
793.471664151
793.462600892
793.279462773
793.224159834
793.093608171
793.035577233
)
;
    }
}


// ************************************************************************* //
