/*--------------------------------*- C++ -*----------------------------------*\
| =========                 |                                                 |
| \\      /  F ield         | OpenFOAM: The Open Source CFD Toolbox           |
|  \\    /   O peration     | Version:  2312                                  |
|   \\  /    A nd           | Website:  www.openfoam.com                      |
|    \\/     M anipulation  |                                                 |
\*---------------------------------------------------------------------------*/
FoamFile
{
    version     2.0;
    format      ascii;
    arch        "LSB;label=32;scalar=64";
    class       volScalarField;
    location    "0.455/water";
    object      Ct2;
}
// * * * * * * * * * * * * * * * * * * * * * * * * * * * * * * * * * * * * * //

dimensions      [0 0 0 0 0 0 0];

internalField   nonuniform List<scalar> 
6000
(
1
1.00000122256
1.44110498561
2.80335972792
6.54772093231
8.49573396874
8.90657729734
8.96440443482
8.96981686209
8.96893751704
8.96892755044
8.96908055873
8.9693253066
8.96958328473
8.96982657982
8.97004284571
8.97022702115
8.97037677087
8.97049056213
8.9705677036
1
1
1.00000005656
1.4081271854
2.03263448924
4.68342005136
7.53837445646
8.68694737602
8.94088473211
8.96360047553
8.95958514391
8.95666514905
8.95509140714
8.95429574063
8.95389471358
8.95368264861
8.95356036745
8.9534833661
8.9534328939
8.95340140231
1
1
1
1.04006258697
1.44517967362
2.31590833312
5.0782659247
7.74943841146
8.77282393104
8.95883379438
8.96548683219
8.96188865725
8.95952047719
8.95821680916
8.95757058396
8.95727482491
8.95714927469
8.95710088503
8.95708547072
8.9570832176
1
1
1
1
1.23985740743
1.51979320457
2.81155523532
5.9506527783
8.25530693488
8.90130747054
8.96719673315
8.96420309843
8.96093280585
8.95881187496
8.95760801961
8.95698374714
8.95668046659
8.95654010885
8.95647780537
8.95645184439
1
1
1
1
1.00000013919
1.35348402935
1.65037766373
3.59710981294
7.05206961256
8.69576681343
8.95967690722
8.96645895362
8.96285643319
8.96016764009
8.95846583817
8.95749984336
8.95699349443
8.95674334714
8.95662518878
8.95657190368
1
1
1
1
1
1.00013528164
1.39710796184
1.90307179442
4.81456935328
8.08164506022
8.91341393872
8.96783453836
8.96451175276
8.96143553317
8.95930024355
8.95798991623
8.95725624782
8.95687353064
8.95668464427
8.95659611427
1
1
1
1
1
1
1.01011856698
1.42454336894
2.46887075009
6.46086850927
8.72097291472
8.96498021571
8.96596013607
8.9626536294
8.96017500195
8.9585512798
8.95758914507
8.95706287997
8.95679339402
8.95666365631
1
1
1
1
1
1
1
1.12793523459
1.51454569858
3.73011092326
7.98833480499
8.93547121437
8.96721463985
8.96381799041
8.96106627918
8.95916202833
8.9579757155
8.95729673928
8.95693506735
8.95675514201
1
1
1
1
1
1
1
1.00000001101
1.34176671578
1.85269015783
5.86581360903
8.75202076627
8.96653180707
8.96499021987
8.96200522732
8.95984390884
8.95843688848
8.95759529787
8.95712729458
8.95688491085
1
1
1
1
1
1
1
1
1.00049587043
1.41556614222
2.8899677564
7.8174360281
8.94052513369
8.96623609969
8.96302379976
8.96060964447
8.9589801426
8.9579654025
8.95737620426
8.95705698337
1
1
1
1
1
1
1
1
1
1.07210945644
1.5512446458
4.99168791449
8.6983121672
8.96545865591
8.96414243013
8.96145415578
8.95959353222
8.95839557692
8.95767265393
8.95726415726
1
1
1
1
1
1
1
1
1
1.00000000003
1.33236417342
2.12491108626
7.29752328276
8.9289332822
8.96534930788
8.96236607151
8.96025256726
8.95885998549
8.95799409266
8.95748778977
1
1
1
1
1
1
1
1
1
1
1.00003808852
1.42500176098
3.96835574202
8.60704018611
8.96413350416
8.96335382621
8.96094463993
8.95933579122
8.95831543293
8.95770520044
1
1
1
1
1
1
1
1
1
1
1
1.10046619604
1.82904045529
7.16715244829
8.93603045814
8.96439960599
8.96167449403
8.95981186387
8.95861721482
8.95789644848
1
1
1
1
1
1
1
1
1
1
1
1.00000008303
1.42131094189
4.48267165828
8.77794178417
8.96489683095
8.96246233085
8.96028644376
8.95888745978
8.95804804376
1
1
1
1
1
1
1
1
1
1
1
1
1.27636144705
2.52871773224
8.29568465146
8.96214653441
8.96333869677
8.9607748449
8.95913063199
8.95816082052
1
1
1
1
1
1
1
1
1
1
1
1
1.02136250895
1.75536707338
7.38850542765
8.95008930301
8.96435932121
8.96133208198
8.95938444092
8.95826165028
1
1
1
1
1
1
1
1
1
1
1
1
1.00001341829
1.48421598961
6.01441133742
8.90982486147
8.96556474805
8.96204847015
8.95972023453
8.9584047201
1
1
1
1
1
1
1
1
1
1
1
1
1
1.39774548924
3.97602889962
8.73673611995
8.96625233796
8.96301501214
8.96022247657
8.95865871376
1
1
1
1
1
1
1
1
1
1
1
1
1
1.03117702847
1.98755046592
7.85633084108
8.95751562295
8.96428704191
8.96096438213
8.95908928587
1
1
1
1
1
1
1
1
1
1
1
1
1
1
1.4055373836
4.80736353889
8.84175011941
8.96557692075
8.96197724414
8.95973659475
1
1
1
1
1
1
1
1
1
1
1
1
1
1
1.00003833243
1.84369033267
7.89085446702
8.95844021824
8.96323185311
8.96059631922
1
1
1
1
1
1
1
1
1
1
1
1
1
1
1
1.38055089432
4.70917902853
8.85456951733
8.96457916897
8.9616194828
1
1
1
1
1
1
1
1
1
1
1
1
1
1
1
1.00045774309
2.06406533818
8.23807239081
8.96209469578
8.96273177034
1
1
1
1
1
1
1
1
1
1
1
1
1
1
1
1
1.4590300297
6.56747832265
8.93635656525
8.96388803236
1
1
1
1
1
1
1
1
1
1
1
1
1
1
1
1
1.37766263388
4.49530021222
8.84785454744
8.96482747815
1
1
1
1
1
1
1
1
1
1
1
1
1
1
1
1
1.1567999266
2.98308447015
8.64762450685
8.96487072137
1
1
1
1
1
1
1
1
1
1
1
1
1
1
1
1
1.00361839028
2.07195318199
8.23672355574
8.96247316571
1
1
1
1
1
1
1
1
1
1
1
1
1
1
1
1
1.00000000442
1.58092487865
7.36472971436
8.95274350306
1
1
1
1
1
1
1
1
1
1
1
1
1
1
1
1
1
1.41429921031
5.75626385702
8.91947158509
1
1
1
1
1
1
1
1
1
1
1
1
1
1
1
1
1
1.25286142988
3.7909026455
8.82032783844
1
1
1
1
1
1
1
1
1
1
1
1
1
1
1
1
1
1.0049118747
2.38378611521
8.56389887186
1
1
1
1
1
1
1
1
1
1
1
1
1
1
1
1
1
1.00000006863
1.72176892489
8.02260237823
1
1
1
1
1
1
1
1
1
1
1
1
1
1
1
1
1
1
1.47714368842
7.10769607842
1
1
1
1
1
1
1
1
1
1
1
1
1
1
1
1
1
1
1.40745788531
5.90269968737
1
1
1
1
1
1
1
1
1
1
1
1
1
1
1
1
1
1
1.30181468165
4.56703069144
1
1
1
1
1
1
1
1
1
1
1
1
1
1
1
1
1
1
1.01771937426
3.13410665253
1
1
1
1
1
1
1
1
1
1
1
1
1
1
1
1
1
1
1.00000000026
1.93843970181
1
1
1
1
1
1
1
1
1
1
1
1
1
1
1
1
1
1
1
1.44646563953
1
1
1
1
1
1
1
1
1
1
1
1
1
1
1
1
1
1
1
1.22130397912
1
1
1
1
1
1
1
1
1
1
1
1
1
1
1
1
1
1
1
1.00000026429
1
1
1
1
1
1
1
1
1
1
1
1
1
1
1
1
1
1
1
1
1
1
1
1
1
1
1
1
1
1
1
1
1
1
1
1
1
1
1
1
1
1
1
1
1
1
1
1
1
1
1
1
1
1
1
1
1
1
1
1
1
1
1
1
1
1
1
1
1
1
1
1
1
1
1
1
1
1
1
1
1
1
1
1
1
1
1
1
1
1
1
1
1
1
1
1
1
1
1
1
1
1
1
1
1
1
1
1
1
1
1
1
1
1
1
1
1
1
1
1
1
1
1
1
1
1
1
1
1
1
1
1
1
1
1
1
1
1
1
1
1
1
1
1
1
1
1
1
1
1
1
1
1
1
1
1
1
1
1
1
1
1
1
1
1
1
1
1
1
1
1
1
1
1
1
1
1
1
1
1
1
1
1
1
1
1
1
1
1
1
1
1
1
1
1
1
1
1
1
1
1
1
1
1
1
1
1
1
1
1
1
1
1
1
1
1
1
1
1
1
1
1
1
1
1
1
1
1
1
1
1
1
1
1
1
1
1
1
1
1
1
1
1
1
1
1
1
1
1
1
1
1
1
1
1
1
1
1
1
1
1
1
1
1
1
1
1
1
1
1
1
1
1
1
1
1
1
1
1
1
1
1
1
1
1
1
1
1
1
1
1
1
1
1
1
1
1
1
1
1
1
1
1
1
1
1
1
1
1
1
1
1
1
1
1
1
1
1
1
1
1
1
1
1
1
1
1
1
1
1
1
1
1
1
1
1
1
1
1
1
1
1
1
1
1
1
1
1
1
1
1
1
1
1
1
1
1
1
1
1
1
1
1
1
1
1
1
1
1
1
1
1
1
1
1
1
1
1
1
1
1
1
1
1
1
1
1
1
1
1
1
1
1
1
1
1
1
1
1
1
1
1
1
1
1
1
1
1
1
1
1
1
1
1
1
1
1
1
1
1
1
1
1
1
1
1
1
1
1
1
1
1
1
1
1
1
1
1
1
1
1
1
1
1
1
1
1
1
1
1
1
1
1
1
1
1
1
1
1
1
1
1
1
1
1
1
1
1
1
1
1
1
1
1
1
1
1
1
1
1
1
1
1
1
1
1
1
1
1
1
1
1
1
1
1
1
1
1
1
1
1
1
1
1
1
1
1
1
1
1
1
1
1
1
1
1
1
1
1
1
1
1
1
1
1
1
1
1
1
1
1
1
1
1
1
1
1
1
1
1
1
1
1
1
1
1
1
1
1
1
1
1
1
1
1
1
1
1
1
1
1
1
1
1
1
1
1
1
1
1
1
1
1
1
1
1
1
1
1
1
1
1
1
1
1
1
1
1
1
1
1
1
1
1
1
1
1
1
1
1
1
1
1
1
1
1
1
1
1
1
1
1
1
1
1
1
1
1
1
1
1
1
1
1
1
1
1
1
1
1
1
1
1
1
1
1
1
1
1
1
1
1
1
1
1
1
1
1
1
1
1
1
1
1
1
1
1
1
1
1
1
1
1
1
1
1
1
1
1
1
1
1
1
1
1
1
1
1
1
1
1
1
1
1
1
1
1
1
1
1
1
1
1
1
1
1
1
1
1
1
1
1
1
1
1
1
1
1
1
1
1
1
1
1
1
1
1
1
1
1
1
1
1
1
1
1
1
1
1
1
1
1
1
1
1
1
1
1
1
1
1
1
1
1
1
1
1
1
1
1
1
1
1
1
1
1
1
1
1
1
1
1
1
1
1
1
1
1
1
1
1
1
1
1
1
1
1
1
1
1
1
1
1
1
1
1
1
1
1
1
1
1
1
1
1
1
1
1
1
1
1
1
1
1
1
1
1
1
1
1
1
1
1
1
1
1
1
1
1
1
1
1
1
1
1
1
1
1
1
1
1
1
1
1
1
1
1
1
1
1
1
1
1
1
1
1
1
1
1
1
1
1
1
1
1
1
1
1
1
1
1
1
1
1
1
1
1
1
1
1
1
1
1
1
1
1
1
1
1
1
1
1
1
1
1
1
1
1
1
1
1
1
1
1
1
1
1
1
1
1
1
1
1
1
1
1
1
1
1
1
1
1
1
1
1
1
1
1
1
1
1
1
1
1
1
1
1
1
1
1
1
1
1
1
1
1
1
1
1
1
1
1
1
1
1
1
1
1
1
1
1
1
1
1
1
1
1
1
1
1
1
1
1
1
1
1
1
1
1
1
1
1
1
1
1
1
1
1
1
1
1
1
1
1
1
1
1
1
1
1
1
1
1
1
1
1
1
1
1
1
1
1
1
1
1
1
1
1
1
1
1
1
1
1
1
1
1
1
1
1
1
1
1
1
1
1
1
1
1
1
1
1
1
1
1
1
1
1
1
1
1
1
1
1
1
1
1
1
1
1
1
1
1
1
1
1
1
1
1
1
1
1
1
1
1
1
1
1
1
1
1
1
1
1
1
1
1
1
1
1
1
1
1
1
1
1
1
1
1
1
1
1
1
1
1
1
1
1
1
1
1
1
1
1
1
1
1
1
1
1
1
1
1
1
1
1
1
1
1
1
1
1
1
1
1
1
1
1
1
1
1
1
1
1
1
1
1
1
1
1
1
1
1
1
1
1
1
1
1
1
1
1
1
1
1
1
1
1
1
1
1
1
1
1
1
1
1
1
1
1
1
1
1
1
1
1
1
1
1
1
1
1
1
1
1
1
1
1
1
1
1
1
1
1
1
1
1
1
1
1
1
1
1
1
1
1
1
1
1
1
1
1
1
1
1
1
1
1
1
1
1
1
1
1
1
1
1
1
1
1
1
1
1
1
1
1
1
1
1
1
1
1
1
1
1
1
1
1
1
1
1
1
1
1
1
1
1
1
1
1
1
1
1
1
1
1
1
1
1
1
1
1
1
1
1
1
1
1
1
1
1
1
1
1
1
1
1
1
1
1
1
1
1
1
1
1
1
1
1
1
1
1
1
1
1
1
1
1
1
1
1
1
1
1
1
1
1
1
1
1
1
1
1
1
1
1
1
1
1
1
1
1
1
1
1
1
1
1
1
1
1
1
1
1
1
1
1
1
1
1
1
1
1
1
1
1
1
1
1
1
1
1
1
1
1
1
1
1
1
1
1
1
1
1
1
1
1
1
1
1
1
1
1
1
1
1
1
1
1
1
1
1
1
1
1
1
1
1
1
1
1
1
1
1
1
1
1
1
1
1
1
1
1
1
1
1
1
1
1
1
1
1
1
1
1
1
1
1
1
1
1
1
1
1
1
1
1
1
1
1
1
1
1
1
1
1
1
1
1
1
1
1
1
1
1
1
1
1
1
1
1
1
1
1
1
1
1
1
1
1
1
1
1
1
1
1
1
1
1
1
1
1
1
1
1
1
1
1
1
1
1
1
1
1
1
1
1
1
1
1
1
1
1
1
1
1
1
1
1
1
1
1
1
1
1
1
1
1
1
1
1
1
1
1
1
1
1
1
1
1
1
1
1
1
1
1
1
1
1
1
1
1
1
1
1
1
1
1
1
1
1
1
1
1
1
1
1
1
1
1
1
1
1
1
1
1
1
1
1
1
1
1
1
1
1
1
1
1
1
1
1
1
1
1
1
1
1
1
1
1
1
1
1
1
1
1
1
1
1
1
1
1
1
1
1
1
1
1
1
1
1
1
1
1
1
1
1
1
1
1
1
1
1
1
1
1
1
1
1
1
1
1
1
1
1
1
1
1
1
1
1
1
1
1
1
1
1
1
1
1
1
1
1
1
1
1
1
1
1
1
1
1
1
1
1
1
1
1
1
1
1
1
1
1
1
1
1
1
1
1
1
1
1
1
1
1
1
1
1
1
1
1
1
1
1
1
1
1
1
1
1
1
1
1
1
1
1
1
1
1
1
1
1
1
1
1
1
1
1
1
1
1
1
1
1
1
1
1
1
1
1
1
1
1
1
1
1
1
1
1
1
1
1
1
1
1
1
1
1
1
1
1
1
1
1
1
1
1
1
1
1
1
1
1
1
1
1
1
1
1
1
1
1
1
1
1
1
1
1
1
1
1
1
1
1
1
1
1
1
1
1
1
1
1
1
1
1
1
1
1
1
1
1
1
1
1
1
1
1
1
1
1
1
1
1
1
1
1
1
1
1
1
1
1
1
1
1
1
1
1
1
1
1
1
1
1
1
1
1
1
1
1
1
1
1
1
1
1
1
1
1
1
1
1
1
1
1
1
1
1
1
1
1
1
1
1
1
1
1
1
1
1
1
1
1
1
1
1
1
1
1
1
1
1
1
1
1
1
1
1
1
1
1
1
1
1
1
1
1
1
1
1
1
1
1
1
1
1
1
1
1
1
1
1
1
1
1
1
1
1
1
1
1
1
1
1
1
1
1
1
1
1
1
1
1
1
1
1
1
1
1
1
1
1
1
1
1
1
1
1
1
1
1
1
1
1
1
1
1
1
1
1
1
1
1
1
1
1
1
1
1
1
1
1
1
1
1
1
1
1
1
1
1
1
1
1
1
1
1
1
1
1
1
1
1
1
1
1
1
1
1
1
1
1
1
1
1
1
1
1
1
1
1
1
1
1
1
1
1
1
1
1
1
1
1
1
1
1
1
1
1
1
1
1
1
1
1
1
1
1
1
1
1
1
1
1
1
1
1
1
1
1
1
1
1
1
1
1
1
1
1
1
1
1
1
1
1
1
1
1
1
1
1
1
1
1
1
1
1
1
1
1
1
1
1
1
1
1
1
1
1
1
1
1
1
1
1
1
1
1
1
1
1
1
1
1
1
1
1
1
1
1
1
1
1
1
1
1
1
1
1
1
1
1
1
1
1
1
1
1
1
1
1
1
1
1
1
1
1
1
1
1
1
1
1
1
1
1
1
1
1
1
1
1
1
1
1
1
1
1
1
1
1
1
1
1
1
1
1
1
1
1
1
1
1
1
1
1
1
1
8.97060992743
8.97062090407
8.97060488188
8.97056611908
8.97050803828
8.97043279259
8.97034150674
8.97023494417
8.97011457655
8.96998449207
8.96985511201
8.96975096675
8.96972654802
8.9698952282
8.9704558802
8.97159594563
8.97290449162
8.97360779602
8.97367354213
8.97370475219
8.9533850576
8.9533810909
8.95338750944
8.95340295804
8.95342744502
8.95346362041
8.95351942902
8.95361363866
8.95378673421
8.95412035639
8.95476744316
8.95598673278
8.95814642028
8.9615914776
8.96618285953
8.97059366695
8.97299649721
8.97359272376
8.97368046721
8.97369702141
8.95708541177
8.95708827995
8.95709100947
8.95709461733
8.95710255563
8.95712311465
8.95717425171
8.95729231338
8.95754580963
8.95805329098
8.95899751882
8.96061290788
8.96309912902
8.96640118027
8.96988985717
8.9724121989
8.97343335505
8.97364412556
8.97367932645
8.97370128387
8.95644309541
8.95644284065
8.95644850127
8.95646195768
8.95649068271
8.95655182102
8.95667950469
8.95693588538
8.95742408141
8.95829627683
8.95974135403
8.96192610971
8.96486291464
8.96821374392
8.9711852945
8.97294625939
8.97353528508
8.97364622242
8.97367726916
8.97369970667
8.95655100296
8.95654742985
8.95655658197
8.95658192489
8.95663653628
8.95674813963
8.95696737554
8.95737750029
8.95810048006
8.95928934986
8.96109164185
8.96356906004
8.96657422458
8.96963464375
8.97201461362
8.97322760061
8.97357803888
8.9736457423
8.97367584285
8.97369951234
8.95655970183
8.95655239812
8.95656698008
8.95660928298
8.95669934245
8.95687648139
8.95720668508
8.9577880645
8.95874743942
8.9602181566
8.96228949789
8.96492563145
8.96787203558
8.97061117613
8.97252111226
8.97337546628
8.97359383863
8.97364440823
8.97367540737
8.9736999277
8.95660930477
8.95659825327
8.95662027181
8.95668431993
8.95681807532
8.95707199114
8.95752393875
8.95827873589
8.95945542636
8.96115521106
8.9634069712
8.96609711254
8.9689080322
8.97132603042
8.97285351588
8.97345764486
8.97359972545
8.97364400064
8.97367563787
8.97370097453
8.9566779086
8.95666129796
8.95669203929
8.95678230207
8.95696722658
8.95730667648
8.95788591311
8.95880887004
8.96017811423
8.962057974
8.96442289995
8.96710193013
8.96974389598
8.97186144858
8.97307653101
8.97350292755
8.9736021764
8.97364429651
8.97367632114
8.97370246721
8.95677615441
8.95674975542
8.95678901225
8.95690874865
8.95715047341
8.95758081762
8.95828767761
8.95936791331
8.96090255348
8.96291914972
8.9653463506
8.96797242877
8.97043064832
8.97227017232
8.97322707326
8.97352763782
8.97360382891
8.9736450042
8.97367732888
8.97370427765
8.95690609317
8.95686422454
8.95691076911
8.95706220206
8.95736463474
8.95788838476
8.95871961054
8.95994361316
8.96161764762
8.96373510142
8.96618728703
8.96873367843
8.97100217424
8.97258425195
8.97332760176
8.97354137485
8.973605451
8.97364588712
8.97367858507
8.97370630997
8.95706169409
8.95699946204
8.95705258712
8.95723793621
8.9576041381
8.95822211194
8.95917262546
8.96052649935
8.96231685261
8.96450646535
8.96695641018
8.96940527078
8.97148134031
8.97282464191
8.97339352102
8.97354962647
8.97360711735
8.97364683124
8.97368002769
8.97370849337
8.95722797691
8.95714344053
8.95720456945
8.95742728786
8.95786061635
8.95857327477
8.95963781131
8.9611088953
8.96299623749
8.96523559873
8.96766319471
8.97000153219
8.97188335271
8.97300623554
8.97343609859
8.9735552455
8.97360871114
8.97364779517
8.9736815995
8.97371077323
8.95738621968
8.95728118548
8.95735468078
8.95762020939
8.95812512129
8.95893352526
8.96010768125
8.96168533951
8.96365406033
8.96592573994
8.96831547176
8.97053244326
8.97221850087
8.97314075263
8.97346356913
8.97355954849
8.97361012335
8.97364876694
8.97368325017
8.97371310651
8.95751938634
8.95739916638
8.95749236468
8.95780827286
8.95839056867
8.95929672718
8.96057728575
8.96225291877
8.96429046787
8.96658049201
8.96891929283
8.97100452057
8.9724942833
8.97323819605
8.97348165945
8.97356306503
8.97361130808
8.97364974202
8.9736849407
8.9737154604
8.9576162237
8.95748914587
8.95761191669
8.95798748095
8.95865393522
8.95966048636
8.96104504374
8.96281145637
8.96490724738
8.96720349028
8.96947895782
8.9714217444
8.97271706395
8.97330737754
8.97349409041
8.97356598653
8.97361228065
8.97365072135
8.97368664737
8.97371781295
8.95767763208
8.95755312411
8.95771620898
8.95816096187
8.95891807479
8.96002720617
8.96151315587
8.96336344546
8.96550751072
8.96779812759
8.96999715322
8.97178657633
8.97289318798
8.97335590284
8.97350313438
8.9735684034
8.97361309875
8.97365171711
8.97368836454
8.9737201545
8.95772450212
8.95760841501
8.95781984146
8.95834077483
8.95919258394
8.96040430252
8.96198739306
8.96391361158
8.96609523047
8.96836728541
8.9704752138
8.97210102269
8.97302946594
8.9733899992
8.97351012929
8.97357041086
8.97361384399
8.97365275664
8.9736901049
8.97372248835
8.95779852346
8.95768769379
8.95794854698
8.95854690604
8.9594926075
8.96080298421
8.96247596858
8.96446796399
8.96667455249
8.96891303812
8.97091349704
8.97236755151
8.97313306084
8.97341444836
8.97351586521
8.97357213789
8.97361460691
8.97365387969
8.97369189557
8.97372482951
8.95795338469
8.95783234564
8.95813388451
8.95880298958
8.95983543394
8.96123561172
8.9629875579
8.96503238631
8.96724890379
8.96943632714
8.97131179772
8.97258960827
8.9732109956
8.97343269426
8.97352082632
8.9735737332
8.97361547236
8.9736551283
8.97369376922
8.97372720039
8.95824131261
8.95808193017
8.95840502568
8.95913001472
8.96023578614
8.96171226728
8.96352887808
8.96561100602
8.96782001309
8.96993663487
8.9716696955
8.97277161243
8.97326959177
8.9734470625
8.97352531603
8.97357533119
8.9736165024
8.97365653149
8.97369575131
8.97372962359
8.95869597985
8.95846124641
8.95877915033
8.95953934532
8.96070085621
8.96223729998
8.96410234292
8.96620466433
8.9683870205
8.97041172352
8.97198677568
8.97291856808
8.97331407473
8.97345900498
8.97352950744
8.97357701507
8.97361771811
8.9736580893
8.97369784652
8.97373211298
8.95931703367
8.95896920941
8.95925378772
8.96002756895
8.96122690017
8.96280710621
8.96470463403
8.96681001753
8.96894598903
8.97085761081
8.97226280569
8.97303558418
8.97334842876
8.97346932397
8.97353345955
8.97357879157
8.97361908656
8.97365976184
8.97370002901
8.97373466585
8.96006954879
8.95957828436
8.95980666389
8.96057668593
8.96179960311
8.96341052714
8.96532703646
8.96741977462
8.96949012344
8.97126899426
8.97249801935
8.97312753307
8.97337546783
8.97347836822
8.97353712921
8.9735805856
8.97362051877
8.97366146799
8.97370224032
8.97373725903
8.96089682719
8.96024380241
8.96040268363
8.96115939774
8.9623980472
8.9640317463
8.96595745908
8.9680240331
8.97001073438
8.97164020822
8.97269354894
8.97319888475
8.97339704301
8.97348620417
8.97354039428
8.97358225599
8.97362188096
8.97366309437
8.97370439569
8.97373985051
8.96173929869
8.96091766748
8.96100412296
8.96174672969
8.96300034849
8.96465435348
8.96658324891
8.9686121714
8.97049868865
8.97196653384
8.9728518205
8.97325362782
8.97341430423
8.9734927568
8.97354308786
8.97358362457
8.97362301513
8.97366451115
8.97370639596
8.97374238562
8.96255540943
8.96156307385
8.96158120559
8.96231564411
8.96358910419
8.9652651698
8.96719379495
8.96917464399
8.97094593933
8.97224543328
8.97297662986
8.97329520654
8.97342794977
8.97349791127
8.97354503444
8.9735845074
8.97362376142
8.97366558868
8.97370814026
8.97374480504
8.9633316945
8.96216385233
8.96211901645
8.96285391988
8.96415477123
8.96585653327
8.96778203725
8.96970410198
8.97134668855
8.972477211
8.97307277394
8.97332647164
8.97343841896
8.97350156976
8.97354607639
8.97358473756
8.97362397476
8.97366620938
8.9737095348
8.97374705113
8.96408307449
8.96272554875
8.96261835361
8.96336066972
8.96469592496
8.96642637389
8.96834445616
8.97019556573
8.97169788204
8.9726648522
8.9731453921
8.97334966983
8.9734460114
8.97350366822
8.97354608415
8.97358417437
8.97362353175
8.97366627231
8.97371049566
8.97374907023
8.96484093337
8.96326968562
8.96309117214
8.96384280262
8.96521660574
8.9669762541
8.96887970089
8.97064577582
8.97199901923
8.97281319939
8.97319931075
8.97336648001
8.97345094252
8.97350416626
8.97354495186
8.97358270079
8.9736223291
8.97366569187
8.97371094677
8.9737508108
8.96560608016
8.9638146961
8.96354829139
8.96430706516
8.96572120246
8.96750804203
8.96938649655
8.97105222106
8.97225156649
8.97292791159
8.9732386127
8.97337808862
8.97345336323
8.97350302965
8.97354258812
8.97358021702
8.97362027954
8.97366439518
8.97371081682
8.97375221944
8.96628017923
8.96435886695
8.96398926909
8.96475432681
8.96621113091
8.96802178397
8.96986234913
8.97141269623
8.97245843417
8.97301464471
8.97326650282
8.9733853026
8.97345337962
8.97350022723
8.97353891653
8.97357664158
8.97361731354
8.97366232454
8.97371004022
8.97375323786
8.96653437614
8.96490115456
8.96441328348
8.96518533418
8.9666875277
8.96851660679
8.9703038994
8.97172574481
8.97262371315
8.9730786227
8.97328541344
8.97338869362
8.97345109423
8.97349575344
8.97353389444
8.97357192639
8.9736133916
8.97365944825
8.97370856499
8.9737538031
8.96551977945
8.96545685515
8.96482891517
8.96560589957
8.96715345581
8.9689914374
8.97070757414
8.97199132066
8.97275244301
8.97312448416
8.97329721587
8.97338874182
8.97344666106
8.97348966771
8.97352754457
8.97356608207
8.9736085245
8.97365577781
8.97370636702
8.97375385115
8.96131905915
8.96604495057
8.96524809941
8.96602353201
8.96761178111
8.96944403827
8.9710699664
8.97221118201
8.97285025066
8.97315625376
8.97330342634
8.97338594449
8.97344033303
8.97348213252
8.97351998649
8.97355920387
8.97360279409
8.97365138616
8.97370346782
8.9737533231
8.95145746403
8.96668046399
8.96568022446
8.96644347114
8.96806306048
8.96987067062
8.97138869362
8.97238903259
8.97292295661
8.97317739503
8.97330537624
8.9733808895
8.97343249728
8.97347344311
8.97351146185
8.97355149311
8.97359637072
8.97364642324
8.97369995352
8.97375217417
8.930098066
8.96738042833
8.96613229216
8.96686835215
8.96850590025
8.97026741984
8.97166363768
8.97253035018
8.97297625476
8.97319092264
8.97330434605
8.97337430303
8.97342369943
8.97346404753
8.97350235189
8.97354327225
8.97358952512
8.9736411264
8.97369599319
8.97375038649
8.86102482567
8.96817713832
8.96661296482
8.96730180334
8.96893957991
8.97063240217
8.97189773473
8.97264186669
8.97301549957
8.97319953626
8.97330165959
8.97336707537
8.9734146549
8.97345455477
8.97349318397
8.97353499072
8.97358263232
8.9736358229
8.97369185421
8.97374799265
8.57535050969
8.96845436222
8.96713735966
8.96775234229
8.96936642408
8.97096702248
8.97209666684
8.97273083224
8.97304559353
8.9732057326
8.97329873218
8.97336025999
8.97340624018
8.97344572406
8.97348462091
8.97352721511
8.97357615945
8.97363090852
8.97368787547
8.9737450346
7.49850307102
8.96217479369
8.96773020965
8.96823157654
8.96979061811
8.97127505327
8.97226756923
8.97280428026
8.97307091465
8.9732118493
8.97329705641
8.97335503253
8.97339945237
8.97343842661
8.97347742762
8.97352060189
8.97357064912
8.97362685612
8.97368455884
8.9737418478
4.80679821522
8.89723697103
8.96837158144
8.9687467717
8.97021460127
8.97156056643
8.97241751665
8.97286840086
8.97309517099
8.97321997494
8.97329808347
8.97335257516
8.97339530724
8.97343355601
8.9734723918
8.97351582756
8.97356664745
8.97362410009
8.97368233396
8.97373864792
2.15740904916
8.46851558373
8.96821434123
8.96929997551
8.97063655213
8.97182638646
8.97255242214
8.97292807475
8.97312118647
8.973231752
8.97330301796
8.97335389135
8.97339467643
8.9734318846
8.97347019857
8.97351348399
8.97356462964
8.97362301279
8.97368165222
8.97373593485
1.43474557795
6.74067753544
8.9544446872
8.96986404215
8.97105038313
8.97207362001
8.97267652513
8.97298661338
8.97315071553
8.97324817241
8.97331260629
8.97335961416
8.97339811828
8.9734339147
8.97347130127
8.97351396892
8.97356490714
8.9736238044
8.97368280534
8.97373429325
1.14600146327
3.59268707209
8.82854122455
8.97047704127
8.97144699372
8.97230202196
8.97279237951
8.97304575062
8.97318440226
8.97326947442
8.97332700617
8.97336987716
8.97340575598
8.97343976508
8.97347581724
8.97351739311
8.97356755199
8.97362646383
8.97368585148
8.97373432105
1.00000003989
1.78130633921
8.15254423467
8.9704916123
8.97181726229
8.97251069687
8.97290113383
8.97310583955
8.97322188849
8.97329515831
8.973345756
8.97338426826
8.97341722387
8.9734491145
8.97348347062
8.97352352568
8.9735723526
8.97363073082
8.97369056042
8.9737364671
1
1.41958605185
6.26836528359
8.95821151275
8.97215202842
8.97269852249
8.97300271017
8.97316605717
8.97326195788
8.97332405079
8.97336780304
8.97340184078
8.97343166804
8.97346119499
8.9734935799
8.97353177767
8.97357879956
8.97363609874
8.97369641301
8.97374083986
1
1.26527883995
3.88576509676
8.87432203196
8.97247968988
8.97286294979
8.97309589453
8.97322458706
8.97330268401
8.97335440025
8.97339157728
8.97342117599
8.97344780047
8.97347483851
8.97350509696
8.97354123129
8.97358610854
8.97364184927
8.97370266061
8.97374708582
1
1.01200394787
2.39415678087
8.6015612642
8.97274795041
8.97300307061
8.97317875504
8.97327901398
8.97334170452
8.97338407298
8.97341515191
8.97344052092
8.97346402005
8.97348858443
8.97351670133
8.97355071936
8.97359327997
8.97364710374
8.97370841226
8.97375442426
1
1.00000801727
1.77208293963
8.06728252051
8.97258459901
8.97311838846
8.97324929811
8.9733268173
8.97337656678
8.97341081802
8.97343646553
8.97345798201
8.97347858479
8.97350083362
8.9735269375
8.97355894219
8.97359918916
8.97365088608
8.97371271979
8.9737618336
1
1.00000000009
1.53399818228
7.32662274471
8.97006143965
8.97320919541
8.97330584044
8.97336573273
8.97340501205
8.97343251066
8.97345353974
8.9734717214
8.97348978975
8.97351001017
8.97353436054
8.9735645954
8.97360268589
8.97365218474
8.97371463588
8.97376827623
1
1
1.44016259124
6.45080043567
8.96268568594
8.97327628079
8.97334727489
8.97339400206
8.97342519061
8.97344735099
8.97346466246
8.973480125
8.9734961203
8.97351469986
8.97353766003
8.97356647628
8.97360267394
8.97364998269
8.97371320232
8.97377283236
1
1
1.40418875266
5.45300888117
8.94717528424
8.97331830677
8.97337313576
8.97341048232
8.97343577676
8.97345398136
8.97346850075
8.97348190742
8.97349634848
8.97351373844
8.97353573984
8.97356355362
8.97359815939
8.97364325395
8.97370738178
8.97377469127
1
1
1.34432013651
4.34476523627
8.91311854622
8.97333726111
8.97338355962
8.97341465195
8.97343599466
8.97345152814
8.97346415049
8.97347616472
8.97348958568
8.97350626175
8.97352776393
8.97355500511
8.97358826679
8.97363091463
8.97369590229
8.97377302467
1
1
1.1435692374
3.2197572322
8.82974261956
8.97333736843
8.97337917762
8.97340653215
8.9734256221
8.97343965021
8.97345120605
8.97346245211
8.97347536103
8.9734917804
8.97351322338
8.97354027083
8.9735722611
8.97361175558
8.9736770288
8.97376677754
1
1
1.0050135338
2.29131031998
8.60986847768
8.97332776292
8.9733618271
8.9733871492
8.97340533577
8.97341881657
8.97342999041
8.97344097778
8.97345378571
8.97347031834
8.97349204889
8.9735191319
8.97354956975
8.97358433803
8.97364824572
8.97375431848
1
1
1.00000015323
1.70819630052
8.01494665261
8.97178715218
8.97333535842
8.97335904685
8.97337706343
8.973390573
8.9734017756
8.97341279875
8.97342573874
8.97344260294
8.97346483633
8.9734920724
8.97352055126
8.97354844427
8.97360736398
8.97373290091
1
1
1
1.44818250475
6.53372489156
8.95004548327
8.97330526523
8.97332590582
8.97334361383
8.97335725259
8.97336854532
8.97337961568
8.97339268744
8.97340993564
8.97343290378
8.97346105855
8.97348964893
8.9735134723
8.97356265054
8.97369962894
1
1
1
1.34415452628
4.00612966525
8.77870120211
8.97270103918
8.97329139996
8.97330808614
8.97332147113
8.97333257816
8.97334342874
8.97335638445
8.97337383584
8.97339751637
8.97342701948
8.97345752578
8.97348114004
8.97351685097
8.97364711451
1
1
1
1.00176364597
1.99416229818
7.82837207071
8.95779841303
8.97326239529
8.97327377789
8.9732859485
8.97329629453
8.97330643443
8.97331882314
8.97333607593
8.97336012559
8.97339077437
8.97342383689
8.97345086898
8.9734742742
8.97356392475
1
1
1
1
1.42485668484
5.03428195007
8.77373135547
8.9725686402
8.97324409485
8.97325352746
8.97326217776
8.97327093465
8.97328217887
8.97329871099
8.97332262418
8.97335387169
8.97338937334
8.973423406
8.97344426861
8.97343936561
1
1
1
1
1.08014702221
2.20007294649
7.55048132361
8.9456237305
8.97322468166
8.9732268769
8.97323260088
8.97323924093
8.97324881568
8.97326423594
8.97328775866
8.97331944377
8.97335757899
8.9734030795
8.97344669808
8.97334037559
1
1
1
1
1
1.4363378758
4.39627220659
8.61769067559
8.97231763762
8.9732096807
8.97321052093
8.97321418477
8.97322158713
8.97323554065
8.97325845901
8.97329056029
8.97333145563
8.9733914478
8.97348947937
8.97356272586
1
1
1
1
1
1.16429273014
2.00501622363
6.89598392664
8.92139229065
8.97320633673
8.97320038417
8.97320023054
8.97320532691
8.9732179929
8.97324091103
8.9732751427
8.97332266339
8.97339996949
8.97353522389
8.97367746578
1
1
1
1
1
1.00000015027
1.43417790014
3.81392693331
8.43856568171
8.97136423726
8.97320713926
8.97320364697
8.9732076767
8.97322085836
8.97324660301
8.97328904856
8.97335336317
8.97345288383
8.97359999948
8.9737415792
1
1
1
1
1
1
1.25074589796
1.95899260525
6.5611516147
8.89490748567
8.97324140416
8.97323537015
8.97324259298
8.97326234316
8.97329835243
8.97335143524
8.97342598428
8.97352971919
8.97366054508
8.97377735154
1
1
1
1
1
1
1.00051249321
1.46165754788
3.84025220588
8.33748953811
8.968227967
8.97331347319
8.97333921043
8.97338028364
8.97342877296
8.97348326449
8.97354730328
8.97362539415
8.97371465752
8.97379806033
1
1
1
1
1
1
1
1.37421249011
2.18369714022
6.65228333544
8.86765932559
8.97345202627
8.9735002779
8.97354226014
8.97358062755
8.9736193772
8.97366205677
8.97370985523
8.97376158298
8.97381548489
1
1
1
1
1
1
1
1.10323106572
1.58580076923
4.41976972902
8.37139819129
8.96460852429
8.97363749743
8.97366589121
8.97369070132
8.9737148605
8.97374034082
8.97376815949
8.9737985652
8.97383398683
1
1
1
1
1
1
1
1.00025577402
1.42371209844
2.78244023986
7.2034513169
8.88502948309
8.97366121243
8.97371483191
8.97373761445
8.97372036421
8.97369139552
8.97377514138
8.97382430466
8.97385084772
1
1
1
1
1
1
1
1
1.35397470443
1.89775149949
5.43994268145
8.55089082697
8.95259076103
8.96244239366
8.96920931234
8.96614104598
8.95991942868
8.96615559924
8.9730186644
8.97371354709
1
1
1
1
1
1
1
1
1.02949701033
1.47836201074
3.19983470335
7.15946819682
8.18753432915
8.31649492548
8.73043123465
8.74145470747
8.5961946235
8.59444338389
8.86972016414
8.96002547168
1
1
1
1
1
1
1
1
1
1.27476858359
1.57078926389
2.84486998849
3.22408758967
3.42834047355
4.48090303834
6.27809265074
6.03185930191
5.0911766474
5.11870036213
7.91445508148
1
1
1
1
1
1
1
1
1
1
1.02540908555
1.35420291832
1.41886736734
1.40841266995
1.38185199768
1.46280524677
1.81676643009
1.66309723818
1.42768470117
2.13298685271
1
1
1
1
1
1
1
1
1
1
1
1
1.00000001006
1.00802288826
1.00000300128
1
1
1
1
1.36175329749
1
1
1
1
1
1
1
1
1
1
1
1
1
1
1
1
1
1
1
1.24169011162
1
1
1
1
1
1
1
1
1
1
1
1
1
1
1
1
1
1
1
1.37334373233
1
1
1
1
1
1
1
1
1
1
1
1
1
1
1
1
1
1
1
1.37422178248
1
1
1
1
1
1
1
1
1
1
1
1
1
1
1
1
1
1
1
1.52742448873
1
1
1
1
1
1
1
1
1
1
1
1
1
1
1
1
1
1
1
1.7200481415
1
1
1
1
1
1
1
1
1
1
1
1
1
1
1
1
1
1
1
1.89486492181
1
1
1
1
1
1
1
1
1
1
1
1
1
1
1
1
1
1
1
2.02521602318
1
1
1
1
1
1
1
1
1
1
1
1
1
1
1
1
1
1
1
2.0949143809
1
1
1
1
1
1
1
1
1
1
1
1
1
1
1
1
1
1
1
2.11843013617
1
1
1
1
1
1
1
1
1
1
1
1
1
1
1
1
1
1
1
2.12848229573
1
1
1
1
1
1
1
1
1
1
1
1
1
1
1
1
1
1
1
2.13241474963
1
1
1
1
1
1
1
1
1
1
1
1
1
1
1
1
1
1
1
2.22757957604
1
1
1
1
1
1
1
1
1
1
1
1
1
1
1
1
1
1
1
2.31941422623
1
1
1
1
1
1
1
1
1
1
1
1
1
1
1
1
1
1
1
2.49373344303
1
1
1
1
1
1
1
1
1
1
1
1
1
1
1
1
1
1
1
2.65402552674
1
1
1
1
1
1
1
1
1
1
1
1
1
1
1
1
1
1
1
2.65708922445
1
1
1
1
1
1
1
1
1
1
1
1
1
1
1
1
1
1
1
2.65444819642
1
1
1
1
1
1
1
1
1
1
1
1
1
1
1
1
1
1
1
2.65754333641
1
1
1
1
1
1
1
1
1
1
1
1
1
1
1
1
1
1
1
2.65499094243
1
1
1
1
1
1
1
1
1
1
1
1
1
1
1
1
1
1
1.00000000002
2.65795386537
1
1
1
1
1
1
1
1
1
1
1
1
1
1
1
1
1
1
1.00000000001
2.65509226394
1
1
1
1
1
1
1
1
1
1
1
1
1
1
1
1.00000000001
1
1
1
2.65813185066
1
1
1
1
1
1
1
1
1
1
1
1
1
1
1.00000029515
1.01603547469
1
1
1
2.65482726029
1
1
1
1
1
1
1
1
1
1
1
1
1
1.00000004798
1.16749162194
1.38844343901
1
1
1
2.38159194754
1
1
1
1
1
1
1
1
1
1
1
1
1.00000028177
1.17950360706
1.44968653492
1.58088879928
1
1
1
2.10649482627
1
1
1
1
1
1
1
1
1
1
1
1.00004188957
1.31010347071
1.48250065657
2.51893647413
2.30039452364
1
1
1
1.8308456826
1
1
1
1
1
1
1
1
1
1
1.00506643566
1.39833755894
1.69426096079
3.39078669536
4.57398855803
2.72203677435
1
1
1
1.64546968657
1
1
1
1
1
1
1
1
1
1.02223878753
1.43724181186
2.32350504772
4.85276490531
5.8818366159
5.51918246249
2.49960559316
1
1
1
1.56419936605
1
1
1
1
1
1
1
1
1.00000088376
1.45174961378
3.29139081443
6.22311258726
6.5908874644
6.42560779686
5.71765267644
1.63815354688
1
1
1
1.53166892348
1
1
1
1
1
1
1
1
1.30449825439
3.1518885215
6.76218520428
6.92194357593
6.79155410423
6.50045624717
5.80780542698
1.3440840508
1
1
1
1.53436126906
1
1
1
1
1
1
1
1
1.57662554141
6.4792223142
7.00918504376
6.97911512707
6.82354174024
6.554132397
5.96219126606
1.00000042086
1
1
1
1.61096576917
1
1
1
1
1
1
1
1.05660906142
3.39804109643
7.00891998808
7.01357222213
7.00660074903
6.8639931983
6.63189614546
6.06586371567
1
1
1
1
1.72060478669
1
1
1
1
1
1
1
1.42543168501
6.12158102754
7.01547355984
7.01550645637
7.01455246982
6.91679476814
6.72396290676
5.79060662737
1
1
1
1
1.7198425913
1
1
1
1
1
1
1
1.87620426215
6.93372843969
7.01556404624
7.02431556614
7.01547827558
6.97349773532
6.83929301139
3.39916344732
1
1
1
1
1.72142727277
1
1
1
1
1
1
1.00000223451
3.00933764901
7.01559143634
7.02410071857
7.02446866683
7.02482576974
7.01552194564
6.97537285012
1.43513993437
1
1
1
1
1.71990595755
1
1
1
1
1
1
1.05583557078
4.26402999401
7.02087277837
7.02456201533
7.0337196706
7.02445424829
7.02360565316
7.01560522797
1.00000039151
1
1
1
1
1.72251504381
1
1
1
1
1
1
1.31880628368
5.24629266826
7.02456511438
7.03375305627
7.02988294724
7.03753097077
7.02450088631
6.85991641768
1
1
1
1
1
1.71981737534
1
1
1
1
1
1
1.39774157648
5.91970457686
7.03166893762
7.02990521496
7.04526070714
7.03022098457
7.04187552582
5.04447482593
1
1
1
1
1
1.72231031392
1
1
1
1
1
1
1.39794137083
6.01539077043
7.02989420637
7.04223370801
7.03812666595
7.04842152216
7.0302479249
2.26346888911
1
1
1
1
1.00000000011
1.71953308626
1
1
1
1
1
1
1.3849295544
5.89071617623
7.0405369257
7.03890072719
7.04845246312
7.03815737139
7.05788421208
2.07128997913
1
1
1
1
1.01702192525
1.68767979724
1
1
1
1
1
1
1.29354912421
5.33491419286
7.03887486372
7.04845684758
7.04435964861
7.06062576989
7.03819415938
2.87475041261
1
1
1
1
1.30966951812
2.33894506658
1
1
1
1
1
1
1.00612221546
3.55261613032
7.04921504387
7.04436339096
7.06060355392
7.04442090828
7.06172518865
5.70722460741
1.00413874003
1
1
1
1.42147577904
4.88897292538
1
1
1
1
1
1
1
1.57783308588
6.68914689069
7.05879367576
7.05156552124
7.06175927322
7.04449563504
7.03886585298
1.35364285566
1
1
1.00003916232
1.82711894225
6.17527581541
1
1
1
1
1
1
1
1.07591338244
3.14064183578
7.04579017493
7.05840816774
7.049137248
7.06473281037
6.63024113747
1.13705548734
1
1
1.36450426907
2.78682020103
6.18669579379
1
1
1
1
1
1
1
1
1.40345027351
3.76502056756
6.72564028952
6.98027673781
6.909594616
1.55979374292
1
1
1.00839207097
1.58097963238
2.36213707313
4.78639497543
1
1
1
1
1
1
1
1
1
1.30559920133
1.84050736009
2.40389962
1.48093965553
1
1
1.00000448617
1.4188411256
1.48302436377
1.62946336177
2.61869735103
1
1
1
1
1
1
1
1
1
1
1
1
1
1
1
1.24636783958
1.40769673686
1.3980721598
1.41176282966
1.69957554103
1
1
1
1
1
1
1
1
1
1
1
1
1
1
1
1.00128827931
1.38753833617
1.27333984016
1.26703708135
1.45290625096
1
1
1
1
1
1
1
1
1
1
1
1
1
1
1
1.00000000069
1.38246016753
1.14007332769
1.03004333698
1.39621122507
1
1
1
1
1
1
1
1
1
1
1
1
1
1
1
1.00000000399
1.39972388614
1.09701883712
1.00006542217
1.21466748952
1
1
1
1
1
1
1
1
1
1
1
1
1
1
1
1.00017089127
1.43722470882
1.12182446842
1.00000000002
1.0012328518
1
1
1
1
1
1
1
1
1
1
1
1
1
1
1
1.07110735206
1.59043331278
1.12950289858
1
1.00000000002
1
1
1
1
1
1
1
1
1
1
1
1
1
1
1
1.31938216968
2.15800536201
1.61351547536
1
1
1
1
1
1
1
1
1
1
1
1
1
1
1
1
1.00000002158
1.40161024306
2.79863641743
4.92635870414
1
1
1
1
1
1
1
1
1
1
1
1
1
1
1
1
1.00048613377
1.42353733979
3.32837572163
4.94255896832
1
1
1
1
1
1
1
1
1
1
1
1
1
1
1
1
1.01749605277
1.44402361738
3.60861365285
4.83680915256
1
1
1
1
1
1
1
1
1
1
1
1
1
1
1
1
1.08729156591
1.47250558574
3.82922756045
2.84939927076
1
1
1
1
1
1
1
1
1
1
1
1
1
1
1
1
1.22616421777
1.55497652872
4.0599211694
1.54167315862
1
1
1
1
1
1
1
1
1
1
1
1
1
1
1
1.00000183579
1.36958607658
1.89574242315
4.11143621184
1.18844575397
1
1
1
1
1
1
1
1
1
1
1
1
1
1
1
1.02031419708
1.4320058813
3.30044064338
2.13215477959
1
1
1
1
1
1
1
1
1
1
1
1
1
1
1
1.00000004273
1.36464678466
1.85705163624
6.39364735887
1.04518059162
1
1
1
1
1
1
1
1
1
1
1
1
1
1
1
1.24033488176
1.61497596652
4.9084423218
7.42339169154
1
1
1
1
1
1
1
1
1
1
1
1
1
1
1.00000000208
1.2882631717
1.63623554507
4.62176471935
8.52873162035
3.72351194933
1
1
1
1
1
1
1
1
1
1
1
1
1.00000000457
1.0580169687
1.4133089094
2.06022090725
5.66024738166
8.58597466278
8.82614484121
6.85434434637
1
1
1
1
1
1
1
1
1
1
1.00000006201
1.13269423274
1.41724329709
1.80008529116
3.69731633552
6.87567225087
8.36814480315
8.77387878062
8.82653662552
7.11311459098
1
1
1
1
1
1
1
1
1
1
1.00000000258
1.17362425002
1.46491421685
2.42882748092
4.9485662787
7.10640323127
8.17677286248
8.56821301703
8.32188263101
1.42424066177
1
1
1
1
1
1
1
1
1
1
1
1.00009519598
1.39803865198
1.80560265027
3.50522683048
5.60161500776
6.54531589175
5.59602650561
1.00697508711
1
1
1
1
1
1
1
1
1
1
1
1
1
1.00132167728
1.40038480949
1.63909442851
1.73042511387
1.41381104428
1
1
1
1
1
1
1
1
1
1
1
1
1
1
1
1
1
1
1
1
1
1
1
1
1
1
1
1
1
1
1
1
1
1
1
1
1
1
1
1
1
1
1
1
1
1
1
1
1
1
1
1
1
1
1
1
1
1
1
1
1
1
1
1
1
1
1
1
1
1
1
1
1
1
1
1
1
1
1
1
1
1
1
1
1
1
1
1
1
1
1
1
1
1
1
1
1
1
1
1
1
1
1
1
1
1
1
1
1
1
1
1
1
1
1
1
1
1
1
1
1
1
1
1
1
1
1
1
1
1
1
1
1
1
1
1
1
1
1
1
1
1
1
1
1
1
1
1
1
1
1
1
1
1
1
1
1
1
1
1
1
1
1
1
1
1
1
1
1
1
1
1
1
1
1
1
1
1
1
1
1
1
1
1
1
1
1
)
;

boundaryField
{
    emptyPatch
    {
        type            empty;
    }
    minY
    {
        type            calculated;
        value           nonuniform List<scalar> 
40
(
8.9737292587
8.97373013385
8.97373027116
8.97373043542
8.97373059643
8.97373074731
8.97373088737
8.97373101533
8.97373112995
8.97373123159
8.9737313207
8.97373139801
8.97373146469
8.97373152183
8.97373157036
8.97373161102
8.9737316444
8.97373167096
8.97373169101
8.97373170476
8.97373171219
8.97373171354
8.97373170956
8.97373170099
8.97373168833
8.97373167196
8.97373165208
8.97373162878
8.97373160209
8.97373157191
8.97373153811
8.97373150043
8.97373145849
8.97373141162
8.97373135894
8.97373129994
8.97373123542
8.97373116399
8.97373106744
8.97373009614
)
;
    }
    maxY
    {
        type            calculated;
        value           uniform 1;
    }
    maxX
    {
        type            calculated;
        value           nonuniform List<scalar> 
150
(
8.97373178916
8.97373636155
8.97374003193
8.97374356313
8.9737470564
8.97375052483
8.97375397755
8.97375741688
8.97376084311
8.97376425591
8.97376765519
8.97377104157
8.97377441645
8.97377778179
8.97378113956
8.97378449083
8.97378783496
8.97379116882
8.97379448659
8.97379778026
8.97380104085
8.97380426021
8.97380743279
8.97381055709
8.97381363628
8.9738166782
8.97381969474
8.97382270108
8.97382571502
8.9738287565
8.97383184706
8.97383500916
8.97383826492
8.97384163419
8.97384513208
8.97384876606
8.97385253288
8.97385641575
8.9738603825
8.97386438547
8.97386836415
8.97387225155
8.97387598219
8.97387950086
8.97388276946
8.97388577133
8.97388851158
8.97389101475
8.97389332017
8.97389547706
8.97389754019
8.97389956676
8.97390161396
8.97390373629
8.97390598188
8.97390838929
8.97391098294
8.97391376802
8.97391672962
8.97391983371
8.9739230275
8.97392626014
8.97392946336
8.97393258596
8.97393558827
8.97393844989
8.97394117505
8.97394338629
8.9737877878
8.96008696848
7.91473305803
2.13356983443
1.36198762824
1.24176818305
1.3734943365
1.37432587193
1.52747214707
1.72009674242
1.89491557418
2.02526444659
2.09495653544
2.11846505076
2.12852060199
2.13248027972
2.22769429709
2.31959217818
2.49399756036
2.65439302456
2.65754772596
2.65497771401
2.65812429525
2.6556008174
2.65857635398
2.65572679015
2.65878855776
2.65551176938
2.38226622775
2.10712292585
1.83140425506
1.6459863324
1.56470409667
1.53217547611
1.53488827189
1.61153268298
1.72122370505
1.72048812198
1.72210035804
1.72061160796
1.72327037652
1.72064446995
1.72324584659
1.72064463832
1.68911584288
2.34160676921
4.89303788315
6.1788187285
6.18976708437
4.78951741712
2.62139764818
1.7012301894
1.45393298565
1.39708379229
1.21519714962
1.00123649096
1.00000000002
1
1
1
1
1
1
1
1
1
1
1
1
1
1
1
1
1
1
1
1
1
1
1
1
1
)
;
    }
    water_to_heater
    {
        type            calculated;
        value           uniform 1;
    }
}


// ************************************************************************* //
