/*--------------------------------*- C++ -*----------------------------------*\
| =========                 |                                                 |
| \\      /  F ield         | OpenFOAM: The Open Source CFD Toolbox           |
|  \\    /   O peration     | Version:  2312                                  |
|   \\  /    A nd           | Website:  www.openfoam.com                      |
|    \\/     M anipulation  |                                                 |
\*---------------------------------------------------------------------------*/
FoamFile
{
    version     2.0;
    format      ascii;
    arch        "LSB;label=32;scalar=64";
    class       volScalarField;
    location    "0.745/heater";
    object      T;
}
// * * * * * * * * * * * * * * * * * * * * * * * * * * * * * * * * * * * * * //

dimensions      [0 0 0 1 0 0 0];

internalField   nonuniform List<scalar> 
150
(
791.936150295
791.83891775
791.644154371
791.354137785
790.950330533
791.940568768
791.844408886
791.650397811
791.360655395
790.965729418
791.947924629
791.852543102
791.658932635
791.36897952
790.988033808
791.96162103
791.866015231
791.671599539
791.379975705
791.015262176
791.986240522
791.889317899
791.692352241
791.395941921
791.038962407
792.019006593
791.920398165
791.720255288
791.417232889
791.049169155
792.063886763
791.965994524
791.767065359
791.461957211
791.07282384
792.114884307
792.019991303
791.826569966
791.52615659
791.115722861
792.158581792
792.066384888
791.878109261
791.584434584
791.157282226
792.195902954
792.106098284
791.922430575
791.636889249
791.2155329
792.228904431
792.14124737
791.961418273
791.683361308
791.279752966
792.259611447
792.173064889
791.99461634
791.719412514
791.331087474
792.289285127
792.203287632
792.024893212
791.749375462
791.378732369
792.314715317
792.22900395
792.050173803
791.771569078
791.409724262
792.333730205
792.248632075
792.070806082
791.790954544
791.42591232
792.347026888
792.262440648
792.086385409
791.808409412
791.441687544
792.354861437
792.270516446
792.095881035
791.818688477
791.445670024
792.359912617
792.275436515
792.101748973
791.823901668
791.436560582
792.364658997
792.279785053
792.107046156
791.828092417
791.413150657
792.369782681
792.284425322
792.113404899
791.838886105
791.408428946
792.370937233
792.285169585
792.116725314
791.852113483
791.428508388
792.366037587
792.279985952
792.114483265
791.86251941
791.458434323
792.356022854
792.270034114
792.108267069
791.873195512
791.501749184
792.341804719
792.256010171
792.096827193
791.87573315
791.541114642
792.315790965
792.22986856
792.071578737
791.860469012
791.569458909
792.263473533
792.176428521
792.016361037
791.808314381
791.564948824
792.169183952
792.078828346
791.912550566
791.698003273
791.468512425
792.035810285
791.940581577
791.765069388
791.538950532
791.300788956
791.892466202
791.790775079
791.602737569
791.36076076
791.109320579
791.798151183
791.691329303
791.492937486
791.237540618
790.975521807
)
;

boundaryField
{
    emptyPatch
    {
        type            empty;
    }
    minY
    {
        type            zeroGradient;
    }
    maxY
    {
        type            zeroGradient;
    }
    minX
    {
        type            zeroGradient;
    }
    heater_to_water
    {
        type            compressible::turbulentTemperatureTwoPhaseRadCoupledMixed;
        refValue        nonuniform List<scalar> 
60
(
317.369331909
316.971054779
316.971011671
317.450861572
317.822120696
325.613821739
325.613637964
390.82085537
390.820466555
535.895052714
535.895017836
572.597088598
590.325041683
595.754061163
595.753859727
541.184408651
541.183926472
371.946503973
371.945326168
331.74415477
320.919318331
319.473146046
319.472836572
328.290276431
328.289867068
371.937219125
371.936714266
463.885074804
484.22413138
487.330335328
487.330043538
490.509674855
490.509657427
489.844692403
489.844984737
488.651272363
467.534102301
402.39430885
402.394476652
351.920287709
351.920021381
333.111535928
333.111259469
325.934466278
324.317029518
323.607832221
323.607561732
323.8758298
323.875648953
333.504792901
333.504933604
455.80724715
576.92478831
603.115280166
603.115746903
604.494270902
604.494726266
601.081537444
601.081846135
598.867480681
)
;
        refGradient     uniform 0;
        valueFraction   nonuniform List<scalar> 
60
(
0.000711779049189
0.000707759629194
0.000707761513654
0.000712057550288
0.000708499495503
0.000728838446711
0.0007288438469
0.000695517821261
0.000695520824957
0.000586855830265
0.000586855917304
0.000586287022705
0.000586310125248
0.000586287873381
0.00058628827368
0.000593414983872
0.000593416173997
0.000726902535236
0.000726914579275
0.000737850517144
0.000707591113977
0.000706865130368
0.000706876985376
0.000736346281731
0.00073635738176
0.000721723277701
0.000721728431537
0.000631122332469
0.000624528637666
0.000625704325308
0.000625705306463
0.000624365342316
0.000624365399804
0.000625692544355
0.000625691574715
0.000625316687126
0.00063475685811
0.000686950893266
0.000686949753986
0.000741459271241
0.00074146316926
0.000744537207896
0.000744543676991
0.000732727478895
0.000732782315004
0.000732231112309
0.00073224003456
0.000732867397939
0.00073287331439
0.000745614960117
0.000745611677419
0.000633147185169
0.000586350019602
0.000586760088928
0.000586759180818
0.000587106338865
0.000587105456413
0.00058715901888
0.000587158413816
0.00058715817552
)
;
        source          uniform 0;
        value           nonuniform List<scalar> 
60
(
790.616032439
790.617654087
790.63315162
790.63145699
790.655823394
790.651878526
790.678817767
790.739680628
790.761082678
790.889710337
790.898347455
790.920010558
790.953498052
790.956685487
790.999578479
790.965803873
791.009529362
790.853142139
790.913285069
790.879037474
790.949668397
790.948987624
791.000507562
790.993094832
791.040506327
791.078784568
791.107924257
791.20396182
791.234244033
791.235826424
791.251534564
791.253927314
791.257822854
791.257007405
791.247772966
791.247139581
791.207772448
791.146120044
791.142752019
791.084122416
791.105189857
791.089835166
791.120062493
791.120219814
791.162668631
791.16240685
791.20213257
791.202035608
791.230809696
791.232030089
791.225898407
791.354849539
791.342923957
791.358203514
791.190197348
791.190941358
790.999412277
790.997398197
790.863559286
790.862259149
)
;
        kappaMethod     solidThermo;
        Tnbr            T.liquid;
        region          solid;
        otherPhase      gas;
    }
    procBoundary1to0
    {
        type            processor;
        value           nonuniform List<scalar> 5(791.937444107 791.839751377 791.645149098 791.355289865 790.944213974);
    }
}


// ************************************************************************* //
