/*--------------------------------*- C++ -*----------------------------------*\
| =========                 |                                                 |
| \\      /  F ield         | OpenFOAM: The Open Source CFD Toolbox           |
|  \\    /   O peration     | Version:  2312                                  |
|   \\  /    A nd           | Website:  www.openfoam.com                      |
|    \\/     M anipulation  |                                                 |
\*---------------------------------------------------------------------------*/
FoamFile
{
    version     2.0;
    format      ascii;
    arch        "LSB;label=32;scalar=64";
    class       volScalarField;
    location    "0.87/water";
    object      p_rgh;
}
// * * * * * * * * * * * * * * * * * * * * * * * * * * * * * * * * * * * * * //

dimensions      [1 -1 -2 0 0 0 0];

internalField   nonuniform List<scalar> 
1496
(
101099.744357
100936.717765
100783.164532
100756.671093
100777.77496
100840.014405
100973.853082
101147.73729
101300.579082
101425.208355
101533.839187
101623.579538
101651.327732
101654.830239
101657.016377
101513.506464
101227.385611
101184.867375
101214.365752
101182.721895
101104.929138
100985.759962
100795.51662
100756.403691
100768.644432
100826.224102
100948.558494
101126.678811
101295.921364
101444.324597
101576.702309
101650.779796
101656.993689
101659.429275
101662.748605
101516.405313
101228.514994
101185.194073
101226.435641
101286.523404
101109.300125
101021.055864
100820.07655
100756.664006
100759.752932
100804.632903
100906.862224
101072.911584
101260.057567
101430.976466
101574.012757
101654.352835
101661.962436
101664.742717
101666.153301
101545.515067
101244.040381
101184.403745
101209.991026
101296.095866
101064.966175
101051.927592
100864.737365
100759.684067
100759.737224
100785.990119
100862.610663
101005.025924
101193.91333
101385.043728
101548.596471
101649.276305
101667.846477
101669.247646
101671.460998
101591.024968
101291.229937
101185.400005
101195.201002
101265.802298
100996.538643
101085.363856
100916.253706
100768.484017
100760.31891
100775.527717
100832.207319
100947.955329
101120.002413
101315.212311
101497.903417
101629.708724
101674.024759
101675.694718
101676.428709
101624.498792
101367.108312
101205.259162
101199.755914
101240.41933
100929.075781
101106.835855
100951.966168
100777.286423
100762.022014
100772.890453
100820.920551
100917.535184
101066.557858
101250.836677
101440.571723
101599.36832
101676.409872
101682.894049
101683.751298
101645.073919
101445.044675
101260.584914
101229.166645
101247.725049
100857.084672
101111.594865
100956.159341
100779.600754
100763.569928
100774.115257
100821.276588
100911.370662
101047.108443
101219.322344
101406.906092
101577.892236
101677.554086
101691.546952
101691.407009
101660.415892
101506.959226
101344.058504
101294.49921
101280.551477
100835.743219
101117.887356
100947.795322
100779.826127
100765.774674
100778.569629
100826.255922
100915.889906
101050.228598
101219.387164
101405.638982
101578.861672
101684.180387
101700.337639
101700.075803
101673.702444
101551.961341
101425.576799
101378.709308
101343.153148
100838.426849
101118.557198
100940.206627
100790.650727
100778.070508
100794.690115
100842.334438
100931.040065
101063.366364
101231.325888
101417.320575
101590.52777
101694.654904
101709.243248
101708.360048
101687.194392
101586.955077
101486.951697
101451.53845
101415.078456
100856.384434
101051.482555
100948.657898
100825.4304
100812.107485
100828.228039
100876.668495
100967.177359
101099.264401
101264.975811
101448.463869
101617.164997
101710.033088
101717.987436
101716.989051
101699.918749
101614.828214
101529.943229
101500.525369
101472.070598
100855.788371
100970.870329
100961.605353
100880.899053
100861.87843
100876.93168
100928.049217
101023.371708
101158.347717
101323.940676
101503.727908
101660.667288
101726.233026
101726.203967
101724.438504
101709.715969
101634.215539
101560.46351
101533.404644
101514.300929
100842.036028
100941.480024
100982.97343
100945.978812
100926.046005
100940.461518
100992.947749
101091.837908
101230.41465
101397.382035
101572.18398
101706.703753
101735.927303
101733.360053
101731.457323
101715.031203
101642.083543
101582.486356
101559.201386
101552.13232
100828.818385
100946.01886
101017.114985
101019.505485
101007.916504
101020.776286
101071.185345
101170.008867
101310.50949
101477.859103
101644.078348
101738.906809
101742.120813
101739.593252
101736.610435
101712.028186
101640.403962
101600.803873
101583.300567
101584.084563
100828.695422
100962.874641
101079.353461
101117.461515
101115.733907
101126.932404
101172.151668
101266.666956
101405.439048
101568.600511
101713.042013
101750.937617
101747.276329
101743.829139
101736.991311
101685.308893
101636.021073
101618.646763
101606.199791
101601.201641
100844.667823
101008.575253
101187.714045
101259.31813
101264.08142
101272.990079
101310.129572
101395.532966
101526.19749
101674.009007
101755.842528
101754.522874
101750.344392
101741.855161
101701.650843
101655.916439
101640.557334
101632.968394
101617.374655
101599.034036
100903.834669
101092.146671
101318.390116
101449.624148
101460.175618
101466.048147
101493.049145
101564.370802
101674.116018
101757.734413
101761.337024
101756.066241
101740.318761
101693.845891
101655.295876
101651.090359
101646.263999
101635.434563
101611.782122
101576.500449
101012.507322
101201.075064
101407.17568
101613.910908
101665.55245
101675.29321
101697.480335
101738.132617
101768.913177
101765.348383
101759.36921
101736.664152
101673.438129
101640.314134
101642.553367
101648.284131
101642.911297
101628.673712
101594.559943
101504.926613
101152.870402
101305.323507
101443.502732
101640.996809
101748.278847
101781.907975
101776.872706
101770.445708
101765.89978
101758.553105
101735.478377
101656.063733
101614.267477
101625.662357
101638.207502
101642.179791
101635.676663
101619.704247
101568.424774
101423.004601
101241.941746
101303.487542
101410.077763
101603.048233
101717.237365
101757.187408
101755.124457
101752.025348
101737.535546
101698.648752
101628.373972
101579.210181
101592.69917
101616.374789
101628.658579
101629.981449
101625.769774
101613.375143
101558.517149
101408.190628
101125.434762
101117.977429
101210.03758
101385.020903
101515.24672
101569.877514
101576.017842
101546.357246
101492.584946
101448.941307
101444.515314
101495.446013
101554.596783
101589.451848
101606.285636
101612.525059
101614.170895
101611.582036
101568.932243
101444.910558
100857.567691
100759.418103
100809.451595
100908.458319
101016.951412
101067.590047
101056.584164
101005.063685
100963.112237
100978.926841
101095.226429
101278.344293
101442.982073
101534.312147
101573.530462
101591.234198
101601.388443
101607.14707
101600.17236
101550.459194
100557.158637
100483.390959
100509.422039
100541.70703
100577.162084
100592.412077
100580.821136
100555.05263
100540.214994
100563.563598
100651.270389
100825.452232
101102.724461
101369.694477
101513.435245
101567.53947
101587.614312
101596.500981
101603.132311
101607.024469
100364.618855
100377.165563
100412.983309
100427.995415
100428.412291
100421.73568
100412.857188
100406.261414
100402.35328
100404.826387
100422.205884
100485.100524
100673.008571
101011.799678
101337.676808
101514.509164
101576.675766
101590.160278
101597.467772
101604.347889
100336.389604
100364.510057
100398.281821
100417.89316
100413.986113
100401.844575
100389.482749
100383.815289
100381.435419
100380.78172
100381.780888
100405.215485
100501.615367
100725.968281
101063.561725
101374.137315
101549.422928
101590.096946
101596.987193
101604.317004
100335.912156
100362.731468
100398.279415
100424.006651
100420.585075
100407.03146
100391.534828
100382.860434
100381.291309
100381.339833
100381.283729
100400.401462
100479.607065
100641.620319
100892.754817
101197.417003
101473.654279
101592.31941
101600.424065
101606.687056
100338.789423
100367.347339
100408.991863
100445.654208
100445.93772
100431.802911
100409.613198
100392.950448
100385.872498
100384.129299
100385.175332
100406.508979
100483.420364
100631.941186
100842.277973
101103.864418
101384.492125
101580.48231
101605.57191
101612.157722
100338.620301
100392.243876
100440.422666
100477.690034
100484.044816
100476.780278
100455.724421
100430.557948
100411.739742
100404.740024
100408.018622
100433.900849
100506.193824
100641.814212
100840.419124
101084.582927
101350.500513
101564.720057
101613.164699
101617.605871
100341.174542
100455.187911
100490.751346
100510.727803
100516.433081
100522.982388
100521.531944
100504.838312
100480.014037
100466.315637
100470.767993
100499.287867
100566.72965
100684.602379
100863.625238
101098.165579
101359.54715
101570.987225
101620.397199
101625.192414
100364.8752
100558.888496
100555.618757
100546.479555
100541.592448
100559.385135
100593.647071
100609.314559
100595.376737
100580.568214
100584.098784
100610.747846
100673.435746
100780.519947
100942.726459
101162.281207
101411.426316
101597.263623
101628.06528
101630.602215
100437.07013
100687.166092
100634.436198
100593.871149
100572.544884
100595.640333
100671.064471
100736.528942
100747.684677
100741.685779
100745.605222
100769.900328
100828.975609
100933.45002
101092.318893
101305.324813
101528.584274
101630.801056
101632.914805
101635.733497
100549.039884
100819.93881
100726.190515
100663.332223
100628.611143
100656.702877
100767.162759
100881.328022
100927.643391
100939.09557
100950.695829
100979.21737
101040.483015
101148.044342
101309.891803
101507.032383
101629.056671
101634.404383
101634.737623
101633.649811
100702.58624
100919.112426
100825.247917
100754.443577
100720.949887
100759.597464
100894.375427
101045.342861
101132.246222
101170.997838
101198.480594
101239.285815
101308.78572
101417.733482
101552.880475
101633.434231
101633.789504
101632.50078
101628.389187
101626.234708
100852.287503
100961.49328
100894.303785
100826.863201
100812.727972
100875.920411
101034.469165
101210.708994
101337.030915
101412.629429
101461.894744
101511.07325
101567.446503
101618.940675
101633.66373
101629.912275
101629.205775
101622.345893
101615.296328
101363.480102
100932.513064
100935.854033
100890.544007
100819.085979
100827.198781
100920.169247
101099.507922
101287.134491
101432.68535
101535.899802
101605.240499
101625.592291
101625.754432
101625.562874
101623.254175
101623.894184
101612.659511
101518.636092
101185.532013
100881.03838
100895.43133
100868.595731
100793.684473
100741.578471
100761.754594
100859.460175
101039.607635
101234.533608
101391.50457
101505.746293
101582.76341
101609.525779
101612.585476
101611.410688
101605.932155
101510.285293
101275.379386
100941.042568
100803.647795
100774.77629
100717.758634
100638.972
100593.877462
100583.583933
100611.355606
100684.779858
100816.416224
100982.956068
101144.699081
101278.478662
101370.868681
101415.39139
101414.311475
101356.365125
101208.944568
100992.866688
100797.823202
100794.596635
100795.609995
100778.370361
100462.912288
100416.558638
100422.765298
100432.840649
100451.671553
100483.170695
100531.96709
100601.841669
100685.565583
100769.760897
100836.377119
100875.775583
100870.636835
100822.947491
100758.84223
100715.52162
100733.446303
100796.306553
100853.617265
100790.342806
100983.670669
101147.634674
101280.104174
101324.323022
101258.183492
101147.816831
101124.039799
101139.437813
101152.654337
101216.921244
101394.667351
101567.773279
101648.34239
101725.118824
101826.275884
101867.054344
101016.16074
100930.174823
100931.841043
101014.421375
101159.403327
101313.044907
101416.628044
101408.049997
101293.851813
101197.453695
101213.550935
101242.904471
101223.425743
101244.264498
101441.645854
101605.801637
101665.807118
101739.651736
101847.017166
101876.281243
101247.49881
101155.388748
101146.499718
101221.337757
101345.727565
101462.541736
101509.942965
101448.028735
101295.575835
101244.04519
101300.158801
101353.354939
101307.569873
101287.9315
101504.317035
101637.187397
101675.848907
101743.727324
101857.730352
101883.780256
101373.572796
101377.648111
101369.601985
101411.622901
101488.083702
101552.145538
101550.894973
101449.638474
101286.841039
101276.330431
101372.622826
101453.784068
101401.395683
101363.644297
101560.063486
101662.895422
101680.617349
101740.587131
101862.904389
101889.826021
101371.326713
101452.068458
101495.648131
101514.445394
101548.324257
101567.156825
101566.518088
101450.732619
101259.843061
101287.531945
101426.841335
101534.657912
101492.710684
101441.265114
101596.109029
101684.934078
101684.343548
101741.553828
101867.847512
101895.068655
101339.176839
101445.131486
101510.547726
101543.056926
101568.194656
101568.45526
101569.540469
101433.758898
101224.740632
101297.810297
101470.632836
101597.816378
101570.845948
101485.465723
101608.766091
101692.366914
101688.376663
101750.166286
101878.044419
101900.392223
101310.115476
101417.361583
101506.657406
101557.148916
101572.349907
101573.687738
101571.527697
101357.430026
101204.801376
101324.39138
101519.02473
101651.216147
101630.420594
101509.840412
101614.74299
101698.137519
101694.272886
101781.62716
101899.313849
101906.37277
101316.686417
101396.233024
101499.703803
101577.05391
101578.706776
101577.75339
101552.826582
101211.664565
101206.45398
101376.923002
101578.092606
101700.89692
101665.020193
101528.475912
101630.40325
101704.906986
101714.315907
101841.998256
101912.515458
101912.934716
101344.449719
101403.244001
101506.702222
101584.410884
101584.103142
101584.825182
101424.841833
101130.363405
101224.079376
101450.815414
101640.073422
101747.293598
101672.999394
101532.844806
101657.23432
101733.961854
101770.660209
101892.507702
101919.84614
101919.853314
101391.550753
101432.810923
101533.480326
101590.274025
101590.800221
101575.734965
101197.522641
101132.059556
101287.775077
101530.961812
101697.981771
101789.731856
101669.949987
101514.559254
101675.881446
101794.397031
101852.473989
101920.342458
101926.662859
101926.630453
101453.615308
101494.002131
101586.729861
101595.748479
101592.624414
101416.713679
101089.507972
101144.691249
101375.42084
101609.451513
101751.280353
101830.570317
101661.251975
101463.269158
101670.537137
101848.866751
101911.612533
101931.504091
101932.450008
101932.386939
101520.490796
101573.899495
101598.932469
101596.930846
101564.463501
101164.559922
101089.035751
101207.635872
101472.092168
101682.973158
101801.269912
101869.0773
101659.2429
101380.504681
101616.721283
101860.663486
101927.919715
101935.061171
101936.466868
101936.399076
101576.985951
101601.510424
101599.680767
101598.398267
101359.150585
101073.431675
101099.390368
101299.098095
101564.043125
101744.116675
101840.091952
101893.927774
101659.247833
101246.601704
101489.31973
101840.35721
101925.199461
101927.813958
101937.484696
101938.417077
101602.911374
101601.10939
101600.083045
101514.912854
101121.254776
101069.369839
101145.10617
101379.569832
101620.661674
101770.865269
101854.835987
101897.27541
101663.758632
101141.368521
101302.403635
101780.424585
101905.67952
101905.902634
101934.057547
101939.240392
101601.304574
101598.974697
101568.741926
101239.477028
101059.766094
101062.703051
101183.554357
101409.138066
101625.622385
101769.426721
101854.553531
101896.741217
101679.746053
101134.722629
101149.586132
101724.453604
101905.543286
101905.686629
101927.520104
101940.337995
101596.3515
101562.963719
101345.751256
101061.986901
101052.170618
101063.355036
101188.711235
101400.413672
101609.569824
101752.222267
101841.829559
101892.874478
101753.725931
101180.126452
101141.011137
101679.08942
101915.541027
101915.543966
101926.687147
101942.432602
101521.236297
101372.77944
101118.65704
101042.835031
101045.040086
101064.158332
101177.260012
101367.65691
101555.86053
101695.80109
101793.867982
101867.04198
101847.413721
101456.005649
101136.723444
101589.551446
101918.740645
101935.349774
101935.213003
101944.963065
101354.221239
101184.255801
101053.219388
101037.443146
101036.431417
101055.464169
101150.840431
101302.12969
101462.574907
101601.118886
101708.313322
101792.521718
101846.315578
101811.467778
101342.910722
101308.956134
101774.523796
101937.342621
101941.311107
101944.575314
101246.299648
101138.52265
101046.118098
101028.634004
101031.267475
101035.852474
101108.953438
101232.146975
101385.48613
101535.617193
101652.914293
101735.014896
101806.702097
101859.486594
101660.866466
100967.195784
101058.229356
101601.048605
101863.767506
101932.555978
101239.745939
101141.837576
101051.80979
101026.009319
101023.821248
101026.693881
101080.410727
101209.009631
101379.037446
101537.364893
101655.860094
101734.179542
101793.389945
101855.556456
101442.345826
100785.232868
100788.098345
100856.174781
101379.755282
101919.291847
101293.651889
101189.225305
101075.832494
101016.540634
101021.934554
101022.028719
101078.105742
101220.109301
101404.299596
101569.691965
101686.601195
101760.760637
101841.164192
101778.753984
100801.316334
100787.187847
100782.586261
100786.804573
101043.928621
101909.018606
101444.954912
101295.348622
101087.023186
101015.964314
101013.992333
101018.979287
101090.808819
101267.842733
101474.890633
101640.067219
101748.287962
101839.888142
101846.808023
101255.726847
100787.112422
100782.83864
100786.927854
100782.515581
100980.158491
101907.143912
101586.23258
101411.070539
101080.291315
101005.591901
101012.568504
101014.172386
101134.36416
101361.471745
101579.578536
101731.433785
101828.824106
101904.439211
101773.756184
100905.611407
100783.677519
100788.193418
100786.259439
100787.91076
101186.859055
101929.030325
101611.161541
101475.376309
101057.577235
101005.595675
101004.648569
101015.418549
101216.239239
101484.001932
101690.58298
101818.461787
101898.760989
101933.87479
101723.206808
100929.008239
100789.307491
100876.608802
100868.575186
100801.470585
101499.767928
101943.109099
101610.844809
101502.083531
101018.734988
100997.373065
101003.055947
101041.0598
101325.518382
101612.69492
101791.082118
101888.299413
101941.823231
101949.269079
101800.922508
101141.635562
100888.393816
101129.888859
101184.862635
101071.524783
101758.905983
101951.165417
101613.510887
101516.020124
101000.822139
100998.533551
100997.918074
101088.015258
101435.357161
101734.062711
101875.691429
101935.052103
101952.617402
101954.597651
101906.395128
101457.825245
101025.009878
101327.2803
101539.77113
101478.74854
101889.818666
101955.227562
101617.154386
101512.218391
101008.718243
100994.131447
100997.79265
101138.081951
101518.5852
101810.933788
101918.341897
101953.432507
101956.299544
101958.269703
101952.735612
101657.252425
101114.686299
101411.288267
101754.893986
101769.609253
101938.217307
101957.745005
101623.687953
101492.530388
101022.654631
100996.303557
100996.509957
101192.974452
101569.327893
101824.022329
101926.847171
101960.982344
101963.288797
101965.134274
101966.25808
101652.461343
101198.096125
101532.931441
101882.156657
101907.662364
101956.855465
101962.653116
101628.138713
101471.439308
101029.824591
100995.288781
101028.469391
101269.113342
101603.653537
101823.531749
101930.023601
101970.492981
101974.525934
101977.081004
101958.074437
101480.026937
101396.291584
101765.302008
101960.69584
101955.502292
101964.191934
101969.620207
101634.985951
101443.253106
101030.199231
101001.037722
101106.650097
101367.203753
101627.196202
101807.736955
101921.782334
101975.806724
101989.788637
101986.539417
101714.635832
101479.7286
101701.069217
101966.086214
101984.902639
101968.865935
101965.847775
101970.81533
101635.786828
101381.286554
101023.022281
101035.809341
101199.072693
101433.698614
101627.993466
101782.599686
101886.611064
101920.760542
101887.36153
101654.870566
101248.031103
101520.175533
101959.031796
101981.921877
101978.585847
101964.516569
101953.426629
101958.319965
101604.979426
101234.659402
101007.374878
101067.927751
101216.595732
101412.037905
101592.931213
101697.871605
101664.281733
101430.529037
101126.515153
100885.833744
100908.479993
101745.762727
101947.122286
101949.086193
101949.966166
101946.806538
101927.345904
101932.8631
101391.172398
101020.74225
100975.266236
101023.701336
101106.833905
101220.563855
101371.57686
101316.898597
100997.409442
100714.525936
100640.93552
100635.775349
100701.754508
101692.334023
101920.662526
101926.279968
101928.626459
101929.925949
101907.47497
101913.327724
100977.391563
100867.570765
100855.113463
100808.928103
100746.497701
100748.742942
100862.716688
100830.928588
100673.194978
100626.682213
100629.417767
100627.516137
100721.368551
101627.88006
101913.925848
101923.510291
101924.760632
101925.671225
101904.262682
101908.037147
100787.816945
100728.20748
100610.01472
100496.114973
100434.909179
100427.708329
100527.532792
100646.698383
100651.218339
100626.869507
100624.98223
100627.77663
100838.898457
101624.938389
101915.531814
101928.332917
101929.080729
101929.622098
101903.322314
101908.108507
100723.260731
100570.523359
100416.237727
100368.428519
100360.739162
100360.770444
100418.620407
100595.873561
100667.486021
100633.820101
100629.005889
100628.61319
100945.242579
101660.513366
101924.948905
101937.138081
101937.578111
101937.910127
101904.496088
101885.101776
100654.700113
100439.513939
100363.30191
100361.891332
100361.895
100361.889268
100380.532928
100543.718941
100710.471885
100727.652804
100697.227908
100731.851038
101059.253237
101690.248684
101934.509065
101947.161909
101947.495569
101947.748975
101888.16156
101874.513733
100594.814679
100385.913681
100363.264049
100363.264794
100363.261401
100363.254481
100374.893006
100496.744416
100736.533112
100867.100961
100852.179059
100909.211276
101179.2053
101704.758948
101942.062798
101957.305218
101957.61872
101957.85301
101855.873743
101883.777111
)
;

boundaryField
{
    emptyPatch
    {
        type            empty;
    }
    minY
    {
        type            zeroGradient;
    }
    maxY
    {
        type            prghTotalPressure;
        U               U.gas;
        p0              uniform 100000;
        value           nonuniform List<scalar> 
40
(
100464.104583
100417.633428
100423.879755
100434.0038
100452.905871
100484.528767
100533.520881
100603.804385
100688.641397
100774.483244
100842.872554
100883.668831
100878.861211
100830.071021
100763.706079
100718.227956
100734.782461
100797.271491
100854.839077
100791.915702
100596.306234
100386.695508
100363.955408
100363.953863
100363.953938
100363.952647
100375.638515
100497.904802
100738.501667
100869.337742
100854.245383
100911.207055
101181.832083
101708.899467
101946.723976
101961.664989
101961.669956
101960.272928
101858.362354
101885.648789
)
;
    }
    maxX
    {
        type            fixedFluxPressure;
        gradient        uniform 0;
        value           nonuniform List<scalar> 
38
(
101867.054344
101876.281243
101883.780256
101889.826021
101895.068655
101900.392223
101906.37277
101912.934716
101919.853314
101926.630453
101932.386939
101936.399076
101938.417077
101939.240392
101940.337995
101942.432602
101944.963065
101944.575314
101932.555978
101919.291847
101909.018606
101907.143912
101929.030325
101943.109099
101951.165417
101955.227562
101957.745005
101962.653116
101969.620207
101970.81533
101958.319965
101932.8631
101913.327724
101908.037147
101908.108507
101885.101776
101874.513733
101883.777111
)
;
    }
    water_to_heater
    {
        type            fixedFluxPressure;
        gradient        uniform 0;
        value           nonuniform List<scalar> 
59
(
101099.744357
101099.744357
101104.929138
101109.300125
101064.966175
101064.966175
100996.538643
100996.538643
100929.075781
100929.075781
100857.084672
100835.743219
100838.426849
100838.426849
100856.384434
100856.384434
100855.788371
100855.788371
100842.036028
100828.818385
100828.695422
100828.695422
100844.667823
100844.667823
100903.834669
100903.834669
101012.507322
101152.870402
101241.941746
101241.941746
101125.434762
101125.434762
100857.567691
100857.567691
100557.158637
100364.618855
100336.389604
100336.389604
100335.912156
100335.912156
100338.789423
100338.789423
100338.620301
100341.174542
100364.8752
100364.8752
100437.07013
100437.07013
100549.039884
100549.039884
100702.58624
100852.287503
100932.513064
100932.513064
100895.43133
100895.43133
100717.758634
100717.758634
100462.912288
)
;
    }
    procBoundary0to1
    {
        type            processor;
        value           nonuniform List<scalar> 
41
(
100971.190422
100865.158026
100774.65527
100757.17774
100783.129706
100844.403434
100980.720482
101137.27811
101237.089293
101336.548783
101452.015431
101570.821641
101643.617133
101647.756467
101651.702011
101589.709268
101286.999771
101169.430619
101134.865791
101002.775076
100847.627725
100995.43442
101141.247575
101212.890462
101179.423633
101088.061924
101042.558129
101053.382202
101092.87072
101192.575106
101361.708772
101529.594992
101624.71929
101699.601205
101793.773972
101856.138324
100840.659956
100802.217089
100805.257439
100856.013978
100856.013978
)
;
    }
}


// ************************************************************************* //
