/*--------------------------------*- C++ -*----------------------------------*\
| =========                 |                                                 |
| \\      /  F ield         | OpenFOAM: The Open Source CFD Toolbox           |
|  \\    /   O peration     | Version:  2312                                  |
|   \\  /    A nd           | Website:  www.openfoam.com                      |
|    \\/     M anipulation  |                                                 |
\*---------------------------------------------------------------------------*/
FoamFile
{
    version     2.0;
    format      ascii;
    arch        "LSB;label=32;scalar=64";
    class       volScalarField;
    location    "0.225/water";
    object      Ct2;
}
// * * * * * * * * * * * * * * * * * * * * * * * * * * * * * * * * * * * * * //

dimensions      [0 0 0 0 0 0 0];

internalField   nonuniform List<scalar> 
1503
(
1
1.00000095546
1.44226135336
2.84945853949
6.63986949259
8.53206947146
8.91357820278
8.96520160785
8.96974003722
8.968807372
8.96880742437
8.96896355349
8.969212399
8.96947394612
8.96971998436
8.96993749668
8.9701205669
8.97026600301
8.97037192882
8.97043842412
1
1
1.00000007333
1.40956924052
2.07409479901
4.82917152781
7.64650195259
8.71845250542
8.94507422345
8.96357587855
8.9594266138
8.95650011049
8.95492232972
8.95412420899
8.95372200724
8.95351006799
8.9533893758
8.95331558833
8.95326990908
8.95324429554
1
1
1
1.04317442728
1.44956804841
2.38362201774
5.25086260376
7.85395080636
8.79571253818
8.96036763456
8.96535910234
8.96174953251
8.95937950424
8.95807481799
8.95742824283
8.95713244275
8.95700687497
8.95695829158
8.95694239157
8.95693934907
1
1
1
1
1.24581225881
1.53008679917
2.90800231629
6.1095242781
8.31553241182
8.90858617591
8.96721711815
8.96406505995
8.96079157795
8.95866782904
8.95746251536
8.95683786755
8.95653481925
8.95639495008
8.95633315579
8.95630756021
1
1
1
1
1.00000012991
1.35644925471
1.66759311992
3.70530435287
7.15091555426
8.71541460087
8.96064598969
8.96632380913
8.96271736069
8.96002721746
8.95832459765
8.95735854665
8.95685252964
8.95660276638
8.95648480927
8.95643139043
1
1
1
1
1
1.0001369287
1.39828779942
1.92767342912
4.90524435962
8.12106563523
8.9173169523
8.96775403936
8.96437734238
8.96130266766
8.95916824324
8.95785844338
8.95712484801
8.95674172301
8.95655195248
8.95646203312
1
1
1
1
1
1
1.01008928901
1.42539069085
2.49382765571
6.50778419891
8.73058309161
8.96523615584
8.96584457249
8.96254211422
8.96006532022
8.95844139116
8.95747721562
8.9569476601
8.95667416586
8.95653998414
1
1
1
1
1
1
1
1.12157280184
1.51275853991
3.72813404206
7.99152321707
8.93578855874
8.96713748993
8.96374370018
8.96099299145
8.959085637
8.95789257864
8.95720475457
8.95683352613
8.95664414922
1
1
1
1
1
1
1
1.00000000333
1.33348085532
1.83138057932
5.79417164495
8.74043177515
8.96623239028
8.96495435958
8.96196990566
8.95980184576
8.95838237791
8.95752526389
8.95704109447
8.95678359086
1
1
1
1
1
1
1
1
1.00024826688
1.41202890719
2.77921798136
7.71507023717
8.93558558204
8.96620716823
8.96300393236
8.96058249389
8.95893769561
8.95790288933
8.95729319649
8.95695481362
1
1
1
1
1
1
1
1
1
1.05066846818
1.52216204351
4.73286010023
8.65294034503
8.96473576162
8.9640984778
8.96140902385
8.95953513962
8.95831731386
8.95757374307
8.95714528401
1
1
1
1
1
1
1
1
1
1
1.30139305331
2.0149343937
7.11678494146
8.92199958904
8.96521394663
8.96227493762
8.96015362654
8.9587448791
8.95786041703
8.95733597853
1
1
1
1
1
1
1
1
1
1
1.00000994719
1.41878041575
3.81696295048
8.58206797018
8.96378608439
8.96319911781
8.9607905001
8.95916891687
8.9581320296
8.95750702057
1
1
1
1
1
1
1
1
1
1
1
1.09990579034
1.83176723285
7.20826906839
8.93874845825
8.96417776004
8.96146118755
8.95958230109
8.95837286499
8.95764239009
1
1
1
1
1
1
1
1
1
1
1
1.00000085993
1.43027196484
4.76835477158
8.81413578271
8.96486255759
8.96219341152
8.95999011045
8.95857844671
8.9577359357
1
1
1
1
1
1
1
1
1
1
1
1
1.33638595979
2.84933393653
8.45543158893
8.96370093805
8.96303919088
8.96042703892
8.9587695223
8.95780181663
1
1
1
1
1
1
1
1
1
1
1
1
1.06792578905
1.92310834626
7.72683588672
8.95586324429
8.96408872466
8.96097290922
8.95900332032
8.95788214222
1
1
1
1
1
1
1
1
1
1
1
1
1.00009534314
1.52120099558
6.29893580007
8.91649049847
8.96539197575
8.96173123485
8.95936310001
8.95804086261
1
1
1
1
1
1
1
1
1
1
1
1
1
1.39166350675
3.7674654657
8.68363123475
8.96583190161
8.96279344419
8.95993546473
8.95834860438
1
1
1
1
1
1
1
1
1
1
1
1
1
1.00127815234
1.73253246644
7.38259742978
8.94842411254
8.96417506605
8.96078237373
8.95886272792
1
1
1
1
1
1
1
1
1
1
1
1
1
1
1.3382640288
3.7379904478
8.73189196181
8.96517148531
8.96190133737
8.95960073047
1
1
1
1
1
1
1
1
1
1
1
1
1
1
1.00000000009
1.5775535797
7.26688908168
8.94880621749
8.96323072253
8.96052706693
1
1
1
1
1
1
1
1
1
1
1
1
1
1
1
1.29394160687
3.87297350393
8.78520791481
8.96439756949
8.96156561599
1
1
1
1
1
1
1
1
1
1
1
1
1
1
1
1.00004163979
1.88260647042
8.0511673115
8.96039367273
8.96263580436
1
1
1
1
1
1
1
1
1
1
1
1
1
1
1
1
1.45568881869
6.49392486529
8.93472055148
8.96367388779
1
1
1
1
1
1
1
1
1
1
1
1
1
1
1
1
1.39129896897
4.73447734949
8.86280215807
8.96449602245
1
1
1
1
1
1
1
1
1
1
1
1
1
1
1
1
1.24214700668
3.30833392196
8.70957670427
8.96477351309
1
1
1
1
1
1
1
1
1
1
1
1
1
1
1
1
1.01798339557
2.25644926969
8.36684967681
8.96345048169
1
1
1
1
1
1
1
1
1
1
1
1
1
1
1
1
1.00000008849
1.62995084584
7.58341536993
8.95694342086
1
1
1
1
1
1
1
1
1
1
1
1
1
1
1
1
1
1.42004853608
6.07641896777
8.93337774608
1
1
1
1
1
1
1
1
1
1
1
1
1
1
1
1
1
1.28817807204
4.13074403397
8.86055060842
1
1
1
1
1
1
1
1
1
1
1
1
1
1
1
1
1
1.01224702193
2.59399720047
8.662020246
1
1
1
1
1
1
1
1
1
1
1
1
1
1
1
1
1
1.00000030423
1.78844814005
8.19073383128
1
1
1
1
1
1
1
1
1
1
1
1
1
1
1
1
1
1
1.4749303595
7.23507456753
1
1
1
1
1
1
1
1
1
1
1
1
1
1
1
1
1
1
1.39178134765
5.68991660846
1
1
1
1
1
1
1
1
1
1
1
1
1
1
1
1
1
1
1.08624448057
3.76534635424
1
1
1
1
1
1
1
1
1
1
1
1
1
1
1
1
1
1
1.00000002273
2.12320033624
1
1
1
1
1
1
1
1
1
1
1
1
1
1
1
1
1
1
1
1.46118861794
8.97046905193
8.97046948656
8.97044537168
8.97040145131
8.97034091125
8.97026531855
8.97017516318
8.970070653
8.96995282464
8.96982544824
8.96969873346
8.9695970727
8.96957486862
8.96974540479
8.97030743763
8.97144833035
8.97275696063
8.97345996706
8.97352565844
8.9735568636
8.95323407388
8.95323560723
8.95324634251
8.95326471931
8.9532908311
8.95332756275
8.95338312877
8.95347653345
8.9536484599
8.95398069419
8.95462627929
8.95584403239
8.95800228673
8.96144627468
8.9660370988
8.97044726991
8.97284910209
8.97344489009
8.97353257765
8.97354912839
8.95694054839
8.95694235359
8.95694409797
8.95694686831
8.95695414012
8.95697419872
8.95702499455
8.95714286303
8.95739631432
8.95790389111
8.95884834185
8.96046403956
8.96295061834
8.96625305078
8.96974206572
8.97226450166
8.97328554007
8.97349624632
8.97353143002
8.9735533862
8.95629892958
8.95629855551
8.95630391875
8.95631693147
8.95634513943
8.95640573477
8.95653289516
8.95678881216
8.95727664252
8.95814859236
8.95959354013
8.9617782384
8.96471500681
8.96806581261
8.97103738739
8.97279838357
8.97338740468
8.97349833049
8.9735293656
8.97355180162
8.95640995676
8.9564055705
8.95641373332
8.9564379976
8.95649153606
8.95660213109
8.95682047456
8.95722987211
8.95795233835
8.95914094177
8.96094320927
8.96342077823
8.96642615074
8.96948671773
8.97186672643
8.97307969568
8.97343013336
8.9734978365
8.97352792778
8.97355159689
8.95642379577
8.95641445921
8.95642692564
8.95646717189
8.95655531522
8.95673074011
8.95705948913
8.95763973533
8.95859836356
8.96006876666
8.96214021408
8.96477676327
8.96772367875
8.97046317782
8.97237320422
8.97322753167
8.97344590836
8.97349648316
8.97352747588
8.97355199788
8.95648107617
8.95646563103
8.95648360154
8.9565440212
8.95667459664
8.95692580542
8.9573755581
8.95812873047
8.95930443294
8.96100390506
8.96325598605
8.96594691197
8.96875878014
8.9711775398
8.97270539911
8.97330963866
8.97345175665
8.973496047
8.97352768296
8.97355302562
8.95655813833
8.95653376756
8.95655788426
8.95664253681
8.95682277013
8.95715839163
8.95773465641
8.9586555316
8.96002363352
8.96190330495
8.96426892007
8.9669493075
8.96959295033
8.97171203813
8.97292807887
8.97335482087
8.9734541498
8.97349630165
8.97352833353
8.97355449324
8.95666135199
8.95662364606
8.95665368519
8.9567659263
8.95700161859
8.95742723439
8.95813060496
8.95920858794
8.96074223428
8.9627590839
8.96518769161
8.96781611871
8.97027725312
8.97211957937
8.97307825827
8.97337940817
8.97345572164
8.9734969525
8.97352929711
8.97355627132
8.95678713262
8.95673157222
8.95676728145
8.95691017805
8.95720598747
8.95772479188
8.95855264105
8.95977480582
8.96144854322
8.96356722198
8.96602208321
8.96857243692
8.97084576195
8.97243241403
8.97317845343
8.97339299448
8.9734572381
8.97349776082
8.97353049618
8.97355826298
8.95692542715
8.95684929178
8.95689170698
8.95706891419
8.95742911247
8.9580429622
8.95899111154
8.96034434485
8.96213578873
8.96432824205
8.9667827986
8.96923799081
8.97132157879
8.97267165233
8.9732440738
8.9734010614
8.97345877381
8.9734986123
8.97353186877
8.97356039721
8.95706078201
8.95696442034
8.95701688512
8.95723346209
8.9576627501
8.95837322507
8.95943733284
8.96090972975
8.96280018746
8.96504460432
8.96747942352
8.9698272974
8.97172015125
8.97285228253
8.97328636447
8.97340646185
8.97346021488
8.97349946822
8.97353335997
8.97356262055
8.95717671478
8.95706392031
8.9571325232
8.95739534879
8.95789934258
8.95870840318
8.95988473277
8.96146613952
8.96344038298
8.96571975069
8.96811994106
8.97035056992
8.97205201772
8.97298606827
8.97331353737
8.97341052069
8.97346145893
8.97350032281
8.97353492451
8.9735648928
8.95726005093
8.95713788492
8.95723134576
8.9575490108
8.95813419632
8.95904423838
8.96032971567
8.96201152127
8.96405697675
8.96635749126
8.96871058128
8.97081463746
8.97232494118
8.97308301535
8.97333131225
8.97341378267
8.97346247058
8.9735011811
8.97353653109
8.97356718578
8.95730626701
8.95718398847
8.95731267006
8.95769456064
8.95836749375
8.9593806747
8.96077224576
8.96254657486
8.96465215129
8.96696163514
8.9692558965
8.97122392728
8.97254554549
8.97315190561
8.97334342172
8.97341645834
8.97346327857
8.97350205567
8.9735381655
8.97356948368
8.95732697213
8.95721271139
8.95738596206
8.95784009517
8.95860565178
8.9597224799
8.96121590722
8.96307444461
8.96522923506
8.96753571364
8.96975896984
8.9715814924
8.97272037035
8.97320029474
8.97335216238
8.97341865714
8.97346395467
8.97350297024
8.97353983172
8.97357178359
8.95735469981
8.95725006913
8.9574721403
8.95800205489
8.95886108634
8.96007866245
8.96166715796
8.96359996965
8.96579211002
8.96808272101
8.97022172273
8.97188999368
8.97285628281
8.97323435562
8.97335889675
8.97342048796
8.97346459134
8.97350396042
8.9735415496
8.9735740948
8.95743857774
8.95733400097
8.95760034686
8.95820234006
8.95914971138
8.96046038456
8.96213366771
8.96412845255
8.9663444292
8.96860483843
8.97064527116
8.9721524519
8.97296032999
8.97325882025
8.97336442678
8.97342208269
8.97346528217
8.97350506745
8.97354334809
8.97357643558
8.95763313854
8.95750562392
8.95780098481
8.95846281797
8.95948670234
8.9608777912
8.96262203698
8.96466412033
8.96688871983
8.96910314499
8.97103024544
8.9723725892
8.97303927638
8.97327708515
8.97336922616
8.97342357798
8.97346610358
8.97350632548
8.97354525402
8.97357882703
8.95798304023
8.95779732377
8.95809654907
8.95879842344
8.95988144025
8.96133641345
8.96313533114
8.96520853584
8.96742549737
8.96957733755
8.97137698764
8.97255473152
8.9730991152
8.97329142258
8.97337356282
8.97342508032
8.97346709683
8.97350774612
8.97354727889
8.97358128473
8.95850388711
8.95821895411
8.95849184328
8.95921035369
8.96033287253
8.96183407568
8.96367108142
8.9657593808
8.96795262957
8.97002555701
8.97168563794
8.97270345276
8.97314475214
8.97330322247
8.97337755586
8.97342663367
8.97346825356
8.97350930565
8.9735494076
8.97358381037
8.95917041867
8.95874971571
8.95896888632
8.95968304527
8.96082780314
8.96235997505
8.96422082243
8.96631026086
8.96846531367
8.9704445134
8.97195625079
8.97282323119
8.9731799206
8.97331322576
8.97338120674
8.97342820416
8.97346951074
8.97351094073
8.97355159382
8.97358638637
8.95992490308
8.95934433124
8.95949188362
8.96018820501
8.96134406896
8.9628970786
8.96477181554
8.96685188397
8.96895685878
8.97083005044
8.97218908767
8.97291828157
8.97320728808
8.97332173923
8.97338443063
8.97342968857
8.97347075938
8.97351255529
8.97355376432
8.973588976
8.96069978227
8.95994963713
8.96001945455
8.96069379839
8.96185704597
8.96342671399
8.96531018188
8.96737411839
8.96942001672
8.97117807047
8.97238506877
8.9729925337
8.97322867343
8.97332882429
8.97338709593
8.97343094213
8.97347186515
8.97351403656
8.97355583078
8.97359152879
8.96144364828
8.96052283795
8.96051764223
8.9611733184
8.96234618034
8.96393308987
8.96582396218
8.96786802799
8.96984837338
8.97148555214
8.97254618132
8.97304963438
8.973245295
8.97333444573
8.97338906611
8.97343181381
8.97347269362
8.97351527413
8.97355770429
8.97359398904
8.96213994603
8.96104470411
8.96096889075
8.96161184496
8.96279907196
8.96440605124
8.96630499253
8.96832719391
8.97023737488
8.97175132126
8.97267559703
8.97309289603
8.97325798906
8.97333856817
8.97339023213
8.97343217545
8.97347313114
8.97351617519
8.97355930693
8.97359630349
8.96280564228
8.96152072441
8.96137308641
8.96200669473
8.96321186359
8.96484136133
8.96674918636
8.96874806508
8.97058476617
8.97197631772
8.97277740557
8.97312520868
8.97326736582
8.9733411997
8.97339052811
8.97343193687
8.97347309574
8.97351667216
8.97356057735
8.97359842532
8.9634787819
8.96197308075
8.96174205988
8.96236357742
8.96358658856
8.96523896145
8.96715550282
8.96912946368
8.97089042375
8.97216329986
8.97285608494
8.97314896683
8.97327389766
8.97334239387
8.97338992886
8.97343104585
8.9734725371
8.9735167223
8.97356147009
8.97360031371
8.9642042541
8.96243028172
8.96209123929
8.96269038448
8.96392683283
8.9656001139
8.96752418823
8.96947158544
8.97115575196
8.97231616928
8.97291594796
8.97316604916
8.97327795908
8.97334223126
8.97338843794
8.97342947972
8.97347143071
8.97351630357
8.97356195211
8.97360193027
8.9649829438
8.96290240563
8.96242505928
8.96298854601
8.96423265929
8.96592445019
8.96785507577
8.96977500747
8.97138298081
8.97243924778
8.97296076671
8.97317786417
8.97327985052
8.97334080434
8.97338607957
8.97342723963
8.97346977416
8.97351541276
8.97356200124
8.97360323558
8.96576065064
8.96338457505
8.96273856695
8.96325412559
8.96450130651
8.96621029227
8.96814760847
8.97004050904
8.97157481106
8.9725368227
8.97299366542
8.97318546523
8.97327983846
8.97333822634
8.97338290758
8.97342435747
8.97346759297
8.97351407101
8.97356161097
8.97360418902
8.96640119267
8.96388820097
8.96303460862
8.96348750333
8.96473251759
8.96645738135
8.96840205826
8.97026948007
8.97173439118
8.97261299488
8.97301721962
8.97318970539
8.97327821596
8.97333466373
8.97337903123
8.97342091547
8.9734649556
8.97351233641
8.97356080171
8.97360475282
8.96639216954
8.96443910638
8.96332576085
8.96369508607
8.96492970389
8.9666675786
8.96861990181
8.97046410307
8.97186533303
8.97267167067
8.97303362604
8.97319137877
8.97327536018
8.97333037324
8.97337464384
8.97341706827
8.97346199028
8.97351031801
8.97355963493
8.97360489947
8.96396045555
8.96505979727
8.96362599931
8.96388533318
8.96509819074
8.96684423794
8.96880373028
8.97062745442
8.97197174812
8.97271660571
8.97304486051
8.97319131851
8.97327176849
8.97332572599
8.97337004132
8.97341305723
8.97345889568
8.97350818484
8.9735582259
8.97360462107
8.95406881856
8.96577988741
8.96395096944
8.96406832685
8.96524547577
8.96699280778
8.96895786826
8.97076393194
8.97205837993
8.97275148702
8.97305280956
8.97319045643
8.97326807369
8.97332121588
8.97336562727
8.97340921385
8.97345594266
8.97350616731
8.97355675177
8.97360394098
8.91279414272
8.96666028986
8.96432485655
8.96425921324
8.96538360916
8.96712258228
8.96908955878
8.97087984709
8.97213073622
8.97278000221
8.97305935389
8.9731898402
8.97326503344
8.97331744657
8.97336190014
8.97340594849
8.97345346397
8.9735045474
8.97355545105
8.97360292616
8.70963315215
8.96746756021
8.96477933513
8.96448121117
8.96553162126
8.96724838283
8.96920992838
8.97098376366
8.9721950376
8.97280581265
8.97306636459
8.97319059181
8.97326348083
8.97331508828
8.97335941577
8.97340371924
8.97345182807
8.97350363608
8.97355461265
8.97360170523
7.79532746991
8.96521732011
8.96534964008
)
;

boundaryField
{
    emptyPatch
    {
        type            empty;
    }
    minY
    {
        type            calculated;
        value           nonuniform List<scalar> 
40
(
8.97358141299
8.97358228307
8.97358241807
8.97358258058
8.97358273996
8.9735828892
8.97358302768
8.97358315415
8.97358326729
8.97358336746
8.97358345507
8.97358353083
8.97358359591
8.97358365142
8.97358369827
8.97358373723
8.9735837689
8.97358379375
8.97358381213
8.97358382426
8.97358383017
8.97358383018
8.97358382506
8.97358381551
8.97358380203
8.97358378495
8.97358376448
8.9735837407
8.9735837136
8.97358368309
8.97358364902
8.97358361114
8.97358356903
8.97358352205
8.97358346928
8.97358341022
8.97358334567
8.9735832742
8.97358317763
8.97358220635
)
;
    }
    maxY
    {
        type            calculated;
        value           nonuniform List<scalar> 0();
    }
    maxX
    {
        type            calculated;
        value           nonuniform List<scalar> 
37
(
8.97358389933
8.97358847137
8.97359214117
8.97359567143
8.97359916365
8.97360263125
8.97360608384
8.9736095243
8.97361295374
8.9736163728
8.97361978248
8.97362318443
8.9736265809
8.97362997434
8.97363336672
8.97363675869
8.97364014883
8.97364353325
8.97364690575
8.97365025882
8.97365358519
8.97365687964
8.97366014058
8.97366337084
8.97366657771
8.97366977227
8.97367296839
8.97367618184
8.9736794295
8.9736827288
8.97368609706
8.97368955028
8.97369310141
8.97369675803
8.97370051977
8.97370437587
8.97370830342
)
;
    }
    water_to_heater
    {
        type            calculated;
        value           uniform 1;
    }
    procBoundary2to3
    {
        type            processor;
        value           nonuniform List<scalar> 
41
(
1
1
1
1
1
1
1
1
1
1
1
1
1
1
1
1
1
1
1
1.23421188545
8.96476377719
8.96571521366
8.96739036386
8.96933379903
8.97108607667
8.9722578152
8.97283235543
8.9730755954
8.97319380261
8.97326423798
8.97331480635
8.9733587303
8.97340298624
8.97345140292
8.9735037349
8.97355452802
8.97360041963
5.16998254611
8.9301906976
8.96476377719
8.96606028637
)
;
    }
}


// ************************************************************************* //
