/*--------------------------------*- C++ -*----------------------------------*\
| =========                 |                                                 |
| \\      /  F ield         | OpenFOAM: The Open Source CFD Toolbox           |
|  \\    /   O peration     | Version:  2312                                  |
|   \\  /    A nd           | Website:  www.openfoam.com                      |
|    \\/     M anipulation  |                                                 |
\*---------------------------------------------------------------------------*/
FoamFile
{
    version     2.0;
    format      ascii;
    arch        "LSB;label=32;scalar=64";
    class       volScalarField;
    location    "69";
    object      p_rgh;
}
// * * * * * * * * * * * * * * * * * * * * * * * * * * * * * * * * * * * * * //

dimensions      [1 -1 -2 0 0 0 0];

internalField   nonuniform List<scalar> 
1875
(
107144
107149
107149
107147
107143
107137
107130
107123
107116
107109
107103
107098
107095
107094
107093
107095
107097
107101
107105
107110
107115
107119
107121
107121
107122
107105
107111
107111
107109
107104
107098
107092
107085
107079
107073
107067
107063
107059
107056
107055
107056
107057
107061
107065
107070
107076
107082
107086
107087
107094
107138
107140
107137
107133
107127
107121
107114
107107
107101
107094
107088
107083
107078
107074
107071
107068
107068
107068
107072
107079
107088
107097
107104
107107
107110
107152
107140
107130
107126
107120
107113
107105
107097
107088
107081
107074
107068
107061
107056
107051
107048
107046
107047
107052
107060
107071
107084
107092
107095
107098
107175
107153
107140
107137
107132
107124
107114
107102
107091
107082
107074
107066
107059
107052
107046
107041
107039
107044
107051
107060
107074
107089
107098
107101
107100
107190
107157
107142
107143
107135
107123
107109
107095
107081
107069
107059
107049
107041
107034
107030
107030
107035
107041
107051
107064
107080
107094
107101
107103
107079
107214
107162
107147
107150
107130
107109
107089
107071
107055
107043
107034
107027
107023
107024
107028
107033
107040
107049
107063
107078
107093
107103
107108
107108
107082
107236
107159
107137
107133
107096
107068
107047
107032
107023
107018
107017
107019
107022
107028
107034
107043
107054
107067
107082
107096
107106
107112
107115
107111
107077
107263
107142
107111
107093
107055
107034
107020
107015
107014
107016
107019
107023
107030
107040
107051
107064
107078
107091
107103
107112
107117
107120
107122
107113
107079
107283
107097
107082
107061
107033
107020
107014
107012
107011
107017
107024
107035
107048
107061
107076
107089
107102
107111
107118
107123
107125
107127
107128
107113
107072
107275
107020
107061
107043
107023
107012
107007
107005
107010
107022
107038
107055
107071
107086
107100
107110
107119
107125
107129
107132
107134
107135
107137
107112
107070
107260
107017
107031
107034
107013
107003
106999
107001
107016
107036
107057
107076
107092
107105
107116
107124
107130
107135
107138
107141
107144
107145
107145
107111
107062
107253
107009
107011
107022
107002
106994
106991
107003
107026
107050
107072
107090
107105
107116
107124
107131
107137
107141
107145
107147
107149
107149
107146
107112
107058
107250
107004
107003
107010
106991
106985
106985
107008
107034
107058
107079
107095
107107
107117
107126
107132
107138
107142
107145
107147
107146
107141
107137
107125
107095
107260
106997
106997
107002
106983
106977
106977
107000
107027
107052
107073
107090
107103
107114
107123
107130
107136
107141
107144
107147
107143
107132
107121
107142
107186
107271
106997
106992
106996
106978
106971
106969
106989
107016
107042
107064
107082
107096
107108
107118
107126
107133
107140
107144
107148
107147
107138
107115
107136
107253
107275
107017
106989
106991
106977
106967
106963
106974
106998
107024
107048
107068
107084
107097
107109
107119
107128
107137
107144
107150
107153
107153
107116
107114
107271
107273
107060
106994
106988
106979
106967
106960
106961
106975
106998
107023
107046
107066
107082
107096
107109
107120
107131
107142
107151
107158
107164
107120
107092
107286
107251
107108
107014
106989
106980
106971
106961
106959
106959
106970
106990
107014
107038
107059
107077
107093
107108
107122
107135
107149
107159
107170
107126
107083
107298
107102
107143
107062
107005
106987
106977
106966
106959
106956
106956
106962
106977
106999
107023
107047
107069
107089
107108
107125
107142
107155
107172
107130
107080
107318
107097
107168
107124
107049
107006
106987
106974
106963
106957
106952
106950
106953
106963
106983
107007
107034
107060
107085
107108
107130
107145
107168
107130
107067
107328
107105
107190
107178
107113
107049
107009
106987
106971
106960
106951
106948
106947
106949
106957
106972
106995
107023
107053
107082
107111
107131
107159
107123
107033
107351
107100
107201
107201
107170
107111
107053
107013
106986
106967
106954
106947
106941
106939
106942
106950
106965
106988
107018
107051
107085
107112
107145
107108
107015
107358
107106
107204
107205
107199
107164
107109
107054
107011
106981
106960
106947
106938
106934
106934
106937
106946
106963
106988
107019
107056
107088
107127
107077
107010
107381
107106
107208
107207
107205
107193
107155
107100
107045
107001
106969
106949
106937
106930
106930
106932
106937
106948
106967
106994
107029
107063
107106
107020
107013
107386
107138
107206
107199
107202
107204
107183
107138
107082
107026
106982
106953
106936
106926
106926
106928
106933
106941
106955
106976
107007
107039
107083
107013
107009
107410
107242
107177
107093
107186
107207
107195
107161
107110
107048
106995
106958
106936
106922
106921
106924
106930
106938
106950
106966
106992
107020
107062
107010
107012
107414
107389
107139
106999
107175
107212
107196
107162
107110
107057
107004
106962
106936
106920
106918
106921
106927
106936
106947
106961
106982
107005
107045
107012
107009
107438
107517
107087
106998
107181
107209
107192
107158
107106
107053
107000
106959
106935
106918
106916
106919
106925
106934
106945
106959
106976
106995
107031
107010
107011
107442
107573
107024
106995
107188
107201
107184
107146
107095
107042
106992
106955
106931
106917
106916
106919
106925
106934
106945
106957
106974
106989
107021
107010
107010
107466
107593
106978
106996
107188
107189
107171
107129
107078
107027
106981
106949
106928
106917
106916
106920
106926
106934
106945
106957
106973
106984
107013
107009
107011
107470
107609
106972
106999
107181
107174
107153
107106
107056
107008
106969
106942
106926
106918
106918
106921
106927
106935
106945
106958
106971
106977
107005
107009
107029
107493
107632
106969
106996
107170
107156
107130
107080
107033
106991
106959
106938
106925
106920
106919
106923
106929
106937
106947
106959
106967
106960
106996
107011
107065
107498
107646
106964
106981
107161
107137
107104
107055
107013
106978
106952
106935
106925
106922
106921
106924
106930
106939
106949
106959
106960
106955
106985
107019
107116
107518
107670
106929
106929
107148
107117
107078
107033
106996
106967
106946
106933
106926
106923
106923
106926
106932
106941
106951
106955
106953
106952
106973
107033
107172
107527
107684
106861
106858
107130
107093
107056
107016
106983
106959
106942
106932
106927
106924
106924
106928
106934
106943
106950
106951
106950
106950
106960
107056
107224
107523
107710
106854
106858
107104
107066
107037
107002
106974
106954
106941
106932
106927
106925
106925
106930
106937
106944
106948
106948
106948
106948
106950
107085
107268
107505
107723
106854
106849
107073
107040
107022
106991
106968
106951
106940
106932
106928
106926
106926
106932
106939
106945
106946
106946
106946
106945
106948
107111
107300
107486
107748
106847
106851
107043
107019
107011
106983
106963
106949
106939
106932
106929
106927
106927
106934
106940
106944
106945
106944
106943
106945
106947
107110
107306
107477
107761
106847
106842
107017
107002
107003
106977
106960
106947
106938
106932
106929
106928
106928
106935
106941
106944
106944
106942
106942
106949
106950
107094
107310
107492
107787
106840
106843
106995
106989
106996
106972
106957
106946
106937
106932
106929
106928
106929
106936
106942
106944
106943
106941
106943
106960
106954
107038
107309
107518
107799
106839
106835
106977
106978
106989
106967
106954
106944
106936
106931
106929
106929
106930
106937
106942
106943
106943
106941
106945
106974
106959
106917
107299
107555
107825
106832
106836
106961
106970
106984
106963
106952
106943
106935
106930
106928
106929
106930
106938
106942
106943
106942
106943
106947
106977
106963
106869
107271
107604
107837
106832
106828
106948
106963
106979
106961
106950
106941
106934
106930
106928
106927
106929
106938
106942
106943
106942
106944
106948
106976
106968
106863
107220
107657
107864
106825
106828
106937
106957
106975
106958
106949
106939
106933
106930
106927
106926
106929
106937
106942
106943
106942
106943
106949
106976
106975
106862
107141
107671
107876
106824
106821
106929
106951
106972
106954
106947
106939
106933
106930
106927
106927
106929
106936
106943
106943
106943
106944
106952
106975
106974
106855
107009
107689
107902
106818
106820
106920
106946
106968
106953
106946
106938
106932
106928
106927
106926
106930
106937
106941
106943
106944
106945
106955
106973
106974
106857
106853
107702
107914
106817
106814
106912
106942
106965
106951
106945
106937
106930
106927
106926
106925
106928
106935
106939
106943
106945
106946
106953
106968
106974
106850
106854
107724
107942
106811
106813
106905
106936
106962
106948
106943
106934
106929
106926
106924
106924
106926
106932
106938
106942
106944
106945
106950
106960
106972
106851
106848
107733
107953
106809
106807
106897
106931
106958
106947
106941
106932
106927
106923
106923
106923
106925
106931
106938
106940
106942
106944
106947
106952
106967
106845
106849
107755
107980
106804
106806
106889
106927
106956
106946
106939
106931
106925
106923
106921
106922
106922
106931
106935
106939
106941
106942
106942
106945
106959
106846
106843
107764
107992
106802
106800
106883
106922
106955
106945
106936
106929
106924
106921
106918
106919
106921
106929
106932
106938
106939
106941
106941
106939
106951
106840
106843
107786
108020
106797
106798
106876
106918
106951
106942
106935
106927
106922
106918
106915
106916
106920
106926
106932
106936
106937
106940
106939
106932
106944
106840
106838
107795
108031
106795
106793
106869
106913
106949
106939
106934
106925
106918
106917
106914
106915
106918
106922
106930
106934
106936
106938
106937
106927
106936
106835
106838
107818
108059
106791
106791
106864
106908
106946
106938
106932
106922
106917
106915
106913
106913
106915
106921
106926
106932
106934
106937
106936
106921
106927
106835
106833
107826
108070
106788
106786
106858
106904
106941
106937
106930
106920
106916
106912
106912
106907
106914
106919
106924
106929
106931
106936
106935
106915
106920
106830
106832
107849
108098
106784
106784
106851
106898
106940
106934
106928
106919
106914
106912
106909
106898
106911
106917
106922
106926
106931
106935
106933
106910
106912
106830
106828
107857
108109
106781
106779
106846
106892
106938
106933
106925
106918
106914
106909
106901
106891
106908
106916
106920
106924
106929
106934
106933
106903
106902
106825
106827
107880
108138
106777
106777
106838
106888
106934
106931
106921
106917
106913
106902
106890
106889
106903
106915
106918
106922
106928
106934
106931
106895
106895
106824
106823
107887
108149
106774
106772
106830
106884
106934
106928
106920
106916
106911
106889
106888
106889
106892
106912
106915
106920
106926
106933
106929
106889
106887
106820
106822
107912
108178
106772
106771
106824
106879
106933
106925
106919
106914
106908
106887
106887
106887
106887
106909
106914
106918
106925
106931
106928
106887
106879
106819
106818
107919
108188
106770
106766
106815
106876
106930
106922
106916
106911
106902
106886
106885
106886
106885
106904
106911
106916
106922
106929
106926
106883
106868
106815
106816
107944
108218
106767
106764
106800
106870
106921
106913
106908
106903
106890
106884
106884
106884
106884
106896
106904
106912
106917
106922
106918
106875
106852
106814
106813
107950
108228
106764
106760
106784
106858
106908
106900
106899
106891
106883
106883
106883
106883
106883
106886
106895
106906
106911
106909
106906
106864
106833
106811
106811
107976
108258
106771
106764
106792
106864
106914
106908
106908
106901
106894
106894
106894
106895
106894
106897
106906
106915
106919
106916
106910
106871
106841
106814
106809
107981
108269
106852
106848
106876
106933
106979
106981
106981
106977
106973
106974
106973
106974
106973
106975
106981
106986
106989
106985
106970
106947
106926
106896
106851
108009
108251
106964
106989
106993
107015
107051
107057
107057
107058
107058
107058
107058
107058
107058
107058
107058
107058
107058
107057
107034
107055
107057
107056
106924
107995
107051
106396
106482
106430
106401
106422
106450
106476
106488
106502
106517
106522
106522
106507
106504
106522
106530
106504
106439
106399
106468
106651
106601
106363
106892
102372
103071
103371
103292
103209
103220
103277
103333
103366
103398
103428
103440
103440
103411
103400
103420
103422
103366
103244
103179
103255
103591
103494
103088
102413
100172
100326
100430
100448
100447
100455
100469
100482
100492
100500
100507
100510
100510
100505
100501
100501
100496
100483
100461
100446
100448
100473
100440
100335
100184
100011
100015
100023
100026
100027
100027
100028
100028
100029
100029
100029
100029
100030
100029
100029
100029
100029
100028
100027
100027
100026
100026
100022
100015
100011
100010
100010
100010
100010
100010
100010
100010
100010
100010
100010
100010
100010
100010
100010
100010
100010
100010
100010
100010
100010
100011
100010
100010
100010
100010
100010
100010
100010
100010
100010
100010
100010
100011
100011
100011
100011
100011
100011
100011
100010
100010
100010
100010
100010
100011
100011
100011
100011
100010
100010
100010
100010
100011
100011
100011
100011
100011
100011
100011
100011
100011
100011
100011
100011
100011
100011
100010
100010
100010
100010
100011
100011
100011
100010
100010
100010
100010
100011
100011
100011
100011
100011
100011
100011
100011
100011
100011
100011
100011
100011
100011
100010
100010
100010
100011
100011
100011
100011
100010
100010
)
;

boundaryField
{
    inlet
    {
        type            fixedFluxPressure;
        gradient        nonuniform List<scalar> 
25
(
-3501.66
-3771.56
-3890.67
-3929.52
-3940.46
-3941.48
-3907.53
-3876.13
-3851.16
-3827.82
-3792.46
-3758.98
-3774.73
-3795.95
-3788.16
-3793.29
-3805.88
-3835.72
-3879.45
-3932.01
-3991.8
-4014.24
-3975
-3812.64
-3593.04
)
;
        value           nonuniform List<scalar> 
25
(
107120
107124
107123
107121
107117
107111
107104
107097
107090
107083
107078
107073
107070
107068
107068
107069
107072
107075
107079
107084
107088
107092
107095
107096
107098
)
;
    }
    outlet
    {
        type            prghPressure;
        p               uniform 100000;
        value           nonuniform List<scalar> 
25
(
100010
100010
100011
100011
100011
100011
100011
100011
100011
100011
100011
100011
100011
100011
100011
100011
100010
100010
100010
100011
100011
100011
100011
100010
100010
)
;
    }
    walls
    {
        type            fixedFluxPressure;
        gradient        uniform 0;
        value           nonuniform List<scalar> 
150
(
107144
107105
107138
107152
107175
107190
107214
107236
107263
107283
107275
107260
107253
107250
107260
107271
107275
107273
107251
107102
107097
107105
107100
107106
107106
107138
107242
107389
107517
107573
107593
107609
107632
107646
107670
107684
107710
107723
107748
107761
107787
107799
107825
107837
107864
107876
107902
107914
107942
107953
107980
107992
108020
108031
108059
108070
108098
108109
108138
108149
108178
108188
108218
108228
108258
108269
108251
107051
102372
100172
100011
100010
100010
100010
100010
107122
107094
107110
107098
107100
107079
107082
107077
107079
107072
107070
107062
107058
107095
107186
107253
107271
107286
107298
107318
107328
107351
107358
107381
107386
107410
107414
107438
107442
107466
107470
107493
107498
107518
107527
107523
107505
107486
107477
107492
107518
107555
107604
107657
107671
107689
107702
107724
107733
107755
107764
107786
107795
107818
107826
107849
107857
107880
107887
107912
107919
107944
107950
107976
107981
108009
107995
106892
102413
100184
100011
100010
100010
100010
100010
)
;
    }
    defaultFaces
    {
        type            empty;
    }
}


// ************************************************************************* //
