/*--------------------------------*- C++ -*----------------------------------*\
| =========                 |                                                 |
| \\      /  F ield         | OpenFOAM: The Open Source CFD Toolbox           |
|  \\    /   O peration     | Version:  2312                                  |
|   \\  /    A nd           | Website:  www.openfoam.com                      |
|    \\/     M anipulation  |                                                 |
\*---------------------------------------------------------------------------*/
FoamFile
{
    version     2.0;
    format      ascii;
    arch        "LSB;label=32;scalar=64";
    class       volScalarField;
    location    "0.16/water";
    object      epsilonm;
}
// * * * * * * * * * * * * * * * * * * * * * * * * * * * * * * * * * * * * * //

dimensions      [0 2 -3 0 0 0 0];

internalField   nonuniform List<scalar> 
1496
(
3047.10208428
851.572702472
302.964007831
117.141114716
48.5587688373
23.1273015479
12.8320169056
7.73731240451
4.77500796162
2.95792134615
1.90456345264
1.35893403647
1.10316057206
0.953532556563
0.784043166294
0.59765240044
0.442570958024
0.338785771701
0.276360793477
0.248188777678
4336.50816303
1100.00505435
353.946085258
123.284222205
46.2553564333
20.7978371737
11.2765886007
6.75470105653
4.20037784499
2.69339020716
1.85913181538
1.44839904428
1.25055094892
1.07983870948
0.85741252907
0.626758656063
0.444960937728
0.329639530711
0.269474228711
0.258573138405
6311.34224718
1492.9405693
444.105734904
140.927526682
48.5149774326
20.3187052729
10.5656484869
6.22681710018
3.90868516359
2.61547695751
1.94370119692
1.62797758835
1.43800614622
1.21701866445
0.923822549615
0.633948255631
0.418395996257
0.302233048918
0.254245100892
0.266321523875
7064.36720824
1819.61724104
536.720940493
165.910267364
55.4167288296
22.0260900532
10.862521753
6.23736934251
3.94022228451
2.74906091812
2.17258524257
1.88063571673
1.65690740147
1.36668478971
0.970100441716
0.600281729125
0.368430275972
0.262212805522
0.236357765643
0.259378448704
6234.31251136
1820.28919139
567.286881304
181.958698764
62.2750047266
24.7727241939
11.9831291212
6.77594895692
4.31380869135
3.10572512861
2.51879783805
2.18924815534
1.90828750541
1.49861025606
0.953323991075
0.529398908416
0.311905523228
0.220164695386
0.209810487537
0.233629812512
5326.31892126
1707.8221834
560.571157838
188.078804809
68.0809760219
28.6473044454
14.1294390593
7.98265017204
5.09833992776
3.68602131011
2.96389116313
2.52510010531
2.0942744342
1.48170519355
0.853975328899
0.459356676094
0.265676273126
0.183735134391
0.174002272616
0.194549875157
5375.68351677
1744.83831146
585.38688454
206.097371213
80.2826367992
35.6464765204
17.9205241173
10.0969732514
6.38036233534
4.4942160438
3.42573272738
2.69684330348
2.00201174086
1.30646338733
0.740821924505
0.407714035247
0.238252937124
0.158192265241
0.140583755129
0.154307642741
5926.33069905
1919.68571949
665.082367063
249.881286708
103.334975657
47.2275412144
23.6792042654
13.151597898
8.11138533052
5.40080248883
3.68643016961
2.57768781597
1.76458995518
1.11830133071
0.645136291721
0.374075001536
0.230013223498
0.148658015027
0.121147610792
0.127445996849
5898.04118704
1911.43607338
700.327087588
286.465372416
127.182821423
60.32683887
30.5888295468
16.8221541834
10.0200209737
6.30197483676
3.79722122671
2.4016788811
1.54915428761
0.964460774535
0.577759557501
0.360172442565
0.237468071045
0.156780732441
0.120428052619
0.120734921371
4390.21426109
1532.72248757
604.571655362
266.757185751
127.824501706
64.7719337768
34.6674984687
20.0269133496
12.4794960949
7.64646864107
3.97326097959
2.27300357952
1.38762788869
0.859824251716
0.544520621429
0.367350985587
0.258482880747
0.180733340139
0.138185893295
0.137599884481
3414.9212301
1178.46319385
484.221635586
227.715950591
116.013271929
62.314852049
35.7394131217
22.4237205608
15.1917558933
9.68679793279
4.23264951222
2.19381552813
1.28522982085
0.80812852099
0.544097554804
0.393547277558
0.292774925839
0.217487596163
0.172560570048
0.183823079545
2764.48967467
940.233519336
385.071068072
188.490131205
101.91023653
58.1725323449
35.8677276603
24.3055024369
17.4221170864
11.1977954891
4.35071117844
2.13611645151
1.23114410723
0.79258545456
0.564043663186
0.433746338306
0.340934543789
0.267047878249
0.225001760236
0.269283721461
2295.58938857
788.494156465
320.665019545
162.548900652
92.1168240945
55.3987020108
36.0960700034
25.0300059241
17.6580565519
10.3867883921
4.04625589027
2.00086714761
1.17444132879
0.789049217689
0.598053919187
0.492594168783
0.407977799066
0.33318858799
0.304555813139
0.420308677909
2127.0974742
714.938971811
285.705504671
155.177173394
95.0977158685
63.6038248044
40.9337598936
23.4604577403
15.0645151833
7.84431662646
3.36956304537
1.78229302511
1.10960862448
0.797789841051
0.654862445263
0.580624875552
0.499610016459
0.423602865193
0.430534241992
0.692627060065
2261.54653852
729.800844802
281.637171142
162.073844409
115.135018945
86.3334744818
56.0599797098
21.7575586629
11.4461139432
5.59742112301
2.73516731692
1.58947560703
1.07380751639
0.839227502473
0.751044638941
0.708116375653
0.625354638708
0.552441577287
0.629077800444
1.14228652314
2910.96173746
828.664100386
271.618007496
162.921040456
130.135544141
105.497288847
70.8732893658
23.3401486175
10.1886653069
4.75268335785
2.50251064628
1.54895915818
1.11896914321
0.942458387154
0.899762425048
0.889658363138
0.807404825918
0.737351384746
0.907786601582
1.31115713021
4054.00215887
995.819831983
298.442423487
162.993576084
133.477666454
112.902082681
79.696097241
31.3139646373
13.2609795192
5.90277170373
2.97094981847
1.79226245866
1.30789814841
1.13218250459
1.11531795834
1.15338595913
1.08247345948
0.990356797
1.18827292374
1.22681070358
4310.07164384
1126.05482168
347.054250415
170.996814945
131.22871514
111.372541337
83.3206736141
42.0838881952
19.9633420298
9.33060733841
4.51738547015
2.51213201542
1.716439446
1.44252692002
1.42981937527
1.53995859578
1.50627549113
1.30556077151
1.23515112238
1.18012942739
4040.98788206
1126.65460469
375.95483513
179.381528047
125.597325821
103.58467489
80.6919904951
49.9618788354
27.4949183307
14.2123963346
7.24062587141
3.86820384716
2.43400135428
1.93280320037
1.89600565858
2.10924187242
2.14703451201
1.64792662798
1.14204189274
1.16655077833
3458.37624134
1020.86967051
364.542027627
174.39261692
114.627208427
90.7349298444
72.3831053114
50.8291732015
32.2520963753
18.7128952961
10.2851357681
5.70584929847
3.47900357529
2.65507825659
2.58862392506
2.95003651895
2.9846114964
1.87911361669
1.10211708688
1.16592292267
2833.66139155
862.180005981
320.653820363
154.920166868
98.1514109907
74.9252219679
60.1128869019
45.3125945295
31.6183309814
20.3367635337
12.1117730945
7.18463536813
4.61548763074
3.60319912759
3.58648600275
4.06110854926
3.6887356696
2.07279949906
1.17446137973
1.17296688725
2302.05307822
708.916663658
268.085570763
129.790038488
80.0374276879
59.1229161367
47.1399097198
36.8790305678
27.2700374009
18.7570743254
12.0107871208
7.72738541447
5.48665579483
4.70600781502
4.80803859684
5.06736020398
4.16050955714
2.37623017632
1.35478032217
1.2204754873
1909.95230362
586.59011094
222.560753739
107.091993887
64.1121197066
45.574547379
35.5869465076
28.0916376726
21.3300222481
15.2299211218
10.4401324131
7.45653476199
6.04039885082
5.69768396026
5.79301838581
5.79545176943
4.69643454499
2.75645760425
1.61423881313
1.34063107232
1625.87647201
494.968126205
188.731445331
89.6786269503
51.4910769211
34.684570461
25.9792029009
20.0869882532
15.2054654935
11.1495531799
8.2886711848
6.78136544908
6.3255809023
6.39538382955
6.54345729161
6.53733680411
5.23871806165
3.11560478772
1.90956359654
1.5363047416
1402.52218081
431.289641585
165.874577562
76.6964419756
41.5096696445
26.0550466161
18.3344373737
13.5686518448
10.1020491434
7.69721142118
6.4357866106
6.17541647688
6.47896087668
6.96902496191
7.37118783748
7.28735313686
5.4357081841
3.33901574982
2.19323168894
1.78250858869
1301.03317706
404.775491902
154.87274039
68.2756135051
34.2098365284
19.6927926058
12.7856580657
8.96829522657
6.66132586411
5.45777086199
5.30807545158
5.86501355369
6.71437688093
7.6253705621
8.09758561379
7.47746537541
5.24168953598
3.41942708403
2.44308520635
2.04800745626
1494.552077
440.375616018
160.164206145
65.1229688975
29.8490047377
15.6116717685
9.32033793187
6.24340236682
4.70722481364
4.24088681517
4.78983507039
5.82561949181
7.2353293786
8.23788189031
8.24784367919
6.82714780878
4.84593592519
3.40681437483
2.6397790593
2.31222430785
1923.45659699
528.248837029
178.371885105
67.5366367022
28.5958986159
13.6832878737
7.55146843654
4.85795345724
3.72501694592
3.66128218369
4.65957380707
6.10226904778
7.97634225976
8.58576494689
7.69390926033
5.91269053897
4.36640464296
3.29457788485
2.7442976239
2.56722905154
2215.38999763
619.206535211
204.645832352
75.0749723316
29.9435942888
13.4028677924
6.97031441108
4.32548871702
3.36226848734
3.56477778646
4.89791829398
6.72238861624
8.76347912393
8.60533662878
6.79946261356
5.0215046876
3.77962372378
3.01924828875
2.70559007393
2.80263300444
2335.13271116
711.827712262
239.721460194
85.8400195132
33.5696101591
14.6741441438
7.41825146488
4.51711949261
3.56520637574
3.89922665366
5.43054824172
7.69566362555
9.715617912
8.44497557532
5.91801701349
4.07471841923
3.04147469259
2.53971225461
2.47217312372
2.94975006409
2719.11851181
881.146519888
295.107960934
104.772278311
40.5741508103
17.7338578687
8.98844820634
5.46778947955
4.28123737359
4.59684501569
6.31600823591
9.20864200476
11.1178434483
8.40341414581
5.07823368677
3.13611150587
2.24270119134
1.93019078294
2.04074782556
2.82912912123
3811.3808457
1206.18293032
379.982451692
131.531907534
51.514437977
23.1369333841
12.0071429902
7.31725716404
5.53772825107
5.63599617253
7.64097942003
11.5462540469
13.3649084759
8.99927929745
4.66116548097
2.429432219
1.56499585423
1.3607456759
1.54687077866
2.35940508974
5586.39597148
1611.50989198
473.413080193
164.036699605
66.132899656
30.8289637749
16.5058859199
10.1261494559
7.37059568361
6.97665276979
9.21607759189
14.2603376669
16.7050164155
10.8944705152
5.18018264451
2.2631419429
1.16751109618
0.946795205533
1.10841119136
1.72772720552
6533.07265646
1758.70115117
541.285153257
196.107120781
82.4543786703
39.6770867584
21.6815568897
13.3893461933
9.53029116866
8.45288525015
10.2707119906
15.6722724325
19.4976751327
13.5314366731
6.74277025147
2.80653714385
1.08193332123
0.697019262948
0.762462897854
1.1553562915
6637.38923792
1743.93366703
541.301075955
205.019904973
89.7120680567
44.5336424886
24.8928927988
15.5913418348
11.1245927847
9.59232314565
10.8291284376
15.6693489126
19.6702765465
15.3984563728
9.00428651142
4.07182604422
1.27877048594
0.588041333782
0.528360489323
0.73021904983
6811.06642615
1679.5968457
526.520232105
194.404946967
84.0019831544
41.9818318333
23.9147593853
15.3800132578
11.3084891609
10.0937931973
11.5946301071
15.6909156048
18.5557042295
16.0475128094
11.2887183978
6.17276868317
1.70722787729
0.609180577832
0.416445421327
0.49128198979
6131.33630259
1714.18163719
521.510900676
180.376238751
73.4631368814
35.7310719048
20.4197476583
13.4488620428
10.3537245779
10.2985151775
12.6738987832
16.1438872882
18.0174792516
16.3503940233
12.8951212442
8.3805520125
2.29817394118
0.732044933505
0.40982934966
0.412999837554
0.230453796325
0.0551213338842
0.0102414247408
0.00391637628832
0.00131100889882
0.0003822138671
0.000951981620881
0.0060216092501
0.0172732747611
0.0297567396398
0.0424958661385
0.0567348371004
0.0762371179012
0.109720780771
0.177714961453
0.319566656887
0.291194858626
0.507714598985
0.702172120244
0.460314667093
0.214458220949
0.0459693473176
0.00989801763717
0.00392767678961
0.00127848636105
0.000373479775792
0.00107815316167
0.00634467240713
0.0177140416251
0.0303091270686
0.0431575964685
0.0574637713814
0.0768701003054
0.109694259142
0.175348213035
0.312150196314
0.337893114449
0.596512754304
0.850975317581
0.460668597161
0.19219554788
0.0369110333972
0.00922479166916
0.00371786422654
0.00116212238711
0.000357683142913
0.00121767008627
0.0066590333021
0.0181050352562
0.0307996192376
0.0437661098485
0.0581560127922
0.0774612327746
0.109516302678
0.172283484301
0.301893732947
0.387583380673
0.679233712373
1.01371558372
0.441785592347
0.166636293076
0.0292933107592
0.00827172228599
0.00329609061465
0.000977240105482
0.000341982358492
0.00135384798532
0.00691941205005
0.0183922379132
0.0311779045497
0.0442786106543
0.0587766015764
0.0779812406303
0.10916264728
0.168518641277
0.288661634902
0.409416742408
0.753406071786
1.16827270906
0.410965145989
0.140944008862
0.0231465528553
0.00702181099734
0.00268700760746
0.000753832074859
0.000331005088915
0.0014627708025
0.00707258809054
0.0185176935146
0.0313912482566
0.0446503506001
0.0592896404807
0.0784035057629
0.10861945082
0.164081493289
0.2725690616
0.391771573989
0.802216905363
1.27646000317
0.380938938968
0.115122533204
0.0179573023085
0.00550401917436
0.00197107596655
0.000542042769884
0.000324256272188
0.00151683184148
0.00706495341519
0.0184258150881
0.0313896361887
0.0448386406195
0.059661535056
0.0787077723407
0.107892044344
0.159063134734
0.254032249842
0.342114858115
0.813316089663
1.32207741188
0.367224710351
0.102362180032
0.0132784319467
0.00393058895371
0.00131474491231
0.000391629289368
0.000316371239753
0.00149156700059
0.00685354361459
0.0180732457768
0.0311347711549
0.0448107919458
0.0598679404354
0.0788868276309
0.107013041437
0.153623191021
0.233758173473
0.274068955486
0.812343060561
1.32872681092
0.381358685933
0.100598095925
0.0109598231146
0.0026098583166
0.000872486821775
0.000317198784496
0.00030146105518
0.00137663760965
0.00642143964432
0.0174433206837
0.0306132492077
0.0445559933932
0.059904480182
0.0789566048749
0.10605301018
0.14799745527
0.212696348128
0.231017889161
0.840720065071
1.36618164722
0.434522985201
0.110129811303
0.0106864531261
0.00185305201881
0.000673995373705
0.000301631704102
0.00027898090428
0.00118311031093
0.00578656645059
0.0165537412122
0.0298429108469
0.0440907844466
0.0597911705596
0.0789590003931
0.105121510399
0.142492480923
0.191941555406
0.234147105993
0.951698335954
1.49426877376
0.542033906388
0.137904542159
0.0131356062166
0.00163637801791
0.000644999951109
0.000323377740937
0.000255286071799
0.000939603937908
0.00499582729894
0.0154526139575
0.0288699990598
0.0434570855779
0.0595699284159
0.078956578774
0.104357624156
0.137472165145
0.172645063109
0.273809688002
1.16599537153
1.60947515152
0.710695300138
0.197814088268
0.0216930724533
0.00175414095911
0.00071172678923
0.000374554871473
0.000241473161978
0.000685604853167
0.00411998444613
0.0142178060087
0.0277701717324
0.04272420975
0.0593060296211
0.0790301466172
0.103919046453
0.133336852176
0.155937251972
0.378155063144
1.37171734585
1.71909296226
0.92073546693
0.321586581257
0.043556876962
0.00256029014464
0.000881257856678
0.000460693904806
0.000249463681031
0.000465745051462
0.00325718035853
0.0129575684903
0.0266421300314
0.0419788840641
0.0590761611576
0.0792622169663
0.103951393748
0.130460504849
0.142766036359
0.652498732357
1.40879670859
1.78570385622
1.10384569138
0.420767248776
0.0847238343794
0.00527198386708
0.00122065396147
0.000594099249062
0.000287170790861
0.000312748896428
0.00251070883181
0.0117856048448
0.0255820050777
0.0413014996459
0.0589461077099
0.0797116896858
0.104547402661
0.129104896041
0.133701786491
1.18303704845
1.46473947311
1.83702633165
1.30473898026
0.518472907785
0.143792134298
0.0123618010467
0.00186046142547
0.000796175449526
0.000358241283667
0.000235837873148
0.00195734415142
0.0107889134447
0.0246539839371
0.0407408892137
0.0589500700937
0.0803978643884
0.105732267893
0.129384754537
0.128886635755
1.37373986755
1.60207979107
1.90828491432
1.49137097008
0.622448481541
0.204428091466
0.026058861307
0.00309359024501
0.00110827703024
0.000467536792569
0.000229427923228
0.00163513004004
0.010018940722
0.0238880973636
0.0403150127148
0.0590924779282
0.0813028066341
0.107466395166
0.131273062148
0.128142317517
1.35459070332
1.72082065469
1.96424091699
1.60483388145
0.720789781557
0.234194658692
0.0446886608165
0.00545550189431
0.00159189182919
0.00062346373715
0.000271944541538
0.00148448332705
0.00946155199073
0.0232966972129
0.0400402991081
0.0593808881281
0.0824093683427
0.109690905732
0.13466505244
0.131172213667
1.42495880615
1.82282456066
1.98298178893
1.66171988945
0.805559943688
0.267001880439
0.0642040306267
0.00895033405739
0.00224613717275
0.000825845311842
0.000335009105341
0.00140013755366
0.00904985075344
0.0228592958477
0.0399084374751
0.0598074289524
0.0837056122516
0.112383547703
0.139485652057
0.137710021023
1.49485609703
1.87204266241
1.97188590607
1.67723789162
0.875942093042
0.302666539669
0.0837777065366
0.0135506296122
0.00303952005949
0.00106924837826
0.000413609591013
0.00135507086092
0.00875238145184
0.0225568555197
0.039906353012
0.0603582321277
0.0851659045295
0.115490423649
0.145628332984
0.147585560479
1.54646104864
1.884127961
1.93761829202
1.6700762514
0.933465451405
0.340466937429
0.104116703098
0.0191832871634
0.0039845670042
0.00134181592165
0.000506704621707
0.00134035900454
0.00855540187475
0.0223858819067
0.040037904895
0.061038396401
0.0867826601584
0.118961814795
0.152979479012
0.160751050764
1.57005299318
1.86917752452
1.89605942415
1.64613242261
0.977095159976
0.378831951132
0.125726470872
0.025651996518
0.00513433263428
0.00163806065159
0.000613316758804
0.00135279310535
0.00845638185389
0.0223546605422
0.0403181980379
0.0618637892159
0.0885585599393
0.122751228202
0.161414137292
0.1772148909
1.55058136447
1.82322422473
1.83523349665
1.61074051435
1.00918866445
0.416049929784
0.146714257473
0.0326118089434
0.00651557561511
0.00196634014525
0.000732410239246
0.0013912708611
0.00845823869272
0.0224759732086
0.0407652308841
0.0628523582969
0.0904989516417
0.126809966607
0.170776413913
0.196951236399
1.49294766408
1.74349020526
1.75983609493
1.56250657392
1.04083954101
0.451393166227
0.161358153887
0.0394804394701
0.00806887554251
0.00233559204753
0.000863811461583
0.00145513376064
0.00856471017409
0.0227604434023
0.0413925842872
0.0640169572311
0.0926059534078
0.131085490967
0.180872018489
0.219820716486
1.44393446047
1.66411961354
1.68650909638
1.52031014242
1.06284243324
0.484693333883
0.176377386724
0.0458682951815
0.00964850484609
0.00274162326319
0.00100747824865
0.00154365132909
0.00877806121004
0.02321300579
0.0422056111369
0.0653617784199
0.094875808116
0.13552352977
0.19147327859
0.245505769169
1.44913680861
1.62651914614
1.65201517087
1.5060425061
1.09212866119
0.518768701815
0.192141026075
0.0513584064676
0.0111273883965
0.00317065019693
0.0011614992063
0.00165529332094
0.00909731558453
0.023830246427
0.0431985867375
0.0668796109505
0.0972963978457
0.140069253143
0.202330141816
0.273464460829
1.53499571949
1.66877631726
1.68560428235
1.55096845587
1.14825072682
0.55617123657
0.208129076964
0.0559674232283
0.012342297623
0.00359403364984
0.00132018815783
0.00178708640175
0.00951622447636
0.0245977402945
0.0443521490134
0.0685493813739
0.0998445581592
0.144666791986
0.213184729703
0.302922995109
1.7019284343
1.80642127541
1.81275358416
1.6726731947
1.24800932198
0.596024201236
0.223217164301
0.0596329343675
0.0133336193568
0.00399048256538
0.00147354216764
0.00193409493253
0.0100215935044
0.0254886451804
0.0456324158172
0.0703354772797
0.102485143337
0.149259818083
0.223789706624
0.332914973986
1.94837573528
2.04980297796
2.04347280127
1.89366789694
1.39633210036
0.638496155281
0.236675233906
0.0610900497118
0.013858928196
0.00431270883345
0.0016059066238
0.00208916513113
0.0105911606097
0.0264622974803
0.0469904689377
0.0721877190807
0.105171056109
0.1537931642
0.233929600172
0.362359895689
2.27346916252
2.4025295253
2.39493916319
2.22920110106
1.60096522753
0.680489585714
0.247351917999
0.0601973413105
0.0138643618945
0.00452285683038
0.00169993577103
0.00224329601437
0.0111911156274
0.0274633510533
0.0483632449265
0.0740431852936
0.107845199956
0.158215848625
0.243444946519
0.39019350808
2.68326713764
2.87780457798
2.87653628664
2.70130926926
1.85804761159
0.712684740168
0.248615887191
0.0573106964883
0.0134486982092
0.00460030191481
0.00174293630869
0.00238671604758
0.0117779930036
0.0284273959973
0.0496812572316
0.0758345480179
0.110448364821
0.162488486874
0.252257869396
0.41555020763
3.17559140192
3.46410471198
3.48757723801
3.29479168623
2.12154347028
0.724706599613
0.235546860673
0.0532016919289
0.0127432955653
0.00453508532455
0.00172709577583
0.00250993952185
0.0123058687806
0.0292922803344
0.0508809905833
0.0775021972211
0.112930386483
0.16659232982
0.260389644851
0.437937969996
3.68365009788
4.10345678398
4.15779990009
3.95233845299
2.3328536707
0.713072135581
0.218941221839
0.0488424097953
0.0118891025434
0.00434923319685
0.00165996595718
0.0026043218214
0.0127345641224
0.0300086834549
0.0519147975997
0.0790032186465
0.1152580457
0.17053370701
0.267960431728
0.457336684759
4.05476862561
4.65853482021
4.77236961382
4.54559675892
2.44558774727
0.684664090618
0.201407480022
0.0445895076889
0.0109521886857
0.00407766929542
0.00155928503441
0.00266558562887
0.0130365508547
0.0305450338691
0.0527544201941
0.0803140544121
0.117416731266
0.174341307923
0.275171492162
0.474203165893
3.99028918451
4.98280179912
5.16531492602
4.93437335768
2.44752703079
0.650900657428
0.187795513753
0.0414551659434
0.0100058454445
0.00375191995996
0.00144368748981
0.00269115959195
0.0131976761352
0.0308883437563
0.0533912824308
0.0814305102392
0.119409393259
0.178060027078
0.282280156543
0.489420439422
3.27183746624
4.95837886846
5.23306023706
4.99606990291
2.35662637579
0.621825154791
0.179510085431
0.0396168693471
0.00921363534134
0.00342030063888
0.00133068504325
0.00268270442258
0.013221984536
0.0310493606243
0.0538421244535
0.0823733758546
0.121260974675
0.181750000487
0.289578535293
0.504217608234
2.25880368249
4.51586078369
4.91763362262
4.7254238775
2.21340829776
0.606820066975
0.177829478538
0.0397450569343
0.00885854166302
0.00315379213424
0.00124011184096
0.00264875433645
0.0131372642715
0.0310703263203
0.0541574648011
0.0831961280878
0.123024073048
0.185485510271
0.297365477777
0.52003504178
1.4336481607
3.66016374033
4.305012149
4.1989050704
2.04276723549
0.60314699839
0.185464475419
0.0431877600192
0.00916984915013
0.00304086672958
0.00118851428042
0.00260410269831
0.012996444468
0.0310298761451
0.0544267692882
0.0839863297873
0.124772147012
0.18933683994
0.305895470463
0.538349156214
0.922345675871
2.70291901372
3.5773093717
3.57547197965
1.85950353292
0.605770033372
0.201472904516
0.0500311727081
0.010393888212
0.00310776554598
0.0011842155832
0.00256789965146
0.0128780661635
0.0310473190037
0.0547788102068
0.0848518066935
0.126555581832
0.193260911208
0.315230637641
0.560436863975
0.690094576766
2.0402256533
2.95543202834
3.05358783243
1.71254106923
0.607674895434
0.218275779328
0.0635297486051
0.0139361045339
0.0035031498122
0.0012202178657
0.00255531642663
0.0128661708515
0.0312476520781
0.0553252751166
0.0858406309828
0.128283031362
0.196876842621
0.324707640438
0.589038329468
)
;

boundaryField
{
    emptyPatch
    {
        type            empty;
    }
    minY
    {
        type            fixedValue;
        value           nonuniform List<scalar> 0();
    }
    maxY
    {
        type            inletOutlet;
        inletValue      uniform 0.0001;
        value           nonuniform List<scalar> 
40
(
6131.33630259
1714.18163719
521.510900676
180.376238751
73.4631368814
35.7310719048
20.4197476583
13.4488620428
10.3537245779
10.2985151775
12.6738987832
16.1438872882
18.0174792516
16.3503940233
12.8951212442
8.3805520125
2.29817394118
0.732044933505
0.40982934966
0.412999837554
0.690094576766
2.0402256533
2.95543202834
3.05358783243
1.71254106923
0.607674895434
0.218275779328
0.0635297486051
0.0139361045339
0.0035031498122
0.0012202178657
0.00255531642663
0.0128661708515
0.0312476520781
0.0553252751166
0.0858406309828
0.128283031362
0.196876842621
0.324707640438
0.589038329468
)
;
    }
    water_to_cooler
    {
        type            fixedValue;
        value           nonuniform List<scalar> 
38
(
1.32970591198
1.31538701959
1.29659956324
1.27341689583
1.24639795523
1.21660740406
1.18556891926
1.15516169546
1.12743228869
1.10441945639
1.08799840109
1.07958531862
1.07982194687
1.08872027751
1.10580954223
1.13058346272
1.16282071452
1.2021959536
1.24845996882
1.3013825963
1.3605856864
1.42542802315
1.49495378553
1.56787932455
1.64262952212
1.71744372612
1.79054325677
1.86036148838
1.92582047007
1.98655996097
2.04302064621
2.09637238112
2.14836387978
2.20116851474
2.25716577577
2.31858817734
2.38679232638
2.45954709073
)
;
    }
    water_to_heater
    {
        type            fixedValue;
        value           nonuniform List<scalar> 
59
(
11866.3462209
11866.3462209
15507.4745905
20539.6954932
21618.974239
21618.974239
18999.5517036
18999.5517036
16998.653414
16998.653414
17875.1702801
20504.3886181
21249.6638738
21249.6638738
17285.6346645
17285.6346645
13434.5322982
13434.5322982
10116.7409281
7933.65010794
7141.25812482
7141.25812482
7553.60334541
7553.60334541
9683.27327985
9683.27327985
13219.6826281
14560.3369443
13979.0265585
13979.0265585
12196.8437085
12196.8437085
10052.5323232
10052.5323232
8187.36731492
6752.2099473
5657.3371976
5657.3371976
4824.43457987
4824.43457987
4562.00698263
4562.00698263
5138.76246663
6011.39552872
6445.56116977
6445.56116977
6931.04401022
6931.04401022
8851.17408272
8851.17408272
13477.0080682
20593.3110495
24310.5991768
24310.5991768
24796.4744263
24796.4744263
23458.3343891
23458.3343891
20174.2034576
)
;
    }
    procBoundary0to1
    {
        type            processor;
        value           nonuniform List<scalar> 
41
(
3017.51512342
836.998471145
299.847972807
120.161097446
52.6479967022
26.1370467103
14.7986056611
8.99726401419
5.54699797021
3.36160108716
2.04899183162
1.34408696607
1.00541384176
0.841511972429
0.708081479909
0.556982631828
0.422468270743
0.328946609951
0.270771010606
0.238000880756
0.238705091456
0.062542496196
0.0102061636338
0.00366672157039
0.00124881967862
0.000377289617255
0.000848821085288
0.00572422510688
0.0168287441528
0.0291870206579
0.0418196541034
0.0560022700891
0.0755945780667
0.10963732508
0.179478071338
0.324846602131
0.253901764436
0.390621431398
0.580613205697
0.442267510283
0.442267510283
)
;
    }
}


// ************************************************************************* //
