/*--------------------------------*- C++ -*----------------------------------*\
| =========                 |                                                 |
| \\      /  F ield         | OpenFOAM: The Open Source CFD Toolbox           |
|  \\    /   O peration     | Version:  2312                                  |
|   \\  /    A nd           | Website:  www.openfoam.com                      |
|    \\/     M anipulation  |                                                 |
\*---------------------------------------------------------------------------*/
FoamFile
{
    version     2.0;
    format      ascii;
    arch        "LSB;label=32;scalar=64";
    class       volScalarField;
    location    "0.585/water";
    object      rhom;
}
// * * * * * * * * * * * * * * * * * * * * * * * * * * * * * * * * * * * * * //

dimensions      [1 -3 0 0 0 0 0];

internalField   nonuniform List<scalar> 
1497
(
840.448002581
885.035930337
896.541418937
896.761522234
896.541483792
896.927923691
896.541526619
896.890108581
896.541550984
896.753161032
895.716720214
896.110223566
896.541554334
638.793383669
771.848022569
782.948462668
791.223546306
800.047043726
818.745354628
849.975421358
884.528723696
896.541379223
896.742022832
896.541449794
896.957951655
896.541495557
896.913862891
896.5415267
894.496385573
891.173831595
890.959581321
893.761900411
895.832363593
653.104622846
781.294290609
821.045017236
841.417975082
856.545696441
874.777320257
892.804135529
896.541329982
896.897416604
896.541410229
897.056387254
896.541457825
896.788501048
893.080971185
889.898372368
887.393650851
887.140916351
888.681907409
892.021516091
893.94727743
683.98691474
783.43978773
824.341598216
850.08304054
869.699451499
887.51136636
896.541248187
897.090667587
896.541358967
897.132461805
893.98171129
889.274127069
884.775432753
883.438324084
884.459426916
886.342014729
887.045935942
888.901684775
891.268106106
891.90449271
710.430874685
770.342798669
805.107579451
832.131806907
854.632197171
873.125288436
882.907827739
882.155093629
878.453408954
871.99581404
866.558009583
865.505191469
869.473778481
876.738426048
883.981641012
888.049638429
888.77035935
889.937233584
891.3492997
891.521921669
700.482040299
716.020071641
733.445405756
755.444160453
777.801793948
793.268463576
798.148667199
795.029588505
790.203630131
792.124634701
804.747789658
824.338741947
846.736812623
866.824791155
881.780759573
889.724236726
892.083795094
891.95775152
892.045448238
891.763991829
657.606880013
644.679358124
649.943724271
658.960922241
667.411409336
671.577125511
671.609727016
670.083107695
672.374219519
687.80890005
717.923835811
756.36751159
797.769420602
836.669043149
868.294726628
887.482795531
894.208648278
894.269871408
893.718896191
892.85315405
609.800351834
611.80285591
621.728157671
623.742965876
621.814777665
617.811660013
615.625217889
615.093469291
618.799921068
632.504654004
658.417608169
694.365061118
738.233354425
787.239466745
836.227670305
876.04524193
893.593402763
895.809918402
895.471868963
894.682474009
591.874088646
610.149717362
620.64003148
621.745523254
617.773446806
611.426439166
608.417558785
608.364572645
611.414154547
622.581099833
643.085250535
672.334248921
710.549390463
757.241508406
809.906547238
861.127513934
891.725055945
896.329305145
896.294258279
896.051178836
591.770915731
615.026417564
623.342347345
625.254891722
620.81236226
613.78996266
610.32999564
610.199369354
613.445107021
624.267815152
643.796103482
671.819475435
708.601006897
754.038557735
806.358036597
858.727994522
891.778620431
896.352900102
896.380993218
896.352920603
591.687748487
626.238465265
629.986628165
633.603775194
631.337887569
625.559551097
621.853078667
622.020191703
625.880821999
636.297376266
654.439259184
680.9160843
716.795871373
762.101105321
814.618359772
865.952619871
894.50419204
896.398568184
896.35290562
896.45677508
597.492371615
638.39832635
636.689773768
641.429992271
646.045566057
648.03320325
648.506637414
650.742594148
656.114404699
666.749205813
684.295624711
710.425863983
746.520666408
792.437291954
843.799417164
885.598148459
896.37715868
896.3528939
896.530440194
896.352902753
609.513950156
647.743738462
642.706545213
647.166497096
659.121279189
675.067721473
686.477002322
694.423629107
703.079851266
715.77788296
735.004914954
762.757870197
799.992421493
844.090849674
882.880122891
896.290286581
896.352882802
896.542821024
896.352897218
896.686304906
611.266468041
654.188484288
650.303480088
654.162796408
670.572627235
700.103336107
726.975937711
745.800209042
761.812340257
779.749260633
802.225052062
830.596703715
862.800597094
888.657559432
896.356435244
896.352870337
896.545700922
896.352891415
896.734792021
896.352888797
611.509591451
665.245697573
662.577205671
666.431506125
684.234160548
721.489080512
762.70534363
796.603029642
825.035672336
849.509265918
869.972383718
886.198761612
895.187576277
896.406319184
896.352856011
896.597277059
896.352883304
896.772335088
896.352886108
896.886609251
612.226393129
688.886770884
683.910122013
687.905512389
704.447173375
742.894273089
792.123750056
839.434044132
877.338608071
893.013787335
896.228337496
896.352795534
896.535351355
896.352840336
896.71585946
896.352872426
896.840107005
896.352881698
896.912537342
896.352870275
611.938697858
726.596300883
717.404631164
721.105260828
734.370152448
768.984446175
819.283632846
871.405595829
896.076881154
896.464748559
896.35277372
896.764397473
896.352823692
896.922535827
896.352859273
896.931240238
895.873085255
896.560170473
896.352866596
896.829717605
613.066301503
765.693723439
759.342634348
763.864759389
773.046472831
801.314704143
847.414078786
891.37561613
896.478406787
896.352749264
896.950133073
896.352804515
897.098698842
896.352842656
891.423248188
888.767189051
891.753179994
895.241327417
893.922661152
878.212573373
613.363682049
796.654862292
796.524133051
804.06413493
811.022751427
835.63269374
875.375390203
896.406349438
896.352718217
896.976457722
896.352780094
897.117099922
891.641492268
881.335412979
881.029194812
887.219371841
891.016461573
890.148584829
877.351619184
841.667869201
634.578540926
815.403810429
815.422287249
820.909270232
833.971867537
862.370545328
891.329377733
896.352677415
896.915728364
896.352746134
893.608390497
879.539216673
868.283401188
873.116216836
882.266695631
888.240061378
889.030225623
879.847078763
853.10108274
822.504041532
697.415066613
815.3901806
815.170582139
819.647771174
840.408080879
870.64264033
890.588475825
893.73062862
888.37128749
876.518698894
859.83691856
851.723917446
863.756423166
876.423885925
885.790866366
888.651322907
884.643349995
865.870153067
838.502707734
820.488700719
747.294243827
797.072391812
790.78010526
805.787279046
836.6591667
863.663765581
873.290244
864.463319113
846.133454986
831.365008733
832.503600043
849.9586975
868.055003654
881.97476651
888.232375961
889.161918149
881.175605164
859.966089395
837.486837848
822.38488722
724.940807102
713.842309489
729.061250232
756.221877391
795.586312767
819.692602925
824.687608664
816.399353059
806.973471199
808.328893107
827.115365237
851.59320146
872.504854235
885.380753125
890.166941621
890.532776963
881.324620243
860.693619474
839.925641102
827.59046963
646.856417259
629.359893849
652.421445161
669.823726845
693.601838107
719.552140536
749.653899141
774.123159524
789.670036461
803.951963113
824.334858621
850.473024835
873.367740418
887.489790243
892.385163704
892.760300506
884.101134421
864.925536222
845.135422057
834.31843944
585.238432549
599.015171606
610.015296029
613.948407227
618.748559509
630.613154779
665.225645345
721.504822295
769.881653251
798.891855627
821.201224099
847.620793195
873.883728744
889.91623641
894.806895004
894.900104716
889.156738167
873.161382548
851.987575854
840.439224884
581.095818464
594.417545358
598.025361442
598.185212523
598.348430646
601.078901767
617.045683588
666.718202623
738.347117755
789.456982422
819.940332706
848.215710798
877.017852935
893.997371421
897.312360472
896.400325425
893.079824247
882.834955755
861.372912334
846.369922696
579.218044098
593.554486666
595.151791842
595.121842023
594.976200261
595.539809026
602.901827669
633.77848224
705.194921337
776.339684396
820.536928125
854.556141547
885.929675325
898.037052754
898.349934664
897.696907295
895.345448488
889.636591023
872.889894226
854.220221723
580.897587909
593.532718208
594.49251713
594.575144615
594.637613175
594.691377067
600.066937689
623.762504731
682.295888678
760.502170845
818.450299933
863.013867863
895.642791382
898.408676491
898.423933902
898.356100572
897.124393885
893.180990862
883.030890117
865.455597187
579.088792677
593.738815884
594.859045064
594.956130319
594.687158607
594.744643777
600.079939822
623.255697854
674.733164951
747.642808475
813.837061488
867.049430077
898.187603009
898.456095175
898.459801806
898.490201855
898.244111771
895.595771408
889.407286112
877.693094119
580.896814552
593.341976165
596.61784884
597.269325942
596.033968891
596.211396643
602.732538519
626.416843765
676.012967051
745.162620711
812.145409175
869.647992016
898.309942568
898.459757268
898.567271822
898.531105997
898.479417367
897.586210132
892.811251032
886.802328391
579.253322208
592.121684354
599.692147379
602.189095228
601.129062027
602.285971445
611.852386946
638.532095793
686.674428068
750.758680148
816.737907704
875.482960704
898.423755854
898.555782769
898.531068218
898.654117191
898.531118863
898.300404302
895.090333175
892.197323129
581.051784743
591.682114292
603.353173477
608.694662005
609.914785773
614.165382551
629.48131989
662.684937009
712.040478973
771.293796422
834.28982183
887.320565924
898.521220388
898.531031351
898.709669185
898.531086952
898.6662606
898.45888146
897.126304739
895.499066998
579.329812948
593.601165683
607.450745679
615.380052487
620.182143152
630.102421354
654.875540225
697.116524781
749.473879869
807.122581291
865.434480353
897.630412604
898.530994106
898.721222482
898.531054759
898.813656639
898.531101066
898.614805083
898.229965191
897.594454631
581.090619658
598.251927457
612.03767478
621.500116597
629.874591051
647.614166342
684.740934195
736.816672011
793.975999153
852.437274562
893.902104912
898.530954946
898.753000089
898.531021213
898.903806962
898.53107266
898.838449646
898.524905496
898.515738872
898.157925652
580.031197466
604.085017404
616.69245926
626.849721268
638.339177723
664.848188365
714.892170061
776.636382313
840.232931538
890.160933082
898.530912009
898.798709986
898.53098532
899.015938697
898.531042823
899.004657345
898.53108491
898.800722904
898.531113442
896.796305074
581.314473836
609.118082339
621.306019851
631.82358165
646.154610443
680.910946093
741.104454994
811.938091727
877.565438199
898.530862883
898.772150194
898.530946169
899.124558448
898.531011218
899.183924997
898.553270098
899.049216388
898.531091767
898.852189729
889.094644765
580.827440447
613.924081823
626.408159064
637.264833652
654.501499037
695.285174841
761.899331529
838.513087879
893.956530431
898.699131779
898.53090186
899.180896215
898.530977096
899.368925832
898.553242218
899.322274505
898.553280065
899.082327039
898.531091995
868.056504967
581.440065634
620.313835045
633.142141175
644.558479964
664.939257191
709.719220988
779.077986838
856.003591662
897.677699435
898.530847023
899.108225688
898.53093898
899.476665466
898.553212449
899.538124629
898.553255208
899.372667156
898.553283965
899.205392368
826.50897982
895.76481227
884.358905559
851.879991995
818.48909519
815.466067492
828.657152997
853.770273688
856.810521819
806.763099777
706.069259845
691.118550119
689.887064603
690.799515629
689.814602351
690.324662211
822.917473104
992.122421994
999.899831907
999.887991845
999.92888456
894.610272065
886.425811241
862.833432039
843.169603579
847.473573612
865.180813425
879.690157443
867.342450647
792.782490303
701.803300941
691.142040638
691.118532508
690.460472087
690.799496835
689.816016423
895.994059
997.756274105
999.900041721
999.899630182
999.928488566
893.230041059
889.080005869
877.063999287
873.142088768
879.819754163
890.043588806
889.895644415
866.292729105
789.196906872
711.583007523
692.732000057
691.291564423
691.118514931
689.882572044
705.38247348
947.771694673
999.409791095
999.900251676
999.900462259
999.928092572
891.867160044
891.274772836
888.758812053
889.912848255
892.280658008
892.330069954
889.491708654
866.927524021
807.533301141
749.585313481
720.13578631
708.816165949
700.307286262
691.121122992
777.113570455
980.916933061
999.843179094
999.900041712
999.889802893
999.927690361
891.628617373
891.939758882
891.935630182
892.1194052
892.316826548
892.048618863
888.072082215
874.23149683
845.211734517
809.749024272
780.574560724
763.200554946
741.120244232
713.044634709
873.582091786
994.27007538
999.899621517
999.899832
999.832803935
999.92728856
891.711474163
892.143685514
892.223720864
892.024900553
891.631023246
890.705581992
888.054653467
882.255172252
873.02909917
858.891920421
842.254616313
826.671006261
797.862700587
782.215619717
931.303077192
997.614355639
999.899417488
999.89961839
999.630598987
999.926888513
892.366062664
892.699743832
892.72676325
892.364422244
891.850384537
891.029245236
889.346173476
887.370094457
884.675596725
880.354124284
874.439221458
866.919185425
845.837107899
835.725370828
944.632055882
997.503054438
999.842896755
999.809877986
999.078697592
999.898006567
893.996636071
894.104134109
894.111436207
893.88543227
893.501501467
892.99783664
892.296085023
891.510270409
890.302984008
888.58805548
887.058623669
886.115678119
878.309779444
862.95226496
931.427858451
994.086965587
999.238063229
998.088119196
996.380268837
999.768440766
895.737894622
895.76166315
895.815515362
895.809965062
895.721750773
895.535239832
895.219483923
894.77546534
894.293980978
894.256349796
895.050377295
895.273833186
893.778292099
869.140790196
865.752628049
953.542691568
987.683356275
970.011485807
987.77688257
999.514251801
896.367233789
896.352925694
896.363071081
896.352925797
896.368511094
896.352925043
896.355222252
896.349179446
896.377970491
896.352925079
896.508340812
896.103922256
866.124937769
796.697618571
722.515505181
759.323478142
826.368760282
846.215743889
973.893147672
999.317338848
896.352911074
896.455289596
896.352906226
896.476432572
896.352897533
896.494107028
896.352885682
896.66189494
896.352868134
896.7648778
853.432433747
732.530519122
652.549725065
616.406719632
597.118826618
599.382326611
613.552242774
742.980274259
957.520924147
999.263729598
896.590557425
896.352895994
896.643556098
896.352883538
896.708312638
896.352867741
897.082901281
896.352844977
868.516560947
722.822305897
616.060904089
585.387180732
580.871959405
581.812905426
580.166657072
581.812905621
581.575924552
768.808387863
937.97908874
999.044834738
896.352891254
896.786685513
896.352876752
896.913600095
896.352858474
897.082891144
896.35283091
798.652239367
632.275233581
583.992534961
581.812900284
580.774318084
581.812900509
580.151299409
581.812900532
580.680301238
590.152211789
775.24444663
927.396950183
998.97864334
896.856852292
896.352873895
897.045368785
896.352854522
897.219846428
892.632364528
745.123050984
599.581413115
581.330364775
581.812896265
581.108487093
581.812896217
580.664747761
581.812896195
580.286847701
581.812896217
636.223552385
774.672069358
922.383327823
998.962041441
896.352872275
897.085604457
896.352852078
897.219842876
871.809497245
747.034582345
608.753223185
581.392692361
581.81289245
581.416095054
581.812892254
581.337623776
581.812892065
580.933140153
581.81289186
581.555725926
705.497275182
789.420983498
919.053379136
998.947828049
897.050137912
896.35284897
872.486627189
833.754927837
781.732649403
679.722789356
594.783799605
581.812889027
581.643750933
581.812888698
581.651702249
581.812888427
581.419720189
581.812888217
581.268241252
583.929627421
744.288384916
805.490267477
920.791814799
998.96901864
885.780572113
843.52215132
816.378010186
806.074830912
766.111724621
660.071966057
596.719770766
585.103559578
584.632714272
584.887614085
584.436069213
582.639042201
581.81288481
581.650917413
581.812884625
605.463798624
751.341088836
824.618595559
931.064672897
999.16522563
835.23929991
818.174689177
817.32637235
815.691053011
758.019689613
652.905183999
604.485649784
595.537574183
595.009671335
596.110160341
595.807231622
592.320886926
587.663986715
584.540092055
581.840024426
641.053773555
764.356355151
849.060755173
946.998833133
999.441564479
816.885772096
819.809756233
833.066164891
831.854334961
756.150168984
660.857231211
619.73106263
610.13677336
609.712220542
611.788680103
612.331672637
609.046436332
602.304723256
595.712328364
588.306660457
673.456654277
787.263019044
878.15683065
964.911967725
999.681992074
816.930191561
827.211451425
849.437248798
846.31319333
774.170081617
689.671054719
645.001715857
629.85945918
628.010285527
629.955882833
630.839236993
628.436843375
620.787012749
612.189114423
604.346341571
695.85447054
811.820308937
907.163300645
980.40036219
999.806288483
816.910687327
834.082981153
858.93137258
861.254425868
815.484887099
738.835711798
684.630316223
659.850428561
653.627357881
653.633849582
654.005546964
651.675495413
643.059902425
633.038833331
627.855495876
716.926168046
837.994824665
933.245976257
990.845558665
999.847660552
819.106011846
833.930081114
860.895565718
869.691512402
857.567279362
800.245379622
739.850034003
703.385433134
689.490709449
686.363421057
685.442937924
682.811300394
673.390957708
661.14518657
658.356067899
745.230586615
868.031721098
955.48514743
996.298478565
999.855597235
824.312539768
831.910732976
857.176133682
871.716160415
872.464282687
853.963396879
805.070040195
760.202239777
736.933817866
729.382033016
726.839268146
723.287608415
712.129650673
695.814147195
694.701842338
782.812423487
901.188491637
972.150336514
998.44468512
999.85670758
831.354717074
832.924944429
848.436209668
869.267354694
872.790644346
872.300942503
857.660153275
821.984868526
792.576005321
779.846292591
775.330686738
770.65783624
756.419852139
733.362714672
734.562385938
829.294498424
931.701809885
981.925937959
998.927801971
999.857750527
838.659607671
839.536719748
841.762146897
859.418898065
872.758313381
872.787695372
872.489376714
863.731036746
843.12458613
828.446547418
822.744569838
819.207017298
804.347208848
770.818473134
770.692220319
866.775423608
949.021928153
984.849417273
998.760010238
999.858794266
845.125650128
848.536542314
840.113480205
841.695591601
868.017687169
872.758280992
872.778415994
872.57301232
867.788162964
860.10208026
857.13948426
859.259251951
851.713761406
808.917184643
797.197615897
877.940125338
949.83486165
982.418359607
997.796761181
999.859836879
851.532416209
858.025107874
839.849005459
824.674778237
850.448489817
872.440386576
872.758249293
872.675646014
868.336603616
866.81329449
875.997074271
888.84957785
891.44732225
850.116433464
820.57486586
877.222640392
938.768040213
967.286271799
993.943925264
999.860867526
860.290312362
865.484650049
840.244459274
810.127985806
826.621101031
858.690676737
869.391163135
865.483992398
860.466193411
867.754017735
888.252901609
910.576798739
922.891169242
891.11110264
844.318452643
881.90272116
920.046516585
921.172057568
980.201281797
999.861889883
872.459571083
869.749576251
836.967485276
798.059787037
809.766850621
835.26900981
848.769728321
845.797242503
851.149934115
871.925476088
901.22468487
927.993451343
948.110258538
922.88434544
858.151088425
887.026505465
908.277686783
850.290800365
957.036528453
999.862908182
884.092872473
869.98443554
824.194232958
789.943358569
802.024686014
818.286845626
825.955055083
833.11627314
852.82061472
883.892835369
917.394720371
943.958969107
966.693019301
944.430546536
858.105854812
882.454552568
890.287491867
839.463713222
949.447161107
999.863926952
889.300416489
864.229322945
803.431799872
785.813781926
799.139946597
811.964665345
819.550457007
834.362616814
863.447994622
901.618803114
934.494613352
958.420120661
978.509692979
960.723666531
858.147461519
861.261152343
868.261355842
838.733592633
958.648811804
999.864947112
889.333265918
847.528673233
783.54466418
783.575991055
798.683954299
810.320174965
820.469226877
843.218218637
881.104455488
919.560474348
948.37504092
969.312876932
984.520588896
974.244187616
858.278694221
826.866422511
837.442682833
838.143574448
980.273361705
999.865965015
885.020539451
821.794408322
772.497403062
782.277219287
798.611467916
810.145943062
825.339329551
857.622843296
898.55416295
933.585497397
958.063786987
975.816469687
986.056692589
979.132990193
860.544797249
789.99138834
802.453892282
853.012603072
998.044973048
999.866985928
870.971358595
792.669398188
769.224983705
782.07575696
798.104381168
810.687090832
833.454108881
872.261724192
912.795463369
944.250753063
965.285573289
979.096294502
986.140926323
977.982794808
831.519770553
766.093090814
789.830116606
888.38204131
999.684433498
999.868010348
844.531924201
770.047773099
768.200593924
781.986278118
796.8584185
812.388729811
843.292343498
886.293316495
925.487888994
953.660446403
971.216177991
980.891370747
985.876132744
966.36720123
766.866982046
757.064704856
801.46506908
928.567891263
999.726087597
999.869032115
808.372248355
759.409684996
767.1949064
781.422623265
795.52310474
816.497120365
855.813624035
901.262341187
938.133626097
962.512719335
975.602489516
982.401301869
985.308544533
932.226487675
754.036607197
754.654169435
829.677607703
960.298129391
999.797875763
999.87005619
772.697010401
756.121698774
766.370255883
779.813148131
795.870481676
825.670169517
872.421286009
917.5562648
950.325968466
969.866691856
978.47285375
984.516110043
984.237482402
865.621769659
753.037882033
754.062558011
855.387869171
978.17341824
999.828232926
999.871079976
750.392884823
754.323355217
765.74622083
779.466004871
)
;

boundaryField
{
    emptyPatch
    {
        type            empty;
    }
    minY
    {
        type            calculated;
        value           nonuniform List<scalar> 0();
    }
    maxY
    {
        type            calculated;
        value           nonuniform List<scalar> 0();
    }
    water_to_cooler
    {
        type            calculated;
        value           nonuniform List<scalar> 
37
(
999.92888456
999.928488566
999.928092572
999.927690361
999.92728856
999.926888513
999.898006567
999.768440766
999.514251802
999.317338849
999.263729599
999.044834739
998.978643342
998.962041443
998.947828051
998.969018642
999.165225633
999.441564481
999.681992075
999.806288484
999.847660552
999.855597236
999.856707581
999.857750528
999.858794267
999.859836881
999.860867527
999.861889885
999.862908184
999.863926954
999.864947114
999.865965017
999.86698593
999.868010351
999.869032117
999.870056193
999.871079978
)
;
    }
    water_to_heater
    {
        type            calculated;
        value           nonuniform List<scalar> 
60
(
638.6197176
638.619691121
652.930765942
652.930744263
683.818040645
683.818025381
710.268083922
700.313890167
657.4364254
657.436421265
609.662697385
609.662698748
591.763882472
591.763887907
591.666285552
591.580389064
597.371196089
597.371198609
609.372764575
609.372757591
611.115115092
611.115099691
611.353799555
612.068619138
611.779735083
611.7797113
612.90697893
612.906955872
613.201895132
613.201873947
634.407497295
697.252384423
747.146348809
747.146335013
724.781447626
724.78143375
646.686703166
646.686689491
585.101521368
580.982350673
579.113340809
579.113336757
580.796557639
580.796557586
578.988602468
578.988605488
580.796558427
579.151064171
580.946117464
580.946124152
579.221419123
579.221430048
580.982357397
580.982374453
579.922395524
581.20572759
580.718547756
580.718572643
581.329819579
581.329841848
)
;
    }
    procBoundary1to0
    {
        type            processor;
        value           nonuniform List<scalar> 
41
(
588.463727919
630.748154467
643.27754001
655.850530079
679.976082791
727.616532532
796.558666525
869.029559798
898.53076543
898.832713661
898.53089429
899.439599937
898.553179671
899.658495745
898.553228414
899.608053122
898.553261807
899.581621035
885.135529518
776.058428071
800.565851606
842.05005335
892.347851822
933.592144467
960.583355832
974.775321149
981.218786666
986.377871232
974.447043798
762.965131668
754.036531415
760.005259136
875.820872788
987.302158453
999.835808792
999.872095793
743.313984267
753.732246839
766.017601882
800.565851606
782.590798752
)
;
    }
    procBoundary1to3
    {
        type            processor;
        value           nonuniform List<scalar> 
41
(
799.354346638
855.61181668
893.435217124
896.54145513
896.785609505
896.541514306
896.913754428
896.541550973
896.84841134
896.541564675
896.715925676
896.541564533
896.677451836
634.451352849
750.906858513
736.666659792
734.999011288
739.610170924
757.833577644
792.879094575
792.879094575
896.431655518
881.701734562
842.951525684
805.371062793
799.138297623
804.466274315
825.374421457
844.904042196
817.287671989
718.748719551
689.639367414
690.86561697
689.060260974
690.324678014
689.765672492
771.014342705
983.624479938
999.819546055
999.826817879
999.929280553
)
;
    }
}


// ************************************************************************* //
