/*--------------------------------*- C++ -*----------------------------------*\
| =========                 |                                                 |
| \\      /  F ield         | OpenFOAM: The Open Source CFD Toolbox           |
|  \\    /   O peration     | Version:  2312                                  |
|   \\  /    A nd           | Website:  www.openfoam.com                      |
|    \\/     M anipulation  |                                                 |
\*---------------------------------------------------------------------------*/
FoamFile
{
    version     2.0;
    format      ascii;
    arch        "LSB;label=32;scalar=64";
    class       volScalarField;
    location    "0.18/water";
    object      km;
}
// * * * * * * * * * * * * * * * * * * * * * * * * * * * * * * * * * * * * * //

dimensions      [0 2 -2 0 0 0 0];

internalField   nonuniform List<scalar> 
1504
(
1.47932703825
0.744406733342
0.373060949157
0.186895822501
0.0966140453101
0.0516859065641
0.0293956816294
0.018255307006
0.0123410235221
0.00884777447765
0.00642428244533
0.00421852006466
0.00216897195182
0.000961997574274
0.000560068361369
0.000406862134388
0.000328958708822
0.000281443163976
0.000229949319094
0.000154307197406
1.74724532894
0.860032347288
0.397428064127
0.19557793518
0.101912928168
0.0544810033458
0.0306014132532
0.0186841422235
0.0124724319569
0.00893335081972
0.0065566224679
0.00439442179319
0.00227817413016
0.000919993942323
0.000452614223336
0.000294162303827
0.000230376850162
0.000198506673589
0.000171081557726
0.000133906091538
2.28638500078
0.99550780734
0.423601749007
0.209951247701
0.111162016044
0.0590746526781
0.0325893744825
0.0194888273849
0.0128198463969
0.00915864589523
0.00678146738816
0.00463263867734
0.00241955863717
0.000896537232944
0.000368018829283
0.000207608597828
0.000152413160492
0.000129749590606
0.000115104079871
0.000103241640108
2.86741226573
1.12669192263
0.469062743381
0.236471382024
0.12638516448
0.0659537417617
0.0354100306572
0.0206944290776
0.0134189208688
0.00955916973459
0.00713400396191
0.00496562338179
0.00262550913254
0.000908222697585
0.000310385419289
0.000149148886761
0.000101653688882
8.53547692112e-05
7.66037885822e-05
7.30997612069e-05
3.03143900348
1.26953053172
0.570674059074
0.29076513772
0.154392707252
0.0770549174088
0.0393139023747
0.0222988960486
0.0142631699202
0.0101350681718
0.00761256998096
0.00539428797036
0.00291015537552
0.000970637884943
0.000280909208264
0.000114239263281
7.49199699368e-05
6.36972501708e-05
5.61938487027e-05
5.24568872179e-05
2.88329968958
1.27826588738
0.621080019515
0.341714993585
0.195652224845
0.0945099210006
0.0449098573614
0.0244021657802
0.0153521742722
0.0108645839524
0.00818511419586
0.00588411306188
0.0032628082518
0.00109503776273
0.000280353812746
9.66211923168e-05
6.40770518742e-05
5.59707607535e-05
4.86734020266e-05
4.20018658744e-05
2.73439080599
1.25012276359
0.634394211429
0.364993852094
0.222027245305
0.111217317908
0.0519448384802
0.0271656107449
0.0167256533781
0.01173560526
0.00881830188912
0.00639064509585
0.00366243655004
0.00129301132025
0.000314477286602
9.35160337719e-05
6.22811569432e-05
5.51774204898e-05
4.78306809899e-05
3.91119897095e-05
2.63737779814
1.22950229406
0.64176816153
0.37988959795
0.238830524088
0.123732335475
0.058240227219
0.0299721704199
0.0181695474256
0.0126504240966
0.0094602073022
0.00686765152228
0.00405878511111
0.00155272695102
0.000393157987471
0.000105017276135
6.58863314671e-05
5.77045939825e-05
5.00557287434e-05
4.0538448957e-05
2.5706205014
1.22035875843
0.649598923591
0.390385850281
0.248486466711
0.132002579595
0.0633160636086
0.0326162071836
0.0196123431927
0.0135734304324
0.0101015859671
0.00733231142801
0.00443844335794
0.00182724364061
0.000502816244611
0.000131807941839
7.37778220161e-05
6.21981392017e-05
5.37092544747e-05
4.41042709438e-05
2.52300259277
1.21813826163
0.658792291041
0.39832477387
0.252895900265
0.136287360323
0.067055464796
0.0350303477978
0.0210479190017
0.0145030571223
0.0107423000699
0.00779201737681
0.00481170335444
0.00211420348209
0.000639611989203
0.000172819943836
8.57556830491e-05
6.84336515254e-05
5.83959257057e-05
4.89286400743e-05
2.48331750866
1.2222425702
0.669610955703
0.4044982617
0.253255422036
0.137260412041
0.0695652279366
0.0371796539012
0.022467066284
0.0154423839309
0.0113839551724
0.00824769652048
0.00518224463813
0.00241505921288
0.000805440548903
0.000232209080401
0.000102136777131
7.66475759217e-05
6.43885167173e-05
5.41231152255e-05
2.4586067053
1.23241034543
0.682295607306
0.409388309143
0.25022389117
0.136021028456
0.0711304068548
0.0390482972026
0.0238509645255
0.016390910625
0.0120221714983
0.00869219585835
0.00554495941481
0.00272600411815
0.00099967337903
0.000310932068124
0.000125368965093
8.70903747034e-05
7.16401694166e-05
5.99482210051e-05
2.44659746594
1.249265801
0.696364820237
0.412746844112
0.24418564696
0.133678219004
0.0720426420815
0.0406069800644
0.0251676521989
0.017330274161
0.0126328547759
0.00910465375038
0.005882747679
0.00303218029336
0.00121243503555
0.000404404899631
0.000157210395278
0.000100614316078
8.02924162636e-05
6.66731306856e-05
2.45758514185
1.27221217193
0.710571938813
0.413509665858
0.236460637041
0.130991737449
0.0723133729844
0.0417530107852
0.0263440810766
0.0181908900179
0.0131610896357
0.00944890738312
0.00616850720083
0.00330937199065
0.00142391993838
0.000506110896473
0.000197237399316
0.000117473822241
9.05111546103e-05
7.42256349805e-05
2.48968602754
1.29994917041
0.721731473607
0.410749375751
0.230912513477
0.127917127568
0.0716714182471
0.042343747669
0.0272406351367
0.0188366067634
0.0135273202091
0.00968015880547
0.00637435260594
0.00353425040206
0.00161307322387
0.000609426474126
0.000242137194988
0.000137083143358
0.0001021758665
8.29634833804e-05
2.54432621265
1.31905275427
0.722247328449
0.403788409058
0.22427079833
0.123695320215
0.0700849273812
0.0423974554625
0.0277149818691
0.0191360974156
0.0136720381673
0.00976957555787
0.00648749752055
0.00369936580234
0.0017692760495
0.000703775126324
0.000286631662605
0.000157817143143
0.000115072286897
9.29285875617e-05
2.57834252183
1.31700476461
0.715523663919
0.393939909184
0.214627341812
0.117858961885
0.0677003547456
0.041881871826
0.0276105146577
0.0190194457658
0.0135703077815
0.00971031933135
0.00651086346283
0.00380749010708
0.00188526434376
0.00077803692446
0.000325272505765
0.000178094972699
0.000128793513516
0.000104234320848
2.51848137314
1.27032751586
0.682065464352
0.369346867457
0.199329627084
0.110012708513
0.0645022159825
0.0405623543795
0.026809114387
0.0184859927192
0.0132285868244
0.00951425111206
0.00645753977752
0.00386673481539
0.00195665055442
0.000827485708276
0.000354348457158
0.000196364707863
0.000143322742701
0.000116782465483
2.39487220304
1.17279931776
0.61883777314
0.331477712461
0.179259782021
0.100823846252
0.0604474339608
0.0383395188977
0.0254085641541
0.01761165135
0.0126955068841
0.00921572184733
0.00635015725152
0.00389065028559
0.00199404810266
0.000852925427905
0.000371995230371
0.000212365254434
0.000158687542394
0.000130632835375
2.30149940093
1.06679670675
0.54816159996
0.291424449095
0.159958281129
0.0921297386097
0.055916933277
0.0355907419645
0.0237032188229
0.0165588456699
0.0120671674064
0.00886683328261
0.00621145518161
0.00389028819813
0.0020158951563
0.000861929663732
0.000381354351904
0.000227045382073
0.000175536200675
0.000145646277244
2.19437361343
0.964651119791
0.487863534071
0.262511731076
0.147063888327
0.0854311204384
0.0518452679114
0.033054740612
0.0220974168433
0.0155650498927
0.011467159768
0.00851776169642
0.00605644263006
0.00387100998141
0.00204204207676
0.000877026071217
0.00039176888478
0.00024205743868
0.000193907540604
0.000161754696296
1.91969181067
0.874983293123
0.458901196971
0.252861691077
0.141604151733
0.0814426809218
0.0492472633769
0.031424400748
0.0210409380339
0.0148651934318
0.0109876283141
0.00820050626616
0.00589649758196
0.00384151633406
0.00207855326883
0.000899993341228
0.000399353342005
0.000253839776978
0.000212810610864
0.000177957756312
1.64264422001
0.854007309234
0.474555385984
0.261087423469
0.143670712261
0.0823191763191
0.0498110996574
0.0314455339389
0.0207066678588
0.0144329864876
0.0105807390886
0.00788199049508
0.00570992200418
0.00378284048031
0.00210196007574
0.000918559262974
0.000399505868179
0.000259209493421
0.000230326417296
0.00019356664031
1.68657745221
0.9601644978
0.534968275
0.288746151185
0.157265885255
0.0907736285814
0.0547631853182
0.0335891464537
0.0212409270298
0.0143107841581
0.01026378929
0.0075780192415
0.00551316336646
0.00370724884647
0.00211053150554
0.000936368509087
0.000395269716929
0.000258495714697
0.000244197795874
0.000207417465617
2.10598499261
1.17027598218
0.61489886631
0.323302610069
0.181291583588
0.109599217941
0.0671297744131
0.0397636608612
0.0234981298652
0.0148707440428
0.0102194419801
0.00740577775235
0.00537990781388
0.00364953179487
0.00210304294777
0.00094334388505
0.000381865238764
0.00025247667805
0.000251481113585
0.000218821640981
2.72302152841
1.36540129896
0.671509157302
0.356964866452
0.21178621773
0.136839377824
0.0876744215801
0.0516069588958
0.0283588682064
0.0165356609645
0.0106801021356
0.00749661490628
0.00540116665003
0.00366796896711
0.00209908065492
0.000927373335676
0.000367236605442
0.000242638407295
0.000250306014336
0.000227510969323
3.07060514355
1.42353991269
0.70771735378
0.391244755479
0.246215914536
0.169741552271
0.115992654406
0.0698409283343
0.0356740014806
0.0192293026253
0.0116623937562
0.00792106399511
0.00566261955976
0.00384472490894
0.002160502444
0.000911871277661
0.000353080351873
0.000230416054438
0.000242820844197
0.000235131249356
3.12664105711
1.40996115579
0.699041038224
0.395445922914
0.261861445689
0.194603439191
0.14626707261
0.0950800868484
0.0457200442541
0.0227361262921
0.0130503479968
0.00865735302663
0.00618889020897
0.00422773524661
0.00235165996587
0.00094591490522
0.000351460639213
0.00022331655463
0.000236451929944
0.00024457300967
3.10709475771
1.39229243564
0.688200682287
0.393402020935
0.268861045978
0.209171501409
0.167396806492
0.121627682414
0.0628143696369
0.0276129260826
0.0148736386978
0.00964680995395
0.0069171458775
0.00478218987158
0.00268882339745
0.0010704270397
0.000383709977169
0.00023367468756
0.000238756133156
0.00025937446037
3.05841654928
1.37167544244
0.677125839643
0.387846725062
0.268867786939
0.214393129824
0.177598876625
0.135981968774
0.0769536966271
0.0340455267367
0.0173362828336
0.0108928983016
0.00777255876353
0.00543574435435
0.00315122433721
0.00131097936147
0.000472896931958
0.000266505786134
0.00025018435961
0.00028186888166
2.99744056781
1.34724258217
0.664957919362
0.380275679594
0.264795302137
0.213687412399
0.180283678071
0.141771685905
0.0845880852265
0.0393149495316
0.0199758041919
0.0123097421237
0.00868315129367
0.00611757833672
0.00369888486058
0.00168077217153
0.000645747686953
0.000334120026432
0.000283650402308
0.000314950919438
2.93779844376
1.32294123485
0.653419977633
0.372748771395
0.259264456429
0.209922191991
0.178319622272
0.141572465225
0.0860878096506
0.042148254904
0.0220211515317
0.0135969371797
0.00954532951242
0.00677146778767
0.00425886044062
0.00212745243768
0.000906432253678
0.000453287458573
0.000342241561305
0.000360708010235
2.88965206652
1.30146722436
0.642628346578
0.365336970027
0.253038021422
0.204392929759
0.173238565867
0.13681772102
0.0824372590751
0.0425356837077
0.0231840864495
0.014597829249
0.0103097167024
0.00738828930781
0.00481511684904
0.0026116980712
0.001233038997
0.000630152834429
0.000436717159434
0.000423679727611
2.87654587072
1.2872284445
0.632350077757
0.357497812195
0.246252004883
0.19772903909
0.165815556071
0.128292297676
0.0760078099837
0.0410946306017
0.023518870897
0.0152808573641
0.0109516338559
0.00795564711935
0.00535931270953
0.00312231512224
0.00162163625433
0.00087323392259
0.000580566449183
0.000516190425578
2.98669721227
1.28752639912
0.62134062157
0.348189860757
0.238702889
0.190197956702
0.156496906538
0.116520365546
0.0686623639646
0.0387552218854
0.0233406224393
0.0157258352264
0.0114828373267
0.00847192876122
0.00588954257834
0.00365702817933
0.00207316378781
0.00119233000118
0.000788874435829
0.000651494599384
3.34394440983
1.32070946213
0.618543985265
0.341198490665
0.231925746747
0.182808632269
0.146810684683
0.104163094223
0.0621457896534
0.0365834066493
0.0230828880797
0.0160797048362
0.0119463043428
0.00895149237076
0.00641323836959
0.00421911438779
0.00259011269335
0.00159603775245
0.00107653216821
0.000854447132081
3.62546913733
1.40767978284
0.644169829806
0.345354483755
0.229010105815
0.176843073866
0.138475935275
0.095196990912
0.0580973158473
0.0353801492253
0.0231087530471
0.0164780141474
0.0123916234654
0.00942031200741
0.0069457504039
0.00481505484884
0.0031733144158
0.00208836732714
0.00145449344812
0.00113572340861
3.70382236408
1.4883112244
0.685249811818
0.359308409107
0.229837429943
0.17202622846
0.131439318728
4.24884024153e-05
4.24944390426e-05
4.23842550364e-05
4.21578430024e-05
4.20310570218e-05
4.31850096044e-05
5.14249236526e-05
9.22363421217e-05
0.000236106636629
0.000521115462423
0.000846148649409
0.0011513413711
0.00143641964547
0.00173063770558
0.00210953179219
0.00274998593818
0.00405330634361
6.81458123217e-05
3.36340914155e-05
3.33716505788e-05
3.36025192014e-05
3.37917421206e-05
3.38821317431e-05
3.3862141962e-05
3.39230021732e-05
3.52301707209e-05
4.37952227311e-05
8.64925004173e-05
0.000236432929611
0.000526297771664
0.000849193421748
0.00114940239484
0.00142786285865
0.0017136399439
0.00208109514046
0.00270172170374
0.00394380808823
7.12563822409e-05
2.70770058637e-05
2.55907862875e-05
2.59247435433e-05
2.62483848789e-05
2.6494340413e-05
2.66462703271e-05
2.68801934708e-05
2.83658382724e-05
3.73714161838e-05
8.22479816115e-05
0.00023839785994
0.000532346304103
0.000852661820551
0.00114780956488
0.00141963171385
0.00169678944554
0.00205230661818
0.00265289727118
0.00383587793524
6.80839955922e-05
2.54091184324e-05
1.91988439085e-05
1.95643868015e-05
1.99697903849e-05
2.03211712073e-05
2.06037067554e-05
2.09899199601e-05
2.26814240471e-05
3.2269916597e-05
7.96561495431e-05
0.000242036794511
0.000539165579763
0.00085650615847
0.00114657088055
0.00141183454577
0.00168033846163
0.00202352473801
0.00260377965027
0.00373075847206
5.92458949365e-05
2.98289838462e-05
1.41734169249e-05
1.44856051445e-05
1.49288603275e-05
1.53413653488e-05
1.57160537512e-05
1.62355083559e-05
1.81655163633e-05
2.84945508884e-05
7.87055830624e-05
0.000247154866867
0.000546494460263
0.000860561432897
0.0011456171545
0.00140454138172
0.00166454771423
0.00199516339777
0.00255466896022
0.00362927484195
4.67274177771e-05
3.13381853624e-05
1.05714190105e-05
1.056426839e-05
1.10129437969e-05
1.14514205909e-05
1.18860564546e-05
1.25239995459e-05
1.47285723407e-05
2.59508326991e-05
7.92209991512e-05
0.000253339576961
0.000553931886318
0.000864557231085
0.0011448000618
0.00139776978997
0.00164965852016
0.00196768262827
0.00250592590296
0.00353182617227
3.57846758785e-05
2.80168563697e-05
8.89135012786e-06
7.63573923819e-06
8.06717910432e-06
8.50486279437e-06
8.97312248013e-06
9.71771712685e-06
1.22297816334e-05
2.44657985198e-05
8.08762353706e-05
0.000259990692405
0.000560958419293
0.000868120065337
0.0011438790526
0.00139145321957
0.00163585311832
0.00194154380312
0.00245796783326
0.00343835937974
3.00731206346e-05
2.27019773191e-05
9.98678125445e-06
5.5255688021e-06
5.92080124017e-06
6.33861663057e-06
6.81919618281e-06
7.65845308958e-06
1.04963813871e-05
2.37960175518e-05
8.31888806534e-05
0.000266328337162
0.000566929822496
0.000870758650308
0.00114249732929
0.00138540597872
0.00162319735443
0.00191714686013
0.00241125743353
0.00334842573526
2.97065081981e-05
1.83684783575e-05
1.24673904767e-05
4.08714571491e-06
4.40621292599e-06
4.7916977663e-06
5.26688910465e-06
6.183926277e-06
9.33461404827e-06
2.36263693534e-05
8.55126923221e-05
0.000271409024217
0.000571088694375
0.000871877802481
0.00114018983768
0.00137931099809
0.00161160545118
0.00189476267551
0.00236627580786
0.00326134301396
3.31202634446e-05
1.74549995951e-05
1.17410618056e-05
3.2284605424e-06
3.37225856489e-06
3.71803162766e-06
4.17167244932e-06
5.13891731959e-06
8.5390539204e-06
2.35810386427e-05
8.70764096515e-05
0.000274204551902
0.000572640166024
0.000870851542253
0.00113644097656
0.00137275046641
0.00160082513946
0.00187447473706
0.00232347692841
0.00317642464833
3.90270962925e-05
2.09356971794e-05
1.03388205527e-05
2.9926109155e-06
2.69228738635e-06
2.99289420211e-06
3.40859371753e-06
4.38300844979e-06
7.9056094931e-06
2.32583920814e-05
8.7079495768e-05
0.000273738921504
0.000570879855304
0.000867135973753
0.00113077229724
0.00136525156929
0.00159043216627
0.00185610230935
0.00228317398213
0.00309319842679
4.65733753225e-05
2.86430544762e-05
1.12898134911e-05
3.77095563793e-06
2.22211343891e-06
2.51503617671e-06
2.87631389603e-06
3.79905314658e-06
7.25563388111e-06
2.230193351e-05
8.48521696887e-05
0.000269287010586
0.000565369471362
0.000860414659006
0.00112285878338
0.0013563752021
0.00157988813069
0.00183922867705
0.00224553239181
0.00301172451417
5.33096143231e-05
4.02612877129e-05
1.7274678502e-05
5.62075041886e-06
1.7967540268e-06
2.1932873708e-06
2.50034572986e-06
3.30606807516e-06
6.47785401412e-06
2.05194124599e-05
8.01006519723e-05
0.000260669302342
0.000556169650777
0.000850791401829
0.00111271527409
0.00134591400892
0.00156875198132
0.00182340357048
0.00221070696179
0.00293291099904
5.93096009661e-05
5.47604483433e-05
3.06269654211e-05
1.02459037405e-05
1.62948714815e-06
1.90738126806e-06
2.22993567456e-06
2.86928135727e-06
5.56607028806e-06
1.7990864433e-05
7.31343103806e-05
0.000248566517146
0.000544119025999
0.000839059454703
0.0011009751143
0.00133418445666
0.00155695737273
0.00180836588414
0.0021789239627
0.00285848587914
6.53004593036e-05
6.57943102787e-05
5.15383960263e-05
2.3594086952e-05
2.98400731306e-06
1.541251742e-06
2.01893854545e-06
2.49476925074e-06
4.61656598399e-06
1.50750574518e-05
6.49141300185e-05
0.000234681649483
0.000531025937
0.000826894343772
0.0010890687758
0.00132219578156
0.00154496184277
0.00179414602735
0.00215044703421
0.00279053887157
7.19457423479e-05
7.20306032061e-05
7.32457437611e-05
4.9189805358e-05
7.49616981341e-06
1.20689313791e-06
1.80433222142e-06
2.20302332996e-06
3.76867237765e-06
1.22728478337e-05
5.68400789254e-05
0.000221597429633
0.000519577265641
0.000816748686346
0.00107909324598
0.00131153330933
0.00153367285477
0.00178101239183
0.00212543625332
0.00273073349422
7.9517060509e-05
7.89253648931e-05
8.38866768717e-05
8.04919662882e-05
1.85416049555e-05
1.92417021361e-06
1.53711846707e-06
2.00183348023e-06
3.13448827729e-06
1.00555129105e-05
5.04549438342e-05
0.000212385926884
0.000512867071085
0.000811330539756
0.00107329276866
0.00130392090859
0.001524150021
0.00176929472256
0.00210378688717
0.00267939192299
8.84309909987e-05
8.58078101145e-05
9.27074357884e-05
0.000102185717617
3.51214782298e-05
4.3679446409e-06
1.26173682531e-06
1.8788643582e-06
2.76093183784e-06
8.74500227e-06
4.7127446859e-05
0.00020984958214
0.000513455643071
0.000812695937261
0.00107327037171
0.00130059961142
0.00151719382687
0.00175918141139
0.00208493608749
0.00263502329347
9.8665963019e-05
9.31607904723e-05
0.000101029872844
0.000112821470111
5.37898859596e-05
9.04171960543e-06
1.14956905226e-06
1.81526555587e-06
2.63244953053e-06
8.45609734517e-06
4.76642231491e-05
0.000215503376188
0.00052243855357
0.000821567642856
0.00107953117636
0.00130202711649
0.0015131635002
0.00175054900417
0.00206794921292
0.00259475786801
0.00010995679069
0.000100857542809
0.000107635745456
0.00012048703122
7.17151122678e-05
1.55799172642e-05
1.46428811114e-06
1.80986322986e-06
2.73277520496e-06
9.24556662228e-06
5.24218156924e-05
0.000229462889622
0.000539521843658
0.000837563912845
0.00109179109335
0.0013081764937
0.00151220956974
0.00174335035346
0.00205191976928
0.00255503809476
0.000122132549997
0.000108534077568
0.000111853788047
0.000123871335491
8.56153735517e-05
2.23382447398e-05
2.35283610532e-06
1.88679699467e-06
3.10604336149e-06
1.13168550518e-05
6.17000891097e-05
0.00025099503205
0.000563567510157
0.000859682979234
0.00110939805504
0.00131887403745
0.00151460974797
0.00173780614951
0.00203612876748
0.00251231747414
0.000134702600198
0.000115872096495
0.000113558980836
0.000122079294096
9.37995262228e-05
2.81150555442e-05
3.8520870567e-06
2.08408239869e-06
3.8702422186e-06
1.50117439198e-05
7.56023215359e-05
0.000278568054257
0.000592727712716
0.000886453624049
0.00113148219646
0.00133392074728
0.00152074716004
0.00173442214517
0.002020232627
0.00246352362003
0.000147099060674
0.000122278526994
0.000112869787851
0.000115108718327
9.57982638199e-05
3.3331981914e-05
6.04186707344e-06
2.44647076413e-06
5.22266737923e-06
2.07283013984e-05
9.38143239603e-05
0.000309925791685
0.00062458035555
0.000916044245115
0.00115701915881
0.00135312239704
0.00153117459837
0.00173404321392
0.00200425844159
0.00240649407339
0.000158600650782
0.000127714224311
0.000110488576248
0.000103720402709
8.96237676548e-05
3.95700022595e-05
8.53176361859e-06
3.03990178562e-06
7.3871072772e-06
2.86419280413e-05
0.000115218114129
0.000342379088928
0.000656842734847
0.000947029698568
0.00118543967471
0.0013766364619
0.00154670106663
0.00173783640483
0.001988662363
0.0023401172321
0.000168945860563
0.000132339545442
0.000107655305778
9.07309722069e-05
7.69428173072e-05
4.25025414804e-05
9.85765187593e-06
3.92027258879e-06
1.04240974193e-05
3.82517008512e-05
0.000137512928933
0.000372785803771
0.000687350805726
0.000978366706401
0.00121670320342
0.00140519730594
0.00156865663115
0.00174744477161
0.00197436541182
0.00226441395316
0.00017782242497
0.000136668577517
0.000105450161177
7.91418406486e-05
6.15418258419e-05
3.73361244224e-05
9.89155872903e-06
5.07148861099e-06
1.40264248862e-05
4.81445046821e-05
0.000157324763787
0.000397440059488
0.000713425235823
0.00100850912785
0.00125025172476
0.0014390139335
0.0015979243393
0.00176433360291
0.00196244760528
0.0021807606132
0.000185727331061
0.000141122791242
0.000104468559051
7.08963913352e-05
4.83311588048e-05
2.84010631122e-05
9.97159309781e-06
6.30846688238e-06
1.74223780942e-05
5.61399094609e-05
0.000170737506868
0.000412138327665
0.000731289198819
0.00103423444168
0.00128328624264
0.0014756526414
0.00163262941878
0.00178755135775
0.00195231115612
0.00209210707949
0.000193979588326
0.000146718987358
0.000104989678534
6.61310665436e-05
4.16721140806e-05
2.20676469602e-05
1.02706072126e-05
7.26997258048e-06
1.95835400579e-05
6.00088652208e-05
0.000174372670602
0.000412666084704
0.000735286796661
0.001048159618
0.00130681566145
0.00150525122141
0.00166281688303
0.00180794183474
0.00194040670955
0.00201302130256
0.000205371660442
0.000155236156465
0.0001076205464
6.50919190894e-05
3.9765576725e-05
1.93816354553e-05
9.23089530598e-06
7.68158986249e-06
1.97341943065e-05
5.84408333305e-05
0.000166461441208
0.000395711650383
0.000719172140342
0.0010416432314
0.0013113074762
0.00151879824146
0.00167966647561
0.00181713930696
0.00194176328652
0.00203724709672
0.000223257864939
0.000169875483585
0.000114180234013
6.71117020198e-05
4.21061012369e-05
2.13749686809e-05
9.33375428687e-06
8.26378013016e-06
1.76513375491e-05
5.12850495155e-05
0.000146821000508
0.000359448466799
0.000678852620041
0.00101048440783
0.00129445307227
0.00151658953959
0.00168607456274
0.00182212796371
0.00194888908734
0.00210594759828
0.00025173576693
0.000195586066703
0.000129046389512
7.30812847588e-05
4.74033190665e-05
2.85561921881e-05
1.3741501503e-05
9.09989197043e-06
1.41679965525e-05
3.95267436722e-05
0.000116953903322
0.000304555116172
0.00061442267376
0.000956600743835
0.0012603297791
0.00150307281702
0.00168534710852
0.00182490998377
0.00196008425862
0.00218892399384
0.0002941525889
0.000237731124511
0.000159296398492
8.70477691328e-05
5.40858358675e-05
3.89404867424e-05
2.55272235208e-05
1.5843546746e-05
1.56133700613e-05
2.58561065298e-05
8.10978926328e-05
0.00023543841798
0.000529431202374
0.000883071261672
0.00120883069689
0.00147453990917
0.00167286405302
0.00182227010659
0.00197394272532
0.0022861608013
0.000351702228908
0.000298088101506
0.000210783465745
0.000116286671298
6.37240442992e-05
4.65661547244e-05
4.0287694328e-05
3.34236359692e-05
2.71853341321e-05
1.94639113862e-05
4.5968800638e-05
0.000159601716263
0.000429567612743
0.000794530616317
0.00114165801789
0.00143163970788
0.00164970912156
0.00181582615572
0.00199180173699
0.0023970598442
0.000423274057428
0.000374926562458
0.000283527890672
0.000166761217764
8.23231530713e-05
5.04993512196e-05
4.80034080348e-05
5.4854486672e-05
5.6242680731e-05
4.08604133128e-05
1.94779333848e-05
8.59154682893e-05
0.00032076057096
0.000698380266879
0.00106994089793
0.00138556046982
0.00162612347836
0.00181267153547
0.00201561460467
0.00251048934048
0.000513011529877
0.000469429641517
0.000374757089283
0.000236217816048
0.000117852223167
5.93079347861e-05
5.2583358197e-05
7.00223764296e-05
7.072700365e-05
3.33311976646e-05
1.09212565681e-05
2.9643142843e-05
0.000215120706665
0.000603926374901
0.00100428737929
0.00135141456412
0.00161670072792
0.00182116001412
0.00204211840395
0.00259361885508
0.00063407665997
0.000588341403202
0.000483095198045
0.000317731661867
0.000164027663278
7.50195571996e-05
6.09773133692e-05
8.17583772651e-05
7.73495767145e-05
3.80713543091e-05
6.20896772753e-06
9.52158749995e-06
0.00015042615779
0.000525041655335
0.000949840429866
0.00133139148738
0.00162320191149
0.0018414911502
0.00206621465442
0.00261879821798
0.000800709407465
0.000737478485507
0.000603771037988
0.000398466223865
0.000207246985435
9.07964908946e-05
7.19525750301e-05
8.51306703205e-05
7.76366948583e-05
5.33853816912e-05
1.35093811362e-05
5.20009885022e-06
0.000121711491935
0.00047914960314
0.000922044577019
0.00133518773104
0.00165145813611
0.00187813100058
0.00209297716321
0.0025885223449
0.00102275285455
0.000915853357248
0.000725034315051
0.000461959458345
0.000232687304295
9.7958041609e-05
8.17958578006e-05
8.76692378097e-05
8.30777591884e-05
6.54653947883e-05
2.73900538191e-05
7.48689260603e-06
0.000111320830532
0.000464868810555
0.000923513113078
0.00136441007287
0.00170122516996
0.00192966671797
0.00212386730652
0.00252507379348
)
;

boundaryField
{
    emptyPatch
    {
        type            empty;
    }
    minY
    {
        type            fixedValue;
        value           nonuniform List<scalar> 0();
    }
    maxY
    {
        type            inletOutlet;
        inletValue      nonuniform List<scalar> 0();
        value           nonuniform List<scalar> 0();
    }
    water_to_cooler
    {
        type            kqRWallFunction;
        value           nonuniform List<scalar> 
38
(
0.00405330634361
0.00394380808823
0.00383587793524
0.00373075847206
0.00362927484195
0.00353182617227
0.00343835937974
0.00334842573526
0.00326134301396
0.00317642464833
0.00309319842679
0.00301172451417
0.00293291099904
0.00285848587914
0.00279053887157
0.00273073349422
0.00267939192299
0.00263502329347
0.00259475786801
0.00255503809476
0.00251231747414
0.00246352362003
0.00240649407339
0.0023401172321
0.00226441395316
0.0021807606132
0.00209210707949
0.00201302130256
0.00203724709672
0.00210594759828
0.00218892399384
0.0022861608013
0.0023970598442
0.00251048934048
0.00259361885508
0.00261879821798
0.0025885223449
0.00252507379348
)
;
    }
    water_to_heater
    {
        type            kqRWallFunction;
        value           nonuniform List<scalar> 
60
(
1.47932703825
1.47932703825
1.74724532894
2.28638500078
2.86741226573
2.86741226573
3.03143900348
3.03143900348
2.88329968958
2.88329968958
2.73439080599
2.63737779814
2.5706205014
2.5706205014
2.52300259277
2.52300259277
2.48331750866
2.48331750866
2.4586067053
2.44659746594
2.45758514185
2.45758514185
2.48968602754
2.48968602754
2.54432621265
2.54432621265
2.57834252183
2.51848137314
2.39487220304
2.39487220304
2.30149940093
2.30149940093
2.19437361343
2.19437361343
1.91969181067
1.64264422001
1.68657745221
1.68657745221
2.10598499261
2.10598499261
2.72302152841
2.72302152841
3.07060514355
3.12664105711
3.10709475771
3.10709475771
3.05841654928
3.05841654928
2.99744056781
2.99744056781
2.93779844376
2.88965206652
2.87654587072
2.87654587072
2.98669721227
2.98669721227
3.34394440983
3.34394440983
3.62546913733
3.70382236408
)
;
    }
    procBoundary3to1
    {
        type            processor;
        value           nonuniform List<scalar> 
41
(
0.0900619153935
0.0563804039619
0.0352293420806
0.0234985647039
0.0169600983703
0.0128560704815
0.00990821617676
0.007505201233
0.00545030002983
0.00381868998174
0.00266503671012
0.00192429386939
0.00149910599565
3.62302243598
1.51567700047
0.715422692792
0.373498666635
0.231265512524
0.167073428444
0.0900619153935
0.124707735823
0.00129715537772
0.00111212092434
0.000827726303902
0.00049399830402
0.000230227070499
9.50224492993e-05
8.83737415608e-05
9.53716827403e-05
9.20886932618e-05
7.53350375061e-05
4.01591471947e-05
1.44527828081e-05
0.000114170508165
0.000473925216277
0.000943682576435
0.00140378671623
0.00175714476063
0.00198527029917
0.00215640442395
0.0024558224882
)
;
    }
    procBoundary3to2
    {
        type            processor;
        value           nonuniform List<scalar> 
41
(
1.40557922612
0.684435625508
0.351183800922
0.18071519554
0.0935068909521
0.0502695765633
0.0288996693444
0.0181697871831
0.0123907225001
0.00887191307485
0.00635065020584
0.00407337678483
0.00207780137037
0.00102198941468
0.000685415531636
0.000534941079794
0.000434008840038
0.000362952416977
0.000276914888938
0.000159528181368
5.2318028413e-05
5.21082722978e-05
5.17694976668e-05
5.13196698344e-05
5.10053627068e-05
5.2033312865e-05
6.00316272838e-05
9.91801895471e-05
0.000237170306364
0.000516716760416
0.000843452352764
0.00115354397106
0.00144517659632
0.00174756750961
0.00213727654975
0.00279708853749
0.00416235738776
6.07391161832e-05
4.25949426539e-05
4.24168954253e-05
4.24168954253e-05
)
;
    }
}


// ************************************************************************* //
