/*--------------------------------*- C++ -*----------------------------------*\
| =========                 |                                                 |
| \\      /  F ield         | OpenFOAM: The Open Source CFD Toolbox           |
|  \\    /   O peration     | Version:  2312                                  |
|   \\  /    A nd           | Website:  www.openfoam.com                      |
|    \\/     M anipulation  |                                                 |
\*---------------------------------------------------------------------------*/
FoamFile
{
    version     2.0;
    format      ascii;
    arch        "LSB;label=32;scalar=64";
    class       volScalarField;
    location    "0.12/water";
    object      p_rgh;
}
// * * * * * * * * * * * * * * * * * * * * * * * * * * * * * * * * * * * * * //

dimensions      [1 -1 -2 0 0 0 0];

internalField   nonuniform List<scalar> 
1496
(
100932.952979
100929.603081
100933.266893
100880.487218
100770.250346
100764.998354
100768.745835
100842.125305
101008.489044
101145.891749
101214.347464
101270.09557
101326.687626
101355.340655
101356.219071
101295.302315
100996.304679
100991.0283
100996.839199
100995.898863
100932.541176
100937.095708
100932.872243
100884.835538
100773.833426
100768.191365
100764.286597
100770.504717
100856.562204
101023.821982
101167.854407
101259.752958
101330.906797
101356.312992
101357.006633
101252.211197
100991.017226
100994.369326
100990.927798
100995.926732
100939.841141
100934.847643
100938.696023
100886.333906
100784.709932
100763.726391
100768.507667
100765.046471
100774.420462
100873.480009
101044.375968
101203.719794
101317.081924
101359.98746
101361.100705
101221.680689
100992.609637
100988.511254
100994.335183
100992.866131
100940.6161
100942.364085
100939.234378
100889.235385
100795.159405
100769.468769
100764.699567
100769.497025
100767.71743
100797.255442
100919.743876
101108.964935
101275.403731
101364.851878
101364.170286
101196.827543
100989.649883
100993.768121
100989.800066
100994.666449
100946.967909
100942.760807
100942.453675
100893.467407
100807.619739
100768.47172
100770.802524
100767.019957
100771.576418
100774.269973
100863.21205
101043.523912
101234.846899
101364.650554
101367.180301
101165.763473
100993.285562
100988.268119
100994.313317
100992.454089
100949.192303
100949.091314
100942.565994
100899.532836
100819.460701
100772.429596
100770.068282
100773.298298
100770.689975
100773.536361
100855.813749
101031.289952
101224.480406
101362.45928
101354.855571
101138.277906
100988.963068
100994.302781
100989.413074
100994.633909
100954.824262
100950.088906
100947.998157
100902.157129
100831.438915
100774.412492
100775.154464
100773.091981
100775.441959
100776.464106
100866.372918
101042.800127
101233.723706
101367.100184
101345.416819
101108.438954
100993.438639
100986.728978
100993.66511
100991.26731
100956.110275
100958.77971
100955.253221
100903.70631
100847.40129
100787.201054
100776.621944
100777.419794
100777.081593
100800.421755
100912.50103
101090.620482
101268.996609
101377.674312
101337.144716
101079.371255
100985.03439
100991.876326
100985.478106
100991.658534
100964.673188
100956.136393
100960.834018
100908.367827
100874.228329
100831.274515
100799.784918
100789.761764
100800.995609
100872.069635
101012.974448
101186.572351
101331.444813
101386.83583
101321.321617
101045.549015
100987.658974
100979.396968
100986.947303
100983.750357
100958.419122
100966.777921
100958.549988
100918.145883
100904.128292
100906.806251
100871.185945
100849.78624
100889.127166
101003.163826
101155.031958
101296.809635
101378.038552
101384.3311
101292.305938
101012.96415
100973.427479
100979.662454
100972.131201
100979.59069
100954.728657
100942.677637
100954.470462
100926.873469
100911.192408
100962.024455
100968.374333
100966.730038
101041.828746
101169.436347
101289.076771
101360.982499
101382.656771
101375.6157
101255.392798
100985.572796
100968.897318
100960.937404
100968.66029
100964.876177
100904.185196
100932.087699
100917.276096
100920.373779
100873.293436
100934.103295
101001.397403
101064.362806
101183.480637
101294.986891
101347.99469
101364.545668
101366.114613
101360.090495
101235.118915
100983.152455
100951.183583
100955.047924
100948.461675
100956.337243
100857.912855
100847.606225
100871.651341
100830.277506
100751.821815
100811.453476
100908.421612
101013.909207
101179.66863
101304.248808
101335.122942
101338.109525
101338.955435
101338.918938
101253.783637
101023.785449
100939.271026
100935.543112
100941.582294
100938.22943
100789.951077
100820.009801
100783.227847
100632.335628
100573.934292
100606.56431
100698.452374
100821.808005
101009.800144
101217.547287
101296.016975
101303.855128
101311.075535
101316.396534
101303.132854
101121.543952
100932.377255
100926.644205
100922.985893
100929.678721
100749.328399
100676.86943
100587.980454
100492.876013
100476.160533
100485.10929
100520.347864
100579.916316
100687.968054
100938.578787
101223.544137
101284.943102
101292.415297
101300.94449
101308.080868
101247.820007
101000.470877
100913.65819
100916.954438
100914.748426
100505.214773
100491.615228
100469.194024
100451.444379
100450.027721
100449.395529
100453.920942
100467.808823
100502.97742
100618.298821
100936.82842
101247.071219
101285.361045
101291.716298
101299.508476
101304.43398
101159.595436
100915.0137
100905.233796
100909.634205
100439.733125
100453.969005
100451.346928
100450.800863
100449.681333
100451.252824
100450.222297
100451.678774
100459.569079
100499.099559
100642.851293
101002.902484
101265.368896
101289.432081
101294.841226
101301.655599
101284.582383
101001.044396
100901.516578
100900.432659
100439.425162
100452.268132
100451.589572
100451.419757
100452.137612
100450.768525
100452.571018
100451.911059
100453.009396
100468.160753
100528.809843
100722.908619
101081.16468
101284.558386
101294.916115
101299.343879
101305.231623
101181.555434
100908.742599
100898.279882
100439.662154
100452.464527
100452.712622
100453.048078
100452.426837
100453.558924
100452.301182
100453.983814
100453.386826
100457.906524
100489.339651
100591.289952
100843.586974
101165.45724
101295.700896
101301.615298
101304.660051
101302.202332
101004.147917
100894.397138
100440.510639
100453.617211
100453.994577
100454.101751
100454.581216
100453.837311
100455.100765
100453.884552
100455.593859
100455.427277
100474.367163
100538.867384
100702.343251
100988.776856
101255.943009
101303.353965
101308.513105
101310.402191
101156.423353
100924.652249
100439.491939
100456.433381
100456.751225
100456.174372
100455.797405
100456.726396
100455.512988
100457.234713
100456.49866
100457.71904
100467.751822
100513.908351
100635.139671
100864.533121
101147.532929
101309.438589
101311.013943
101315.504089
101282.742815
101039.749731
100439.930877
100464.094986
100467.211169
100462.159975
100458.421615
100457.621717
100458.950156
100458.215591
100459.453967
100458.843385
100463.085124
100499.129361
100600.338017
100794.755319
101058.092056
101287.995792
101317.612626
101318.276155
101321.228887
101184.660389
100440.983684
100481.174748
100491.952421
100481.141377
100463.042038
100460.726081
100459.991305
100461.243132
100460.292335
100461.789144
100461.69702
100490.650076
100580.361495
100754.100436
101000.958468
101247.369749
101322.981697
101325.781193
101325.283956
101299.761173
100442.889172
100512.004383
100532.009755
100515.223691
100479.390366
100462.499837
100463.081226
100462.201767
100463.635565
100462.923892
100464.171749
100488.023677
100571.244312
100731.396811
100965.810706
101215.619602
101330.636195
101330.681859
101333.558333
101332.128162
100444.138891
100560.982621
100581.985202
100559.66035
100509.389289
100470.910443
100464.830065
100465.529507
100464.953264
100466.073607
100466.130049
100489.854002
100571.416563
100723.965142
100949.322077
101200.372801
101337.830453
101338.771851
101338.180638
101340.438058
100445.996387
100632.865906
100634.584705
100608.470745
100552.180572
100496.815322
100473.008959
100467.474117
100468.021561
100468.009476
100469.37641
100497.677758
100579.352683
100728.84284
100950.722316
101202.225605
101345.240323
101345.422867
101347.755377
101345.449149
100448.377833
100722.444782
100683.581319
100663.568633
100609.730527
100547.496823
100504.453882
100484.789001
100478.522191
100478.45591
100486.781356
100524.605049
100607.327745
100750.821433
100966.398713
101215.832979
101353.663126
101354.144877
101353.09044
101356.087316
100451.207382
100797.891557
100736.14291
100730.634935
100686.253287
100627.929897
100573.893756
100538.127862
100522.028917
100521.309727
100536.796212
100583.512326
100670.485132
100811.772766
101019.469651
101257.74425
101361.727474
101360.943459
101363.930082
101359.065455
100453.349602
100885.740393
100807.508156
100813.853947
100782.370127
100739.51787
100686.38874
100640.121742
100615.749047
100614.419207
100632.400924
100685.339951
100780.633218
100927.475519
101129.285414
101331.748558
101368.251522
101369.928327
101365.854859
101339.530063
100479.442903
100980.376595
100904.333655
100913.294332
100893.760273
100875.081332
100835.613615
100790.335401
100762.047631
100759.514281
100778.057494
100837.135338
100944.184366
101099.017243
101278.945762
101372.696479
101371.298133
101367.940243
101364.762021
101101.081229
100595.607133
101057.791367
101004.091568
101010.455545
101009.690684
101023.901303
101009.100716
100977.268678
100950.987387
100947.21535
100967.250468
101031.615872
101138.206456
101268.606314
101367.041143
101367.559077
101362.918807
101351.14995
101093.482039
100879.63139
100802.884904
101066.088439
101067.042836
101066.412922
101102.880415
101161.385844
101180.561169
101167.97598
101149.77151
101141.935348
101157.84918
101200.674614
101246.598874
101298.287812
101350.145514
101347.414087
101283.898738
101042.298144
100777.515737
100812.638784
100983.264151
101055.770708
101058.844293
101059.522202
101139.366309
101232.1151
101281.733888
101287.843016
101278.456895
101264.586328
101250.51454
101223.059098
101216.002914
101224.736768
101217.074853
101144.427648
100955.291796
100751.304858
100713.762236
100785.333224
100964.047755
100972.043839
100956.112972
100999.935034
101108.087994
101210.420879
101271.771894
101287.730428
101284.794522
101281.206811
101240.024357
101178.145767
101102.152303
101016.89247
100930.883235
100834.709243
100736.365919
100705.252346
100707.651312
100767.484529
100758.911065
100665.62107
100729.476067
100834.215125
100960.551539
101075.979311
101173.435262
101236.342579
101260.319047
101261.912181
101222.026917
101133.829591
101019.805415
100885.323382
100777.978477
100718.961327
100701.042953
100701.71453
100701.918122
100756.230058
100467.234105
100429.000977
100517.762225
100609.988891
100689.240425
100766.885324
100865.786178
100984.105899
101099.678095
101177.177536
101194.062435
101144.909276
101057.850711
100922.096802
100802.314903
100726.165601
100697.714586
100697.43859
100698.398576
100752.901232
100328.268016
100364.672092
100437.711154
100488.848852
100517.383339
100540.386853
100576.440376
100639.842158
100747.594375
100904.017567
101075.54199
101177.900555
101201.258224
101125.605922
100967.72202
100793.509044
100699.647487
100694.056978
100694.395189
100758.338754
101817.315147
101824.134225
101827.502118
101830.502821
101833.360918
101834.998923
101835.409068
101835.447574
101835.447626
101835.436014
101835.421916
101835.412352
101835.40838
101835.409333
101835.413667
101835.440503
101187.87746
101510.063896
101726.886699
101799.157086
101820.799875
101828.761807
101832.476232
101835.552888
101838.486455
101840.26219
101840.748556
101840.796092
101840.792871
101840.776697
101840.758445
101840.745646
101840.739467
101840.739166
101840.743022
101840.770897
101166.298489
101489.277834
101719.513506
101799.786566
101824.184641
101833.393764
101837.477862
101840.594635
101843.609829
101845.563116
101846.13557
101846.180171
101846.160656
101846.129477
101846.098923
101846.076773
101846.063973
101846.059412
101846.06095
101846.089274
101151.165029
101472.656112
101713.639736
101801.129692
101827.909259
101838.249169
101842.672108
101845.773646
101848.81639
101850.919197
101851.563409
101851.585051
101851.529949
101851.46846
101851.413559
101851.372783
101851.346453
101851.332773
101851.328945
101851.356537
101142.671731
101463.006512
101710.770972
101803.572292
101832.09576
101843.336344
101848.037272
101851.069801
101854.061085
101856.253007
101856.944124
101856.922713
101856.813004
101856.706257
101856.615216
101856.546607
101856.49976
101856.471936
101856.45948
101856.484533
101140.382951
101461.860194
101712.388022
101807.31366
101836.667638
101848.508895
101853.394021
101856.30929
101859.184375
101861.404395
101862.115555
101862.035895
101861.857888
101861.695446
101861.560102
101861.457208
101861.384836
101861.339155
101861.315564
101861.336126
101141.325034
101465.742916
101717.648593
101812.002148
101841.334779
101853.481931
101858.45081
101861.217896
101863.945301
101866.149052
101866.860172
101866.71587
101866.465403
101866.244694
101866.063208
101865.924471
101865.8252
101865.760469
101865.724771
101865.739205
101144.997203
101473.833954
101724.520152
101817.034333
101845.647854
101857.876792
101862.855943
101865.471162
101868.054154
101870.225872
101870.933466
101870.732174
101870.41776
101870.146485
101869.925243
101869.755522
101869.632793
101869.551218
101869.504562
101869.512004
101150.588639
101485.222463
101732.386718
101821.216717
101848.95888
101861.211163
101866.212934
101868.724329
101871.205689
101873.370287
101874.100185
101873.869822
101873.515149
101873.212849
101872.967584
101872.77899
101872.641697
101872.549361
101872.495362
101872.496121
101154.719373
101493.619291
101737.700323
101823.540606
101850.623055
101863.012773
101868.166761
101870.686448
101873.147098
101875.372416
101876.186586
101875.977379
101875.620633
101875.317801
101875.072778
101874.884027
101874.746051
101874.652621
101874.597221
101874.592993
101151.994755
101493.118381
101737.499958
101823.081764
101850.149561
101862.954059
101868.508586
101871.206814
101873.756691
101876.141986
101877.134705
101877.015174
101876.704001
101876.437814
101876.222421
101876.05621
101875.934486
101875.851878
101875.802546
101875.796283
101141.208228
101481.776967
101730.550909
101819.22042
101847.395097
101860.989704
101867.266166
101870.3464
101873.106233
101875.75771
101877.040197
101877.087443
101876.870416
101876.677638
101876.520811
101876.399553
101876.310902
101876.25107
101876.215434
101876.21087
101117.939684
101454.07032
101714.007099
101811.804955
101842.614612
101857.403349
101864.724241
101868.399632
101871.478934
101874.480338
101876.157101
101876.444638
101876.361725
101876.270823
101876.194867
101876.135933
101876.093522
101876.06595
101876.050204
101876.051141
101084.629578
101413.59298
101688.765535
101801.345597
101836.503383
101852.843395
101861.430913
101865.871189
101869.343692
101872.729401
101874.869675
101875.453653
101875.527955
101875.552404
101875.567832
101875.579608
101875.589998
101875.599601
101875.607142
101875.616696
101047.711398
101366.832136
101656.943396
101788.57456
101829.98758
101848.168626
101858.075715
101863.364327
101867.258856
101871.008834
101873.627005
101874.535854
101874.770448
101874.906419
101875.010131
101875.090558
101875.152561
101875.198823
101875.229644
101875.249713
101012.946773
101319.822074
101622.198942
101774.570891
101824.044516
101844.290577
101855.369392
101861.466958
101865.762938
101869.816031
101872.86783
101874.095993
101874.475545
101874.704498
101874.881753
101875.019752
101875.125421
101875.203027
101875.25405
101875.285164
100982.784107
101276.520549
101588.398483
101760.557944
101819.461466
101841.973884
101853.928272
101860.657479
101865.284939
101869.561203
101872.957421
101874.46352
101874.95875
101875.253526
101875.482646
101875.661648
101875.798824
101875.899401
101875.965534
101876.007065
100958.254798
101238.330056
101557.549664
101747.644205
101816.787019
101841.740876
101854.213281
101861.271285
101866.11148
101870.52816
101874.155631
101875.86327
101876.434934
101876.766067
101877.023493
101877.225287
101877.380444
101877.494542
101877.569911
101877.620458
100942.087143
101206.977916
101530.333416
101736.689612
101816.396065
101843.77804
101856.41078
101863.491563
101868.394008
101872.872469
101876.610247
101878.412479
101879.014255
101879.354156
101879.617975
101879.825471
101879.98579
101880.104353
101880.183241
101880.240967
100939.128556
101185.815786
101507.680166
101728.224518
101818.613315
101848.018645
101860.424962
101867.267591
101872.117406
101876.591769
101880.331626
101882.124662
101882.712226
101883.037455
101883.28911
101883.487717
101883.642146
101883.757286
101883.834641
101883.897476
100957.414561
101178.819385
101489.876453
101722.741159
101823.559274
101854.851854
101866.430189
101872.599366
101877.232283
101881.637454
101885.264843
101886.935237
101887.465908
101887.757501
101887.982087
101888.160037
101888.299592
101888.40483
101888.476451
101888.542215
101016.903646
101186.558761
101478.483698
101721.487642
101831.400613
101863.671679
101873.943728
101879.303298
101883.649359
101887.927654
101891.297733
101892.713568
101893.147611
101893.391697
101893.57829
101893.726885
101893.844844
101893.935266
101893.997922
101894.064468
101103.388689
101217.364361
101480.544776
101725.7176
101841.796659
101873.431804
101882.259934
101886.949791
101891.063677
101895.16476
101898.15209
101899.256901
101899.584932
101899.772664
101899.913804
101900.027003
101900.118608
101900.19067
101900.241983
101900.307284
101198.517194
101266.115797
101492.124323
101735.425803
101853.871978
101883.375096
101890.966989
101895.224131
101899.179249
101903.031185
101905.552068
101906.360049
101906.586507
101906.709745
101906.798718
101906.871146
101906.93218
101906.982731
101907.02057
101907.082543
101275.021797
101313.829393
101514.6706
101753.326636
101867.188796
101893.180809
101899.890058
101903.90931
101907.716351
101911.226754
101913.265409
101913.821608
101913.944848
101913.993095
101914.021633
101914.046821
101914.072296
101914.097647
101914.119522
101914.175737
101323.632919
101348.957061
101544.414451
101779.031984
101881.175432
101902.773355
101908.895412
101912.759831
101916.352822
101919.45368
101921.061899
101921.409088
101921.41935
101921.380397
101921.339084
101921.309733
101921.294039
101921.290028
101921.293105
101921.340689
101344.629115
101370.932834
101582.43378
101810.850685
101894.776617
101911.906963
101917.740776
101921.423389
101924.707538
101927.397745
101928.662955
101928.831459
101928.718375
101928.582634
101928.464377
101928.375024
101928.313908
101928.277291
101928.259273
101928.295242
101342.255253
101385.089129
101633.006323
101844.489047
101906.258068
101920.384432
101925.989402
101929.401227
101932.339823
101934.698141
101935.722416
101935.734405
101935.49853
101935.266753
101935.072726
101934.924365
101934.818425
101934.749384
101934.710135
101934.732253
101295.910084
101397.025228
101696.639263
101870.638484
101914.395315
101927.495237
101933.006139
101936.14925
101938.815284
101940.951222
101941.815846
101941.72573
101941.397184
101941.089578
101940.836042
101940.641344
101940.499959
101940.404931
101940.348323
101940.356307
101183.19332
101427.74837
101752.739855
101882.379053
101918.500572
101931.72676
101937.795428
101940.985406
101943.523565
101945.601697
101946.514858
101946.459609
101946.108773
101945.770574
101945.492612
101945.278616
101945.12192
101945.015037
101944.949922
101944.946435
101122.754356
101482.406953
101775.79386
101883.168395
101916.610167
101931.681292
101939.283233
101943.155269
101945.934901
101948.300999
101949.591163
101949.764276
101949.496352
101949.192312
101948.938387
101948.742198
101948.597883
101948.498763
101948.437636
101948.428225
101111.689471
101500.024079
101771.905926
101873.851536
101909.158089
101927.195677
101937.339554
101942.753516
101946.253353
101949.201166
101951.141403
101951.752191
101951.685056
101951.480832
101951.296085
101951.152176
101951.046177
101950.973437
101950.92838
101950.919901
101098.431681
101482.415754
101750.68591
101858.715475
101898.853492
101919.693665
101932.891222
101940.60823
101945.249603
101948.884721
101951.594557
101952.819481
101953.056649
101952.997466
101952.904132
101952.829325
101952.774795
101952.738328
101952.716109
101952.714276
101068.92793
101445.256447
101720.748746
101843.577297
101888.880228
101911.597317
101927.360748
101937.717865
101943.828839
101948.147248
101951.568164
101953.492078
101954.1097
101954.213229
101954.204443
101954.191776
101954.184365
101954.181848
101954.181587
101954.189249
101036.057852
101409.857625
101694.353812
101830.861135
101881.439779
101905.142996
101922.181756
101934.873646
101942.673607
101947.688438
101951.648273
101954.227804
101955.268615
101955.536561
101955.589194
101955.614806
101955.637288
101955.657129
101955.671956
101955.689094
101014.584682
101385.647724
101674.814443
101821.727315
101877.288795
101901.519371
101918.617992
101932.754475
101942.195039
101947.936769
101952.258109
101955.333013
101956.778429
101957.20373
101957.295785
101957.332147
101957.363616
101957.391061
101957.411905
101957.436802
101010.115259
101377.320156
101664.994926
101816.712065
101875.980236
101900.294017
101916.720169
101931.435132
101942.322199
101948.852692
101953.457799
101956.882264
101958.678267
101959.263449
101959.386396
101959.413272
101959.436445
101959.457794
101959.475069
101959.507863
101025.043599
101392.306649
101673.530679
101821.221657
101879.334666
101902.755262
101917.892674
101932.05242
101943.545996
101950.557628
101955.278088
101958.874543
101960.911641
101961.634785
101961.768574
101961.775695
101961.778381
101961.779718
101961.775458
101961.803229
)
;

boundaryField
{
    emptyPatch
    {
        type            empty;
    }
    minY
    {
        type            zeroGradient;
    }
    maxY
    {
        type            prghTotalPressure;
        U               U.gas;
        p0              uniform 100000;
        value           nonuniform List<scalar> 
40
(
100328.91478
100365.444128
100438.726188
100490.041529
100518.682058
100541.771595
100577.949208
100641.582386
100749.642274
100906.372268
101078.102587
101180.509025
101203.895906
101128.131801
100969.667354
100794.448682
100699.674205
100693.525642
100693.421628
100757.028623
101024.009063
101392.165649
101674.081046
101822.007953
101880.064151
101903.357625
101918.38993
101932.476195
101943.911773
101950.871724
101955.550973
101959.120345
101961.144839
101961.864778
101961.996063
101962
101962
101962
101962
101962
)
;
    }
    water_to_cooler
    {
        type            fixedFluxPressure;
        gradient        uniform 0;
        value           nonuniform List<scalar> 
38
(
101835.440503
101840.770897
101846.089274
101851.356537
101856.484533
101861.336126
101865.739205
101869.512004
101872.496121
101874.592993
101875.796283
101876.21087
101876.051141
101875.616696
101875.249713
101875.285164
101876.007065
101877.620458
101880.240967
101883.897476
101888.542215
101894.064468
101900.307284
101907.082543
101914.175737
101921.340689
101928.295242
101934.732253
101940.356307
101944.946435
101948.428225
101950.919901
101952.714276
101954.189249
101955.689094
101957.436802
101959.507863
101961.803229
)
;
    }
    water_to_heater
    {
        type            fixedFluxPressure;
        gradient        uniform 0;
        value           nonuniform List<scalar> 
59
(
100932.952979
100932.952979
100932.541176
100939.841141
100940.6161
100940.6161
100946.967909
100946.967909
100949.192303
100949.192303
100954.824262
100956.110275
100964.673188
100964.673188
100958.419122
100958.419122
100954.728657
100954.728657
100904.185196
100857.912855
100789.951077
100789.951077
100749.328399
100749.328399
100505.214773
100505.214773
100439.733125
100439.425162
100439.662154
100439.662154
100440.510639
100440.510639
100439.491939
100439.491939
100439.930877
100440.983684
100442.889172
100442.889172
100444.138891
100444.138891
100445.996387
100445.996387
100448.377833
100451.207382
100453.349602
100453.349602
100479.442903
100479.442903
100595.607133
100595.607133
100802.884904
100983.264151
100964.047755
100964.047755
100758.911065
100758.911065
100467.234105
100467.234105
100328.268016
)
;
    }
    procBoundary0to1
    {
        type            processor;
        value           nonuniform List<scalar> 
41
(
100930.731369
100934.213062
100929.906226
100874.56659
100771.48446
100771.73024
100819.683816
100967.89229
101109.431089
101180.591495
101198.353925
101211.109139
101251.740273
101323.326991
101358.472211
101332.016426
101070.646356
100998.372374
100996.395408
101001.151201
101813.145181
101819.216363
101822.35893
101825.288634
101828.106445
101829.691195
101830.063553
101830.096635
101830.099053
101830.091003
101830.080371
101830.073758
101830.072001
101830.074373
101830.079402
101830.105958
101212.49902
101530.251871
101733.203337
101798.3076
101798.3076
)
;
    }
}


// ************************************************************************* //
