/*--------------------------------*- C++ -*----------------------------------*\
| =========                 |                                                 |
| \\      /  F ield         | OpenFOAM: The Open Source CFD Toolbox           |
|  \\    /   O peration     | Version:  2312                                  |
|   \\  /    A nd           | Website:  www.openfoam.com                      |
|    \\/     M anipulation  |                                                 |
\*---------------------------------------------------------------------------*/
FoamFile
{
    version     2.0;
    format      ascii;
    arch        "LSB;label=32;scalar=64";
    class       volScalarField;
    location    "0.055/water";
    object      p;
}
// * * * * * * * * * * * * * * * * * * * * * * * * * * * * * * * * * * * * * //

dimensions      [1 -1 -2 0 0 0 0];

internalField   nonuniform List<scalar> 
1504
(
101232.342096
101232.459069
101234.182599
101234.800496
101234.824883
101234.516168
101233.746215
101232.773018
101232.438942
101233.039918
101233.823268
101234.395693
101234.465416
101233.698886
101232.410756
101230.808181
101229.164612
101227.609812
101226.117201
101224.645088
101226.03559
101226.1138
101228.269621
101228.831526
101228.727438
101228.289248
101227.388988
101226.414754
101226.033748
101226.574046
101227.26255
101227.478685
101227.049105
101225.942562
101224.212328
101222.133378
101220.07284
101218.117151
101216.219481
101214.358024
101219.964099
101219.600562
101221.878797
101222.293493
101221.917618
101221.069137
101219.890064
101218.930362
101218.329175
101218.320996
101218.410403
101218.085894
101217.329374
101215.975017
101213.879977
101211.48669
101209.152295
101206.894923
101204.690547
101202.568918
101213.81409
101212.548368
101214.609331
101214.774564
101213.852916
101212.237694
101210.702621
101209.584641
101208.533556
101207.617286
101206.814651
101206.176068
101205.282822
101203.532824
101201.068648
101198.478332
101195.952298
101193.504301
101191.167903
101188.990613
101207.02318
101204.409798
101205.53039
101205.005142
101203.064151
101200.769936
101198.986208
101197.484734
101195.959104
101194.293473
101193.005147
101192.119296
101190.64795
101188.168237
101185.306852
101182.533547
101179.928642
101177.523353
101175.344875
101173.401429
101194.433154
101190.490235
101190.441374
101188.741087
101186.181776
101183.524134
101181.138058
101178.742541
101175.812397
101173.333583
101172.386192
101171.812789
101170.261805
101167.663009
101164.909807
101162.433036
101160.295732
101158.481417
101156.959505
101155.694205
101158.89783
101153.16619
101151.144818
101148.48072
101145.875468
101143.382628
101140.454087
101137.028534
101134.388261
101133.985981
101134.964385
101136.198255
101137.238388
101137.572265
101137.196335
101136.673966
101136.294745
101136.090582
101136.029056
101136.075248
101085.488652
101077.81468
101073.786049
101072.135738
101072.89055
101075.305309
101078.400126
101082.354791
101086.320199
101089.384255
101091.330166
101092.820264
101094.94946
101099.13509
101103.623081
101106.887182
101109.44327
101111.693862
101113.727356
101115.562241
101041.239651
101037.416153
101038.353743
101039.119273
101039.433061
101040.457173
101042.598401
101046.49731
101052.556726
101058.372599
101062.304292
101064.704336
101066.212898
101067.994222
101072.700297
101078.96374
101084.275458
101088.726542
101092.625758
101096.075172
101035.940011
101036.279351
101036.827027
101036.827144
101036.798132
101036.761567
101036.731418
101036.724906
101038.02627
101041.806026
101046.246264
101049.65357
101051.984285
101053.418139
101055.0937
101059.295986
101065.079368
101070.429345
101075.189147
101079.466763
101034.950751
101035.65031
101035.644618
101035.635829
101035.621831
101035.602848
101035.578717
101035.542759
101035.503291
101036.125324
101038.427382
101041.156958
101043.400286
101045.170603
101046.557871
101048.582771
101052.542037
101057.44814
101062.126392
101066.443171
101034.343153
101034.526135
101034.507323
101034.48988
101034.468248
101034.443422
101034.416075
101034.386539
101034.35252
101034.181353
101034.887439
101036.522406
101038.238441
101039.743843
101041.080454
101042.534502
101044.978604
101048.698885
101052.780071
101056.678047
101033.452101
101033.427381
101033.412993
101033.397805
101033.379692
101033.359523
101033.337232
101033.314528
101033.289282
101033.185806
101033.255621
101034.05047
101035.177835
101036.333056
101037.460357
101038.637416
101040.28447
101042.907898
101046.169513
101049.446551
101032.462037
101032.441502
101032.411946
101032.38717
101032.36323
101032.338907
101032.315771
101032.2923
101032.270585
101032.25132
101032.246398
101032.551596
101033.142342
101033.959781
101034.852964
101035.834714
101037.082846
101038.920291
101041.35356
101043.957887
101031.424823
101031.398962
101031.403611
101031.388655
101031.370946
101031.35327
101031.334362
101031.31696
101031.299087
101031.347059
101031.376592
101031.37412
101031.560335
101032.086173
101032.797479
101033.623776
101034.633974
101035.95722
101037.676814
101039.606382
101030.452226
101030.395632
101030.492737
101030.469395
101030.449441
101030.431308
101030.416018
101030.401387
101030.389491
101030.50992
101030.539978
101030.336413
101030.21893
101030.51382
101031.071857
101031.753218
101032.547861
101033.477728
101034.606615
101035.906259
101029.491185
101029.316451
101029.525646
101029.559758
101029.553835
101029.549808
101029.548114
101029.5508
101029.556381
101029.774027
101029.731072
101029.333969
101028.978742
101029.097694
101029.513415
101030.06222
101030.649033
101031.20662
101031.782772
101032.48477
101028.602765
101028.291433
101028.634811
101028.711757
101028.701442
101028.699427
101028.707164
101028.706678
101028.807719
101028.957757
101028.777687
101028.135253
101027.617718
101027.614654
101027.913384
101028.329512
101028.664394
101028.806376
101028.840904
101028.983671
101027.341025
101026.930905
101027.436739
101027.652415
101027.711319
101027.708055
101027.696143
101027.707122
101027.783864
101027.671134
101027.113755
101026.202115
101025.621079
101025.545572
101025.76107
101026.013459
101026.023598
101025.724271
101025.277423
101024.976674
101023.985655
101023.454848
101023.928906
101024.160313
101024.281421
101024.388132
101024.526763
101024.64395
101024.552206
101024.174799
101023.417387
101022.608154
101022.218654
101022.218432
101022.414142
101022.462521
101022.146111
101021.483889
101020.731871
101020.167908
101017.975646
101017.551171
101018.27421
101018.501648
101018.61128
101018.746758
101018.871347
101018.879336
101018.694905
101018.282249
101017.741726
101017.368688
101017.301186
101017.47751
101017.652033
101017.480145
101016.910387
101016.04037
101015.174927
101014.496801
101010.70323
101010.370185
101011.342346
101011.581058
101011.615805
101011.655937
101011.702046
101011.646494
101011.456044
101011.2133
101011.058332
101011.083469
101011.293726
101011.566401
101011.601764
101011.240778
101010.526533
101009.606351
101008.752107
101008.046594
101003.197492
101002.881769
101003.989719
101004.255644
101004.258358
101004.228564
101004.191585
101004.078898
101003.92549
101003.865094
101003.967626
101004.225276
101004.561525
101004.760036
101004.600917
101004.111414
101003.340153
101002.454756
101001.652028
101000.951385
100995.964123
100995.524047
100996.584007
100996.863721
100996.850564
100996.771944
100996.666662
100996.501064
100996.363866
100996.397259
100996.625154
100996.986072
100997.293533
100997.301365
100996.9888
100996.412221
100995.626206
100994.789994
100994.028122
100993.331391
100988.939702
100988.313558
100989.120884
100989.365809
100989.32949
100989.212348
100989.051724
100988.835166
100988.690157
100988.761538
100989.043686
100989.400972
100989.564455
100989.390176
100988.966544
100988.325192
100987.528447
100986.720633
100985.972001
100985.264003
100981.084842
100980.580773
100981.674764
100981.926476
100981.843523
100981.658029
100981.409814
100981.103917
100980.904957
100980.959143
100981.222066
100981.486824
100981.467532
100981.157871
100980.634622
100979.919385
100979.093555
100978.28294
100977.5189
100976.7811
100973.145366
100972.643301
100973.982491
100974.251664
100974.126382
100973.880455
100973.546427
100973.140743
100972.867179
100972.871446
100973.071403
100973.213031
100973.04217
100972.615068
100971.981119
100971.171178
100970.296619
100969.45666
100968.655625
100967.873921
100965.205123
100964.448457
100965.876371
100966.145589
100965.973078
100965.668797
100965.24459
100964.725858
100964.364669
100964.305153
100964.435263
100964.464245
100964.184539
100963.651388
100962.895557
100961.983214
100961.054245
100960.173445
100959.328061
100958.500925
100956.779528
100955.56208
100956.897476
100957.164011
100956.960758
100956.618732
100956.119521
100955.503981
100955.07231
100954.965323
100955.052553
100955.015225
100954.676563
100954.057569
100953.191355
100952.201327
100951.23826
100950.33007
100949.455522
100948.602472
100947.267332
100945.48808
100946.439211
100946.65971
100946.44929
100946.118593
100945.601643
100944.956036
100944.526518
100944.440898
100944.551147
100944.531068
100944.203446
100943.555354
100942.641902
100941.649132
100940.709071
100939.819693
100938.960146
100938.126238
100935.015041
100933.154903
100934.520339
100934.74249
100934.483028
100934.128136
100933.581669
100932.934955
100932.575956
100932.557513
100932.72981
100932.783881
100932.545863
100931.956891
100931.109353
100930.223931
100929.389049
100928.58906
100927.811611
100927.060565
100921.368378
100919.421598
100921.200528
100921.457427
100921.179863
100920.834415
100920.329779
100919.775423
100919.499973
100919.552054
100919.794681
100919.923434
100919.796386
100919.335897
100918.662343
100917.976099
100917.320988
100916.682989
100916.059559
100915.457758
100906.457245
100904.501126
100906.43135
100906.726818
100906.481572
100906.219981
100905.875311
100905.480696
100905.307117
100905.50631
100905.892567
100906.163163
100906.190871
100905.9276
100905.494748
100905.061864
100904.645973
100904.235837
100903.830751
100903.435032
100890.601578
100888.658485
100890.215692
100890.45198
100890.226832
100890.010394
100889.833604
100889.66841
100889.758199
100890.226365
100890.861158
100891.412099
100891.74352
100891.834675
100891.774489
100891.686793
100891.585003
100891.464594
100891.326475
100891.173291
100875.516169
100873.567601
100874.58866
100874.84932
100874.553692
100874.181324
100873.96643
100873.90014
100874.16021
100874.79036
100875.603199
100876.409778
100877.069941
100877.588081
100877.980059
100878.292997
100878.536829
100878.717472
100878.842898
100878.920663
100861.806047
100860.580038
100862.112542
100862.297522
100861.839476
100861.308014
100860.914455
100860.737301
100860.939459
100861.521405
100862.29949
100863.09398
100863.78172
100864.411563
100865.016343
100865.557184
100866.012983
100866.385415
100866.683103
100866.915399
100850.575843
100849.677566
100851.306856
100851.469155
100851.077077
100850.593213
100850.201849
100850.020265
100850.20733
100850.729095
100851.392875
100852.025824
100852.524617
100852.941628
100853.399988
100853.86612
100854.297615
100854.677982
100855.00502
100855.279718
100840.103625
100839.22155
100840.860789
100841.06213
100840.71791
100840.350583
100840.078103
101230.335771
101229.707411
101229.168701
101228.708798
101228.315452
101227.979745
101227.698094
101227.46443
101227.272653
101227.117512
101226.994446
101226.8992
101226.82538
101226.764465
101226.713304
101226.679018
101226.671998
101223.23188
101221.960066
101220.850393
101219.898531
101219.092129
101218.410785
101217.834925
101217.345304
101216.931509
101216.587598
101216.304163
101216.072918
101215.886841
101215.739972
101215.626908
101215.540782
101215.472377
101215.416569
101215.378958
101215.367721
101212.610069
101211.066493
101209.745309
101208.634836
101207.706935
101206.931364
101206.279803
101205.729025
101205.268729
101204.889022
101204.577902
101204.325448
101204.12334
101203.964589
101203.843067
101203.751936
101203.681672
101203.625565
101203.587293
101203.57193
101200.624029
101198.937138
101197.525456
101196.360122
101195.398533
101194.602316
101193.936864
101193.379494
101192.919004
101192.541694
101192.234466
101191.98662
101191.789277
101191.635069
101191.517736
101191.43107
101191.365987
101191.314719
101191.279122
101191.260731
101187.044048
101185.398179
101184.057847
101182.971885
101182.089517
101181.367054
101180.769203
101180.275755
101179.872673
101179.545228
101179.28086
101179.069286
101178.90214
101178.772574
101178.674965
101178.604103
101178.551375
101178.509973
101178.480358
101178.460229
101171.727345
101170.367885
101169.299414
101168.458037
101167.791786
101167.258604
101166.826668
101166.47697
101166.19586
101165.97111
101165.792493
101165.651699
101165.542137
101165.45855
101165.396836
101165.353576
101165.321941
101165.296512
101165.276863
101165.256956
101154.678657
101153.912797
101153.354104
101152.94724
101152.650031
101152.430473
101152.264978
101152.139079
101152.044382
101151.974105
101151.922747
101151.885786
101151.859827
101151.842324
101151.831611
101151.827154
101151.825753
101151.823078
101151.817791
101151.800795
101136.199435
101136.373296
101136.573362
101136.78384
101136.992635
101137.191845
101137.375684
101137.539477
101137.682567
101137.806801
101137.914013
101138.005356
101138.081974
101138.145075
101138.196159
101138.238049
101138.271952
101138.295545
101138.307246
101138.295957
101117.170911
101118.518462
101119.632149
101120.563363
101121.347807
101122.013422
101122.581619
101123.062529
101123.464235
101123.798281
101124.075269
101124.303196
101124.488492
101124.636631
101124.752612
101124.842551
101124.912285
101124.962216
101124.991293
101124.987925
101099.046964
101101.487191
101103.453526
101105.054382
101106.371082
101107.463264
101108.378387
101109.146187
101109.78367
101110.309036
101110.740476
101111.092463
101111.376358
101111.601572
101111.776248
101111.909116
101112.009765
101112.082247
101112.126456
101112.132119
101083.216853
101086.343663
101088.883697
101090.951256
101092.646239
101094.044852
101095.208155
101096.18203
101096.992688
101097.660626
101098.207718
101098.652914
101099.011155
101099.294689
101099.513872
101099.678325
101099.79927
101099.885771
101099.940088
101099.954615
101070.318758
101073.630618
101076.379787
101078.647335
101080.51755
101082.065283
101083.351915
101084.428664
101085.329396
101086.074974
101086.686331
101087.183852
101087.584248
101087.901183
101088.145998
101088.327807
101088.457426
101088.549023
101088.60743
101088.629364
101060.245463
101063.359612
101066.004917
101068.229265
101070.084812
101071.630412
101072.91961
101073.999427
101074.906248
101075.661587
101076.282989
101076.789224
101077.196959
101077.519893
101077.769199
101077.952634
101078.080349
101078.168906
101078.225834
101078.253418
101052.496829
101055.199601
101057.536664
101059.539181
101061.233366
101062.656287
101063.849387
101064.851115
101065.694587
101066.401336
101066.985473
101067.462287
101067.846832
101068.151758
101068.387121
101068.558538
101068.674343
101068.752816
101068.803555
101068.8348
101046.430036
101048.641904
101050.576688
101052.258582
101053.701119
101054.923407
101055.954033
101056.822248
101057.554884
101058.171615
101058.683889
101059.103051
101059.44158
101059.710354
101059.917705
101060.066565
101060.163094
101060.225954
101060.266845
101060.299851
101041.49392
101043.200771
101044.705749
101046.026983
101047.173328
101048.153173
101048.984068
101049.686748
101050.281166
101050.783419
101051.202592
101051.546524
101051.824754
101052.045989
101052.216515
101052.336431
101052.409231
101052.453543
101052.482495
101052.5155
101037.23141
101038.449468
101039.531778
101040.488787
101041.3269
101042.049654
101042.666541
101043.19079
101043.635879
101044.013404
101044.329975
101044.590581
101044.801871
101044.97023
101045.099781
101045.187812
101045.235239
101045.259935
101045.276209
101045.307865
101033.269695
101034.021297
101034.702367
101035.311796
101035.851533
101036.322535
101036.728796
101037.076978
101037.37464
101037.628599
101037.842759
101038.01992
101038.164128
101038.279479
101038.367971
101038.424347
101038.447044
101038.452925
101038.456996
101038.486313
101029.263671
101029.583055
101029.896412
101030.189855
101030.458897
101030.700804
101030.914794
101031.101906
101031.264622
101031.405457
101031.525555
101031.625849
101031.708229
101031.774723
101031.825412
101031.852877
101031.853373
101031.842595
101031.835822
101031.862171
101024.852919
101024.819582
101024.830023
101024.861551
101024.904795
101024.954365
101025.006113
101025.056782
101025.104925
101025.1496
101025.189498
101025.224076
101025.253519
101025.278144
101025.296425
101025.299271
101025.281253
101025.256708
101025.241025
101025.264199
101019.780742
101019.50315
101019.295503
101019.133457
101019.00653
101018.909338
101018.836115
101018.780828
101018.739356
101018.708123
101018.68422
101018.666387
101018.653588
101018.64481
101018.637289
101018.620793
101018.588485
101018.55363
101018.531214
101018.551167
101013.964997
101013.538558
101013.190335
101012.899492
101012.656875
101012.458176
101012.296933
101012.165872
101012.059402
101011.972367
101011.901199
101011.844427
101011.800093
101011.766288
101011.739384
101011.708481
101011.665963
101011.623804
101011.596721
101011.613726
101007.448149
101006.939905
101006.508192
101006.137611
101005.821427
101005.556734
101005.336883
101005.154378
101005.003043
101004.877004
101004.77272
101004.688589
101004.622012
101004.570535
101004.529987
101004.489251
101004.440018
101004.393477
101004.363522
101004.377739
101000.324082
100999.771019
100999.290007
100998.870297
100998.507661
100998.200465
100997.942035
100997.725104
100997.543239
100997.390323
100997.263224
100997.160202
100997.078161
100997.014331
100996.964204
100996.916703
100996.863365
100996.814232
100996.782699
100996.794465
100992.684199
100992.100098
100991.585249
100991.131713
100990.737323
100990.401044
100990.116021
100989.875213
100989.671933
100989.50005
100989.357035
100989.240855
100989.148067
100989.075695
100989.019034
100988.967291
100988.911688
100988.861655
100988.829503
100988.838886
100984.590955
100983.976447
100983.431801
100982.950167
100982.530816
100982.172328
100981.867369
100981.608868
100981.389698
100981.203877
100981.049428
100980.92383
100980.823334
100980.744822
100980.683449
100980.628798
100980.572193
100980.521963
100980.489773
100980.497021
100976.071742
100975.423012
100974.848283
100974.340528
100973.899784
100973.523178
100973.202615
100972.930616
100972.69944
100972.503412
100972.340924
100972.208774
100972.103021
100972.020405
100971.956018
100971.899944
100971.843337
100971.793953
100971.762229
100971.767339
100967.12162
100966.437585
100965.834256
100965.303788
100964.846186
100964.456195
100964.124794
100963.843746
100963.604622
100963.402274
100963.235131
100963.099256
100962.990554
100962.90566
100962.839636
100962.7831
100962.727434
100962.679301
100962.648417
100962.651644
100957.71055
100956.998985
100956.375396
100955.831226
100955.365522
100954.970148
100954.635181
100954.351446
100954.110027
100953.906524
100953.739028
100953.60301
100953.494355
100953.409624
100953.343958
100953.288621
100953.234979
100953.189154
100953.159615
100953.161038
100947.796673
100947.078707
100946.453613
100945.913031
100945.454106
100945.066092
100944.738459
100944.46123
100944.225485
100944.027717
100943.865433
100943.733825
100943.628846
100943.54711
100943.483919
100943.431234
100943.380845
100943.337926
100943.310224
100943.310231
100937.347141
100936.658144
100936.061322
100935.54985
100935.118482
100934.755058
100934.449032
100934.190141
100933.970141
100933.786477
100933.636123
100933.514382
100933.417487
100933.342228
100933.284246
100933.236321
100933.190548
100933.15174
100933.126508
100933.125362
100926.363417
100925.748438
100925.217103
100924.765071
100924.385324
100924.066073
100923.797581
100923.57012
100923.376852
100923.216184
100923.084818
100922.978601
100922.894216
100922.828833
100922.778552
100922.737028
100922.697117
100922.663059
100922.640826
100922.639063
100914.899022
100914.404173
100913.975895
100913.612657
100913.3075
100913.050785
100912.834516
100912.650477
100912.494022
100912.364296
100912.258219
100912.172531
100912.10461
100912.052152
100912.011893
100911.978432
100911.945368
100911.916918
100911.898159
100911.896168
100903.062071
100902.725487
100902.43028
100902.178165
100901.964563
100901.783485
100901.629656
100901.497515
100901.384952
100901.291464
100901.214814
100901.152877
100901.103852
100901.066126
100901.037117
100901.012363
100900.986497
100900.963732
100900.948612
100900.946905
100891.012639
100890.853795
100890.705564
100890.573456
100890.457283
100890.355743
100890.267212
100890.189664
100890.122955
100890.066849
100890.020454
100889.982822
100889.953074
100889.930304
100889.912662
100889.896526
100889.877572
100889.860296
100889.848694
100889.847572
100878.957144
100878.961716
100878.947541
100878.924063
100878.895881
100878.866086
100878.836737
100878.808772
100878.783221
100878.76058
100878.741256
100878.725345
100878.712756
100878.703262
100878.695585
100878.68682
100878.673581
100878.660906
100878.652311
100878.651999
100867.086873
100867.205501
100867.286074
100867.340551
100867.37675
100867.400325
100867.415481
100867.424852
100867.430309
100867.433032
100867.434306
100867.434934
100867.435405
100867.435943
100867.435712
100867.432216
100867.423053
100867.413588
100867.407205
100867.407913
100855.500045
100855.667833
100855.793763
100855.88777
100855.958263
100856.01132
100856.051724
100856.083113
100856.107525
100856.125949
100856.140038
100856.150992
100856.159615
100856.166372
100856.170659
100856.170183
100856.163103
100856.155556
100856.150614
100856.151768
)
;

boundaryField
{
    emptyPatch
    {
        type            empty;
    }
    minY
    {
        type            calculated;
        value           nonuniform List<scalar> 0();
    }
    maxY
    {
        type            calculated;
        value           nonuniform List<scalar> 0();
    }
    water_to_cooler
    {
        type            calculated;
        value           nonuniform List<scalar> 
38
(
101226.671998
101215.367721
101203.57193
101191.260731
101178.460229
101165.256956
101151.800795
101138.295957
101124.987925
101112.132119
101099.954615
101088.629364
101078.253418
101068.8348
101060.299851
101052.5155
101045.307865
101038.486313
101031.862171
101025.264199
101018.551167
101011.613726
101004.377739
100996.794465
100988.838886
100980.497021
100971.767339
100962.651644
100953.161038
100943.310231
100933.125362
100922.639063
100911.896168
100900.946905
100889.847572
100878.651999
100867.407913
100856.151768
)
;
    }
    water_to_heater
    {
        type            calculated;
        value           nonuniform List<scalar> 
60
(
101232.987279
101230.760113
101226.12649
101220.057041
101215.540425
101213.365518
101208.246942
101205.99431
101195.197584
101192.519029
101158.983703
101085.570521
101043.972774
101040.443962
101037.51184
101034.567589
101035.643277
101033.313695
101034.455651
101033.564972
101034.025788
101032.092635
101032.51003
101030.570928
101031.063096
101029.091875
101029.612104
101028.726506
101029.151434
101026.906195
101025.262386
101022.967565
101018.695765
101016.341271
101010.836439
101003.332939
100997.943115
100995.488507
100990.285489
100987.876617
100981.830572
100979.421768
100973.290932
100965.352342
100958.805606
100956.30283
100948.681117
100946.155996
100935.81372
100933.228654
100921.520776
100906.609921
100892.83924
100890.062605
100877.033588
100874.316604
100862.630252
100859.984321
100850.740841
100840.270921
)
;
    }
    procBoundary3to1
    {
        type            processor;
        value           nonuniform List<scalar> 
41
(
100840.001266
100840.2469
100840.760358
100841.356249
100841.877929
100842.241365
100842.461605
100842.686116
100842.949983
100843.230885
100843.504546
100843.759981
100843.990911
100829.979341
100828.954304
100830.307102
100830.485729
100830.207457
100829.885027
100840.001266
100829.676964
100844.188674
100844.350082
100844.478515
100844.578484
100844.656155
100844.716748
100844.764596
100844.803835
100844.835811
100844.860786
100844.880272
100844.895665
100844.907793
100844.917256
100844.923421
100844.92399
100844.917607
100844.910683
100844.906225
100844.907936
)
;
    }
    procBoundary3to2
    {
        type            processor;
        value           nonuniform List<scalar> 
41
(
101238.448344
101238.4298
101239.630504
101240.257439
101240.37783
101240.12389
101239.433628
101238.549333
101238.272198
101238.715735
101239.29673
101239.942494
101240.34972
101240.037746
101239.208231
101238.133126
101237.001857
101235.921245
101234.878059
101233.841403
101240.186628
101239.757043
101239.380735
101239.05429
101238.772547
101238.530068
101238.324309
101238.152086
101238.009691
101237.893739
101237.801235
101237.729192
101237.672033
101237.622228
101237.578501
101237.54924
101237.546482
101232.82713
101231.894177
101231.064021
101231.064021
)
;
    }
}


// ************************************************************************* //
