/*--------------------------------*- C++ -*----------------------------------*\
| =========                 |                                                 |
| \\      /  F ield         | OpenFOAM: The Open Source CFD Toolbox           |
|  \\    /   O peration     | Version:  2312                                  |
|   \\  /    A nd           | Website:  www.openfoam.com                      |
|    \\/     M anipulation  |                                                 |
\*---------------------------------------------------------------------------*/
FoamFile
{
    version     2.0;
    format      ascii;
    arch        "LSB;label=32;scalar=64";
    class       volScalarField;
    location    "0.545/water";
    object      rhom;
}
// * * * * * * * * * * * * * * * * * * * * * * * * * * * * * * * * * * * * * //

dimensions      [1 -3 0 0 0 0 0];

internalField   nonuniform List<scalar> 
1503
(
914.675095582
948.674489793
985.465424687
996.317879371
999.290660709
999.886357889
999.985189037
999.998853532
999.999974555
999.999999773
999.999999999
1000
1000
1000
1000
1000
1000
1000
1000
1000
693.685820095
870.991144346
946.558809556
981.72630098
994.134616103
998.396855492
999.629598502
999.933360948
999.993141919
999.999838599
999.999999436
999.999999999
1000
1000
1000
1000
1000
1000
1000
1000
693.683009928
828.55678824
915.693087887
964.046521879
986.031426765
995.247635573
998.639289677
999.688230492
999.952605502
999.997350264
999.999985866
999.999999982
1000
1000
1000
1000
1000
1000
1000
1000
693.683707696
789.656783122
877.396024962
937.610311834
971.870739162
989.028474448
996.418495316
999.058238636
999.821661071
999.982921938
999.999729562
999.999999707
1000
1000
1000
1000
1000
1000
1000
1000
701.048554093
767.072620588
838.545159477
901.587606936
947.681769447
976.462175866
991.341721739
997.494008152
999.465759709
999.932509615
999.997431559
999.999995729
999.999999998
1000
1000
1000
1000
1000
1000
1000
715.670789335
759.49385822
809.489753705
863.794100038
914.408161508
954.398589559
980.318216714
993.503860735
998.467521611
999.774893997
999.986208275
999.999915891
999.999999962
1000
1000
1000
1000
1000
1000
1000
726.580336571
756.76487451
791.357524497
833.214877085
879.738977297
924.66647134
960.929529407
984.404425307
995.655580967
999.258932438
999.940318039
999.998948075
999.999999472
1000
1000
1000
1000
1000
1000
1000
725.287136311
752.499308303
781.432544851
813.332676702
851.697699361
893.994287187
934.843745583
967.941957592
988.747376448
997.59461254
999.749146946
999.991634319
999.999987483
999.999999997
1000
1000
1000
1000
1000
1000
719.029654473
747.542784445
772.680647418
798.425507656
829.818493858
866.900979891
906.765882547
944.819413049
975.277825578
992.941066197
998.976178181
999.944634893
999.999453532
999.999999885
1000
1000
1000
1000
1000
1000
711.406295
744.127715288
764.26637273
784.717811586
810.980334966
843.708908468
880.356504808
918.60838559
954.814351358
982.552069199
996.291686477
999.673672702
999.991983502
999.999992093
999.999999999
1000
1000
1000
1000
1000
712.09985937
742.831866154
757.359847338
772.510505374
794.250865972
823.480837556
857.269160284
893.246873031
929.895163878
964.485315581
988.914009646
998.410891808
999.925534232
999.999353008
999.999999899
1000
1000
1000
1000
1000
710.104839003
743.30662502
755.00700547
766.418603289
783.660708879
808.731801711
839.212482224
871.459718879
904.585780601
939.982654071
973.767988984
994.092225071
999.511246363
999.989864179
999.999984193
999.999999998
1000
1000
1000
1000
711.896675806
745.287591235
756.326675358
767.439751934
783.763999605
805.382576061
829.718118389
855.766295935
882.816448012
914.001593757
951.445051474
983.998214295
997.838906328
999.917922015
999.999473993
999.999999757
1000
1000
1000
1000
710.181683827
749.819583839
758.845689207
770.982325089
787.235501998
807.503891363
827.564130683
846.633637063
866.711352679
892.134058183
927.86905332
968.291225121
993.541598988
999.594552811
999.9947891
999.999993448
999.999999997
1000
1000
1000
712.099312049
756.467557178
764.164780619
778.112517083
795.430037237
813.669469138
829.133149737
841.936170731
856.312780477
877.262662236
909.388362026
951.496280999
986.396231963
998.713101151
999.973225542
999.999926775
999.99999995
1000
1000
1000
710.854711071
763.937866913
772.708670632
788.180832345
805.826273237
821.201388936
831.208271682
839.147899579
850.012675786
868.119387017
896.808724442
937.31231352
977.912677283
997.106482856
999.910852749
999.999569129
999.999999626
1000
1000
1000
712.211378052
769.86280009
781.842814634
796.832449315
811.876299982
823.752543737
830.995166368
836.386424764
845.245567843
861.144563397
886.394951872
924.585697945
968.657965536
994.624893727
999.760620686
999.998042416
999.999998202
999.999999999
1000
1000
711.994078866
771.892423358
787.091717254
799.529103642
811.941963945
822.303665898
827.885371417
831.933768101
839.55416561
852.667455761
873.659447389
909.078613263
956.141926936
990.167908934
999.32713266
999.989764093
999.999989403
999.999999999
1000
1000
716.464857286
770.683997794
783.575261253
794.570933499
805.442534878
814.534005857
819.97084101
824.667236095
831.168825979
840.429798921
856.197306849
886.532769232
934.599008153
979.840815734
997.734585232
999.93303924
999.999695519
999.999999998
1000
1000
726.217579597
761.501359343
766.032200663
774.096612886
786.31846264
799.058919342
808.569368322
815.929513199
822.832967761
830.538456559
839.455548025
857.828140263
898.430364582
955.411001
991.724931852
999.541194977
999.994490067
999.9999986
1000
1000
723.227907848
737.272469527
734.159581055
740.786318323
759.040594795
780.385743926
796.962159604
809.16134242
820.683684528
830.520656893
835.547541426
837.047429132
857.997547265
913.218292909
973.842882132
997.376815119
999.934694956
999.999787384
999.999999998
1000
703.383128064
710.297477566
707.612094509
713.914624819
734.677109137
762.764600134
786.867580703
805.481034644
821.598717183
833.819286158
836.679744028
836.745282301
836.882729138
870.671636252
940.704052393
989.594181841
999.498102614
999.994978665
999.999999556
1000
681.00412036
698.599265173
697.842543613
703.173155966
720.918535415
750.386170578
779.83562693
804.585325219
825.240224512
841.961305539
842.784100304
837.192063932
836.919475853
849.350518349
906.40956896
973.610236791
997.729237106
999.955831166
999.999915669
999.999999997
678.786633417
696.597482866
696.716665552
699.78699433
715.385070845
745.047462178
777.557470925
805.966338492
832.417127624
850.264297071
850.281193272
843.003018003
836.967350521
843.447214024
886.012431506
954.725524705
993.718634803
999.792504626
999.998822835
999.999999906
680.021712581
696.726320052
696.804448681
698.298613254
713.573852081
744.190098662
778.458999701
811.771086467
842.811565928
851.234903006
851.346254584
850.394307958
841.443844378
844.598812822
876.148179543
939.443277294
988.137952224
999.400191983
999.994166855
999.999996731
677.706469217
698.428080888
696.88562095
698.265678378
714.087353869
745.985980033
783.854788366
822.519686289
850.499517032
851.370991096
851.234901431
851.431665364
849.92408196
847.508284101
869.562221029
927.562223264
982.110855247
998.753633241
999.982527396
999.999970028
679.787367305
702.017717456
697.448554212
700.397433258
718.431822554
753.160012826
795.273927236
836.247393504
851.29818459
851.234855956
851.647309518
851.234890488
851.475209383
848.290556881
861.71754238
915.521032965
975.273991595
997.759133576
999.957535899
999.999868773
677.289274734
707.253238736
701.985841507
707.325135058
728.587696631
766.189262127
810.265245763
847.576162402
851.234798243
851.638824624
851.234857049
851.86461852
851.234871235
843.023105498
848.957414634
900.325792841
965.712931496
995.932432178
999.895556203
999.999515913
679.772669149
713.544708238
709.121851866
717.752571463
742.738463886
782.580686779
825.873696425
851.234721318
851.462355487
851.2348118
851.959604653
851.234845962
851.903718432
829.462378259
831.702288327
879.729258559
950.533185598
992.248601597
999.727592975
999.998301819
677.439972335
720.21611071
717.068050127
729.503422823
758.653481041
799.772957264
840.147723153
851.337273424
851.234755822
851.88914307
851.234812442
852.197434974
847.890075442
820.140141249
820.010786541
856.873219067
929.613178693
985.63669514
999.298618065
999.994138297
679.918519199
726.740837659
726.186002131
742.44789315
775.104988146
815.688570642
849.389164818
851.234681132
851.761756865
851.234768752
852.197401425
851.234798627
831.088250667
819.79617955
820.140113518
841.422809111
908.171698747
975.98412498
998.352831426
999.980899309
677.536445583
733.562829071
738.228668211
757.85679502
791.212286074
828.563451995
851.234559142
851.559326488
851.234714454
852.146632314
851.234765597
850.15862076
819.94235275
820.140083614
819.965860625
833.379921631
891.358434982
964.486548019
996.568854285
999.942590037
680.022401054
742.134752096
753.914543152
775.947989112
806.536286059
837.390563887
851.374245093
851.23464008
852.01528489
851.234721796
852.199743766
829.102776686
820.140051624
819.879153763
820.140051135
829.901596574
879.169357911
952.085527066
993.602395581
999.845010222
679.066300647
753.284482158
769.231164867
792.491032725
817.539433896
839.81332511
851.234517398
851.79827787
851.234665521
850.529055165
839.391068994
822.515503191
819.979845082
820.140018341
820.083292597
827.49186731
868.318510349
938.48864358
989.155119959
999.632170343
680.183461812
766.964843295
781.68152087
801.368613396
819.563391061
836.402251217
844.145656813
841.683021586
837.241598656
835.644173133
835.174588243
830.602753374
825.634667629
821.751150528
820.563100741
824.013196225
854.372949997
921.161407563
982.597904599
999.211993615
682.20559575
782.636030015
790.016855917
801.990155279
814.769178374
822.241481932
822.174058175
821.640956459
826.664887638
836.006268462
844.268040896
846.436477145
839.8742679
830.394028102
823.701481355
818.577237382
835.673810372
897.893694829
972.469828897
998.338027382
700.902088909
791.738031858
791.998915653
795.768139241
798.374424762
802.077018439
808.531611773
818.524387863
830.107039105
846.403621004
859.961607816
861.258085174
854.637844882
841.855402642
826.101787226
814.241347688
818.768751775
872.237059802
956.769275409
996.310073407
733.57024245
791.502022089
788.765809015
775.267997673
778.926601184
793.325587671
808.91107195
823.276084099
841.703758607
861.136142717
871.373880615
871.004095632
864.168738212
848.275759685
825.941892082
812.560958046
811.845030002
850.347918194
934.557105253
991.680145583
1000
1000
1000
1000
1000
1000
1000
1000
1000
1000
1000
1000
1000
1000
1000
1000
1000
1000
1000
1000
1000
1000
1000
1000
1000
1000
1000
1000
1000
1000
1000
1000
1000
1000
1000
1000
1000
1000
1000
1000
1000
1000
1000
1000
1000
1000
1000
1000
1000
1000
1000
1000
1000
1000
1000
1000
1000
1000
1000
1000
1000
1000
1000
1000
1000
1000
1000
1000
1000
1000
1000
1000
1000
1000
1000
1000
1000
1000
1000
1000
1000
1000
1000
1000
1000
1000
1000
1000
1000
1000
1000
1000
1000
1000
1000
1000
1000
1000
1000
1000
1000
1000
1000
1000
1000
1000
1000
1000
1000
1000
1000
1000
1000
1000
1000
1000
1000
1000
1000
1000
1000
1000
1000
1000
1000
1000
1000
1000
1000
1000
1000
1000
1000
1000
1000
1000
1000
1000
1000
1000
1000
1000
1000
1000
1000
1000
1000
1000
1000
1000
1000
1000
1000
1000
1000
1000
1000
1000
1000
1000
1000
1000
1000
1000
1000
1000
1000
1000
1000
1000
1000
1000
1000
1000
1000
1000
1000
1000
1000
1000
1000
1000
1000
1000
1000
1000
1000
1000
1000
1000
1000
1000
1000
1000
1000
1000
1000
1000
1000
1000
1000
1000
1000
1000
1000
1000
1000
1000
1000
1000
1000
1000
1000
1000
1000
1000
1000
1000
1000
1000
1000
1000
1000
1000
1000
1000
1000
1000
1000
1000
1000
1000
1000
1000
1000
1000
1000
1000
1000
1000
1000
1000
1000
1000
1000
1000
1000
1000
1000
1000
1000
1000
1000
1000
1000
1000
1000
1000
1000
1000
1000
1000
1000
1000
1000
1000
1000
1000
1000
1000
1000
1000
1000
1000
1000
1000
1000
1000
1000
1000
1000
1000
1000
1000
1000
1000
1000
1000
1000
1000
1000
1000
1000
1000
1000
1000
1000
1000
1000
1000
1000
1000
1000
1000
1000
1000
1000
1000
1000
1000
1000
1000
1000
1000
1000
1000
1000
1000
1000
1000
1000
1000
1000
1000
1000
1000
1000
1000
1000
1000
1000
1000
1000
1000
1000
1000
1000
1000
1000
1000
1000
1000
1000
1000
1000
1000
1000
1000
1000
1000
1000
1000
1000
1000
1000
1000
1000
1000
1000
1000
1000
1000
1000
1000
1000
1000
1000
1000
1000
1000
1000
1000
1000
1000
1000
1000
1000
1000
1000
1000
1000
1000
1000
1000
1000
1000
1000
1000
1000
1000
1000
1000
1000
1000
1000
1000
1000
1000
1000
1000
1000
1000
1000
1000
1000
1000
1000
1000
1000
1000
1000
1000
1000
1000
1000
1000
1000
1000
1000
1000
1000
1000
1000
1000
1000
1000
1000
1000
1000
1000
1000
1000
1000
1000
1000
1000
1000
1000
1000
1000
1000
1000
1000
1000
1000
1000
1000
1000
1000
1000
1000
1000
1000
1000
1000
1000
1000
1000
1000
1000
1000
1000
1000
1000
1000
1000
1000
1000
1000
1000
1000
1000
1000
1000
1000
1000
1000
1000
1000
1000
1000
1000
1000
1000
1000
1000
1000
1000
1000
1000
1000
1000
1000
1000
1000
1000
1000
1000
1000
1000
999.999999999
1000
1000
1000
1000
1000
1000
1000
1000
1000
1000
1000
1000
1000
1000
1000
1000
1000
1000
1000
999.99999999
1000
1000
1000
1000
1000
1000
1000
1000
1000
1000
1000
1000
1000
1000
1000
1000
1000
1000
1000
999.999999925
1000
1000
1000
1000
1000
1000
1000
1000
1000
1000
1000
1000
1000
1000
1000
1000
1000
1000
1000
999.999999538
1000
1000
1000
1000
1000
1000
1000
1000
1000
1000
1000
1000
1000
1000
1000
1000
1000
1000
1000
999.999997185
1000
1000
1000
1000
1000
1000
1000
1000
1000
1000
1000
1000
1000
1000
1000
1000
1000
1000
1000
999.99998411
1000
1000
1000
1000
1000
1000
1000
1000
1000
1000
1000
1000
1000
1000
1000
1000
1000
1000
1000
999.999926755
1000
1000
1000
1000
1000
1000
1000
1000
1000
1000
1000
1000
1000
1000
1000
1000
1000
1000
1000
999.999734314
1000
1000
1000
1000
1000
1000
1000
1000
1000
1000
1000
1000
1000
1000
1000
1000
1000
1000
1000
999.999149984
1000
1000
1000
1000
1000
1000
1000
1000
1000
1000
1000
1000
1000
1000
1000
1000
1000
1000
1000
999.997489282
1000
1000
1000
1000
1000
1000
1000
1000
1000
1000
1000
1000
1000
1000
1000
1000
1000
1000
1000
999.991660316
1000
1000
1000
1000
1000
1000
1000
1000
1000
1000
1000
1000
1000
1000
1000
1000
1000
1000
1000
999.96575374
999.999992754
1000
1000
1000
1000
1000
1000
1000
1000
1000
1000
1000
1000
1000
1000
1000
1000
1000
1000
999.848708143
999.999773605
1000
)
;

boundaryField
{
    emptyPatch
    {
        type            empty;
    }
    minY
    {
        type            calculated;
        value           uniform 1000;
    }
    maxY
    {
        type            calculated;
        value           nonuniform List<scalar> 0();
    }
    water_to_cooler
    {
        type            calculated;
        value           nonuniform List<scalar> 
37
(
1000
1000
1000
1000
1000
1000
1000
1000
1000
1000
1000
1000
1000
1000
1000
1000
1000
1000
1000
1000
1000
1000
1000
1000
1000
1000
1000
1000
1000
1000
1000
1000
1000
1000
1000
1000
1000
)
;
    }
    water_to_heater
    {
        type            calculated;
        value           nonuniform List<scalar> 
61
(
914.616860013
693.518392883
693.518443679
693.518637278
693.518657071
693.518417046
693.518422943
700.884578637
715.510883309
726.423537181
726.423531828
725.129031985
725.129026924
718.86893241
718.868927842
711.242274349
711.936521173
709.940625592
709.940623054
711.733573296
711.733571233
710.017750493
710.017748423
711.936457513
710.691107626
712.048340785
712.048338346
711.830585319
711.830582523
716.302614572
716.30261124
726.058949659
723.067885303
703.216282307
703.216278566
680.829994435
680.829990603
678.612867947
678.612863797
679.849023206
677.532768736
679.614840862
679.614836727
677.115415898
677.115411834
679.599970483
679.599966121
677.265967508
679.745697903
677.36236722
677.362362862
679.849469673
679.849465143
678.892777083
678.892771932
680.010513938
682.032219609
700.733434715
700.733427258
733.413093916
733.413085953
)
;
    }
    procBoundary2to3
    {
        type            processor;
        value           nonuniform List<scalar> 
41
(
764.192405198
787.388299497
761.462865181
746.754704226
768.838831634
795.23774707
815.272433632
835.163658772
856.135688196
872.046767404
878.188679932
877.187697092
869.579362343
850.853946308
825.350468016
812.150270472
810.66437718
833.606714812
908.474687899
982.350002608
1000
1000
1000
1000
1000
1000
1000
1000
1000
1000
1000
1000
1000
1000
1000
1000
1000
999.382148904
999.997115788
1000
1000
)
;
    }
}


// ************************************************************************* //
