/*--------------------------------*- C++ -*----------------------------------*\
| =========                 |                                                 |
| \\      /  F ield         | OpenFOAM: The Open Source CFD Toolbox           |
|  \\    /   O peration     | Version:  2312                                  |
|   \\  /    A nd           | Website:  www.openfoam.com                      |
|    \\/     M anipulation  |                                                 |
\*---------------------------------------------------------------------------*/
FoamFile
{
    version     2.0;
    format      ascii;
    arch        "LSB;label=32;scalar=64";
    class       volScalarField;
    location    "0.435/water";
    object      p;
}
// * * * * * * * * * * * * * * * * * * * * * * * * * * * * * * * * * * * * * //

dimensions      [1 -1 -2 0 0 0 0];

internalField   nonuniform List<scalar> 
1504
(
100928.812123
100925.008035
100925.10985
100923.62377
100921.178687
100918.778428
100916.385332
100914.084446
100912.252939
100910.759464
100909.523803
100908.082214
100906.810887
100905.340207
100903.398857
100901.742041
100900.892951
100900.56524
100899.872348
100898.271952
100923.29529
100916.817402
100915.43437
100913.049129
100910.076699
100907.347516
100905.073485
100903.226041
100901.599445
100900.137638
100898.396688
100896.309569
100893.906147
100891.09642
100888.364723
100886.490908
100885.613919
100885.149288
100884.442795
100882.893485
100915.700871
100906.859674
100904.085563
100902.022833
100899.170351
100896.74266
100894.526684
100892.490061
100890.507299
100888.160472
100885.142731
100881.583247
100877.815135
100874.115745
100871.036842
100869.05796
100868.006708
100867.27202
100866.626045
100865.346956
100909.208744
100896.472316
100893.421188
100890.975153
100887.948138
100885.173319
100882.132898
100878.98713
100875.44399
100871.256311
100866.621153
100861.99422
100857.577133
100853.55518
100850.427557
100848.458014
100847.282339
100846.510533
100846.02151
100845.150211
100883.609404
100866.318648
100864.622909
100864.442774
100863.020596
100860.080277
100856.291595
100852.073533
100847.598646
100843.093941
100838.882736
100835.043516
100831.460172
100828.268158
100825.872043
100824.373089
100823.510924
100823.07639
100822.811092
100822.424676
100784.578085
100771.424642
100783.464997
100791.235321
100796.739396
100799.882375
100801.047067
100800.917907
100800.348505
100799.770123
100799.322531
100798.961738
100798.590829
100798.180015
100797.857916
100797.677495
100797.692483
100797.942319
100798.087707
100798.335601
100681.852326
100682.829941
100688.37434
100695.769265
100704.016019
100714.53506
100726.103843
100735.706439
100742.982524
100748.92448
100754.033524
100758.517572
100762.527648
100766.069429
100768.90218
100770.800751
100772.077847
100773.186743
100774.00622
100774.945676
100679.141497
100679.129723
100679.070446
100679.032064
100679.318569
100680.613441
100685.188853
100694.32286
100704.202332
100712.533788
100719.760209
100726.288867
100732.300288
100737.919003
100742.993041
100746.873409
100749.439149
100751.300051
100752.937934
100754.217929
100677.619557
100677.611085
100677.592538
100677.562863
100677.519835
100677.495745
100677.725244
100679.750119
100685.518817
100692.702282
100699.439228
100705.668071
100711.555536
100717.181333
100722.538877
100727.279875
100730.747711
100733.114786
100735.014112
100736.500873
100676.484165
100676.481599
100676.473389
100676.464283
100676.45391
100676.439249
100676.412653
100676.665935
100678.79901
100683.086546
100688.243783
100693.318055
100698.223943
100703.010444
100707.606274
100711.970012
100715.586699
100718.124807
100720.098924
100721.849868
100675.477047
100675.474321
100675.470284
100675.465287
100675.457951
100675.448017
100675.434417
100675.461384
100676.355675
100678.710513
100682.154339
100685.881238
100689.635025
100693.391079
100697.086438
100700.551351
100703.669377
100706.170387
100708.013651
100709.70058
100674.551306
100674.550308
100674.549671
100674.549339
100674.548458
100674.546402
100674.54105
100674.610595
100675.136773
100676.596062
100678.801774
100681.353227
100684.059335
100686.835123
100689.581345
100692.210915
100694.548854
100696.420765
100697.945516
100699.633031
100673.688441
100673.687683
100673.689238
100673.692763
100673.697048
100673.701909
100673.708407
100673.801297
100674.15157
100675.140619
100676.565326
100678.237847
100680.121675
100682.071582
100684.000664
100685.846615
100687.353466
100688.430394
100689.570869
100691.089353
100672.837311
100672.837985
100672.841489
100672.845216
100672.847107
100672.845443
100672.913324
100673.039671
100673.339839
100674.039313
100674.880559
100675.826363
100676.995044
100678.246328
100679.465228
100680.639679
100681.485731
100681.675483
100682.301282
100683.57977
100671.996113
100671.998203
100672.005946
100672.01565
100672.027134
100672.040776
100672.207454
100672.365317
100672.675492
100673.148205
100673.400653
100673.64414
100674.249991
100674.896072
100675.458517
100675.984879
100676.149289
100675.630734
100675.680053
100676.647071
100671.076221
100671.081187
100671.092522
100671.107669
100671.121154
100671.212635
100671.357391
100671.572037
100671.85609
100671.913881
100671.470154
100671.271793
100671.346114
100671.396285
100671.421792
100671.347609
100670.901649
100669.705824
100669.261732
100669.937384
100669.984279
100669.998199
100670.031307
100670.049947
100670.179725
100670.3092
100670.469863
100670.652721
100670.681484
100669.91844
100668.916253
100668.367033
100668.026786
100667.560589
100666.937099
100666.331721
100665.215872
100663.525957
100662.765098
100663.175724
100668.38044
100668.414839
100668.89573
100669.152745
100669.327263
100669.421512
100669.521223
100669.464911
100668.589762
100666.932024
100665.570196
100664.815963
100663.94153
100662.887556
100661.795677
100660.448977
100658.733622
100656.863209
100655.880008
100655.951393
100665.747701
100666.33199
100667.676799
100668.231034
100668.328162
100668.280958
100667.985918
100666.792709
100664.620328
100662.589424
100661.286437
100659.966371
100658.661041
100657.201526
100655.29151
100653.412855
100651.401357
100649.500074
100648.193134
100647.878248
100663.070861
100663.183541
100664.9932
100665.69645
100665.653041
100664.988535
100663.232595
100660.690551
100658.436187
100656.929614
100655.2186
100653.569557
100651.878911
100649.752321
100647.533192
100645.300998
100643.218511
100641.091694
100639.435698
100638.743677
100660.636053
100657.176663
100660.343214
100661.257821
100659.894638
100657.44495
100654.912882
100652.801158
100651.402412
100649.612918
100647.70086
100645.681176
100643.516011
100641.226997
100638.560837
100636.242211
100633.95502
100631.523333
100629.568813
100628.494649
100658.521523
100649.485187
100653.706197
100653.363087
100650.466789
100648.54444
100646.695976
100645.338866
100643.406243
100641.387425
100639.261006
100636.784213
100634.309539
100631.398416
100628.824961
100626.378425
100623.732811
100620.91281
100618.551786
100617.026864
100656.826092
100643.679692
100646.322497
100645.048328
100643.566589
100641.541305
100640.027218
100637.703957
100635.202462
100632.745
100629.900174
100627.210178
100623.937226
100620.955519
100618.182802
100615.400635
100612.305747
100609.022594
100606.206952
100604.188332
100655.506932
100641.671337
100640.772469
100640.382873
100637.635246
100635.478805
100632.561801
100629.504158
100626.411199
100622.623772
100619.389273
100615.543722
100611.971094
100608.401964
100605.317986
100602.162494
100598.764255
100595.27477
100592.151421
100589.757881
100652.430939
100637.541603
100635.596094
100633.64012
100630.193852
100626.72765
100622.734931
100618.652681
100613.198776
100608.908748
100603.67921
100599.331977
100594.904504
100591.415615
100588.164518
100584.982564
100581.827143
100578.722216
100575.853597
100573.541302
100621.003471
100605.395297
100605.04236
100604.121684
100601.789432
100598.576645
100594.821633
100589.336371
100585.22624
100580.483015
100576.582313
100572.844912
100569.897412
100567.309676
100564.96496
100562.788853
100560.768635
100558.890449
100557.147235
100555.635832
100509.488612
100494.108232
100500.125548
100505.976187
100510.678178
100516.008093
100521.733485
100527.660837
100531.406997
100533.565609
100534.684281
100535.449785
100535.960594
100536.301309
100536.513739
100536.634572
100536.670824
100536.631961
100536.558902
100536.499914
100457.673902
100457.328244
100457.385929
100458.000445
100459.52678
100462.010302
100466.182987
100472.408842
100480.055614
100487.5283
100493.673628
100498.545904
100502.5542
100505.919456
100508.764717
100511.144666
100513.12353
100514.765947
100516.088996
100517.246795
100456.512049
100456.490522
100456.483139
100456.475994
100456.470775
100456.469291
100456.491194
100457.245245
100459.595857
100463.999707
100469.60281
100475.018299
100479.750094
100483.90907
100487.615008
100490.857489
100493.637985
100496.000037
100498.004281
100499.587911
100455.713294
100455.711285
100455.71157
100455.710628
100455.706884
100455.700321
100455.691685
100455.75815
100456.239019
100457.657274
100460.268691
100463.712638
100467.243371
100470.544433
100473.613393
100476.444891
100478.951223
100481.145408
100483.009482
100484.560057
100454.927311
100454.92556
100454.923753
100454.920135
100454.914385
100454.906715
100454.896998
100454.879001
100454.954323
100455.496164
100456.705713
100458.448933
100460.419901
100462.40398
100464.385838
100466.267301
100468.014091
100469.539841
100470.847678
100471.85938
100454.132042
100454.13151
100454.129322
100454.12361
100454.115154
100454.104942
100454.092806
100454.052961
100453.952679
100454.119671
100454.689383
100455.453543
100456.251921
100457.187136
100458.141164
100459.068391
100459.907352
100460.594867
100461.049944
100461.268046
100453.337183
100453.336934
100453.333336
100453.325308
100453.314817
100453.303915
100453.293523
100453.2399
100453.040947
100453.002758
100453.205562
100453.33499
100453.307671
100453.371349
100453.599963
100453.738389
100453.775236
100453.702633
100453.446745
100452.877439
100452.547781
100452.544166
100452.53594
100452.523272
100452.507682
100452.490516
100452.475196
100452.399546
100452.200236
100452.107365
100452.042813
100451.521414
100450.784779
100450.477478
100450.120236
100449.699021
100449.179257
100448.475331
100447.617601
100446.534752
100451.817398
100451.805693
100451.792688
100451.778051
100451.761431
100451.743234
100451.723853
100451.628477
100451.414285
100451.233916
100450.824868
100449.811699
100448.879428
100448.223318
100447.620816
100446.822654
100445.863963
100444.808532
100443.507607
100441.987557
100451.162294
100451.144238
100451.130357
100451.116751
100451.101518
100451.084482
100451.072012
100451.028436
100450.885121
100450.684451
100450.061096
100448.808073
100447.636515
100446.950117
100446.036999
100445.006677
100443.819976
100442.413568
100440.898253
100439.119943
100450.572818
100450.555459
100450.544774
100450.534241
100450.521917
100450.507443
100450.516407
100450.56895
100450.585385
100450.475488
100449.761662
100448.347014
100447.209652
100446.238731
100445.26411
100444.01525
100442.591384
100441.051161
100439.254353
100437.304899
100450.052762
100450.037746
100450.029847
100450.021916
100450.012944
100450.001385
100450.05695
100905.78796
100904.762094
100903.901321
100903.182604
100902.584465
100902.085874
100901.66768
100901.314759
100901.016641
100900.765949
100900.556779
100900.38462
100900.245621
100900.137186
100900.056879
100900.003009
100899.969825
100896.148791
100894.230802
100892.648629
100891.327721
100890.225594
100889.311512
100888.557117
100887.935063
100887.419862
100886.989486
100886.627475
100886.322454
100886.066227
100885.8525
100885.676266
100885.533655
100885.421745
100885.33878
100885.282729
100885.246248
100880.691977
100878.681198
100877.061069
100875.731043
100874.636898
100873.743491
100873.017353
100872.426029
100871.940529
100871.537172
100871.199109
100870.914686
100870.675716
100870.475891
100870.310468
100870.175688
100870.069278
100869.989553
100869.935145
100869.896982
100863.371568
100861.490875
100860.01836
100858.836925
100857.882191
100857.119056
100856.512281
100856.027164
100855.633926
100855.309609
100855.038586
100854.810366
100854.617768
100854.455522
100854.319713
100854.207514
100854.117249
100854.048672
100854.000913
100853.963443
100843.858667
100842.473885
100841.42116
100840.606248
100839.964798
100839.470923
100839.095079
100838.806094
100838.578123
100838.392408
100838.237106
100838.104744
100837.990728
100837.891894
100837.806219
100837.732372
100837.670361
100837.621086
100837.585404
100837.551658
100822.17359
100821.752678
100821.438649
100821.231337
100821.088717
100821.006919
100820.973001
100820.967373
100820.974065
100820.982704
100820.988076
100820.987927
100820.981775
100820.969867
100820.952906
100820.931945
100820.908748
100820.886594
100820.868045
100820.841056
100799.040831
100799.940893
100800.632771
100801.22056
100801.715233
100802.147621
100802.532035
100802.868051
100803.154784
100803.39359
100803.588191
100803.743075
100803.863104
100803.952693
100804.016036
100804.056901
100804.079604
100804.089247
100804.09108
100804.073472
100776.196178
100778.212947
100779.961458
100781.37855
100782.532353
100783.491681
100784.301296
100784.982682
100785.551606
100786.021947
100786.406699
100786.717378
100786.964238
100787.156031
100787.300387
100787.403963
100787.473137
100787.515422
100787.538213
100787.531313
100755.673298
100758.029618
100760.52837
100762.604263
100764.292605
100765.683719
100766.843767
100767.811346
100768.61541
100769.279676
100769.824477
100770.266834
100770.621357
100770.900224
100771.11395
100771.27143
100771.381066
100771.451594
100771.492686
100771.496354
100738.180486
100740.394519
100743.12789
100745.567308
100747.575224
100749.232186
100750.611969
100751.761954
100752.718184
100753.509721
100754.16087
100754.691735
100755.119355
100755.457965
100755.719754
100755.915092
100756.053275
100756.144137
100756.198386
100756.210831
100723.599521
100725.58353
100728.116362
100730.587008
100732.67546
100734.411913
100735.862997
100737.076015
100738.087778
100738.928013
100739.621571
100740.188999
100740.6478
100741.012641
100741.29619
100741.509169
100741.661262
100741.762062
100741.822851
100741.841288
100711.428993
100713.21358
100715.38064
100717.633123
100719.601024
100721.255476
100722.645861
100723.813321
100724.790955
100725.60578
100726.280574
100726.834336
100727.283379
100727.641521
100727.920762
100728.131364
100728.282355
100728.382863
100728.443541
100728.464632
100701.229604
100702.795725
100704.560175
100706.455972
100708.164146
100709.618374
100710.848414
100711.886092
100712.758431
100713.487854
100714.093573
100714.591757
100714.9965
100715.319827
100715.572325
100715.763033
100715.89998
100715.990924
100716.045583
100716.066149
100692.511928
100693.840296
100695.217739
100696.704241
100698.073673
100699.252981
100700.257129
100701.107742
100701.825022
100702.426151
100702.926144
100703.337781
100703.672361
100703.939627
100704.14824
100704.30564
100704.418279
100704.492515
100704.536513
100704.553737
100684.811696
100685.905907
100686.930348
100688.006151
100689.002753
100689.866774
100690.607257
100691.236376
100691.76768
100692.213146
100692.583535
100692.888062
100693.135059
100693.331736
100693.484615
100693.599242
100693.680402
100693.732613
100693.762492
100693.774078
100677.6971
100678.596456
100679.317605
100680.00658
100680.623731
100681.154712
100681.613073
100682.00302
100682.331859
100682.606643
100682.833999
100683.019636
100683.168873
100683.286344
100683.376322
100683.442411
100683.487507
100683.514331
100683.527779
100683.531885
100670.835493
100671.575161
100672.038791
100672.369242
100672.615129
100672.809579
100672.980416
100673.125661
100673.246606
100673.345519
100673.425015
100673.487348
100673.534888
100673.569693
100673.593832
100673.608945
100673.616118
100673.616052
100673.611888
100673.607082
100663.899029
100664.479186
100664.72816
100664.740666
100664.641593
100664.513247
100664.405485
100664.313161
100664.231982
100664.159663
100664.094964
100664.036842
100663.984829
100663.938544
100663.897967
100663.863019
100663.83322
100663.807376
100663.786303
100663.771805
100656.446655
100656.871216
100656.972136
100656.740575
100656.350851
100655.939027
100655.582052
100655.275695
100655.011684
100654.784059
100654.58831
100654.420485
100654.277622
100654.157148
100654.057197
100653.976189
100653.912512
100653.863398
100653.827028
100653.802271
100648.088511
100648.351949
100648.386547
100648.017968
100647.422351
100646.790585
100646.232904
100645.75113
100645.335594
100644.978409
100644.672813
100644.412665
100644.193029
100644.009606
100643.85904
100643.738585
100643.645817
100643.576956
100643.527727
100643.492759
100638.648011
100638.759364
100638.761172
100638.337711
100637.624812
100636.843869
100636.140322
100635.528807
100634.999617
100634.544469
100634.155383
100633.824705
100633.546115
100633.314087
100633.12428
100632.973161
100632.857939
100632.774689
100632.717262
100632.673324
100628.074523
100627.945158
100627.87466
100627.477689
100626.763225
100625.919865
100625.133347
100624.444995
100623.846415
100623.330333
100622.888752
100622.513262
100622.19666
100621.932678
100621.71643
100621.544062
100621.412858
100621.320279
100621.261874
100621.21369
100616.177179
100615.734323
100615.611548
100615.330976
100614.714304
100613.897188
100613.09458
100612.387327
100611.769279
100611.234583
100610.776454
100610.386414
100610.056795
100609.780836
100609.553393
100609.37046
100609.229293
100609.128919
100609.074137
100609.02622
100602.924697
100602.363758
100602.14814
100601.937413
100601.417848
100600.695145
100599.945916
100599.280746
100598.700334
100598.197837
100597.767945
100597.40284
100597.09494
100596.837501
100596.62546
100596.455269
100596.324447
100596.229761
100596.170627
100596.125746
100588.250245
100587.515264
100587.127286
100586.98469
100586.645957
100586.140376
100585.569892
100585.04473
100584.584808
100584.182939
100583.837461
100583.543365
100583.29459
100583.085112
100582.910717
100582.767708
100582.652259
100582.562656
100582.499672
100582.451785
100571.906529
100571.092286
100570.723608
100570.680629
100570.576569
100570.328253
100570.033225
100569.74735
100569.492158
100569.261932
100569.058805
100568.88274
100568.730997
100568.600288
100568.485474
100568.381907
100568.290003
100568.213188
100568.155933
100568.114212
100554.403966
100553.650048
100553.564139
100553.499222
100553.585919
100553.600115
100553.60831
100553.621105
100553.630783
100553.627752
100553.613733
100553.593938
100553.570689
100553.53888
100553.495437
100553.443983
100553.389868
100553.33782
100553.296312
100553.267666
100536.12714
100535.696661
100535.74429
100535.878277
100536.220449
100536.510362
100536.777308
100537.066981
100537.34648
100537.585251
100537.778418
100537.931214
100538.040584
100538.106322
100538.138752
100538.14767
100538.139083
100538.120156
100538.101278
100538.08735
100517.90524
100517.969757
100518.339574
100518.713086
100519.119956
100519.655688
100520.105258
100520.566837
100521.036421
100521.469832
100521.842024
100522.139322
100522.356509
100522.504252
100522.599351
100522.658537
100522.693316
100522.710634
100522.717768
100522.711403
100500.892261
100501.476577
100501.774592
100502.229027
100502.787423
100503.37695
100503.897775
100504.404356
100504.942451
100505.479552
100505.9652
100506.367172
100506.671858
100506.881258
100507.019905
100507.120766
100507.200757
100507.261499
100507.301415
100507.295008
100485.699677
100486.127668
100486.306083
100486.695643
100487.05604
100487.597607
100488.094569
100488.549879
100489.054693
100489.606872
100490.160828
100490.6747
100491.102117
100491.417149
100491.635464
100491.801229
100491.94792
100492.075589
100492.167491
100492.171194
100472.211321
100472.201868
100472.057549
100472.138368
100472.301879
100472.461643
100472.670409
100472.91469
100473.270935
100473.752503
100474.362253
100475.084313
100475.842481
100476.532006
100477.05511
100477.409143
100477.66925
100477.878974
100478.035615
100478.082252
100460.888474
100460.040959
100459.484169
100459.05591
100458.562235
100458.14683
100457.828767
100457.688441
100457.769632
100458.100011
100458.802934
100459.923121
100461.323681
100462.791648
100464.044597
100464.825806
100465.206597
100465.435776
100465.614261
100465.705077
100451.831822
100450.205345
100448.778498
100447.622075
100446.550256
100445.597748
100444.792395
100444.179683
100443.812339
100443.839958
100444.394245
100445.494414
100447.061593
100448.787711
100450.506851
100451.921198
100452.6698
100452.948217
100453.140344
100453.153885
100444.95975
100442.701968
100440.561589
100438.678842
100437.143949
100435.899078
100434.823334
100433.847303
100432.961235
100432.326723
100432.06346
100432.230826
100432.595087
100432.431124
100431.359494
100429.703929
100430.056563
100431.175332
100432.587914
100433.048415
100440.149032
100437.815336
100435.078333
100432.475752
100430.563088
100429.213361
100427.909223
100426.611612
100425.446981
100424.306727
100423.140222
100421.538312
100418.233156
100413.774106
100411.987393
100411.697437
100411.619111
100411.473608
100411.89349
100413.035837
100437.095752
100434.693285
100431.800022
100428.548023
100426.080412
100424.579648
100423.328862
100422.008427
100420.666513
100419.34917
100417.618694
100413.891641
100408.924978
100409.754791
100409.896492
100409.89738
100409.895928
100409.886798
100408.908876
100409.553572
100435.143207
100432.728762
100429.720982
100426.136696
100422.9194
100421.028461
100419.722254
100418.311722
100416.77898
100415.03106
100411.914388
100408.167881
100409.08179
100409.06876
100409.075513
100409.079178
100409.084756
100409.091616
100407.90622
100408.239107
)
;

boundaryField
{
    emptyPatch
    {
        type            empty;
    }
    minY
    {
        type            calculated;
        value           nonuniform List<scalar> 0();
    }
    maxY
    {
        type            calculated;
        value           nonuniform List<scalar> 0();
    }
    water_to_cooler
    {
        type            calculated;
        value           nonuniform List<scalar> 
38
(
100899.969825
100885.246248
100869.896982
100853.963443
100837.551658
100820.841056
100804.073472
100787.531313
100771.496354
100756.210831
100741.841288
100728.464632
100716.066149
100704.553737
100693.774078
100683.531885
100673.607082
100663.771805
100653.802271
100643.492759
100632.673324
100621.21369
100609.02622
100596.125746
100582.451785
100568.114212
100553.267666
100538.08735
100522.711403
100507.295008
100492.171194
100478.082252
100465.705077
100453.153885
100433.048415
100413.035837
100409.553572
100408.239107
)
;
    }
    water_to_heater
    {
        type            calculated;
        value           nonuniform List<scalar> 
60
(
100929.4031
100927.391992
100923.385618
100915.792984
100911.626544
100908.514046
100885.550583
100881.81672
100785.547427
100781.991565
100681.950987
100679.224364
100678.344096
100677.465727
100676.98845
100676.097029
100675.751608
100674.879781
100674.607493
100673.745227
100673.562496
100672.672603
100672.4944
100671.6181
100671.363362
100670.471943
100670.0536
100668.453115
100666.469249
100665.598937
100663.585066
100662.690663
100660.921286
100660.04435
100658.587022
100656.900696
100656.670448
100655.26336
100653.648328
100651.47026
100621.851732
100618.965569
100509.622806
100457.810995
100457.450035
100456.334037
100456.233232
100455.357943
100455.222743
100454.351287
100454.209275
100453.4154
100453.380422
100452.38386
100452.555981
100451.291545
100451.656398
100450.190105
100450.70906
100450.191092
)
;
    }
    procBoundary3to1
    {
        type            processor;
        value           nonuniform List<scalar> 
41
(
100450.230226
100450.437588
100450.463404
100449.676478
100448.200656
100446.903751
100446.005113
100444.773155
100443.39408
100441.848764
100440.069824
100438.173047
100435.996392
100449.539595
100449.518889
100449.523094
100449.543315
100449.536354
100449.543282
100450.230226
100449.678294
100433.613135
100431.124468
100428.206725
100424.298367
100420.479964
100418.006318
100416.434912
100414.860631
100413.039121
100410.557603
100407.735132
100408.373314
100408.360617
100408.346387
100408.333949
100408.327675
100408.326893
100408.329058
100406.899425
100407.311848
)
;
    }
    procBoundary3to2
    {
        type            processor;
        value           nonuniform List<scalar> 
41
(
100934.754427
100932.702391
100933.473829
100932.951268
100931.467375
100929.619442
100928.028882
100926.499379
100924.62283
100922.970015
100921.108817
100919.713436
100918.151247
100917.433142
100916.456751
100915.377793
100914.659438
100914.288262
100913.549631
100912.051859
100919.309578
100918.407179
100917.643314
100917.000272
100916.461176
100916.009837
100915.63019
100915.308928
100915.036768
100914.807342
100914.615691
100914.45774
100914.330289
100914.230784
100914.157292
100914.10832
100914.079629
100910.156135
100908.442879
100907.003644
100907.003644
)
;
    }
}


// ************************************************************************* //
