/*--------------------------------*- C++ -*----------------------------------*\
| =========                 |                                                 |
| \\      /  F ield         | OpenFOAM: The Open Source CFD Toolbox           |
|  \\    /   O peration     | Version:  2312                                  |
|   \\  /    A nd           | Website:  www.openfoam.com                      |
|    \\/     M anipulation  |                                                 |
\*---------------------------------------------------------------------------*/
FoamFile
{
    version     2.0;
    format      ascii;
    arch        "LSB;label=32;scalar=64";
    class       volScalarField;
    location    "0.35/water";
    object      rhom;
}
// * * * * * * * * * * * * * * * * * * * * * * * * * * * * * * * * * * * * * //

dimensions      [1 -3 0 0 0 0 0];

internalField   nonuniform List<scalar> 
750
(
713.02954027
726.338810196
747.64073269
768.229072491
786.472167181
802.159949553
815.932792762
828.230370441
839.31434154
849.260291692
858.230287193
866.745914339
875.280872332
883.657292534
891.033522805
896.06562003
899.153533003
902.511003229
908.08423502
915.625414274
850.791226563
823.109963688
839.028817512
837.48602148
841.005550673
843.848979191
847.802137467
854.251367596
865.250407972
876.288698941
876.290138867
865.988398377
848.528741334
846.295872096
851.30509663
871.031571202
896.694312872
901.199210151
885.362608656
858.169023446
861.942147293
832.752320918
850.119696664
848.439398413
852.170316937
854.678011514
857.394421191
860.970905393
867.777518012
876.243425654
875.777918362
864.818678636
848.662662705
846.233743416
854.66989959
871.211108934
867.975284758
838.015107435
834.083791018
834.22936815
862.400857753
835.072684867
853.887906929
853.402434341
858.028860813
862.428638101
866.873341739
870.302704485
873.787232891
878.681361666
884.550216216
884.362969269
864.55704935
833.43035745
834.204006046
833.294730822
834.216389295
833.626812897
834.226825205
833.946501965
881.666661308
881.681016139
897.361695061
900.330131747
905.522215626
909.009144526
912.300730528
915.046551487
917.350790372
918.775237453
919.487993449
920.377079997
921.86369985
921.882701452
921.518322691
920.472130419
918.752206528
916.15405276
912.91257501
909.929674108
881.655873263
869.788898345
886.349491429
891.197720028
898.102984621
903.116283354
907.799865693
911.732208258
914.919476797
917.409586745
920.313740941
923.263265905
923.255690644
923.408653945
923.261100165
923.503753062
923.266420408
923.496275126
923.271414545
923.488778989
764.551600187
755.853999018
767.502376178
780.452341589
796.903540719
812.286356022
824.281507069
830.739953387
832.931563751
834.973143569
841.181671224
856.09307343
880.630286551
908.977655148
921.621716606
911.172043733
867.420711228
858.832903385
858.85107233
875.084357493
631.984228453
634.185381152
638.010447581
642.520512537
646.436072282
649.251073687
651.127663196
652.616899586
654.386977429
657.221070428
662.146684059
670.332920739
683.212214966
710.008176199
788.847034765
876.190989805
908.552287017
912.197126911
910.228003882
911.898612616
598.168680895
598.97069754
600.043293708
600.782647266
600.813587442
600.831666504
600.846587673
600.868555126
600.885570111
600.909144318
600.944556234
601.014887285
604.903578265
638.675782632
832.804002713
935.277310181
938.247306085
938.256306189
932.34729928
928.761320438
598.167883606
598.797858083
599.724758448
600.705564892
601.434357047
601.926012081
602.36740081
602.974031517
604.048592733
606.153792805
610.150213737
616.551099647
625.486627371
649.009549381
687.733501934
796.6779062
903.86220901
938.25946505
944.596650278
944.685319923
602.713334008
602.733148271
603.431005992
604.792497733
606.473073317
608.106916172
609.80365224
612.003908112
615.804421789
623.665776843
639.248506417
658.664817941
667.77263427
669.134747297
673.846038862
694.931539744
742.920895571
803.127106839
856.878528751
891.069828217
599.533089415
599.502387249
599.772737622
599.692302906
599.585053908
599.98866173
600.870604972
602.480952297
605.447680784
611.210612579
622.194670376
639.443312803
657.863347961
669.611150622
675.731068374
685.099415195
708.125780732
748.493263474
790.800355806
815.881639528
595.79990163
595.813183075
594.564577142
591.309592758
587.816158639
586.182197307
586.161145215
586.731016041
588.043388803
590.319741393
594.356643461
601.608477627
613.327949779
628.173501906
644.20888967
664.467091383
696.277473225
738.415735809
775.191106795
790.613332681
638.337365491
635.748029672
624.324033314
604.838639099
588.981351229
583.130271136
582.850453579
582.864167832
583.015342471
583.663786297
585.439798303
589.601704896
598.450226354
614.706234806
639.547592184
670.385894775
701.143177039
727.493646661
748.657406072
763.755313134
833.961494964
825.071136574
802.323406707
714.004083458
623.445098257
589.909656941
583.899827459
584.379778765
586.736132524
592.264480668
602.397281518
618.610205895
641.149465033
665.706384749
684.23186035
694.029169572
699.527263707
707.755851419
724.877572074
750.601288914
834.822154188
834.80883936
842.156370899
842.189411938
792.032441945
649.823401396
593.508869039
588.99681334
595.224264932
609.306036911
630.144763569
652.900338407
668.335440525
673.406173676
674.128722715
675.439213792
680.425013655
695.316131169
726.710328184
767.257563111
675.336646438
678.156154425
680.337628105
673.974224445
652.310399525
618.913410349
595.070118584
588.476954732
589.046096999
592.204876732
599.111087082
609.30822147
620.554366475
630.433892207
638.472281932
648.351902887
662.70828672
684.825159336
726.396118242
781.995818817
601.947679017
602.211467216
600.603638456
596.20615333
590.403697614
586.158309239
583.928388923
583.087530632
583.098921057
583.183010603
583.97018149
586.047505221
588.211997483
586.966933062
586.206765614
590.038089295
600.626952146
618.957026917
664.918482304
773.765434459
675.412344495
676.44977847
676.224503061
672.919392922
666.86025101
660.614784804
655.916449653
653.480231584
653.329169098
653.627758936
649.984513709
634.631211337
607.689950651
582.896169548
582.981344107
582.912393507
583.009344257
585.242934009
610.399269025
690.083158222
893.613380605
880.608099076
896.940027337
896.193537813
897.408947173
895.621811081
891.622130964
887.231705646
891.934180865
902.837012544
879.465380007
729.052754977
599.839950054
582.98035846
582.75771479
583.000240428
582.911992559
583.02196562
616.049561613
692.897529149
899.911869342
899.894050097
915.420130903
916.936269297
921.009340165
923.281248619
925.01792472
925.247567174
925.608807277
926.910043068
931.104764763
939.033057944
939.019733998
908.505065714
722.193432564
596.33409975
588.77474871
608.946752282
660.106472868
722.582217275
885.827029366
863.554091433
883.366990883
856.497795653
749.178326115
649.585765246
632.486815765
640.303960642
678.58284883
755.823674376
833.45532438
888.860026666
925.820096529
925.814462699
911.213192069
848.483474119
763.989050048
734.93600558
763.921125327
814.360900537
656.770901034
653.996607924
643.202144055
621.02402249
600.42845189
599.227870235
599.098165473
599.25623395
599.229521232
600.281241562
609.490339381
632.197018423
696.593119619
814.821840839
937.149942677
948.099010958
947.98961748
942.316006227
946.119629726
958.174789957
666.975079273
665.97699367
663.434257813
656.559513497
645.488090525
630.819419756
612.209444931
599.175710483
599.254953209
599.192712748
599.277803028
599.689530636
608.107623319
636.809141364
692.644041276
763.660596635
836.443813064
895.401599529
947.658616563
958.224389662
868.941708327
869.069858884
872.846958068
873.710545869
872.85490098
873.808860382
865.633094587
771.611718997
682.381914657
689.813519055
722.599158055
766.167687541
796.604830685
804.292091448
803.030129058
801.598654939
802.896687386
814.539404119
845.701478476
875.272100221
869.019756062
865.316909214
873.271128652
872.851476512
873.80525054
872.860573603
873.816274296
851.211762624
787.238863802
774.433936157
794.667380965
834.140982256
875.077566788
908.989499153
935.13928519
947.286561456
948.530998658
948.68753682
948.571562146
935.809307851
635.411986006
642.303354314
649.82258693
655.663119268
659.700946437
664.628222338
673.867368407
692.550727255
728.52984219
788.125847211
856.020957345
906.593049731
944.54767893
948.444288189
948.77553757
948.531569889
949.229813038
948.644928677
949.403866982
948.575533655
581.169714104
585.75070132
597.549255727
609.805719798
617.524300997
623.349446114
630.068973386
639.2228051
654.034982667
690.617989014
787.271853072
900.033336825
944.705989795
948.593240315
948.533521497
949.011629408
948.647441055
949.329442842
948.672620729
949.380078131
655.556527872
660.522490367
664.466966483
666.182469745
665.901567688
665.547026694
665.866469254
667.737133557
673.043750614
685.569227945
709.234598342
747.973053294
787.615949386
822.889175565
850.685765974
872.808707748
890.503789546
904.432768019
915.305586319
924.054950318
929.686162542
914.412041593
925.764250253
923.352874484
922.629694223
919.905049942
915.713058749
909.183245454
900.771618936
898.398872991
903.931777915
898.51011843
799.955496994
681.585102439
681.595376252
684.464744028
710.221521873
749.509211475
792.583385998
831.606687372
934.607771916
934.553554651
945.822754286
945.984799758
945.825115664
946.424885721
945.845521186
946.417004448
945.917782151
946.30438306
945.920738025
946.250442636
945.943543228
941.588648709
934.861483939
926.546654877
919.300368882
921.522373997
911.899537249
822.170910432
906.93038623
907.073817691
923.437954974
934.005245863
938.216237875
853.981619324
630.996283926
590.802514714
600.336673457
651.732459799
799.934690639
906.563651994
951.850775872
966.199781562
966.526639116
965.290272736
961.979943017
958.450160697
956.55522008
950.923642224
952.147373559
933.084600627
933.070612939
823.098161911
607.522745664
573.172487742
573.83651252
573.205090859
573.856593467
573.720145554
574.459377328
692.25775987
943.056958752
991.31699591
991.321970445
991.32751301
991.332160648
991.33670434
992.097269673
993.632650084
957.605026681
933.397657616
948.584818941
945.843227465
876.054107199
668.997837129
625.266266527
622.610162218
624.455934154
624.695832958
627.617171839
647.930924284
703.209620673
787.735370316
874.267758998
926.460086454
954.736405996
972.318554886
985.403785467
993.607803629
966.779136359
964.431392599
966.195021471
964.809778812
966.795803296
964.810509277
964.466859116
959.560521091
954.420656015
948.215843951
941.262450732
933.950770638
936.761999891
935.273140924
824.111620652
662.805992
662.930994905
680.178240212
764.159454785
868.154473032
964.8080531
966.779647446
964.80980977
967.928268518
964.810417094
967.742823583
964.810801401
967.344902455
964.812232439
967.282133052
964.81314941
967.047154498
964.81382367
966.639410738
964.815790724
965.807753524
964.817635212
910.037627421
695.23758316
746.402971471
963.974073232
948.116893232
956.839581567
907.243827759
737.938392067
742.52246661
829.190556382
906.385953056
951.326914487
964.816666292
966.099813481
950.161134517
841.884222505
776.321179218
749.76091696
720.772885627
698.972561916
689.139965936
685.885618538
701.10212277
933.972360177
879.192668833
850.291503253
834.247666
865.465891786
908.515941349
913.462584368
923.525576535
931.402866545
949.42149798
)
;

boundaryField
{
    emptyPatch
    {
        type            empty;
    }
    minY
    {
        type            calculated;
        value           uniform 1000;
    }
    maxY
    {
        type            calculated;
        value           nonuniform List<scalar> 0();
    }
    maxX
    {
        type            calculated;
        value           nonuniform List<scalar> 0();
    }
    water_to_heater
    {
        type            calculated;
        value           nonuniform List<scalar> 
59
(
713.018788992
850.781327979
850.781309199
861.932384912
861.932373194
862.391181238
862.391167323
881.657838556
881.646977588
764.540622562
764.540607949
631.974839858
631.974603572
598.163207097
598.163012546
598.162370586
602.707203228
599.527533116
599.52748405
595.794876338
595.794995008
638.327985585
638.328124272
833.951387988
834.812292185
675.325809225
675.32570957
601.9421179
601.94210171
675.401153846
675.401214792
893.604777961
899.903451954
885.817632353
885.817608206
656.759929464
656.759910555
666.96412004
666.964124478
868.932645224
869.010623049
635.402430419
635.402435412
581.16565441
581.165677826
655.54561812
655.545604696
929.67849642
934.600212765
906.921920596
906.921910213
952.140033357
952.14002804
957.598123979
957.59811974
966.772789492
964.801398753
963.967306165
963.967305492
)
;
    }
    procBoundary0to1
    {
        type            processor;
        value           nonuniform List<scalar> 
38
(
932.440618863
866.20180396
818.726031911
807.676724495
812.998261318
834.518554321
863.704066982
887.706341398
887.666529288
843.777411761
807.104372052
846.446551677
878.26795022
872.914673623
764.956654582
701.456343259
798.680865948
911.074007654
917.392638583
870.291732135
816.241385832
908.66894637
979.031616421
991.030288723
953.510006951
825.298198948
752.942603492
955.92995076
897.369247285
860.813435518
850.032043199
804.906530612
812.948228483
870.587889856
909.547268419
942.623698886
963.207413256
932.440618863
)
;
    }
    procBoundary0to3
    {
        type            processor;
        value           nonuniform List<scalar> 
20
(
674.512869359
665.108867402
653.233311003
634.939432858
624.821758369
635.354060548
655.737050661
669.592187728
670.561153855
656.825910684
634.41196507
616.645270546
607.955299459
606.473901848
607.571295957
608.965682514
609.086355982
605.391430026
602.755619306
598.012914133
)
;
    }
}


// ************************************************************************* //
