/*--------------------------------*- C++ -*----------------------------------*\
| =========                 |                                                 |
| \\      /  F ield         | OpenFOAM: The Open Source CFD Toolbox           |
|  \\    /   O peration     | Version:  2312                                  |
|   \\  /    A nd           | Website:  www.openfoam.com                      |
|    \\/     M anipulation  |                                                 |
\*---------------------------------------------------------------------------*/
FoamFile
{
    version     2.0;
    format      ascii;
    arch        "LSB;label=32;scalar=64";
    class       volScalarField;
    location    "0.85/water";
    object      Ct2;
}
// * * * * * * * * * * * * * * * * * * * * * * * * * * * * * * * * * * * * * //

dimensions      [0 0 0 0 0 0 0];

internalField   nonuniform List<scalar> 
1504
(
1
1
1
1
1
1
1
1
1
1
1
1
1
1
1
1
1
1
1
1.41575537381
1
1
1
1
1
1
1
1
1
1
1
1
1
1
1
1
1
1
1
1.19358854193
1
1
1
1
1
1
1
1
1
1
1
1
1
1
1
1
1
1
1
1.00000046038
1
1
1
1
1
1
1
1
1
1
1
1
1
1
1
1
1
1
1
1
1
1
1
1
1
1
1
1
1
1
1
1
1
1
1
1
1
1
1
1
1
1
1
1
1
1
1
1
1
1
1
1
1
1
1
1
1
1
1
1
1
1
1
1
1
1
1
1
1
1
1
1
1
1
1
1
1
1
1
1
1
1
1
1
1
1
1
1
1
1
1
1
1
1
1
1
1
1
1
1
1
1
1
1
1
1
1
1
1
1
1
1
1
1
1
1
1
1
1
1
1
1
1
1
1
1
1
1
1
1
1
1
1
1
1
1
1
1
1
1
1
1
1
1
1
1
1
1
1
1
1
1
1
1
1
1
1
1
1
1
1
1
1
1
1
1
1
1
1
1
1
1
1
1
1
1
1
1
1
1
1
1
1
1
1
1
1
1
1
1
1
1
1
1
1
1
1
1
1
1
1
1
1
1
1
1
1
1
1
1
1
1
1
1
1
1
1
1
1
1
1
1
1
1
1
1
1
1
1
1
1
1
1
1
1
1
1
1
1
1
1
1
1
1
1
1
1
1
1
1
1
1
1
1
1
1
1
1
1
1
1
1
1
1
1
1
1
1
1
1
1
1
1
1
1
1
1
1
1
1
1
1
1
1
1
1
1
1
1
1
1
1
1
1
1
1
1
1
1
1
1
1
1
1
1
1
1
1
1
1
1
1
1
1
1
1
1
1
1
1
1
1
1
1
1
1
1
1
1
1
1
1
1
1
1
1
1
1
1
1
1
1
1
1
1
1
1
1
1
1
1
1
1
1
1
1
1
1
1
1
1
1
1
1
1
1
1
1
1
1
1
1
1
1
1
1
1
1
1
1
1
1
1
1
1
1
1
1
1
1
1
1
1
1
1
1
1
1
1
1
1
1
1
1
1
1
1
1
1
1
1
1
1
1
1
1
1
1
1
1
1
1
1
1
1
1
1
1
1
1
1
1
1
1
1
1
1
1
1
1
1
1
1
1
1
1
1
1
1
1
1
1
1
1
1
1
1
1
1
1
1
1
1
1
1
1
1
1
1
1
1
1
1
1
1
1
1
1
1
1
1
1
1
1
1
1
1
1
1
1
1
1
1
1
1
1
1
1
1
1
1
1
1
1
1
1
1
1
1
1
1
1
1
1
1
1
1
1
1
1
1
1
1
1
1
1
1
1
1
1
1
1
1
1
1
1
1
1
1
1
1
1
1
1
1
1
1
1
1
1
1
1
1
1
1
1
1
1
1
1
1
1
1
1
1
1
1
1
1
1
1
1
1
1
1
1
1
1
1
1
1
1
1
1
1
1
1
1
1
1
1
1
1
1
1
1
1
1
1
1
1
1
1
1
1
1
1
1
1
1
1
1
1
1
1
1
1
1
1
1
1
1
1
1
1
1
1
1
1
1
1
1
1
1
1
1
1
1
1
1
1
1
1
1
1
1
1
1
1
1
1
1
1
1
1
1
1
1
1
1
1
1
1
1
1
1
1
1
1
1
1
1
1
1
1
1
1
1
1
1
1
1
1
1
1
1
1
8.96801177867
8.96948390328
8.97099183971
8.97208408706
8.97270922678
8.97302060293
8.97317708975
8.97326647317
8.97332476976
8.97336786585
8.97340474863
8.973441331
8.97348191821
8.97352932139
8.97358388466
8.9736419951
8.97369424222
6.89101413216
8.96881700796
8.96815474474
8.96846926541
8.96989004926
8.97129291693
8.97225477052
8.97278329962
8.97304572227
8.97318254116
8.97326400212
8.97331870054
8.97336019738
8.97339654772
8.97343329754
8.97347470245
8.97352359524
8.97357997951
8.97363952914
8.97369318959
4.77343118167
8.95474047573
8.96880776628
8.96893323227
8.97027735043
8.97156090626
8.97239738836
8.97284292671
8.97306604352
8.97318709468
8.97326178966
8.97331324535
8.97335321538
8.97338897971
8.97342578996
8.97346791204
8.97351827635
8.9735765608
8.97363742903
8.9736919327
2.41831956656
8.8273257645
8.96942493963
8.96940350342
8.97064664994
8.97180033623
8.97251863125
8.97289323237
8.97308435448
8.97319223965
8.973260859
8.9733092256
8.97334762116
8.97338265717
8.97341934273
8.97346199826
8.97351373513
8.97357396555
8.97363606606
8.97369072209
1.48601517686
8.00296389787
8.96833547514
8.96988580675
8.97100148102
8.97201679592
8.97262474053
8.97293850622
8.97310291942
8.97319924611
8.97326211886
8.97330737813
8.97334404393
8.97337813174
8.97341443753
8.97345736663
8.97351029371
8.97357247308
8.97363577772
8.97368986447
1.26553947262
5.24159734815
8.94274281908
8.97037771487
8.97134264659
8.97221443798
8.97272052829
8.97298187808
8.97312331604
8.97320900883
8.97326622086
8.97330823156
8.97334293641
8.97337580209
8.97341142538
8.97345431113
8.97350817342
8.97357225834
8.97363682318
8.97368971793
1.00000093866
2.2877767418
8.69403076339
8.97080557569
8.97166539048
8.97239444701
8.97280864239
8.97302493019
8.97314615869
8.97322180505
8.97327335223
8.97331193564
8.97334443051
8.97337579134
8.97341042119
8.97345292749
8.97350742649
8.97357333677
8.97363931473
8.97369063863
1
1.45517914938
7.36971014326
8.96839511718
8.97196066718
8.97255623969
8.97288998096
8.97306785958
8.97317113479
8.97323725247
8.9732831699
8.97331819169
8.97334826981
8.97337788289
8.97341124528
8.97345306334
8.97350790314
8.9735755445
8.97364317965
8.9736929051
1
1.26113766537
4.52307673353
8.92859982665
8.97222967551
8.97269899681
8.97296447894
8.97310995643
8.97319728277
8.97325445666
8.97329488512
8.97332630319
8.97335383873
8.97338153555
8.97341342912
8.97345432129
8.97350926003
8.9735785573
8.97364815742
8.97369663358
1
1.00019350268
2.32731477938
8.68578552607
8.97246862499
8.97282246226
8.9730316072
8.97315000435
8.97322325783
8.97327218309
8.9733073879
8.97333527049
8.97336023653
8.97338594148
8.97341625921
8.9734560891
8.97351098096
8.97358191541
8.97365383348
8.97370171672
1
1
1.57810701263
7.8917882645
8.9721421917
8.97292665127
8.9730904537
8.97318645552
8.97324747011
8.9732889689
8.97331934746
8.97334388231
8.97336636006
8.97339009984
8.97341884029
8.97345759206
8.97351242412
8.97358507009
8.97365970921
8.97370782694
1
1
1.41759616593
6.38330642704
8.96377392707
8.97301206591
8.9731396066
8.97321749438
8.97326817184
8.97330322398
8.97332932145
8.97335082607
8.97337101148
8.97339291863
8.97342018807
8.97345796751
8.97351287354
8.97358745525
8.97366528555
8.97371449325
1
1
1.35653828668
4.6275889412
8.92287093062
8.97307852044
8.97317773984
8.97324147436
8.97328378067
8.97331349334
8.97333597812
8.97335488032
8.97337306648
8.97339336213
8.9734193568
8.97345638064
8.97351163519
8.97358855928
8.97367014248
8.97372122755
1
1
1.16321755253
3.21557318063
8.80539708587
8.97312424341
8.97320460265
8.97325755822
8.97329332417
8.97331879486
8.97333836674
8.97335513834
8.97337166385
8.97339061316
8.97341557593
8.97345213548
8.97350812662
8.97358794601
8.97367399432
8.97372764343
1
1
1.01576811677
2.30740789676
8.54313169774
8.97315304137
8.97322078332
8.97326570459
8.9732965142
8.97331873168
8.97333604117
8.9733511312
8.97336632241
8.97338418322
8.9734083549
8.97344475634
8.97350191185
8.97358535647
8.97367670267
8.97373351367
1
1
1.00004155318
1.77938222276
8.02312016065
8.97258313195
8.97322769586
8.97326664439
8.97329375507
8.97331351831
8.9733290936
8.97334286336
8.97335697643
8.97337394667
8.97339752456
8.97343401317
8.9734928422
8.97358071192
8.97367826863
8.97373876577
1
1
1.00000000001
1.5056670139
7.03777753508
8.96717078571
8.97322763611
8.97326185288
8.97328606596
8.97330389158
8.97331806633
8.97333073023
8.97334390038
8.97336007268
8.97338315539
8.97341994271
8.97348092196
8.97357405743
8.97367878804
8.97374344185
1
1
1
1.40913277009
5.3854739939
8.93480094571
8.97322274162
8.97325288022
8.97327460205
8.97329075402
8.97330367667
8.97331529949
8.97332753142
8.97334288008
8.97336546743
8.97340268506
8.97346625847
8.97356551266
8.97367839543
8.97374763929
1
1
1
1.29001130326
3.44592787291
8.78208495912
8.97321503661
8.97324119435
8.97326046266
8.97327500059
8.97328667173
8.97329719311
8.97330837436
8.97332275963
8.9733447515
8.9733824413
8.97344899816
8.97355521785
8.97367723461
8.97375148536
1
1
1
1.01637515108
2.10128663118
8.2250924655
8.97241612821
8.97322840613
8.97324483648
8.97325761316
8.97326789149
8.97327712829
8.97328702618
8.97330018363
8.97332135135
8.97335945812
8.97342928742
8.97354329924
8.97367543477
8.97375511172
1
1
1
1.00000017659
1.5442008433
6.77311025254
8.95628667292
8.97321708251
8.97322941586
8.9732398771
8.97324836726
8.97325593904
8.973264142
8.97327562987
8.97329557119
8.97333391859
8.97340720095
8.97352980401
8.9736730506
8.97375860136
1
1
1
1
1.40661423529
4.48173861164
8.83896785435
8.97320943776
8.97321616788
8.97322313001
8.97322906006
8.9732343049
8.97324014931
8.97324928082
8.97326737348
8.97330564295
8.97338263756
8.97351455262
8.97366995584
8.97376192176
1
1
1
1
1.2446752087
2.55552854979
8.32300733343
8.97205864188
8.97320692447
8.97320845674
8.97321064633
8.97321261976
8.97321520452
8.97322108076
8.97323653656
8.97327433322
8.97335537741
8.97349728401
8.97366575997
8.97376491049
1
1
1
1
1.00504292103
1.68517430068
6.90781884499
8.9502134995
8.97320364599
8.97319724279
8.97319420802
8.97319193531
8.97319053462
8.9731925719
8.97320488192
8.97324170467
8.97332633143
8.97347817056
8.97365996234
8.9737673668
1
1
1
1
1.00000000611
1.43654110055
4.71102546985
8.80301936352
8.97319964905
8.97319200322
8.9731821883
8.97317528879
8.97317039429
8.97316965638
8.97317974075
8.97321502664
8.9733000668
8.97345770367
8.97365205056
8.97376899926
1
1
1
1
1
1.36991880677
2.82367406591
8.21721941614
8.96815542702
8.97319562997
8.97317775097
8.97316664424
8.9731601613
8.97315959887
8.97317018725
8.97320386817
8.97328358363
8.97343733132
8.97363985951
8.97376852609
1
1
1
1
1
1.11809024469
1.84631210248
6.70539524173
8.90598272254
8.97318328499
8.97318541914
8.97317161266
8.97316703947
8.97317120704
8.97318647605
8.97321928898
8.97328632601
8.97341998652
8.9736191757
8.97376255292
1
1
1
1
1
1.00067466315
1.48728438141
4.52929893413
8.57989615944
8.96905728746
8.97321509549
8.97320549225
8.97321057625
8.97322801074
8.97325558717
8.97329176777
8.97334125151
8.9734311608
8.97359227037
8.97374283047
1
1
1
1
1
1.00000000008
1.39849724436
2.70447613197
7.52639321824
8.91666364595
8.97310524968
8.9732864984
8.97330967494
8.9733444645
8.97338415418
8.97342188335
8.97345373371
8.97349017547
8.97356772982
8.97368677071
1
1
1
1
1
1
1.17754427084
1.72774354315
5.39481431608
8.59447720323
8.96461704801
8.97339323136
8.97342815212
8.97346482165
8.9734989618
8.97352639493
8.97354279072
8.9735424472
8.97352748682
8.97351698123
1
1
1
1
1
1
1.00005108115
1.42016192448
2.86664608429
7.23782532355
8.84375315024
8.97160594702
8.97352330965
8.97355185562
8.97357905184
8.97360247971
8.97361937317
8.97362114168
8.97358213092
8.97344062519
1
1
1
1
1
1
1
1.10753659067
1.54840964744
3.88669378635
7.76180797717
8.88269585597
8.97247505055
8.97359992262
8.97362784034
8.97365114249
8.97367043148
8.97368650256
8.97369194218
8.97368092855
1
1
1
1
1
1
1
1
1.19932164691
1.5452787233
3.36949528683
7.04088731499
8.68104820931
8.88868983844
8.91867770508
8.95678387823
8.97290188327
8.97369549569
8.97371258246
8.9737176691
1
1
1
1
1
1
1
1
1
1.00823584829
1.39711463693
1.6227892957
2.28770112617
2.33379941564
2.60301001095
4.50722858134
8.07811972982
8.94733143598
8.97295618452
8.97269732941
1
1
1
1
1
1
1
1
1
1
1
1
1
1
1
1.00000000031
1.41192820915
4.64341253918
8.94864376769
8.96697957659
1
1
1
1
1
1
1
1
1
1
1
1
1
1
1
1
1
1.04369192562
7.74396972173
8.95777311072
1
1
1
1
1
1
1
1
1
1
1
1
1
1
1
1
1
1
3.49532617069
8.95315263853
1
1
1
1
1
1
1
1
1
1
1
1
1
1
1
1
1
1.00000000006
6.60127581157
8.95299616449
)
;

boundaryField
{
    emptyPatch
    {
        type            empty;
    }
    minY
    {
        type            calculated;
        value           nonuniform List<scalar> 0();
    }
    maxY
    {
        type            calculated;
        value           nonuniform List<scalar> 0();
    }
    maxX
    {
        type            calculated;
        value           nonuniform List<scalar> 
38
(
8.97379168449
8.97379517033
8.97379871978
8.97380230661
8.97380589625
8.97380944905
8.97381292477
8.97381628799
8.97381951276
8.97382258563
8.97382550664
8.9738282884
8.9738309536
8.97383353142
8.97383605371
8.97383855169
8.97384105316
8.97384358062
8.97384615022
8.973848771
8.9738514449
8.97385416778
8.97385693178
8.97385972884
8.97386255564
8.97386541729
8.97386832705
8.97387130438
8.97387438247
8.97387763135
8.97388116644
8.97388482702
8.9738524215
8.97279687622
8.9670432287
8.95780511841
8.95317358191
8.95302350942
)
;
    }
    water_to_heater
    {
        type            calculated;
        value           uniform 1;
    }
    procBoundary3to1
    {
        type            processor;
        value           nonuniform List<scalar> 
41
(
1
1
1
1
1
1
1
1
1
1
1
1
1
1
1
1
1
1
1
1
1
1
1
1
1
1
1
1
1
1
1
1
1
1
1
1
1
1
1.43162907504
8.720400725
8.95283947573
)
;
    }
    procBoundary3to2
    {
        type            processor;
        value           nonuniform List<scalar> 
41
(
1
1
1
1
1
1
1
1
1
1
1
1
1
1
1
1
1
1
1.00000000001
1.57250139446
8.96756065477
8.96905925722
8.97065436645
8.97187848298
8.97261465181
8.97298725192
8.97316899794
8.97326809797
8.97333059227
8.97337550108
8.97341296108
8.97344935502
8.97348910927
8.97353508205
8.97358794141
8.97364451977
8.97369500658
7.95530278017
8.96946422711
8.96756114021
8.96756114021
)
;
    }
}


// ************************************************************************* //
