/*--------------------------------*- C++ -*----------------------------------*\
| =========                 |                                                 |
| \\      /  F ield         | OpenFOAM: The Open Source CFD Toolbox           |
|  \\    /   O peration     | Version:  2312                                  |
|   \\  /    A nd           | Website:  www.openfoam.com                      |
|    \\/     M anipulation  |                                                 |
\*---------------------------------------------------------------------------*/
FoamFile
{
    version     2.0;
    format      ascii;
    arch        "LSB;label=32;scalar=64";
    class       volScalarField;
    location    "0.85/water";
    object      km;
}
// * * * * * * * * * * * * * * * * * * * * * * * * * * * * * * * * * * * * * //

dimensions      [0 2 -2 0 0 0 0];

internalField   nonuniform List<scalar> 
1504
(
1.76502338239
0.758889436449
0.357113530524
0.177978179957
0.0924511197402
0.0505746229167
0.0298750688232
0.0192833623356
0.0134899923413
0.00975558436718
0.00686590270425
0.00446293059458
0.00278496426551
0.00210326895829
0.00202873367969
0.00209712780874
0.00204908438919
0.00180679039318
0.00125132560025
0.000560123942611
1.63000859325
0.731575069753
0.357230427309
0.180759075193
0.0926832957484
0.0496286738063
0.0289636979519
0.018690663982
0.0130575552885
0.0094068461918
0.00668511958901
0.00449700258354
0.00287401096337
0.00209978570719
0.00198198258083
0.00208537226472
0.00209170129093
0.0019067788351
0.00145558145577
0.000763045921387
1.50886018866
0.736155355966
0.374843941281
0.188297261755
0.0948387963254
0.050587049699
0.0294410605215
0.0187986704509
0.0129005949769
0.00918358768597
0.00658715751588
0.0045629951237
0.00295695089247
0.00206534557568
0.00187716139889
0.00199397361596
0.00205495408907
0.00192759317717
0.00159118241182
0.000982035211365
1.56789424017
0.800864349748
0.407924615621
0.200960279084
0.10184310766
0.0549821061797
0.0318956271763
0.0198650113124
0.013199215626
0.0092224511844
0.00664622620578
0.00469423084622
0.00305261441451
0.00201264801052
0.00173093054284
0.00182973540881
0.00194515039193
0.00187795746103
0.0016218887071
0.00116860015933
1.79678260071
0.897034629133
0.438640507417
0.215181696158
0.112860082809
0.063358957132
0.0371363680772
0.0225335521494
0.0143436204983
0.00970948489812
0.0069419912799
0.00495695781338
0.00322918909853
0.00199081625552
0.00158239298433
0.00163463781488
0.00178208646256
0.00178023272711
0.00160950535764
0.00129129286722
2.06922306174
0.96001032579
0.458681587128
0.233769602666
0.129037085012
0.0755095269466
0.0452649186068
0.0270769956624
0.0164905382198
0.0106927804704
0.0074943808537
0.00538581462158
0.00353684860436
0.00206313595282
0.00147383948716
0.00146193141932
0.00160638759182
0.00166776763611
0.00157744202399
0.00135875348164
2.18947153839
0.992673563949
0.477679266656
0.249357773841
0.143569053566
0.0887965422483
0.0553368898915
0.0329676646437
0.019377506047
0.0120491916029
0.00824607585147
0.00594368970763
0.00396801707502
0.00224994327157
0.00144457441352
0.00133527857258
0.00145931533821
0.00156586662761
0.00154244244704
0.00137424482665
2.19725698392
1.00474345423
0.48821687788
0.258602892012
0.152786711659
0.0982967490853
0.0639629795716
0.0390371722076
0.0226301138863
0.013619983318
0.00911303192116
0.00656334043733
0.00446521031939
0.00253260641948
0.00149604984335
0.00126677810736
0.00136000670749
0.00148811163177
0.00152054963674
0.00139190453286
2.16987540112
0.99867092382
0.489294198793
0.261855371175
0.157381375446
0.104112635956
0.0698835054035
0.0435309963113
0.0254142834163
0.0151763156238
0.0100107629124
0.00717922256607
0.00495569480674
0.00286670957378
0.00161406035915
0.00125240513029
0.00129899275771
0.00143878376406
0.00151410821614
0.00141593181725
2.12726945785
0.981780493475
0.48288949181
0.260158304255
0.158130215719
0.106575656081
0.0731560863804
0.0462916450174
0.0273287510917
0.0163954289084
0.0107927210497
0.00772901971989
0.00537954902073
0.0031741037292
0.00175905177538
0.00127772857351
0.00126647365579
0.00141305994417
0.00151959164681
0.00144468617308
2.08930366529
0.964961578385
0.475230712685
0.256714337137
0.156787198608
0.10667651573
0.0741770286219
0.047425378451
0.0283367296115
0.0172062695806
0.0114129295267
0.00819948998366
0.00573240146113
0.00342494100313
0.00189265961081
0.00132031409067
0.00125850500761
0.00140377366777
0.00153482106164
0.00147817423484
2.0463091752
0.94803106506
0.46711899662
0.252345973102
0.154082629939
0.105023328521
0.0732473092863
0.0470688490661
0.0285120241899
0.0176398245008
0.0118833431349
0.00859602075151
0.00601835364189
0.00361698592787
0.00200346879545
0.00136804416378
0.0012664385961
0.00140749154782
0.00155859447841
0.00151995151801
2.00581449227
0.931567467576
0.459646562761
0.247863628655
0.150555702759
0.102026488483
0.070664428763
0.0455160582201
0.0280598252736
0.0177945011362
0.0122364120305
0.00892483680098
0.00624124573807
0.00375585488886
0.00209044166201
0.00141574105147
0.0012846358803
0.0014191134718
0.00159223125532
0.00157431060918
1.96488614862
0.916088949648
0.453383248997
0.24362604443
0.146437149589
0.0979107995581
0.0668214216827
0.0431945191418
0.0272221693331
0.0177606446802
0.0124923305315
0.00918633740482
0.00640425454236
0.00384877441962
0.00215662672734
0.00146112771948
0.00130885415379
0.00143687297809
0.00163713714036
0.00164225720505
1.9417207976
0.903578175486
0.447340840413
0.238398305303
0.141109573152
0.0925230852668
0.0621538043129
0.0405007642734
0.0261730886098
0.0175930919766
0.0126589828375
0.0093771235854
0.00650852296746
0.00390047737946
0.00220313768476
0.00150050529602
0.00133466456882
0.00146295120304
0.00169114050562
0.00171793426573
1.95270002932
0.904288575213
0.444543031671
0.232765457869
0.134638958602
0.0862929913228
0.0573552679933
0.0378137008967
0.0250586564877
0.0173478347128
0.0127479873575
0.00949434245202
0.00655567772256
0.0039128920853
0.00222548720918
0.001526715376
0.00135738526101
0.00149563902442
0.00174745008416
0.00179269174082
2.00347151865
0.91839309647
0.445772547053
0.227900937894
0.128340468331
0.0804776748817
0.0531362905048
0.035408033768
0.0239990102058
0.0170822765281
0.0127785915833
0.00954155681751
0.00655291323928
0.0038831990245
0.00221316369803
0.00153293297929
0.00137361809002
0.00152815756516
0.00179416663045
0.00185653461676
2.07359668364
0.940336860143
0.450893466113
0.226226201306
0.124406586049
0.0763105925725
0.0499065310673
0.0334401596048
0.0231016587447
0.0168369189689
0.0127610102384
0.0095443706567
0.00650740937487
0.00378977392479
0.00215992559062
0.00151852293793
0.00138304647008
0.00154844681431
0.0018169825398
0.00190006642504
2.12825881078
0.958646395735
0.458393413024
0.228895461077
0.123592629856
0.0739616941379
0.0476467075352
0.0319586712582
0.0224350850031
0.0166229236453
0.0127167050298
0.0095402484414
0.00638244125196
0.00360163612251
0.00207800173744
0.00149307118521
0.00138229351216
0.00154413497741
0.00180739208767
0.00192042153146
2.13386760821
0.971762613718
0.470021439184
0.235445233506
0.124651497378
0.0725967254611
0.0460163081095
0.0308856689505
0.0219317653251
0.0164164713048
0.0126738466263
0.00945365355859
0.00607412936101
0.00338783966764
0.00199339002143
0.0014687574168
0.00136296002602
0.00150896241102
0.00176183186843
0.00191711788102
2.12249481545
1.00805096953
0.496083115325
0.245695611045
0.126102923258
0.0715027448963
0.0447790057975
0.030101253997
0.0214730573786
0.0161734193009
0.0124961266881
0.00906043866098
0.00569286025704
0.00324761707694
0.00193771282796
0.00144558293403
0.00133023192287
0.00144643380393
0.00168492064545
0.00189100399911
2.24560383357
1.10895692681
0.54060468466
0.258152690996
0.128584821381
0.0713680804979
0.0442078593425
0.0296097185676
0.0210528845549
0.0157862774805
0.0119490936481
0.00851830922369
0.00544552541674
0.00321201161947
0.0019291947988
0.0014256267412
0.00129562699863
0.00136993124271
0.00159368733984
0.00185354473665
2.63246780736
1.28006401398
0.597246143181
0.277554834294
0.134915573853
0.0735489833306
0.0450405062221
0.0298186354236
0.0208929914195
0.0153330099708
0.0113755580011
0.00815818729909
0.00536601908054
0.0032578689342
0.00196278491188
0.0014227279456
0.00126724479164
0.0012961412563
0.00151432660077
0.00182550537562
3.26786855886
1.49064679856
0.668328764343
0.306465221701
0.14703031719
0.0786176240903
0.0473440673166
0.0309547635399
0.0213512521315
0.015303384758
0.0111631091692
0.00801634326272
0.005398254735
0.00335796426733
0.00203182098071
0.0014431841012
0.00125170320646
0.00124352124843
0.00145213223404
0.00182504018899
3.8647075788
1.67643615642
0.751843119526
0.346721028032
0.165469378854
0.0865900061796
0.0510455574851
0.0329520201496
0.0224486687042
0.0157900662451
0.0113170451639
0.00807807954471
0.00551789525053
0.00348936409993
0.0021237294435
0.00148151544557
0.00125607040758
0.00122356878171
0.0014223953637
0.00185732279741
4.15552902075
1.80186466499
0.832923452798
0.391357869772
0.187286811796
0.0962105161986
0.0554077844377
0.035258014571
0.0237764355427
0.0165414090003
0.0117122970158
0.0083006301887
0.00569786626745
0.00362423329524
0.00221611345536
0.00153077915281
0.00127964998402
0.00123419573953
0.0014348328529
0.00191344053923
4.3101407003
1.8715213808
0.882085331001
0.422884164526
0.204547517217
0.104517915264
0.0593358448002
0.0373355751912
0.0249555780195
0.0172328267204
0.0121563384953
0.00859830578141
0.00589371405611
0.00374000165543
0.00229413595181
0.0015833875573
0.00131722660025
0.00126979727904
0.00147375774962
0.00197862535988
4.47643647808
1.90894225401
0.906700279191
0.440333055419
0.216487207783
0.111401802062
0.0629481380893
0.039208178045
0.0258607509941
0.0176945392938
0.0124840214056
0.00886230685858
0.0060532929425
0.00382813945288
0.00235620963273
0.00163517350167
0.00136560907142
0.00132379187134
0.0015188941627
0.00203499656352
4.55282517865
1.92862032206
0.908445126597
0.446034800024
0.223754384664
0.116903402171
0.0661075716828
0.040582320054
0.0263533566445
0.0179449012773
0.0126815823409
0.00902606122986
0.00616749063883
0.00389828902046
0.00241517580752
0.00169047113622
0.00142276573809
0.00137969648
0.00155537068804
0.00206296552768
4.47591324902
1.86961487898
0.882678690547
0.439200517094
0.224792883547
0.119506023908
0.0674988129408
0.0408293610458
0.026361636925
0.0180354474962
0.0128193029637
0.0091372216886
0.0062518110432
0.00397981036662
0.00248790119647
0.00175487969055
0.00148237892316
0.00142728700126
0.00157012580425
0.00204996963405
4.31234808008
1.77698979415
0.840499149619
0.421212129268
0.218712108342
0.117568662184
0.0663957615001
0.0401899619479
0.0261318335427
0.0180477014682
0.0129204519885
0.00924449316761
0.00635128063209
0.00409779665222
0.00259145037371
0.00183208126339
0.00153751187463
0.00146165045081
0.00155553036726
0.00199116821139
4.07075527615
1.65908390804
0.780537712771
0.390679740015
0.204478852496
0.111299414548
0.0640563688917
0.0394800174992
0.0259881654084
0.018107183864
0.0130449211352
0.00939138279381
0.00652178795255
0.00427699760466
0.00274175318707
0.00192566488192
0.00158654735566
0.00148054028396
0.00151604679725
0.00185520548801
3.65835952688
1.47885445353
0.693280649137
0.350113184555
0.187052798846
0.105324470025
0.0627826678484
0.0394999136537
0.0262421687808
0.018363550868
0.0132746797088
0.00962251633656
0.00677782182034
0.00453843923605
0.00294900079871
0.00204010987206
0.001629295768
0.00147981683822
0.00146717702415
0.00166869355064
3.02238636438
1.27094191589
0.610391774679
0.319044997557
0.177664824028
0.104351467599
0.0640975914567
0.0409302696856
0.0272998646798
0.0190632314562
0.0137473164652
0.00999952991697
0.00714055161671
0.00488672230615
0.00321521099284
0.00217980218132
0.0016659833329
0.0014544548529
0.00140100629354
0.00149445544572
2.50898045732
1.15099856527
0.583302166077
0.316984261478
0.182205415574
0.110721350029
0.0697891041381
0.0450635580199
0.029929664311
0.0206144826432
0.0146699198743
0.0106204856097
0.0076412465854
0.00531895608168
0.00353382763021
0.00234355332643
0.00169887047354
0.00140751074295
0.0013103981436
0.00134303941288
2.4012476681
1.1869861348
0.624328732784
0.343427262412
0.201976644306
0.126211543604
0.0815284003274
0.0531631464523
0.0350316152077
0.0236406766193
0.016437198321
0.0117071285508
0.00840043839445
0.00589963688253
0.00394250627857
0.00255303065925
0.00174439939662
0.00135658804617
0.00120923425996
0.0012006769455
2.62217609333
1.31895228246
0.692873170208
0.381220721176
0.225774511908
0.145179615693
0.0971619961962
0.0649802622547
0.0430527203498
0.028694551162
0.0194806265871
0.013534266919
0.00958493390686
0.00674445358986
0.00452786164821
0.00287182509326
0.00184854886774
0.00133588856948
0.00112604270002
0.00108011548156
2.80943431001
1.37278278466
0.700232778984
0.386941275411
0.237033478039
0.159189724134
0.11175597996
0.00014935392092
0.000148019868647
0.000151462295773
0.000166780225007
0.000208664264943
0.000299665384635
0.000455852933817
0.00066387648293
0.000887237822472
0.00109519136438
0.0012733019811
0.00142039166807
0.00154642356293
0.00167660180001
0.00187072916959
0.00228635328438
0.00335149995602
0.000195887321741
0.000158708446737
0.000152996299419
0.000150083210891
0.000149584711972
0.000155358583216
0.000176195363489
0.000228788425621
0.000334925856409
0.000503596222458
0.000713805252785
0.000929647148733
0.00112504663867
0.00128887285665
0.00142145764828
0.00153313689597
0.00164866508466
0.00182600684499
0.00221578804321
0.00321807758675
0.000245693543629
0.000162190910693
0.000153532482772
0.000150796185297
0.00015150053883
0.000160317937492
0.000187832291364
0.000252312498119
0.000373321313986
0.000552034247041
0.000761858025034
0.000969030912723
0.00115178129837
0.00130170362289
0.0014203185765
0.00151817897527
0.00161952202776
0.00178061803859
0.00214605486971
0.00308769053499
0.000344628430331
0.000169406987238
0.000154407749027
0.000151727529232
0.000154019960381
0.000166677340623
0.000202090033198
0.000279437764168
0.00041456442904
0.000600775816878
0.000808046488464
0.00100569656258
0.00117579020113
0.00131217539321
0.00141731577437
0.00150186071016
0.00158947005192
0.00173482081053
0.00207743706236
0.00296223375676
0.000501177795488
0.000185862235707
0.000156171750803
0.000153130723339
0.000157427971382
0.000174830242195
0.000219420874775
0.000310368324539
0.000458415619865
0.00064960576854
0.000852510213687
0.00103998410275
0.00119745155233
0.00132063665359
0.00141275786246
0.00148447054699
0.00155879731355
0.00168887863117
0.00201017091964
0.00284340730304
0.000694828203834
0.000222682713967
0.000159599997521
0.000155270763095
0.000162047554078
0.000185241643603
0.000240330359297
0.000345293605493
0.000504673008282
0.000698428415609
0.000895441687419
0.00107221603332
0.00121709699692
0.00132738363373
0.00140690586677
0.00146625708142
0.00152776983271
0.00164305639518
0.00194445023831
0.00273262443778
0.000885318843394
0.000293946353004
0.000166016510007
0.000158467395482
0.000168275396069
0.000198480133742
0.00026537966845
0.000384378561089
0.000553172705701
0.000747226992703
0.000937043019229
0.00110267331939
0.00123499896774
0.00133265327999
0.00139996691445
0.00144742316438
0.00149661857435
0.00159760909048
0.00188041908792
0.00263089751916
0.00104184541081
0.000406699876745
0.000177942496616
0.000163118356909
0.000176607987215
0.000215233125675
0.000295160352306
0.000427737757742
0.000603769872383
0.000796011419966
0.000977481132066
0.00113156654513
0.00125135198844
0.00133660955949
0.00139208417515
0.00142811538418
0.00146552980865
0.00155276079761
0.00181814950193
0.00253871649694
0.00115537024525
0.000551116452984
0.000199243129074
0.0001697488852
0.000187676158577
0.000236301904992
0.000330236651586
0.000475390522857
0.00065629305184
0.00084475115093
0.0010168348022
0.00115899963152
0.00126624710625
0.00133932570908
0.00138332378248
0.00140841461312
0.00143462971487
0.00150869496743
0.00175767256402
0.0024560066777
0.00123210779781
0.000703575365743
0.000233708956858
0.000179110077769
0.000202273022457
0.000262556280621
0.00037104887209
0.00052719399025
0.000710472018585
0.000893298021855
0.00105503909583
0.00118493332416
0.0012796491317
0.00134077019549
0.00137366675785
0.00138832906693
0.0014039750167
0.00146555839812
0.00169901916937
0.0023821763692
0.00127421022677
0.0008402258618
0.00028336291477
0.000192327594548
0.000221343948341
0.000294816618736
0.000417770397144
0.000582750929777
0.000765848419253
0.000941314135214
0.00109184369459
0.001209167226
0.00129139383464
0.00134081368515
0.00136301980075
0.00136780245844
0.001373557437
0.00142345478934
0.0016421991557
0.00231615901779
0.00129369812114
0.000947930503533
0.000349137219093
0.000211023227036
0.000245917650377
0.000333664740053
0.000470153387752
0.000641330548003
0.000821717996231
0.000988248711594
0.00112682267788
0.00123136933851
0.00130122675981
0.00133926887154
0.00135125258055
0.0013467435305
0.00134334718521
0.0013824454182
0.00158719351022
0.00225656801199
0.00131857135094
0.00102853820166
0.000433005024709
0.000237328740608
0.000276988921307
0.000379252226635
0.000527450576563
0.000701876058945
0.000877167369948
0.00103340546481
0.00115945911789
0.00125116339786
0.00130888344346
0.00133595894546
0.00133825313059
0.0013250810704
0.00131332556756
0.00134256254363
0.0015339697594
0.00220189176316
0.00135896865506
0.00109477862325
0.000538809984879
0.000273918244259
0.000315387028638
0.000431199249615
0.000588479860093
0.000763133547076
0.000931216140292
0.00107609021972
0.00118928399139
0.00126824906007
0.00131418782448
0.00133079525761
0.00132398847858
0.00130281863939
0.00128351415222
0.00130376758791
0.00148247431478
0.00215084454911
0.0014208575586
0.00116553001311
0.000670259099383
0.000324366780961
0.000361740783857
0.000488705707302
0.000651880346187
0.000823916268189
0.000983056989842
0.00111582099437
0.00121604943126
0.00128253774401
0.0013171546085
0.00132385428045
0.00130856319249
0.0012800793432
0.00125399863049
0.00126606531014
0.00143267152628
0.00210248248617
0.001505203034
0.00125729609382
0.000828681992967
0.000395044372182
0.000416859252238
0.00055103917082
0.000716606646944
0.000883499630777
0.00103235602314
0.00115254656834
0.00123987742488
0.00129424544868
0.00131804147789
0.00131540236592
0.00129222906385
0.00125711673972
0.00122495842269
0.00122961013577
0.00138468474242
0.00205610144299
0.00160538022686
0.00137514159076
0.00101070599616
0.000497964458518
0.000482671289385
0.000618148717789
0.000782339534306
0.000941832781511
0.00107932862298
0.001186632072
0.00126118834295
0.00130379110699
0.00131723834001
0.0013057934567
0.00127532089649
0.00123421229443
0.00119665751479
0.0011946577502
0.00133875910949
0.00201131280098
0.00170714130031
0.00149748065572
0.00120746917628
0.000649238184711
0.000563171662819
0.0006907924346
0.000849345910251
0.000999244617611
0.00112439517677
0.00121851843894
0.00128039124867
0.00131153007171
0.00131504805189
0.00129529409773
0.00125809130441
0.00121162244645
0.00116937520546
0.00116151188635
0.00129519690242
0.00196783062075
0.00180100483865
0.00161174253269
0.00141094156749
0.000859779838683
0.000664673662681
0.000770204662669
0.000918062102076
0.00105603376386
0.00116784040824
0.001248465185
0.0012976986649
0.00131761897296
0.00131157484284
0.00128396810595
0.00124056922627
0.00118936955342
0.00114311374902
0.00113013710159
0.00125387667507
0.00192496828835
0.00188235886425
0.00173865332517
0.0016218981443
0.00112886642592
0.000796009917537
0.000858192659483
0.00098914034596
0.00111257843443
0.00120997074448
0.00127673101776
0.00131330582023
0.0013221746817
0.0013068524904
0.00127177097037
0.00122264559404
0.00116726992895
0.00111764975167
0.00110022998452
0.00121438054499
0.00188183047239
0.00194765149447
0.00188211182366
0.00185213610955
0.00144874687163
0.000969662298816
0.000958255271204
0.00106398072633
0.00116978953758
0.00125149870066
0.00130389216724
0.00132765555194
0.00132550988228
0.00130108373141
0.00125883333087
0.00120442729753
0.00114543803864
0.00109316117423
0.00107200149574
0.00117688485891
0.00183798081964
0.00200204383964
0.00204327804711
0.00211477385845
0.00180957646326
0.00120162949285
0.0010770828614
0.00114486992742
0.00122909194565
0.00129349784995
0.00133080591051
0.00134143183936
0.0013281732403
0.00129474340326
0.00124564317249
0.0011865120458
0.00112467248945
0.00107062954898
0.00104665418526
0.00114258709873
0.00179330817038
0.0020580440648
0.002227971406
0.00238842761265
0.00220127572804
0.00150339451971
0.00122410134354
0.00123438332916
0.00129181134376
0.00133698430127
0.0013583542187
0.00135539810773
0.00133079525256
0.0012883358477
0.00123261979683
0.00116928915872
0.0011053720347
0.00105045768217
0.00102457701834
0.00111164088462
0.00174572642872
0.00212941394384
0.00244055301282
0.00270335267758
0.00261912363054
0.00187340983
0.00140993004166
0.00133564685259
0.00135910679843
0.00138283319887
0.00138731506798
0.00137011843118
0.00133350664751
0.00128132047463
0.00121833413001
0.00115025952963
0.00108383893457
0.0010277381998
0.0009997555935
0.00107689678899
0.00168504351499
0.00222341260181
0.00267784345772
0.00306829715767
0.00306704505879
0.00230095820919
0.00164626767505
0.00145419497815
0.00143226550687
0.00143132446161
0.00141747646968
0.0013848208284
0.00133469127345
0.00127083809967
0.00119822194148
0.00112271586224
0.00105096041251
0.000991011219597
0.000958740880541
0.00102362707872
0.00159326007162
0.00233949856281
0.00293551688756
0.00347183985432
0.00354031355752
0.00277203983777
0.00194564415766
0.00159857982542
0.00151234816067
0.00148118433418
0.00144699982347
0.0013977387741
0.00133297926571
0.00125606404789
0.00117200088312
0.00108685063953
0.00100748955374
0.000942083204788
0.000905327918346
0.000958168984238
0.00147370274903
0.00247451063864
0.00321216719505
0.00390717090098
0.00401764561688
0.00327379567537
0.00231532079395
0.00178031186072
0.00160099204934
0.00153055513413
0.0014742378966
0.00140897567554
0.00133115453056
0.00124310446792
0.00114957224182
0.00105681535244
0.000972546647839
0.000906320419564
0.000872671698022
0.000921550829954
0.00136304582453
0.00261979198816
0.00350245463878
0.00437508999802
0.0045129206026
0.00380983186966
0.00275858287781
0.00201780458914
0.00170616542462
0.00158159345691
0.00150120953428
0.00142291220829
0.00133728111129
0.00124478178912
0.00114984237215
0.00105958378738
0.0009841036689
0.000936271047986
0.000930135149357
0.00099974495689
0.00136212867938
0.00275616021153
0.00378627641884
0.0048465933588
0.00505861209936
0.0043979927423
0.00328987847606
0.00234728744377
0.00185478902882
0.00164817384905
0.00153704675185
0.00144879426121
0.00136362150771
0.00127938132056
0.00120108597535
0.0011384151233
0.0011050841967
0.00111579823654
0.0011783068859
0.00130201943463
0.00158771604191
0.00285353474179
0.0040212774818
0.00526670542993
0.0056471590333
0.00507443919249
0.00393635557204
0.00282990773803
0.00211106037199
0.00176968425592
0.00160741243546
0.0015082935382
0.0014345386344
0.00137972137041
0.00134958448342
0.00135463894847
0.00140670697941
0.00151556701153
0.00167947192174
0.00187037872439
0.00205551118652
0.00287187331165
0.00414986456037
0.0055720960192
0.00621917635961
0.00579570842956
0.00472468416924
0.00353932018285
0.00258365221732
0.00202736339492
0.00175981076862
0.00163115679335
0.0015737673072
0.00157036980155
0.00162221205423
0.00173575892544
0.0019110247785
0.00214713041739
0.00244781486951
0.0027697281699
0.00296877636266
0.00278860331542
0.00409745898457
0.00566808745105
0.00660639286873
0.006466133806
0.00566323316632
0.00450249212328
0.00340460439349
0.00257770223425
0.00209654913328
0.00187437410064
0.00181637057893
0.00187761257409
0.00203908686643
0.00226514438854
0.00254510971656
0.00289656263495
0.00335268864575
0.00392782603241
0.00453920078709
0.00259710163783
0.00384110806046
0.00543063485784
0.00661702875354
0.00687748807316
0.00646110060105
0.00563319362385
0.0046300456556
0.0036792786493
0.00292297378427
0.0024662372714
0.00230594917355
0.00238439438895
0.00260697224372
0.00289116801051
0.0032259982075
0.00365405062337
0.00425633662375
0.00513160582615
0.00634361085524
0.0023078078995
0.00339543937481
0.00487404439025
0.0061544421013
0.00673517614864
0.00671716182495
0.00642945331201
0.00596598475376
0.00538900149279
0.00481000589753
0.00424511184715
0.00380724129428
0.00364389259282
0.00370767375309
0.00380321598947
0.0039379383944
0.00426496090723
0.00491104963474
0.00606619769411
0.00802483163448
0.00192337789854
0.00284130986929
0.00409139399303
0.00530776730972
0.00608350239474
0.00640205808665
0.00651599837629
0.00667895854888
0.00698008540762
0.00736337073414
0.00764792958091
0.00763415796457
0.00712496345964
0.00629580563363
0.00546478404574
0.00475687581973
0.00462442831437
0.00510773928283
0.00644165047697
0.00918765454483
0.00157673862569
0.00223632658444
0.00325466734318
0.00430493542193
0.00513809474811
0.00572082003191
0.0062718342788
0.00704568850326
0.00796302152626
0.00838916751501
0.00811873260451
0.00754162626365
0.00688890554362
0.00618943240407
0.00542665157833
0.00471080070087
0.0043296028362
0.00478079635563
0.00627227099848
0.00956405342571
0.00132817885287
0.00171810313646
0.00247701929643
0.00337610701815
0.00419642533571
0.00499183863542
0.00597766780978
0.00709853150037
0.00751335736798
0.00735101858046
0.00706002335169
0.00664275109961
0.0060703154258
0.00539426208345
0.00478982560543
0.00431841098713
0.00392263894136
0.00440179756965
0.00593681220216
0.00927195591891
0.00115100355488
0.00138975264567
0.00188242623298
0.00261603273319
0.00344447159507
0.00438343461064
0.00556366202273
0.00644878161873
0.00662218024532
0.00660240649307
0.00646237589551
0.00611236494609
0.00556589918635
0.00493156638864
0.00437441040422
0.00400081227434
0.00375322796379
0.00439597057197
0.00580769727499
0.00876478294326
)
;

boundaryField
{
    emptyPatch
    {
        type            empty;
    }
    minY
    {
        type            fixedValue;
        value           nonuniform List<scalar> 0();
    }
    maxY
    {
        type            inletOutlet;
        inletValue      nonuniform List<scalar> 0();
        value           nonuniform List<scalar> 0();
    }
    maxX
    {
        type            kqRWallFunction;
        value           nonuniform List<scalar> 
38
(
0.00335149995602
0.00321807758675
0.00308769053499
0.00296223375676
0.00284340730304
0.00273262443778
0.00263089751916
0.00253871649694
0.0024560066777
0.0023821763692
0.00231615901779
0.00225656801199
0.00220189176316
0.00215084454911
0.00210248248617
0.00205610144299
0.00201131280098
0.00196783062075
0.00192496828835
0.00188183047239
0.00183798081964
0.00179330817038
0.00174572642872
0.00168504351499
0.00159326007162
0.00147370274903
0.00136304582453
0.00136212867938
0.00158771604191
0.00205551118652
0.00296877636266
0.00453920078709
0.00634361085524
0.00802483163448
0.00918765454483
0.00956405342571
0.00927195591891
0.00876478294326
)
;
    }
    water_to_heater
    {
        type            kqRWallFunction;
        value           nonuniform List<scalar> 
60
(
1.76502338239
1.76502338239
1.63000859325
1.50886018866
1.56789424017
1.56789424017
1.79678260071
1.79678260071
2.06922306174
2.06922306174
2.18947153839
2.19725698392
2.16987540112
2.16987540112
2.12726945785
2.12726945785
2.08930366529
2.08930366529
2.0463091752
2.00581449227
1.96488614862
1.96488614862
1.9417207976
1.9417207976
1.95270002932
1.95270002932
2.00347151865
2.07359668364
2.12825881078
2.12825881078
2.13386760821
2.13386760821
2.12249481545
2.12249481545
2.24560383357
2.63246780736
3.26786855886
3.26786855886
3.8647075788
3.8647075788
4.15552902075
4.15552902075
4.3101407003
4.47643647808
4.55282517865
4.55282517865
4.47591324902
4.47591324902
4.31234808008
4.31234808008
4.07075527615
3.65835952688
3.02238636438
3.02238636438
2.50898045732
2.50898045732
2.4012476681
2.4012476681
2.62217609333
2.80943431001
)
;
    }
    procBoundary3to1
    {
        type            processor;
        value           nonuniform List<scalar> 
41
(
0.0776207991204
0.0523455425131
0.0349877965069
0.0234661333123
0.0160193791147
0.0111897528263
0.00787860508538
0.00533656757307
0.00336000291111
0.00206344535604
0.00138373462749
0.00109071958478
0.00100173711502
2.59156151578
1.20412052646
0.620986558243
0.354965689824
0.22767573292
0.160762402318
0.0776207991204
0.118783266779
0.00103629806996
0.00120041899415
0.00154638497233
0.00209920743218
0.00286275901445
0.00386043436966
0.00497015710043
0.0056591553655
0.00590793359573
0.00601323275343
0.00592903350244
0.00560578634518
0.00510078240947
0.00453936821558
0.00404822371341
0.00371736856227
0.00383571152678
0.00455358176539
0.00572362069724
0.0082646728314
)
;
    }
    procBoundary3to2
    {
        type            processor;
        value           nonuniform List<scalar> 
41
(
1.80135922545
0.780564101327
0.363593250311
0.178842896752
0.0930373366995
0.051633913019
0.0309852681499
0.0201232173881
0.014062519741
0.0101709045903
0.00710472455416
0.00446112103335
0.00268937333605
0.00207729023712
0.00202657458238
0.0020520021586
0.00193895762945
0.00162610533139
0.00103461523429
0.000402339210534
0.000148480266666
0.000146631830677
0.000148363319981
0.00015924712059
0.000191754102172
0.000267879856701
0.000409429386511
0.000612298286307
0.000841616981687
0.00106186717034
0.00125462125717
0.00141678204732
0.00155773930099
0.00170306771465
0.00191452372516
0.00235718521372
0.00348564102043
0.000174618502482
0.000156766495709
0.000152405685253
0.000152405685253
)
;
    }
}


// ************************************************************************* //
