/*--------------------------------*- C++ -*----------------------------------*\
| =========                 |                                                 |
| \\      /  F ield         | OpenFOAM: The Open Source CFD Toolbox           |
|  \\    /   O peration     | Version:  2312                                  |
|   \\  /    A nd           | Website:  www.openfoam.com                      |
|    \\/     M anipulation  |                                                 |
\*---------------------------------------------------------------------------*/
FoamFile
{
    version     2.0;
    format      ascii;
    arch        "LSB;label=32;scalar=64";
    class       volScalarField;
    location    "0.92/water";
    object      p;
}
// * * * * * * * * * * * * * * * * * * * * * * * * * * * * * * * * * * * * * //

dimensions      [1 -1 -2 0 0 0 0];

internalField   nonuniform List<scalar> 
1504
(
101005.323233
101008.090208
101010.477404
101010.479302
101010.047462
101009.628734
101008.8772
101008.182904
101007.645908
101007.33225
101006.894426
101006.417957
101005.943639
101004.948445
101004.713105
101004.661452
101004.694721
101004.908093
101005.09195
101005.0023
101002.203624
101005.060806
101007.757706
101007.398802
101006.467856
101005.407805
101004.078289
101002.952688
101002.327377
101001.616523
101000.910206
101000.234576
100999.243145
100998.578613
100998.013776
100997.591575
100997.270471
100997.386351
100997.576043
100997.344996
100999.315668
101001.641576
101004.510759
101003.99411
101002.636698
101000.889551
100999.101851
100998.146398
100997.1039
100995.958307
100994.922002
100993.535993
100992.778215
100991.948228
100991.227004
100990.199997
100989.639439
100989.78259
100989.954737
100989.548627
100996.796379
100997.911471
101000.338765
100999.536652
100997.505853
100995.256234
100993.732466
100992.075668
100990.115276
100988.771588
100987.661193
100987.012999
100986.186052
100985.249905
100983.770136
100982.215246
100981.657392
100981.77905
100981.862061
100981.288232
100994.506347
100992.909623
100994.411525
100993.150771
100990.544216
100988.545881
100986.491003
100984.46808
100983.287746
100982.3393
100981.691319
100980.770801
100979.395461
100977.546001
100975.290441
100973.598096
100973.011312
100972.926122
100972.854686
100972.154877
100992.47591
100987.554935
100988.373145
100986.377075
100983.981453
100982.043683
100980.0459
100978.734
100977.500989
100976.660116
100975.588157
100973.618934
100971.04409
100968.277688
100965.634941
100963.87016
100963.019846
100962.590499
100962.321301
100961.552254
100990.703095
100982.821533
100981.811722
100980.391396
100978.862205
100976.895406
100974.949792
100973.533376
100972.306319
100970.736808
100967.98948
100964.434626
100960.847056
100957.359679
100954.348455
100952.247531
100950.869814
100950.010973
100949.464258
100948.693914
100992.999199
100982.530867
100980.277632
100979.752462
100977.539835
100974.710095
100972.021316
100969.542874
100966.509647
100962.378936
100957.573906
100952.859533
100948.309081
100944.002086
100940.366671
100937.68839
100935.788163
100934.511245
100933.6042
100933.008626
101003.014838
100986.5682
100984.266715
100981.443867
100976.152882
100970.867929
100965.324163
100959.385963
100953.097739
100946.916351
100941.233818
100935.996619
100931.0598
100926.510367
100922.703428
100919.812315
100917.716041
100916.333614
100915.591077
100915.005778
100952.662847
100931.145118
100935.770331
100938.450475
100938.267548
100935.394723
100930.708868
100925.369273
100920.322646
100915.895668
100912.050169
100908.655736
100905.594688
100902.794977
100900.32991
100898.329922
100896.834899
100895.943644
100895.458846
100894.91786
100818.084575
100812.151869
100824.338472
100832.575381
100841.234015
100850.154463
100857.36903
100861.701186
100864.360352
100866.337293
100867.976659
100869.437797
100870.736148
100871.930613
100872.922247
100873.529495
100873.724521
100873.810287
100874.124826
100874.216484
100772.984063
100772.943259
100772.933236
100773.489167
100775.679384
100780.347143
100789.584775
100801.788568
100812.005061
100819.66227
100825.948755
100831.377144
100836.270615
100840.673312
100844.782453
100848.374258
100850.95047
100852.514545
100853.592218
100854.555863
100771.291823
100771.280731
100771.254729
100771.207495
100771.167364
100771.151933
100771.67737
100775.3053
100783.551965
100792.14046
100799.284835
100805.571109
100811.284935
100816.647209
100821.613516
100826.336659
100830.507859
100833.364193
100835.00969
100836.550453
100770.214904
100770.208921
100770.199713
100770.189722
100770.177042
100770.157942
100770.138551
100770.53289
100773.220658
100778.743401
100784.715848
100790.164103
100795.311251
100800.208763
100804.892469
100809.229148
100813.385828
100816.863855
100819.025311
100820.729513
100769.254294
100769.252498
100769.251847
100769.251353
100769.25008
100769.249246
100769.248015
100769.329164
100770.256703
100772.950608
100777.044167
100781.189423
100785.195725
100789.204802
100793.021505
100796.733609
100800.115853
100803.407862
100805.74695
100807.373741
100768.344186
100768.342301
100768.341893
100768.342255
100768.341668
100768.339319
100768.333569
100768.405595
100768.894123
100770.391627
100772.861562
100775.676829
100778.649088
100781.596014
100784.599211
100787.424518
100790.216547
100792.624338
100794.497514
100795.876154
100767.461483
100767.461012
100767.46395
100767.468253
100767.472501
100767.477265
100767.483903
100767.565473
100767.872609
100768.848363
100770.351433
100772.225229
100774.186216
100776.306572
100778.372299
100780.471491
100782.382146
100784.008044
100785.228578
100786.063679
100766.572458
100766.572937
100766.576496
100766.580002
100766.581333
100766.579417
100766.638262
100766.752276
100766.994639
100767.667654
100768.56381
100769.502912
100770.799428
100772.101154
100773.481078
100774.773437
100776.117226
100777.092049
100776.817205
100777.399458
100765.644457
100765.647905
100765.657288
100765.66813
100765.680715
100765.696205
100765.858778
100765.97381
100766.205848
100766.631339
100766.899777
100767.180162
100767.647285
100768.373037
100768.984115
100769.64222
100770.171198
100770.356955
100769.818524
100769.518016
100764.575469
100764.585488
100764.605617
100764.639039
100764.65607
100764.750701
100764.863959
100764.997478
100765.194148
100765.255807
100764.75006
100764.255289
100764.386125
100764.366751
100764.430116
100764.415582
100764.477803
100764.189396
100762.050959
100761.875987
100763.081571
100763.100857
100763.145994
100763.233155
100763.356695
100763.45991
100763.548888
100763.622579
100763.582783
100762.832342
100761.54808
100760.9284
100760.358912
100759.896108
100759.272417
100758.694565
100757.998059
100756.853332
100754.737234
100753.786049
100760.686941
100760.691752
100761.848168
100762.107547
100762.149875
100762.071284
100762.005598
100761.847163
100761.02538
100759.185014
100757.655154
100756.528082
100755.619863
100754.477978
100753.337439
100752.170913
100751.056562
100748.974261
100745.590571
100745.276819
100757.053959
100757.347161
100760.342009
100760.786482
100760.527183
100760.24401
100759.875329
100758.793049
100756.51154
100754.278605
100752.594789
100751.23178
100749.581994
100747.914559
100746.160752
100744.375292
100742.461677
100739.147515
100736.876598
100736.084834
100751.787771
100757.267133
100761.350598
100760.983653
100759.817008
100758.517648
100756.424144
100753.351488
100750.615289
100748.406874
100746.585587
100744.447718
100742.33916
100740.106853
100737.775162
100735.423899
100732.80441
100729.834038
100727.182722
100725.824106
100746.7593
100756.283091
100760.995373
100759.546276
100756.534559
100752.802307
100748.885327
100746.04215
100743.454917
100741.2303
100738.643132
100736.107544
100733.48171
100730.778451
100728.124857
100725.322207
100722.2393
100718.543529
100716.188834
100714.171612
100742.216194
100752.743996
100758.986347
100754.724291
100748.427161
100743.600537
100740.592798
100737.487999
100734.826615
100731.725833
100728.69327
100725.670779
100722.54811
100719.536241
100716.294584
100713.182828
100709.374457
100706.470555
100703.609597
100700.846212
100738.272256
100743.237425
100748.580803
100742.212784
100736.2524
100733.047259
100729.483699
100726.539506
100722.977549
100719.507157
100716.126971
100712.518875
100709.200318
100705.588675
100702.35521
100698.500559
100695.299168
100692.186306
100688.81095
100685.641159
100734.892754
100732.392133
100733.59831
100727.671742
100723.445443
100719.185494
100715.780049
100711.657572
100707.690537
100703.892281
100699.668854
100695.980347
100691.915605
100688.343812
100684.218041
100680.847052
100677.741207
100674.608282
100671.394473
100668.420044
100718.046522
100710.947006
100711.441313
100707.753267
100702.977207
100698.923014
100694.619258
100689.932456
100685.969049
100680.981675
100677.068071
100672.450116
100668.734503
100664.635421
100661.505292
100658.715436
100656.149634
100653.674149
100651.349821
100649.132097
100659.555293
100648.89916
100652.432567
100652.940819
100651.444263
100649.554837
100647.056198
100645.617577
100643.433009
100641.894787
100639.531324
100637.702137
100635.657877
100634.221256
100632.992081
100631.920225
100630.911121
100629.923911
100628.97426
100628.011329
100550.252526
100542.41801
100548.856264
100554.317697
100558.805177
100563.198803
100568.979792
100575.407568
100581.787704
100586.997903
100591.264371
100594.477732
100597.160746
100599.368878
100601.23418
100602.816083
100604.098465
100605.127958
100605.954621
100606.50282
100525.08077
100524.989054
100524.951705
100525.22067
100526.060066
100527.592116
100530.145743
100534.15065
100539.518053
100545.837565
100552.458654
100558.784107
100564.33789
100569.13451
100573.290488
100576.888448
100579.971638
100582.593003
100584.790198
100586.619953
100523.838253
100523.828171
100523.824445
100523.809786
100523.797222
100523.791494
100523.795817
100524.345801
100526.122045
100529.27051
100533.600878
100538.739965
100544.088506
100549.065481
100553.594555
100557.696517
100561.347197
100564.552949
100567.364633
100569.75423
100523.003184
100522.999829
100522.998583
100522.995543
100522.990363
100522.983582
100522.976015
100522.996834
100523.372727
100524.578092
100526.795517
100529.949054
100533.689309
100537.516142
100541.226319
100544.809509
100548.184675
100551.298877
100554.11649
100556.647311
100522.206204
100522.203118
100522.198883
100522.191555
100522.18132
100522.16856
100522.153025
100522.130457
100522.193284
100522.708437
100523.967088
100525.964436
100528.394416
100531.019826
100533.789035
100536.561306
100539.317716
100541.983727
100544.524782
100546.869626
100521.457019
100521.454131
100521.449638
100521.441838
100521.431175
100521.418456
100521.403525
100521.385186
100521.388181
100521.65245
100522.44905
100523.787548
100525.342341
100527.089124
100529.044397
100531.142413
100533.278652
100535.44164
100537.597254
100539.751459
100520.771031
100520.76739
100520.763144
100520.756411
100520.747547
100520.737744
100520.727465
100520.715925
100520.729666
100520.899899
100521.480135
100522.389116
100523.254694
100524.259234
100525.70891
100527.227814
100528.840327
100530.566942
100532.363952
100534.254462
100520.124375
100520.119674
100520.11638
100520.111292
100520.104026
100520.095559
100520.086105
101012.062621
101011.910502
101011.773211
101011.650706
101011.542802
101011.447804
101011.362683
101011.285203
101011.21486
101011.15173
101011.09584
101011.047163
101011.005725
101010.971613
101010.945024
101010.926974
101010.918399
101004.668244
101004.226352
101003.826734
101003.474777
101003.163307
101002.888311
101002.647561
101002.438316
101002.256225
101002.096331
101001.955248
101001.831341
101001.72354
101001.63087
101001.552449
101001.48756
101001.435665
101001.396323
101001.369853
101001.356623
100996.731559
100995.985068
100995.322089
100994.746688
100994.245574
100993.809996
100993.43358
100993.109452
100992.829608
100992.586598
100992.375338
100992.192607
100992.0359
100991.903046
100991.792145
100991.701624
100991.630233
100991.576876
100991.541095
100991.522287
100988.60946
100987.508245
100986.540848
100985.711286
100984.997881
100984.38551
100983.861886
100983.414516
100983.030848
100982.700395
100982.415829
100982.171944
100981.964572
100981.790176
100981.645718
100981.52868
100981.437067
100981.369116
100981.323574
100981.298515
100980.017018
100978.534755
100977.242237
100976.146547
100975.2146
100974.42361
100973.753745
100973.185582
100972.701363
100972.28712
100971.932875
100971.631206
100971.376163
100971.162778
100970.986837
100970.84487
100970.734151
100970.65235
100970.597444
100970.565833
100970.587924
100968.732469
100967.126101
100965.782569
100964.652582
100963.704346
100962.909081
100962.239533
100961.672453
100961.190237
100960.780155
100960.4326
100960.139942
100959.895886
100959.695164
100959.533467
100959.407491
100959.314514
100959.251902
100959.214091
100959.823738
100957.683526
100955.83513
100954.3129
100953.047691
100951.998255
100951.126885
100950.398805
100949.785918
100949.267519
100948.828613
100948.457914
100948.146556
100947.887321
100947.674235
100947.50247
100947.368421
100947.269331
100947.20224
100947.159451
100947.098505
100944.920698
100942.999878
100941.441006
100940.159923
100939.108835
100938.244603
100937.527715
100936.927515
100936.421923
100935.995073
100935.63515
100935.332995
100935.081248
100934.873883
100934.706094
100934.574456
100934.476637
100934.409854
100934.364281
100931.862735
100930.082837
100928.36674
100926.984212
100925.858475
100924.943185
100924.197582
100923.583076
100923.070565
100922.639587
100922.275699
100921.968348
100921.709487
100921.492747
100921.31297
100921.166123
100921.049552
100920.961942
100920.901312
100920.855964
100914.186192
100913.173326
100911.974417
100911.000047
100910.21584
100909.584749
100909.076681
100908.660653
100908.313964
100908.02133
100907.77243
100907.560036
100907.378828
100907.224699
100907.09439
100906.985448
100906.89663
100906.828167
100906.779601
100906.737867
100894.571139
100894.454751
100894.128101
100893.797456
100893.528692
100893.314202
100893.146057
100893.009192
100892.892699
100892.790175
100892.698063
100892.614404
100892.538067
100892.46834
100892.404748
100892.347118
100892.296115
100892.253908
100892.222163
100892.187174
100874.495233
100874.939139
100875.570724
100876.005622
100876.340817
100876.609617
100876.832134
100877.013999
100877.159018
100877.271628
100877.356422
100877.417714
100877.459316
100877.484494
100877.496011
100877.49632
100877.488221
100877.475899
100877.46349
100877.437492
100855.34052
100856.059481
100857.309852
100858.43233
100859.330878
100860.054551
100860.646279
100861.130508
100861.524359
100861.84216
100862.09602
100862.296092
100862.450826
100862.567248
100862.651192
100862.707612
100862.741281
100862.758151
100862.76476
100862.748678
100837.636581
100838.694728
100840.191261
100841.778439
100843.10659
100844.183536
100845.063963
100845.78643
100846.37775
100846.859427
100847.249075
100847.561178
100847.807683
100847.998486
100848.141804
100848.244535
100848.312946
100848.354208
100848.3768
100848.370115
100822.071785
100823.321593
100824.812695
100826.556185
100828.112665
100829.393809
100830.444631
100831.310191
100832.021993
100832.605035
100833.079688
100833.462688
100833.767862
100834.006707
100834.188809
100834.322188
100834.413913
100834.471688
100834.505152
100834.50606
100808.654712
100809.966048
100811.348356
100812.996579
100814.570534
100815.895195
100816.987525
100817.89075
100818.636476
100819.249747
100819.75103
100820.157229
100820.482396
100820.738289
100820.934765
100821.080067
100821.181312
100821.246014
100821.284073
100821.289823
100797.239013
100798.478502
100799.682062
100801.081455
100802.495779
100803.716814
100804.730587
100805.571714
100806.268273
100806.842658
100807.313287
100807.695481
100808.002078
100808.243906
100808.430091
100808.56825
100808.664833
100808.726533
100808.762667
100808.769988
100787.359455
100788.506847
100789.529934
100790.610788
100791.73776
100792.735207
100793.569928
100794.264717
100794.841208
100795.317173
100795.707406
100796.02432
100796.278415
100796.478635
100796.632562
100796.746488
100796.825595
100796.875227
100796.903494
100796.909045
100778.681636
100779.702744
100780.516805
100781.251733
100782.015097
100782.703266
100783.284118
100783.770237
100784.174066
100784.507179
100784.779648
100785.00006
100785.175814
100785.313313
100785.418047
100785.494514
100785.546207
100785.576726
100785.592516
100785.593297
100770.690414
100771.466506
100772.068644
100772.502228
100772.906271
100773.260474
100773.554643
100773.801704
100774.005608
100774.171698
100774.305315
100774.4111
100774.49315
100774.555129
100774.600258
100774.631135
100774.649472
100774.656849
100774.657602
100774.651274
100762.652305
100763.181736
100763.655423
100763.868619
100763.970322
100764.017109
100764.031206
100764.038702
100764.03957
100764.034045
100764.023632
100764.009572
100763.992961
100763.974892
100763.956444
100763.93849
100763.921178
100763.904069
100763.889069
100763.873916
100754.265143
100754.652833
100754.94867
100754.980962
100754.839045
100754.621772
100754.384778
100754.171447
100753.982984
100753.815618
100753.668073
100753.538982
100753.426939
100753.33082
100753.249865
100753.183539
100753.130873
100753.089806
100753.059951
100753.035587
100745.370206
100745.43564
100745.558713
100745.47688
100745.175859
100744.760183
100744.317876
100743.916314
100743.564346
100743.255431
100742.986537
100742.754591
100742.556288
100742.388726
100742.249691
100742.137685
100742.051311
100741.988358
100741.948404
100741.91622
100735.587238
100735.337052
100735.252664
100735.110227
100734.729512
100734.17744
100733.578245
100733.026459
100732.544172
100732.122643
100731.756717
100731.44211
100731.174071
100730.948291
100730.761532
100730.611733
100730.498119
100730.420212
100730.376455
100730.331296
100724.755125
100724.148172
100723.84588
100723.635791
100723.223684
100722.606516
100721.911651
100721.262358
100720.698865
100720.210188
100719.787913
100719.426667
100719.120573
100718.863949
100718.652188
100718.482371
100718.351328
100718.257121
100718.197758
100718.140708
100712.554479
100711.554606
100710.977339
100710.666371
100710.292961
100709.723398
100709.038499
100708.37808
100707.804057
100707.310184
100706.884681
100706.521261
100706.213706
100705.955824
100705.742465
100705.566584
100705.424285
100705.31498
100705.237868
100705.17607
100698.713857
100697.33034
100696.521714
100696.075782
100695.765265
100695.325533
100694.776832
100694.215306
100693.718228
100693.295237
100692.931965
100692.621451
100692.358861
100692.137451
100691.946705
100691.781353
100691.641862
100691.528598
100691.444736
100691.384824
100683.185449
100681.563989
100680.605838
100680.045497
100679.756507
100679.500826
100679.163001
100678.790058
100678.450477
100678.167815
100677.93123
100677.731046
100677.56003
100677.405728
100677.263902
100677.135282
100677.018853
100676.917199
100676.839581
100676.788096
100665.981848
100664.271995
100663.310226
100662.79843
100662.572811
100662.517747
100662.401606
100662.249662
100662.113517
100662.020557
100661.95997
100661.913366
100661.863805
100661.80725
100661.745132
100661.675372
100661.599967
100661.526051
100661.466815
100661.425379
100647.125808
100645.591598
100644.865527
100644.582468
100644.493599
100644.607434
100644.732242
100644.796662
100644.873208
100644.99071
100645.129749
100645.256675
100645.355531
100645.424955
100645.462277
100645.469842
100645.454104
100645.424643
100645.39494
100645.357488
100627.064751
100626.143181
100625.777746
100625.758284
100625.884032
100626.130397
100626.441881
100626.697332
100626.969177
100627.288776
100627.627615
100627.94448
100628.216879
100628.43376
100628.594235
100628.703882
100628.771532
100628.806199
100628.818562
100628.780319
100606.909327
100606.863871
100606.852619
100607.068135
100607.352833
100607.611266
100607.966847
100608.371702
100608.804273
100609.291059
100609.816476
100610.33431
100610.800497
100611.193834
100611.508372
100611.749034
100611.925375
100612.044849
100612.114314
100612.08207
100587.90669
100588.714099
100589.072358
100589.43721
100589.759801
100589.995138
100590.270946
100590.671896
100591.156731
100591.724147
100592.371395
100593.061812
100593.731274
100594.327458
100594.831747
100595.23375
100595.539037
100595.759947
100595.900792
100595.893508
100571.58927
100572.911329
100573.481988
100573.930768
100574.295053
100574.521999
100574.681024
100574.919778
100575.294432
100575.799686
100576.423019
100577.141336
100577.882276
100578.596825
100579.352053
100580.01998
100580.50377
100580.84477
100581.070746
100581.113478
100558.704725
100560.02639
100560.748
100561.32795
100561.817487
100562.094182
100562.285652
100562.477283
100562.742229
100563.131155
100563.643981
100564.216629
100564.793275
100565.417805
100566.179726
100567.139643
100567.992704
100568.510329
100568.825823
100568.936993
100548.924909
100550.3499
100551.141873
100551.938906
100552.659417
100553.202065
100553.635533
100554.026049
100554.431768
100554.89911
100555.456407
100556.031185
100556.726493
100557.615507
100557.879676
100557.973478
100559.012897
100559.920077
100560.358402
100560.543977
100541.746247
100543.229258
100544.302782
100545.298521
100546.31532
100547.252012
100548.08377
100548.874647
100549.648337
100550.420383
100551.184969
100551.998334
100552.943091
100553.892442
100554.460184
100554.152654
100554.0408
100555.064627
100555.730883
100556.022583
100536.197131
100537.907503
100539.223543
100540.414225
100541.698805
100542.987091
100544.197877
100545.363591
100546.505185
100547.622321
100548.730317
100549.842498
100550.90936
100551.831647
100552.47927
100552.563408
100551.655492
100552.039237
100552.988192
100553.485052
)
;

boundaryField
{
    emptyPatch
    {
        type            empty;
    }
    minY
    {
        type            calculated;
        value           nonuniform List<scalar> 0();
    }
    maxY
    {
        type            calculated;
        value           nonuniform List<scalar> 0();
    }
    maxX
    {
        type            calculated;
        value           nonuniform List<scalar> 
38
(
101010.918399
101001.356623
100991.522287
100981.298515
100970.565833
100959.214091
100947.159451
100934.364281
100920.855964
100906.737867
100892.187174
100877.437492
100862.748678
100848.370115
100834.50606
100821.289823
100808.769988
100796.909045
100785.593297
100774.651274
100763.873916
100753.035587
100741.91622
100730.331296
100718.140708
100705.17607
100691.384824
100676.788096
100661.425379
100645.357488
100628.780319
100612.08207
100595.893508
100581.113478
100568.936993
100560.543977
100556.022583
100553.485052
)
;
    }
    water_to_heater
    {
        type            calculated;
        value           nonuniform List<scalar> 
60
(
101005.893441
101003.975616
101002.296311
100999.409284
100998.276273
100996.430675
100995.54234
100993.66302
100993.037747
100991.183232
100990.805011
100993.099688
101005.772047
101002.206998
100954.6229
100950.868061
100818.928047
100815.949468
100773.083531
100771.36872
100770.978728
100770.048942
100769.788645
100768.846833
100768.639779
100767.710464
100767.525533
100766.638636
100766.421828
100765.479997
100765.124864
100764.184235
100763.420147
100762.419382
100760.787546
100757.15936
100753.060354
100751.511102
100747.656392
100746.086669
100742.70717
100741.182852
100738.380591
100735.013077
100719.966721
100717.578751
100661.152577
100658.219226
100551.078178
100548.348227
100525.228571
100523.949115
100523.795706
100522.858349
100522.757126
100521.82142
100521.776704
100520.82923
100520.858973
100520.218655
)
;
    }
    procBoundary3to1
    {
        type            processor;
        value           nonuniform List<scalar> 
41
(
100520.081398
100520.140729
100520.308924
100520.75048
100521.248525
100521.508043
100522.03192
100522.904134
100523.984173
100525.13556
100526.402597
100527.885756
100529.522898
100519.499779
100519.50134
100519.501176
100519.496349
100519.490103
100519.482706
100520.081398
100519.472756
100531.316321
100533.104507
100534.679326
100536.064855
100537.601925
100539.1708
100540.679115
100542.137588
100543.569936
100544.976853
100546.344832
100547.646883
100548.836918
100549.847833
100550.590059
100550.825896
100549.748014
100549.696737
100550.962803
100551.657259
)
;
    }
    procBoundary3to2
    {
        type            processor;
        value           nonuniform List<scalar> 
41
(
101010.947986
101014.445399
101016.289734
101016.433896
101016.155886
101015.886345
101015.465029
101014.692163
101014.37263
101014.00105
101013.742634
101013.374869
101012.926817
101012.322548
101011.712986
101011.909781
101012.164763
101012.535449
101012.75067
101012.763037
101020.61438
101020.595542
101020.575353
101020.554705
101020.534892
101020.516129
101020.496964
101020.475969
101020.45336
101020.430124
101020.407111
101020.385025
101020.364518
101020.346244
101020.330973
101020.320358
101020.315607
101012.628965
101012.421083
101012.231283
101012.231283
)
;
    }
}


// ************************************************************************* //
