/*--------------------------------*- C++ -*----------------------------------*\
| =========                 |                                                 |
| \\      /  F ield         | OpenFOAM: The Open Source CFD Toolbox           |
|  \\    /   O peration     | Version:  2312                                  |
|   \\  /    A nd           | Website:  www.openfoam.com                      |
|    \\/     M anipulation  |                                                 |
\*---------------------------------------------------------------------------*/
FoamFile
{
    version     2.0;
    format      ascii;
    arch        "LSB;label=32;scalar=64";
    class       volScalarField;
    location    "0.03/heater";
    object      T;
}
// * * * * * * * * * * * * * * * * * * * * * * * * * * * * * * * * * * * * * //

dimensions      [0 0 0 1 0 0 0];

internalField   nonuniform List<scalar> 
150
(
799.93265131
799.874810152
799.735592815
799.473511097
799.043382135
799.930037492
799.868764917
799.720269456
799.438224769
798.969124079
799.92976444
799.868132449
799.718734754
799.4351303
798.964459333
799.929820388
799.868251552
799.719071867
799.436040246
798.966186764
799.929905291
799.868438147
799.719655474
799.43796868
798.971060101
799.929946924
799.868515749
799.719895667
799.439015167
798.975170076
799.929974624
799.868549732
799.719953348
799.43935679
798.977633621
799.930002842
799.868586977
799.720004214
799.439506584
798.978662185
799.930032329
799.868628414
799.720055661
799.439530072
798.978584872
799.930050587
799.868649783
799.720052547
799.439376925
798.9780572
799.930077991
799.868696493
799.72010949
799.439319226
798.977640021
799.930120812
799.86879477
799.720332961
799.439719544
798.978191312
799.930157307
799.868885687
799.720554003
799.440153995
798.978883607
799.930182779
799.868972016
799.720794032
799.440639617
798.979601857
799.930256103
799.869176496
799.721333002
799.441739508
798.981272577
799.930383837
799.869531847
799.72228585
799.443749515
798.984487089
799.930581011
799.870100799
799.723861001
799.447150864
798.990112942
799.930742554
799.870641815
799.725515667
799.450957122
798.996364297
799.930896679
799.871171459
799.727176512
799.454857697
799.002772902
799.930978012
799.871474346
799.728170517
799.457269173
799.006912874
799.931091298
799.871966638
799.729991324
799.462162194
799.015623389
799.931136974
799.872347411
799.731808468
799.467988888
799.027264073
799.930939769
799.872056683
799.731865848
799.470580107
799.03532246
799.930441786
799.87082084
799.729146441
799.467466306
799.036424146
799.930225823
799.870014242
799.726650621
799.46374966
799.044687873
799.9304101
799.870233014
799.726287607
799.461014493
799.046059209
799.930457356
799.870229764
799.725578144
799.456911077
799.034992811
799.930457638
799.870177061
799.724925156
799.452575047
799.018561959
799.930449125
799.870133878
799.724502406
799.449069846
798.997256971
799.930504679
799.870202184
799.724551403
799.448631075
798.991780394
)
;

boundaryField
{
    emptyPatch
    {
        type            empty;
    }
    minY
    {
        type            zeroGradient;
    }
    maxY
    {
        type            zeroGradient;
    }
    minX
    {
        type            zeroGradient;
    }
    heater_to_water
    {
        type            compressible::turbulentTemperatureTwoPhaseRadCoupledMixed;
        refValue        nonuniform List<scalar> 
60
(
305.682056226
331.221529333
331.222452586
332.503422991
332.503551412
332.394253723
332.394304571
332.107098803
330.320349249
326.436681484
326.436709415
322.601536841
322.60158354
319.668786084
319.668844574
318.562077343
318.450006039
318.391771158
318.391839628
318.418182642
318.418250291
318.383834898
318.383895467
318.43236894
318.34880343
318.368835491
318.368894902
318.298265244
318.2983177
318.277542355
318.277583388
318.16534182
317.761404203
317.198117478
317.198137433
316.944656204
316.944675163
316.485099324
316.485134116
315.888935003
315.559924411
315.397959523
315.397946688
315.097104543
315.097114234
314.938983587
314.939035214
315.938302451
333.946086375
389.344345986
389.344424596
398.38944422
398.389814856
398.288136338
398.288643356
396.428852885
376.512308543
355.888410387
355.888584452
349.248192623
)
;
        refGradient     uniform 0;
        valueFraction   nonuniform List<scalar> 
60
(
0.000610510684045
0.000745836780905
0.00074581468901
0.000745748008049
0.000745745052967
0.000745893512198
0.000745892336708
0.000745793357062
0.000743731096791
0.000735667385452
0.000735666602998
0.000723139986631
0.000723138480542
0.000710519053351
0.00071051692061
0.00070565642057
0.000705730554035
0.000705304155126
0.000705301501304
0.000705490063808
0.000705487444588
0.000705094382345
0.000705092033959
0.000705505377948
0.000704722296086
0.000704941456626
0.000704939152211
0.000704474178458
0.000704472137384
0.000704597992462
0.000704596393981
0.000704140391089
0.000702426712299
0.000699614944976
0.000699614124476
0.00069867285543
0.000698672065145
0.000696186992937
0.000696185507047
0.000692640724724
0.000690995066367
0.000691026316769
0.000691026900163
0.000690325251561
0.000690324802264
0.000691036824178
0.000691034398805
0.000692158121886
0.000746118931611
0.000698552199575
0.000698551582463
0.000696942761925
0.000696940127039
0.000698526972276
0.000698523357195
0.00069788120224
0.000717251888665
0.000739147355749
0.00073914504447
0.000743883762299
)
;
        source          uniform 0;
        value           nonuniform List<scalar> 
60
(
798.74421651
798.69649985
798.622601395
798.623587866
798.61893908
798.618788305
798.620529557
798.620361542
798.624902739
798.625824735
798.629922997
798.633068968
798.635465105
798.639392918
798.640372256
798.641920955
798.641722802
798.641886627
798.641354252
798.641282216
798.640861191
798.641025815
798.641581309
798.641416855
798.6424233
798.642332086
798.643052904
798.64322662
798.64490154
798.644826405
798.64804979
798.648189961
798.654360584
798.65531961
798.661574542
798.661850946
798.668268694
798.669146698
798.673269544
798.674567035
798.683863393
798.683736363
798.695434332
798.695565993
798.703682114
798.703228263
798.704367126
798.704514783
798.700282186
798.761104107
798.761449865
798.768412864
798.757200429
798.756493639
798.739972809
798.738932228
798.695926944
798.671432302
798.666380457
798.659341026
)
;
        kappaMethod     solidThermo;
        Tnbr            T.liquid;
        region          solid;
        otherPhase      gas;
    }
    procBoundary2to3
    {
        type            processor;
        value           nonuniform List<scalar> 5(799.930465658 799.870135671 799.724426386 799.448378615 798.990751713);
    }
}


// ************************************************************************* //
