/*--------------------------------*- C++ -*----------------------------------*\
| =========                 |                                                 |
| \\      /  F ield         | OpenFOAM: The Open Source CFD Toolbox           |
|  \\    /   O peration     | Version:  2312                                  |
|   \\  /    A nd           | Website:  www.openfoam.com                      |
|    \\/     M anipulation  |                                                 |
\*---------------------------------------------------------------------------*/
FoamFile
{
    version     2.0;
    format      ascii;
    arch        "LSB;label=32;scalar=64";
    class       volScalarField;
    location    "0.155/water";
    object      p;
}
// * * * * * * * * * * * * * * * * * * * * * * * * * * * * * * * * * * * * * //

dimensions      [1 -1 -2 0 0 0 0];

internalField   nonuniform List<scalar> 
1504
(
101009.805444
101004.377266
101005.082657
101005.826314
101006.906971
101008.052097
101008.924644
101009.70218
101010.443376
101011.031971
101011.393056
101011.700706
101012.008033
101012.322231
101012.586601
101012.967779
101013.44271
101014.005843
101014.717971
101015.368146
100975.309198
100971.183569
100973.193849
100974.753486
100976.628611
100978.765348
100980.885538
100982.895332
100984.798668
100986.528621
100988.053887
100989.481094
100990.853651
100992.126139
100993.321403
100994.127545
100995.047727
100996.05737
100996.876904
100997.799071
100946.621788
100944.808661
100946.775007
100947.836816
100949.381738
100951.687118
100954.591691
100957.603356
100960.531757
100963.313095
100965.897581
100968.303373
100970.575195
100972.660118
100974.589356
100976.036631
100977.277706
100978.54116
100979.772263
100980.92826
100932.373482
100932.575923
100933.268768
100933.600039
100933.985358
100934.902036
100936.817312
100939.39718
100942.196905
100945.060641
100947.887378
100950.585637
100953.158357
100955.587632
100957.829824
100959.707024
100961.219401
100962.611561
100963.772922
100965.1759
100925.478363
100925.884329
100926.360026
100926.572941
100926.515095
100926.512693
100927.05391
100928.426337
100930.305877
100932.465096
100934.789182
100937.130127
100939.442282
100941.738414
100943.776155
100945.803003
100947.124878
100948.520953
100949.799575
100951.139295
100919.962021
100920.450012
100921.000089
100921.230493
100921.261931
100921.090231
100920.978425
100921.456838
100922.465361
100923.819965
100925.414533
100927.137942
100928.943258
100930.719533
100932.463373
100933.980782
100935.211689
100936.388552
100937.583161
100938.784049
100914.600741
100915.265012
100915.920982
100916.181448
100916.209886
100916.066861
100915.870065
100915.97519
100916.489883
100917.2958
100918.298871
100919.431197
100920.634744
100921.989282
100923.179897
100923.998029
100924.80304
100926.080472
100927.077498
100927.832233
100910.364563
100910.92696
100911.521152
100911.749816
100911.778822
100911.693549
100911.528857
100911.477389
100911.686713
100912.109282
100912.666189
100913.284052
100914.01291
100914.75403
100915.560735
100915.952793
100916.481238
100917.077995
100917.676966
100918.531935
100906.635017
100907.077368
100907.60743
100907.826199
100907.879057
100907.828353
100907.724087
100907.632139
100907.66778
100907.829414
100908.04757
100908.224978
100908.434378
100908.911562
100909.226196
100908.819883
100908.616964
100909.508806
100909.912678
100910.257962
100903.516426
100903.774246
100904.141068
100904.318067
100904.360329
100904.353973
100904.264726
100904.120321
100904.010726
100903.955172
100903.864606
100903.629656
100903.494099
100903.402306
100903.359653
100902.500239
100902.365208
100902.522574
100902.487269
100902.754444
100900.197922
100900.452102
100900.917347
100901.082354
100901.132712
100901.14906
100901.06175
100900.857076
100900.614432
100900.362735
100899.996751
100899.363938
100898.73029
100898.449388
100897.819794
100896.465916
100895.68433
100895.95594
100895.824028
100895.560876
100896.913464
100897.227254
100897.744141
100897.926466
100897.983894
100897.994442
100897.873241
100897.598071
100897.233112
100896.788656
100896.01994
100894.809334
100893.88316
100892.963974
100891.848943
100890.092328
100889.680565
100889.349519
100888.764373
100888.488129
100893.0325
100893.574427
100894.323605
100894.467978
100894.485106
100894.375715
100894.084104
100893.632914
100893.083901
100892.291817
100890.829872
100889.262282
100887.986702
100886.913541
100885.226048
100883.35466
100882.423402
100881.975007
100881.411575
100880.677735
100887.214492
100888.071117
100889.237401
100889.445898
100889.321641
100888.962564
100888.41811
100887.764013
100886.935142
100885.468187
100883.549773
100881.924279
100880.689074
100879.216057
100876.905165
100874.954674
100874.692159
100873.911328
100873.02392
100872.492672
100878.416074
100879.599445
100881.022815
100881.257997
100880.962814
100880.42235
100879.779314
100879.017544
100877.719734
100875.803745
100874.040264
100872.829919
100871.451115
100869.781589
100867.522953
100866.120597
100865.260725
100864.496312
100863.790065
100862.950221
100866.646737
100868.468611
100870.73003
100870.88158
100870.33849
100869.663658
100868.95117
100867.865602
100866.139742
100864.448152
100863.435896
100862.232962
100860.81493
100859.075379
100856.728374
100855.316035
100855.053019
100854.138791
100853.20879
100852.669087
100854.664397
100856.827559
100859.796203
100859.796634
100858.98593
100858.126685
100857.119089
100855.520013
100853.863149
100852.985494
100851.850223
100850.499838
100848.947522
100847.019728
100845.110773
100844.075457
100843.188585
100842.34041
100841.620154
100840.814138
100844.836844
100846.778127
100849.882998
100849.518889
100848.233651
100846.86752
100845.149039
100843.256185
100842.282344
100840.999245
100839.617876
100837.986665
100836.156479
100834.532919
100832.406885
100830.946606
100830.40262
100829.373604
100828.42845
100827.91825
100836.86023
100837.965848
100840.529156
100839.629774
100837.716299
100835.660958
100833.400944
100831.917601
100830.234528
100828.615957
100826.710239
100824.620169
100822.977833
100820.790317
100818.491562
100817.043904
100815.838263
100814.758668
100813.86857
100813.021438
100828.770038
100828.313718
100829.65895
100828.252256
100825.929154
100823.541399
100821.332208
100819.08307
100817.214292
100815.015866
100812.693756
100810.649973
100808.161663
100805.806949
100802.99961
100801.011235
100799.688451
100798.311146
100797.178199
100796.551557
100819.760963
100817.572668
100818.165263
100816.069502
100813.293956
100810.577512
100807.651343
100805.253713
100802.595435
100799.496757
100796.763931
100793.535354
100791.225803
100788.337487
100785.39656
100783.078049
100781.126272
100779.717751
100778.551347
100777.594592
100805.879999
100801.523251
100801.084758
100798.734274
100795.614008
100792.499807
100789.193681
100785.421195
100781.231825
100777.913837
100775.200901
100773.502903
100771.184597
100768.258092
100765.094952
100762.321476
100760.22262
100758.674061
100757.447413
100756.781255
100779.467309
100772.423885
100770.778449
100767.762306
100764.545645
100762.037374
100759.061783
100755.61194
100753.105132
100751.720349
100751.07468
100749.789784
100747.576044
100744.815915
100741.837114
100739.176576
100737.052224
100735.670463
100734.572286
100733.730968
100739.261203
100730.602809
100728.387388
100726.014991
100724.56261
100724.338059
100723.807905
100723.158206
100723.049844
100723.328971
100723.293289
100722.443863
100720.818174
100718.783292
100716.581157
100714.489659
100712.729186
100711.313735
100710.3084
100709.830764
100702.609528
100694.126897
100692.334024
100691.413642
100691.204716
100691.884034
100692.638376
100693.254551
100693.868702
100694.388959
100694.599713
100694.250138
100693.307026
100692.026325
100690.59239
100689.17231
100687.76394
100686.450441
100685.71963
100685.205555
100673.17875
100666.193211
100666.162113
100666.077753
100666.29517
100666.816995
100667.352945
100667.801234
100668.046121
100668.193701
100668.204209
100667.876514
100667.092203
100666.037382
100664.950231
100663.919561
100662.886651
100661.74264
100661.242029
100661.233521
100644.118284
100638.64308
100639.863767
100640.672968
100641.595777
100642.435405
100642.956967
100643.203211
100643.14671
100642.998413
100642.777148
100642.300552
100641.493897
100640.565728
100639.744927
100638.999537
100638.371524
100637.672937
100637.411121
100637.371342
100607.840499
100603.710989
100605.654377
100607.71102
100609.737679
100611.439027
100612.691056
100613.789107
100614.48419
100614.832789
100615.017143
100614.989352
100614.756642
100614.496566
100614.395239
100614.390965
100614.49087
100614.535827
100614.500671
100614.897771
100561.872664
100558.570323
100560.779865
100563.837022
100566.821741
100569.376899
100571.823561
100575.270828
100578.66454
100581.21872
100583.140428
100584.673031
100586.037677
100587.398862
100588.838056
100590.252133
100591.62709
100592.900256
100593.724385
100594.665335
100520.686839
100518.938265
100520.381766
100522.184403
100523.865683
100525.671081
100527.531133
100531.93894
100538.313332
100544.2661
100549.278435
100553.586428
100557.474968
100561.12897
100564.492588
100567.624624
100570.549959
100573.235218
100575.272637
100576.984375
100504.372931
100504.433495
100505.402421
100505.430326
100505.388862
100505.299858
100505.471897
100506.484231
100510.50089
100516.85597
100523.267215
100529.185423
100534.638518
100539.616745
100544.190999
100548.432901
100552.390827
100556.07163
100559.192602
100561.673517
100502.35658
100502.549914
100502.578055
100502.586609
100502.555492
100502.482971
100502.384497
100502.007682
100502.008377
100504.42701
100509.008457
100514.266795
100519.524869
100524.481585
100529.148954
100533.59281
100537.85056
100541.912359
100545.578688
100548.599035
100500.78962
100500.774287
100500.763319
100500.745174
100500.703978
100500.644244
100500.572252
100500.489261
100500.217868
100500.232944
100501.856313
100505.178157
100509.381472
100513.854243
100518.24523
100522.516909
100526.677416
100530.754883
100534.540327
100537.892261
100499.277071
100499.266435
100499.26047
100499.248746
100499.224508
100499.188491
100499.143206
100499.091405
100499.031478
100498.901219
100499.09194
100500.480686
100503.057969
100506.512759
100510.41888
100514.391937
100518.337348
100522.228754
100525.903309
100529.512682
100497.984484
100497.975383
100497.969155
100497.96337
100497.953708
100497.940377
100497.924344
100497.905476
100497.8822
100497.849449
100497.888422
100498.546815
100499.98924
100502.312749
100505.382913
100508.894897
100512.502566
100516.077425
100519.651612
100522.899874
100496.791531
100496.783611
100496.780971
100496.782685
100496.786605
100496.793246
100496.803207
100496.816305
100496.830992
100496.844102
100497.034983
100497.596831
100498.686327
100500.41576
100502.796751
100505.66077
100508.719984
100511.921224
100515.038002
100518.367376
100495.602227
100495.596992
100495.598992
100495.608096
100495.623031
100495.644788
100495.674497
100495.712658
100495.757186
100495.811155
100496.056951
100496.576598
100497.549592
100499.034196
100501.035812
100503.416712
100505.998374
100508.663408
100511.578829
100513.982226
100494.367623
100494.361709
100494.362973
100494.372902
100494.39033
100494.41613
100494.451701
101034.261725
101034.5029
101034.721865
101034.918169
101035.091813
101035.24362
101035.374623
101035.487576
101035.586735
101035.674558
101035.748058
101035.804437
101035.843796
101035.868615
101035.881858
101035.886905
101035.875866
101016.13482
101016.831528
101017.4531
101018.000697
101018.480002
101018.897177
101019.258101
101019.568502
101019.833459
101020.057932
101020.247436
101020.409058
101020.547625
101020.662324
101020.751386
101020.816029
101020.8595
101020.885793
101020.898993
101020.891155
100998.99578
101000.136565
101001.125255
101001.973541
101002.700099
101003.321106
101003.850188
101004.299246
101004.678329
101004.996397
101005.262205
101005.485665
101005.674434
101005.829788
101005.951241
101006.040979
101006.103225
101006.142604
101006.16407
101006.159764
100982.414443
100983.960439
100985.299032
100986.430745
100987.387873
100988.19721
100988.880448
100989.455726
100989.938007
100990.340163
100990.674044
100990.952352
100991.18551
100991.376894
100991.527144
100991.639396
100991.718531
100991.769919
100991.799052
100991.798472
100966.813279
100968.647097
100970.2662
100971.625488
100972.765973
100973.723978
100974.528105
100975.201712
100975.763824
100976.230503
100976.616131
100976.935711
100977.202148
100977.420625
100977.592724
100977.722269
100977.814689
100977.875616
100977.911001
100977.914051
100952.669455
100954.539965
100956.292804
100957.778772
100959.024097
100960.068069
100960.942264
100961.672625
100962.28037
100962.783399
100963.197563
100963.539332
100963.823457
100964.056529
100964.24071
100964.380226
100964.4806
100964.547586
100964.587145
100964.593453
100940.066229
100941.75876
100943.494573
100945.002706
100946.268464
100947.328659
100948.215095
100948.954201
100949.567739
100950.074131
100950.489623
100950.831163
100951.114583
100951.347351
100951.53192
100951.672517
100951.774477
100951.843158
100951.884289
100951.89331
100928.905115
100930.285566
100931.874897
100933.316252
100934.526995
100935.536846
100936.377983
100937.076794
100937.654761
100938.129952
100938.518127
100938.83579
100939.098954
100939.315477
100939.487813
100939.619858
100939.716298
100939.781889
100939.82167
100939.832675
100919.263024
100920.220949
100921.477639
100922.72781
100923.794086
100924.679769
100925.413876
100926.020834
100926.520342
100926.928868
100927.260625
100927.530558
100927.753764
100927.937841
100928.08505
100928.198576
100928.282176
100928.339556
100928.374837
100928.386914
100910.794813
100911.391682
100912.223974
100913.164525
100913.992537
100914.678462
100915.243298
100915.707198
100916.086236
100916.3938
100916.641321
100916.840993
100917.005658
100917.141953
100917.251702
100917.337095
100917.400586
100917.444707
100917.472254
100917.484215
100903.057982
100903.481573
100903.891885
100904.439876
100904.946459
100905.366649
100905.709221
100905.986736
100906.209862
100906.387634
100906.52769
100906.638384
100906.7289
100906.804217
100906.865715
100906.914309
100906.951019
100906.976955
100906.993716
100907.004162
100895.775179
100895.825561
100896.050184
100896.255735
100896.406693
100896.513415
100896.594855
100896.653675
100896.694338
100896.720805
100896.736197
100896.744134
100896.748859
100896.75349
100896.758924
100896.764543
100896.76967
100896.773968
100896.777699
100896.785141
100888.110971
100888.320011
100888.397239
100888.309523
100888.093202
100887.849546
100887.642983
100887.461818
100887.302739
100887.164002
100887.043749
100886.940596
100886.853476
100886.78276
100886.728169
100886.687404
100886.658159
100886.638606
100886.627657
100886.63052
100880.494263
100880.396776
100880.492548
100880.213845
100879.648634
100879.0433
100878.541616
100878.116751
100877.755655
100877.450265
100877.193551
100876.979336
100876.801444
100876.656487
100876.54218
100876.454669
100876.390203
100876.345771
100876.31923
100876.316005
100871.878384
100872.046475
100872.020572
100871.535414
100870.648165
100869.723139
100868.955244
100868.308173
100867.761803
100867.303052
100866.920574
100866.60406
100866.342741
100866.129484
100865.959822
100865.82848
100865.730571
100865.66206
100865.620086
100865.609565
100862.690297
100862.587747
100862.538615
100861.888911
100860.74893
100859.576939
100858.594355
100857.763096
100857.060882
100856.471956
100855.982144
100855.577985
100855.244934
100854.972819
100854.755121
100854.585298
100854.457515
100854.367069
100854.310596
100854.291837
100852.075314
100852.293489
100852.115112
100851.231531
100849.830252
100848.442685
100847.275365
100846.287865
100845.455279
100844.758611
100844.180569
100843.704346
100843.311805
100842.990528
100842.73228
100842.529623
100842.376192
100842.266626
100842.197151
100842.169496
100840.667051
100840.697774
100840.453183
100839.331472
100837.690579
100836.13327
100834.819894
100833.709379
100832.774833
100831.994419
100831.348177
100830.816464
100830.378397
100830.019621
100829.730111
100829.501649
100829.327476
100829.201842
100829.120702
100829.083434
100827.473588
100827.803183
100827.36883
100825.997189
100824.159452
100822.478529
100821.063713
100819.869517
100818.866709
100818.031097
100817.340663
100816.773854
100816.308203
100815.927203
100815.618853
100815.374143
100815.18606
100815.048688
100814.957943
100814.910463
100812.979723
100813.080646
100812.525172
100810.983504
100809.047664
100807.319066
100805.864904
100804.639458
100803.612342
100802.758095
100802.053666
100801.476879
100801.004866
100800.619378
100800.306594
100800.057077
100799.863833
100799.720915
100799.624015
100799.566195
100796.180621
100796.437212
100795.745803
100794.152964
100792.246737
100790.558888
100789.138637
100787.943758
100786.944093
100786.114152
100785.431116
100784.873677
100784.419958
100784.050592
100783.75029
100783.509463
100783.321453
100783.180375
100783.081508
100783.013484
100777.55666
100777.561971
100776.924513
100775.485873
100773.730077
100772.171834
100770.864486
100769.768543
100768.854271
100768.096945
100767.475124
100766.969946
100766.562076
100766.231968
100765.963264
100765.746564
100765.575861
100765.445539
100765.350029
100765.272087
100756.470746
100756.606674
100756.070829
100754.911915
100753.470557
100752.167197
100751.073507
100750.159527
100749.398783
100748.769583
100748.2539
100747.837419
100747.505442
100747.239662
100747.02331
100746.847633
100746.707778
100746.598619
100746.513134
100746.425737
100733.797975
100733.718558
100733.236699
100732.456738
100731.562869
100730.670099
100729.90289
100729.260388
100728.725054
100728.281771
100727.918467
100727.627612
100727.401515
100727.225026
100727.081749
100726.964157
100726.869193
100726.792694
100726.72538
100726.629084
100709.658503
100709.725046
100709.252957
100708.682112
100708.36858
100708.009445
100707.648669
100707.344472
100707.091737
100706.882709
100706.711789
100706.578868
100706.484808
100706.419464
100706.367548
100706.323296
100706.286344
100706.254369
100706.21513
100706.110833
100685.63786
100685.708309
100685.232533
100684.575492
100684.402215
100684.578962
100684.673437
100684.750176
100684.823595
100684.889793
100684.947327
100685.002052
100685.063588
100685.128569
100685.183611
100685.225291
100685.257326
100685.281653
100685.283504
100685.174436
100661.770177
100661.826796
100661.33829
100660.559188
100660.102319
100660.606385
100661.253867
100661.785502
100662.253511
100662.654816
100662.990759
100663.272362
100663.518365
100663.734718
100663.911752
100664.049268
100664.157055
100664.247465
100664.310971
100664.214637
100637.985011
100637.822092
100637.231331
100636.130579
100635.087658
100636.130631
100637.588248
100638.776595
100639.784099
100640.625879
100641.317093
100641.880902
100642.349611
100642.743706
100643.061315
100643.306437
100643.493585
100643.645225
100643.779446
100643.732057
100615.196328
100614.528568
100613.429583
100611.307393
100610.132976
100611.996411
100614.435756
100616.53804
100618.217281
100619.571786
100620.6582
100621.526148
100622.228105
100622.804539
100623.267034
100623.625915
100623.898708
100624.107588
100624.287051
100624.296647
100594.903918
100594.146898
100592.936826
100590.410994
100591.465757
100592.261062
100594.314078
100596.901217
100598.98178
100600.649851
100601.98476
100603.048147
100603.900453
100604.593984
100605.152192
100605.590613
100605.927734
100606.181385
100606.368109
100606.407285
100577.734966
100578.001618
100576.889605
100576.001343
100577.500544
100577.65971
100578.645844
100580.694802
100582.793711
100584.492474
100585.858794
100586.952262
100587.827133
100588.534366
100589.103783
100589.553375
100589.89905
100590.153847
100590.325708
100590.37549
100563.308264
100564.329352
100563.711957
100564.106329
100565.685299
100566.27637
100566.869177
100568.031846
100569.626492
100571.091466
100572.29793
100573.278043
100574.067153
100574.702132
100575.213077
100575.618429
100575.930967
100576.159141
100576.306013
100576.367223
100550.923604
100553.187727
100552.799769
100554.502099
100555.748329
100556.355563
100556.998441
100557.720712
100558.761469
100559.883063
100560.863758
100561.675238
100562.333036
100562.859963
100563.282439
100563.618277
100563.87759
100564.065104
100564.179464
100564.245118
100541.23146
100543.435191
100543.070506
100545.033715
100546.301442
100547.179774
100547.904355
100548.552869
100549.299754
100550.145752
100550.937823
100551.609715
100552.156234
100552.590887
100552.936722
100553.211132
100553.422327
100553.572476
100553.655765
100553.717654
100532.486243
100534.287855
100533.721542
100536.659959
100537.910143
100538.746828
100539.478633
100540.110116
100540.756344
100541.449789
100542.116183
100542.69538
100543.16764
100543.53916
100543.831287
100544.061978
100544.238958
100544.363194
100544.423879
100544.477308
100526.015555
100526.085157
100526.698933
100528.928802
100529.897044
100530.899107
100531.686759
100532.347317
100532.990176
100533.621594
100534.211683
100534.728183
100535.14993
100535.477989
100535.732885
100535.933234
100536.086839
100536.194601
100536.242301
100536.292366
100520.812446
100518.305755
100520.504783
100522.243079
100523.301941
100524.221332
100524.901243
100525.48823
100526.070643
100526.635295
100527.153026
100527.607183
100527.979841
100528.267837
100528.489864
100528.66382
100528.797007
100528.890567
100528.932292
100528.987981
100513.135284
100512.147565
100515.225616
100516.486914
100517.399269
100518.215278
100518.77934
100519.293046
100519.819943
100520.332133
100520.797102
100521.202625
100521.534884
100521.789909
100521.985421
100522.138568
100522.255892
100522.338716
100522.378981
100522.44065
)
;

boundaryField
{
    emptyPatch
    {
        type            empty;
    }
    minY
    {
        type            calculated;
        value           nonuniform List<scalar> 0();
    }
    maxY
    {
        type            calculated;
        value           nonuniform List<scalar> 0();
    }
    maxX
    {
        type            calculated;
        value           nonuniform List<scalar> 
38
(
101035.875866
101020.891155
101006.159764
100991.798472
100977.914051
100964.593453
100951.89331
100939.832675
100928.386914
100917.484215
100907.004162
100896.785141
100886.63052
100876.316005
100865.609565
100854.291837
100842.169496
100829.083434
100814.910463
100799.566195
100783.013484
100765.272087
100746.425737
100726.629084
100706.110833
100685.174436
100664.214637
100643.732057
100624.296647
100606.407285
100590.37549
100576.367223
100564.245118
100553.717654
100544.477308
100536.292366
100528.987981
100522.44065
)
;
    }
    water_to_heater
    {
        type            calculated;
        value           nonuniform List<scalar> 
60
(
101010.618348
101007.692204
100975.392996
100946.708941
100934.261389
100931.87238
100926.598986
100924.559906
100920.567042
100918.5557
100914.70395
100910.470207
100908.271506
100906.232427
100904.639016
100902.613184
100900.819488
100898.780409
100897.027938
100893.149555
100888.906185
100886.809853
100879.586471
100877.490153
100867.292755
100865.20808
100854.791719
100844.966542
100838.525868
100836.480514
100829.927476
100827.879429
100820.413615
100818.347181
100806.016049
100779.598634
100741.615902
100738.647888
100704.239082
100701.242117
100674.0698
100671.034266
100644.251016
100607.975208
100564.311729
100561.241135
100522.244986
100519.416251
100505.136175
100502.698191
100502.516355
100500.946416
100500.337095
100499.099292
100498.719677
100497.488892
100497.210341
100496.001401
100495.718544
100494.485659
)
;
    }
    procBoundary3to1
    {
        type            processor;
        value           nonuniform List<scalar> 
41
(
100494.500688
100494.562674
100494.726344
100495.049234
100495.613394
100496.520801
100497.867134
100499.651926
100501.67655
100503.775623
100506.216504
100508.198552
100509.325862
100493.0284
100493.022924
100493.023307
100493.030185
100493.04221
100493.059504
100494.500688
100493.082223
100505.43784
100508.482464
100510.147562
100510.940793
100511.909115
100512.641134
100513.151201
100513.636716
100514.137004
100514.617452
100515.051153
100515.425267
100515.729024
100515.959776
100516.136195
100516.274921
100516.382115
100516.459166
100516.500151
100516.563944
)
;
    }
    procBoundary3to2
    {
        type            processor;
        value           nonuniform List<scalar> 
41
(
101040.482343
101034.634917
101034.381321
101034.085836
101033.964098
101034.009239
101033.938501
101033.916936
101033.951966
101033.876981
101033.524121
101033.005995
101032.504471
101032.168201
101031.933188
101031.892696
101032.081902
101032.309431
101032.701153
101033.113338
101050.529443
101050.561413
101050.605469
101050.655195
101050.706419
101050.755988
101050.802141
101050.844956
101050.886727
101050.927625
101050.963118
101050.989231
101051.005335
101051.012941
101051.014325
101051.012049
101050.998596
101033.43414
101033.722168
101034.000601
101034.000601
)
;
    }
}


// ************************************************************************* //
