/*--------------------------------*- C++ -*----------------------------------*\
| =========                 |                                                 |
| \\      /  F ield         | OpenFOAM: The Open Source CFD Toolbox           |
|  \\    /   O peration     | Version:  2312                                  |
|   \\  /    A nd           | Website:  www.openfoam.com                      |
|    \\/     M anipulation  |                                                 |
\*---------------------------------------------------------------------------*/
FoamFile
{
    version     2.0;
    format      ascii;
    arch        "LSB;label=32;scalar=64";
    class       volTensorField;
    location    "5.3/fluidRegion";
    object      KdTotU;
}
// * * * * * * * * * * * * * * * * * * * * * * * * * * * * * * * * * * * * * //

dimensions      [1 -2 -2 0 0 0 0];

internalField   nonuniform List<tensor> 
40
(
(5921.3 0 0 0 5921.3 0 0 0 5921.3)
(5921.3 0 0 0 5921.3 0 0 0 5921.3)
(5921.31 0 0 0 5921.31 0 0 0 5921.31)
(5921.31 0 0 0 5921.31 0 0 0 5921.31)
(5921.31 0 0 0 5921.31 0 0 0 5921.31)
(5921.31 0 0 0 5921.31 0 0 0 5921.31)
(5921.31 0 0 0 5921.31 0 0 0 5921.31)
(5921.31 0 0 0 5921.31 0 0 0 5921.31)
(5921.35 0 0 0 5921.35 0 0 0 5921.35)
(5943.19 0 0 0 5943.19 0 0 0 5943.19)
(12931.6 0 0 0 12931.6 0 0 0 12931.6)
(12955.2 0 0 0 12955.2 0 0 0 12955.2)
(12985.1 0 0 0 12985.1 0 0 0 12985.1)
(13020.5 0 0 0 13020.5 0 0 0 13020.5)
(13060.8 0 0 0 13060.8 0 0 0 13060.8)
(13105.7 0 0 0 13105.7 0 0 0 13105.7)
(13154.9 0 0 0 13154.9 0 0 0 13154.9)
(13208.2 0 0 0 13208.2 0 0 0 13208.2)
(13265.2 0 0 0 13265.2 0 0 0 13265.2)
(13325.7 0 0 0 13325.7 0 0 0 13325.7)
(13388.9 0 0 0 13388.9 0 0 0 13388.9)
(13454.2 0 0 0 13454.2 0 0 0 13454.2)
(13520.7 0 0 0 13520.7 0 0 0 13520.7)
(13587.8 0 0 0 13587.8 0 0 0 13587.8)
(13654.5 0 0 0 13654.5 0 0 0 13654.5)
(13720.4 0 0 0 13720.4 0 0 0 13720.4)
(13785.1 0 0 0 13785.1 0 0 0 13785.1)
(13848.2 0 0 0 13848.2 0 0 0 13848.2)
(13909.8 0 0 0 13909.8 0 0 0 13909.8)
(13946.5 0 0 0 13946.5 0 0 0 13946.5)
(6416.39 0 0 0 6416.39 0 0 0 6416.39)
(6426.48 0 0 0 6426.48 0 0 0 6426.48)
(6436.78 0 0 0 6436.78 0 0 0 6436.78)
(6447.26 0 0 0 6447.26 0 0 0 6447.26)
(6457.94 0 0 0 6457.94 0 0 0 6457.94)
(6468.81 0 0 0 6468.81 0 0 0 6468.81)
(6479.88 0 0 0 6479.88 0 0 0 6479.88)
(6491.13 0 0 0 6491.13 0 0 0 6491.13)
(6502.59 0 0 0 6502.59 0 0 0 6502.59)
(6518.93 0 0 0 6518.93 0 0 0 6518.93)
)
;

boundaryField
{
    inlet
    {
        type            zeroGradient;
    }
    outlet
    {
        type            zeroGradient;
    }
    fixedWalls
    {
        type            empty;
    }
}


// ************************************************************************* //
