/*--------------------------------*- C++ -*----------------------------------*\
| =========                 |                                                 |
| \\      /  F ield         | OpenFOAM: The Open Source CFD Toolbox           |
|  \\    /   O peration     | Version:  2312                                  |
|   \\  /    A nd           | Website:  www.openfoam.com                      |
|    \\/     M anipulation  |                                                 |
\*---------------------------------------------------------------------------*/
FoamFile
{
    version     2.0;
    format      ascii;
    arch        "LSB;label=32;scalar=64";
    class       volScalarField;
    location    "0.68/water";
    object      rhom;
}
// * * * * * * * * * * * * * * * * * * * * * * * * * * * * * * * * * * * * * //

dimensions      [1 -3 0 0 0 0 0];

internalField   nonuniform List<scalar> 
1504
(
639.032015548
637.851298269
653.996803237
663.745522457
687.365877579
737.421056716
791.348784821
826.676354717
852.587401079
872.803632935
881.940294656
881.9598337
881.318843043
870.460123385
835.923302431
814.954154042
814.636053377
822.794152623
883.506506318
965.096893807
613.59577635
627.719183713
636.665540377
641.996940964
652.425283545
685.909210383
749.301835907
802.709630264
840.811383908
869.816105469
882.061816488
882.009773531
882.040907951
879.784424098
847.414380944
815.748513836
814.570600272
817.445972703
864.797990825
944.520118534
610.976000646
624.861269659
628.700798357
631.573921409
639.190569753
662.030723509
718.270531417
779.782893588
828.251911784
865.82831382
882.062689418
882.18100486
882.009770064
882.083862994
860.482496643
819.199440545
814.505157167
815.187039167
851.954365593
924.682293671
612.579946427
623.592060863
625.333641324
627.46793583
635.033320508
656.155013294
705.711147101
767.832923486
822.164110244
864.759359678
882.191955747
882.062701235
882.271619703
882.009764905
870.584361668
826.137778044
814.439722506
814.191805283
842.079834122
906.385258736
610.502728108
622.923740948
623.781360963
625.847625635
633.755447249
655.263832313
702.973931149
764.803117046
821.798048326
866.806941879
882.127370926
882.314170065
882.062710195
882.365921228
876.103919142
834.002268032
814.956274026
813.541211062
833.281072096
888.786637568
612.462317988
622.548096947
623.051221582
625.288269165
633.862480367
656.545279556
704.520950394
766.732001937
826.299785689
872.426154508
882.25854307
882.127391125
882.44097681
882.0627121
878.910125788
840.511546902
816.542514589
812.346768752
824.776787553
871.977552171
610.12347698
622.543335846
622.836081568
625.55633697
635.706621614
661.749385359
711.602525713
774.912042332
836.450996376
878.155614996
882.230795516
882.406328526
882.127404673
882.563625174
879.566750752
845.404035059
819.330517199
810.224871466
817.078683335
858.028627348
611.581451485
622.897811468
623.330589101
627.619140912
640.836451972
671.24733362
723.71686829
788.167603622
849.517535439
881.494252764
882.379992345
882.230819552
882.520637741
882.12740828
879.610870867
848.891504431
822.634164698
809.147954104
811.625491501
848.283464379
610.185965022
624.377795095
626.125582555
633.325778827
650.065026718
685.055460296
740.252227315
805.528934918
863.642587486
882.400033551
882.398937474
882.464667082
882.230833662
882.579682912
878.55436813
851.283058287
826.79881425
809.168269506
808.516654877
841.305259903
611.944101649
628.08788507
633.219968981
643.956356768
665.04925228
705.06719235
763.036830333
827.771720203
875.978539542
882.46544096
882.63830679
882.37614179
882.544720481
882.230835615
877.140545825
852.824386971
830.849986748
810.006094088
805.959373094
835.497849557
610.058194983
635.376016102
646.001608948
661.158503963
688.45099293
733.982590338
793.916802732
854.084089135
881.976492292
882.627600313
882.465479543
882.69842142
882.398973075
882.519566118
874.762633402
853.611436792
834.169060996
811.235890968
803.220806043
829.357904395
612.490058424
648.012490529
665.659854698
688.007850337
723.16999744
773.825353297
832.433273564
876.504968226
882.582264761
882.465439934
882.918922984
882.465499736
882.742903881
882.398969277
871.697318501
854.056838453
836.455365519
812.142961834
800.409958025
821.234414986
610.839965892
671.412864438
696.709116003
728.581161584
771.167073803
823.326846259
869.680075198
882.543713589
882.465384518
882.927978638
882.465472273
882.948236254
882.465501359
882.577328028
867.812834795
855.042430574
837.847127582
812.250159774
798.568742658
810.502607435
612.846853038
711.179358504
744.99431284
785.031029786
829.380175333
869.56449675
882.510485129
882.465299005
882.900455048
882.465436651
883.030540942
882.465479141
882.93929947
879.039334814
866.564124734
857.671722698
838.843441817
811.947309991
798.554701744
800.921462286
611.744728533
763.378174553
808.776117895
850.793836955
876.51765521
882.576079793
882.465159772
882.993034469
882.465390508
883.1420787
882.465449339
883.037479408
882.465467752
874.835676507
868.647494109
862.388702758
840.216116881
812.000641665
798.585594704
796.493735626
613.195886193
820.451919108
868.504166488
882.462009457
882.766008646
882.464925827
883.297643424
882.465333648
883.342306396
882.465413588
883.113118252
882.465440143
880.611849203
874.518550947
874.346559694
868.692230231
843.687346142
813.385198792
799.081910433
795.764455539
653.585770469
872.613439251
882.457166772
883.220509139
882.464472001
883.82969189
882.465267083
883.696251683
882.465372637
883.25848917
882.465403173
882.391018454
879.096004286
878.094589644
880.2076248
875.862819055
851.967986593
818.603916859
800.629546203
795.687820549
735.411412926
874.82184881
882.740781922
882.463301108
883.829417128
882.465178573
883.877204411
882.465318821
883.3460998
882.504182781
882.755715799
881.100684884
880.557518243
882.391319778
883.959056308
883.014268497
865.878534262
830.935237868
805.061700784
795.758879213
762.5048279
829.626879157
840.965555434
855.106917125
866.853462454
874.33709833
877.842481939
880.509245564
881.528432769
882.648182434
882.850167451
883.362768445
884.271389424
885.052889705
885.981134912
886.953672962
881.089863788
852.184539614
815.945702788
796.264616763
717.432382234
697.760643238
719.150514265
741.979422483
771.382481973
802.603388044
838.629471885
865.552067148
878.584060646
883.971653511
886.519019275
887.303452823
887.423710157
886.927111021
887.048372932
888.192909431
888.586176775
875.914976198
836.104998907
800.913088451
619.728386144
594.956109341
610.429216084
624.036892534
641.819437747
669.626903949
725.130222673
801.797390246
858.627334826
881.176054134
887.656142937
889.367957727
889.335295136
888.46796084
887.902605279
888.417597044
889.469297307
888.517330086
863.48642425
814.363998566
569.057523659
570.255139119
577.360204229
585.599821789
592.855674116
604.304932811
633.008721598
698.06556222
790.948134529
858.195464727
884.285442251
889.688634542
889.670265172
889.561543037
888.734608952
888.515205533
889.505252589
889.777190025
884.639591927
835.492112365
566.380702309
567.670109275
572.212528961
580.47942964
586.763854377
595.392016468
614.122172411
655.017580636
729.101390994
813.971160505
871.22800499
889.670194877
889.755746075
889.691553623
889.545441955
888.931994901
889.435994152
889.78275313
889.812299642
856.940560641
567.120951983
567.234492399
571.827674602
580.860488242
587.832556112
596.663415926
614.693141339
650.902642471
712.220782141
786.272767934
853.674698978
889.741123377
889.691501208
889.793111672
889.743324292
889.645162949
889.508321372
889.846065704
889.830210333
873.119400506
566.322676145
567.281783657
573.7829965
585.208095425
594.330942827
604.311250187
622.262741158
656.057640538
712.994075326
781.902264245
847.499269706
888.585004048
889.870292418
889.743287597
889.910173405
889.782699271
889.820507593
889.830186253
889.953788406
882.016725138
567.127018629
569.000162416
580.988943055
596.051672556
607.717700965
619.687740409
639.260115027
673.382180379
724.998570126
787.932332819
850.612298046
888.273030263
889.74324867
890.021024578
889.782675801
889.981014801
889.83016721
889.913731092
889.866625379
885.412351691
566.664050241
576.119594291
594.147194866
611.854455637
624.882891243
639.21398778
662.401441725
699.895473632
750.266827013
808.738600384
864.907606981
889.603564984
889.893102899
889.78264869
890.103531159
889.830150848
890.013933095
889.86660898
890.049700139
886.071039114
567.132626787
589.563484342
610.963782174
628.796873175
641.832793078
659.499422772
688.614254399
730.808793997
783.08557647
839.850566014
883.246533013
889.819326816
889.782617259
890.086277793
889.830132962
890.15101692
889.866595187
890.051378009
889.891825297
885.790409019
569.28731219
608.51143492
627.609403757
642.942685709
656.157040009
679.005413622
715.504119028
763.509521524
818.587610669
870.572587578
889.744683419
889.782581943
890.039645384
889.830110337
890.219080539
889.866581964
890.16461114
889.891812388
890.122698558
884.441181746
587.4699013
629.422326646
640.8271004
651.65347039
666.721617819
695.912862771
740.243383596
794.61751926
851.175259781
887.427615167
889.782541772
890.031389424
889.83008233
890.257786152
889.866566389
890.281749873
889.891800791
890.182297428
889.92631802
883.306011476
631.754776603
648.681283736
649.282886167
655.150833471
672.758420476
708.792086635
760.626239738
820.251813436
873.4396015
889.782489851
889.979794036
889.830049022
890.271541482
889.866546398
890.371312025
889.891789276
890.296910561
889.926307133
890.172023047
883.132985063
681.000646295
665.01727628
654.744028028
657.944280325
677.567461149
719.549947187
777.425611248
839.535312728
884.234151725
889.900789421
889.830007677
890.263065515
889.866521429
890.423554738
889.891775378
890.389017135
889.926297464
890.237501356
889.956302607
884.31439176
694.402042678
681.552327935
663.873186248
665.301049806
685.901026498
731.808289422
793.294203877
854.845712664
888.428155001
889.829948552
890.190980515
889.866491039
890.423531205
889.891757246
890.437592185
889.926287401
890.325923411
889.956293885
890.173346612
887.236729563
694.832078333
705.631654716
685.023109058
684.110939624
703.113135182
749.443856607
811.238794454
868.703157701
889.782377312
889.978892996
889.830001409
890.363427822
889.866506053
890.419223112
889.891753786
890.345956509
889.926272869
889.38246202
889.992005464
890.061871713
695.623653163
745.924593461
722.742117994
720.205674646
735.639541451
777.680227547
835.012184032
882.202579223
889.875776266
889.782475901
890.312078947
889.830026115
890.370989853
889.866505203
890.321426927
889.870421727
885.161311619
885.209766625
889.711687861
891.034119633
696.549186122
798.042354349
773.689575215
772.153173913
784.007313139
818.700270815
864.949521084
889.561026041
889.743029708
890.244633212
889.782513309
890.345900772
889.830024062
890.239635552
887.900691554
882.84668938
882.161816113
884.949397771
890.27803158
891.029110628
696.633118082
823.77297314
819.181952452
819.754399525
830.239712288
857.94378973
887.028749404
889.691170183
890.29147221
889.743082256
890.335032037
889.782506383
888.172144657
884.036999346
881.609367858
881.589867413
882.076340441
886.046703485
890.476784766
891.041425508
718.376347825
824.114801068
824.458544459
824.871824019
838.218695412
864.777974814
887.121504839
1000
1000
1000
1000
1000
1000
1000
1000
1000
1000
1000
1000
1000
1000
1000
1000
1000
997.220693055
999.967628486
1000
1000
1000
1000
1000
1000
1000
1000
1000
1000
1000
1000
1000
1000
1000
1000
1000
1000
992.284952977
999.793401004
999.999837865
1000
1000
1000
1000
1000
1000
1000
1000
1000
1000
1000
1000
1000
1000
1000
1000
1000
983.860687225
999.157561933
999.996306229
1000
1000
1000
1000
1000
1000
1000
1000
1000
1000
1000
1000
1000
1000
1000
1000
1000
972.435322724
997.620388914
999.9732082
1000
1000
1000
1000
1000
1000
1000
1000
1000
1000
1000
1000
1000
1000
1000
1000
1000
958.903148887
994.865514622
999.894118884
1000
1000
1000
1000
1000
1000
1000
1000
1000
1000
1000
1000
1000
1000
1000
1000
1000
944.57299492
990.938361636
999.713015832
999.999852758
1000
1000
1000
1000
1000
1000
1000
1000
1000
1000
1000
1000
1000
1000
1000
1000
931.528812875
986.317455747
999.397376444
999.998810484
1000
1000
1000
1000
1000
1000
1000
1000
1000
1000
1000
1000
1000
1000
1000
1000
921.276628981
981.624112091
998.947056509
999.995682945
1000
1000
1000
1000
1000
1000
1000
1000
1000
1000
1000
1000
1000
1000
1000
1000
913.181411897
977.174804748
998.396038665
999.989864641
1000
1000
1000
1000
1000
1000
1000
1000
1000
1000
1000
1000
1000
1000
1000
1000
905.696711275
972.744926175
997.752749959
999.981116809
1000
1000
1000
1000
1000
1000
1000
1000
1000
1000
1000
1000
1000
1000
1000
1000
896.902367244
967.400961865
996.905784061
999.967407552
1000
1000
1000
1000
1000
1000
1000
1000
1000
1000
1000
1000
1000
1000
1000
1000
884.133149125
959.656312848
995.601791644
999.9421275
1000
1000
1000
1000
1000
1000
1000
1000
1000
1000
1000
1000
1000
1000
1000
1000
866.664500667
948.475970889
993.40109778
999.881519058
1000
1000
1000
1000
1000
1000
1000
1000
1000
1000
1000
1000
1000
1000
1000
1000
848.528778618
933.458938315
989.421496692
999.707571009
999.99959179
1000
1000
1000
1000
1000
1000
1000
1000
1000
1000
1000
1000
1000
1000
1000
833.388247918
914.010635299
982.127637846
999.187457579
999.994939679
1000
1000
1000
1000
1000
1000
1000
1000
1000
1000
1000
1000
1000
1000
1000
820.399739916
890.465466748
969.27929626
997.64820791
999.960884137
999.99990707
1000
1000
1000
1000
1000
1000
1000
1000
1000
1000
1000
1000
1000
1000
808.138619031
865.228301231
948.375226379
993.292739413
999.751853049
999.997859083
1000
1000
1000
1000
1000
1000
1000
1000
1000
1000
1000
1000
1000
1000
795.933296178
841.051659071
919.126797003
982.483831346
998.738470232
999.972284186
999.999971934
1000
1000
1000
1000
1000
1000
1000
1000
1000
1000
1000
1000
1000
791.400350028
821.300636775
886.296926777
961.713110809
995.034046773
999.761627372
999.998332856
1000
1000
1000
1000
1000
1000
1000
1000
1000
1000
1000
1000
1000
791.218286944
805.570335221
856.870531688
933.135530964
985.509016237
998.701505782
999.970041274
999.99999686
1000
1000
1000
1000
1000
1000
1000
1000
1000
1000
1000
1000
791.195785464
790.935356593
833.246283642
903.97113969
968.807550522
995.271702468
999.734034869
999.998532684
1000
1000
1000
1000
1000
1000
1000
1000
1000
1000
1000
1000
792.485529726
789.896008667
817.29231315
878.579673669
947.481451983
987.776223232
998.710831227
999.969404279
1000
1000
1000
1000
1000
1000
1000
1000
1000
1000
1000
1000
799.268582415
789.853677515
806.443600077
857.72085393
925.07013966
975.830935428
995.939517131
999.770021103
999.999036476
1000
1000
1000
1000
1000
1000
1000
1000
1000
1000
1000
811.639058788
789.895905165
798.595271032
840.236036685
903.230060116
960.388038745
990.556074953
998.978169316
999.976450128
1000
1000
1000
1000
1000
1000
1000
1000
1000
1000
1000
824.884849546
789.895080696
792.885595912
825.063993783
882.268767369
942.553080896
982.058909972
996.943027632
999.819270173
999.998871115
1000
1000
1000
1000
1000
1000
1000
1000
1000
1000
834.452905944
791.629236855
788.096258893
811.45821202
862.02077293
923.164081186
970.411940865
993.004331028
999.169035943
999.969624081
999.999947884
1000
1000
1000
1000
1000
1000
1000
1000
1000
840.52522993
794.087984577
786.69729693
800.572039182
844.064272975
903.772241219
956.193306524
986.539786684
997.443087431
999.75896335
999.993222974
999.999996231
1000
1000
1000
1000
1000
1000
1000
1000
844.084249621
797.938333778
786.707019821
794.365426993
830.194790967
885.41695505
939.833852797
976.992058084
993.955147513
998.968358615
999.912019228
999.998276331
999.999999986
1000
1000
1000
1000
1000
1000
1000
846.542622035
803.141146345
786.879457149
790.83679961
818.009798966
866.795562924
920.967194282
963.967952422
988.038022178
997.15721117
999.555095712
999.969394641
999.999706292
1000
1000
1000
1000
1000
1000
1000
849.372871399
809.942404761
788.885835223
784.275562364
802.067881913
844.718527882
898.187914665
947.111698181
979.247495339
993.891612063
998.638380836
999.811809269
999.991315935
999.999975525
999.999997926
999.999997522
999.999997395
999.999999616
999.999999997
1000
853.860108602
818.161088079
789.581121791
774.848598505
781.314655493
817.062156479
871.84794287
927.688251618
967.82031386
988.710107201
996.793759776
999.307748128
999.922558266
999.997132883
999.99807573
999.997933493
999.997762873
999.999547923
999.999991455
999.999998927
861.098303932
826.068347279
787.199115683
774.535952255
774.840209726
795.876686681
847.770963862
907.893730105
953.957199265
980.734001198
993.100461834
997.928074
999.56680651
999.887362875
999.815067344
999.808783516
999.788389246
999.906682287
999.994074607
999.998983548
871.111928156
834.690655055
786.99281664
774.840170782
774.590911894
785.149257339
828.182268176
886.581158316
935.589706219
967.245442147
984.670184882
993.058719259
997.586761601
998.389605436
996.515481651
995.091948247
994.773928133
994.96599663
998.98855574
999.833362836
881.020710602
844.9429854
789.835596747
774.606927114
774.840124176
777.200192606
809.205727604
861.304643071
909.80859142
944.283919708
965.789802126
978.720606701
989.440629459
992.023522775
978.574450366
916.282249439
877.838298812
915.006992538
972.078309042
994.799389339
887.861906106
857.266070411
797.718758246
774.840091229
774.619641464
774.840079064
792.779049677
833.611257426
878.402615748
913.017155536
936.988385933
958.780549815
968.832833317
950.689455432
848.490431444
693.006594299
651.124650031
661.138310547
825.330621093
973.626900054
890.908224452
871.128575212
813.694796653
775.940101
774.840050347
774.70673346
783.005404881
809.80853548
845.761189719
880.157672356
912.499146769
928.602333144
867.952183909
688.233683913
652.168518132
650.143107696
652.068363637
650.255616168
688.853693673
956.907354209
891.029084043
884.529304764
838.389485048
783.803369664
774.732662878
774.840015007
776.535501413
791.280007502
818.993220489
856.42624011
883.96853711
808.357507037
657.006933181
652.195907889
650.488228149
652.168512689
650.191381911
652.195907285
651.812690067
950.283260966
)
;

boundaryField
{
    emptyPatch
    {
        type            empty;
    }
    minY
    {
        type            calculated;
        value           nonuniform List<scalar> 0();
    }
    maxY
    {
        type            calculated;
        value           nonuniform List<scalar> 0();
    }
    maxX
    {
        type            calculated;
        value           nonuniform List<scalar> 
38
(
1000
1000
1000
1000
1000
1000
1000
1000
1000
1000
1000
1000
1000
1000
1000
1000
1000
1000
1000
1000
1000
1000
1000
1000
1000
1000
1000
1000
1000
1000
1000
999.999998927
999.998983548
999.833362836
994.79938934
973.62690006
956.907354218
950.283260977
)
;
    }
    water_to_heater
    {
        type            calculated;
        value           nonuniform List<scalar> 
60
(
638.850557654
638.850541588
613.425161379
610.814744702
612.423629091
612.423603103
610.348078103
610.348046349
612.30939124
612.309353314
609.970522871
611.42897321
610.032604931
610.032557873
611.78991305
611.789864412
609.902050862
609.902000451
612.333964818
610.683816442
612.692174082
612.692125635
611.590244871
611.590200234
613.035896015
613.035855252
653.417382846
735.262646498
762.36261162
762.362591131
717.274421052
717.274403371
619.579873374
619.579865743
568.948911101
566.288055058
567.032326235
567.032345025
566.232348563
566.232377227
567.032373661
567.032413339
566.565255322
567.032462213
569.187932156
569.187977722
587.359047455
587.359074239
631.616133108
631.616133072
680.849327453
694.239378382
694.661879981
694.661856318
695.451117949
695.451090928
696.376395781
696.376369272
696.459176358
718.210755725
)
;
    }
    procBoundary3to1
    {
        type            processor;
        value           nonuniform List<scalar> 
41
(
889.889641646
889.451766476
886.675427176
883.04285763
880.378599211
878.443077737
878.679951145
881.121944397
882.171972785
883.851947717
887.558124362
890.299751983
891.029066381
734.088447471
799.370356871
792.535490878
796.289855626
815.230885111
840.568541885
889.889641646
854.615612557
891.041960474
890.824996177
866.998529654
806.519535953
776.399788672
774.778879563
774.839985736
784.015200568
811.734209672
842.05145051
790.419533996
662.240588925
652.297596333
651.223371329
652.195903249
650.246459418
652.184896997
650.556374533
652.19590255
949.657870269
)
;
    }
    procBoundary3to2
    {
        type            processor;
        value           nonuniform List<scalar> 
41
(
705.597813651
666.002420697
681.074325883
694.040978728
734.866314519
782.569869197
814.873509743
836.180536558
856.320026888
873.02362284
880.096654499
880.348936703
876.366485768
861.574983821
829.25996581
814.833823364
814.698545392
834.318054742
910.231970399
982.619924492
1000
1000
1000
1000
1000
1000
1000
1000
1000
1000
1000
1000
1000
1000
1000
1000
1000
999.281435382
999.996718551
1000
1000
)
;
    }
}


// ************************************************************************* //
