/*--------------------------------*- C++ -*----------------------------------*\
| =========                 |                                                 |
| \\      /  F ield         | OpenFOAM: The Open Source CFD Toolbox           |
|  \\    /   O peration     | Version:  2312                                  |
|   \\  /    A nd           | Website:  www.openfoam.com                      |
|    \\/     M anipulation  |                                                 |
\*---------------------------------------------------------------------------*/
FoamFile
{
    version     2.0;
    format      ascii;
    arch        "LSB;label=32;scalar=64";
    class       volScalarField;
    location    "0.93/water";
    object      p;
}
// * * * * * * * * * * * * * * * * * * * * * * * * * * * * * * * * * * * * * //

dimensions      [1 -1 -2 0 0 0 0];

internalField   nonuniform List<scalar> 
1496
(
100522.983791
100522.98353
100522.981788
100522.976051
100522.964545
100522.947248
100522.924625
100522.896186
100522.862344
100522.822807
100522.508635
100522.068606
100521.814054
100521.795383
100521.93222
100522.110103
100522.228503
100522.266965
100522.291678
100522.533935
100522.112996
100522.113312
100522.113008
100522.111813
100522.107476
100522.099227
100522.085932
100522.065491
100522.036235
100521.997823
100521.88397
100521.479254
100521.035934
100520.686997
100520.269397
100519.601062
100518.731587
100518.021417
100517.631664
100517.497505
100521.235146
100521.23452
100521.235013
100521.241863
100521.251741
100521.261403
100521.266014
100521.262447
100521.249256
100521.228782
100521.230382
100520.905236
100520.425987
100519.761252
100518.538813
100516.657674
100514.909909
100513.828815
100513.051293
100512.220405
100520.209545
100520.204191
100520.212379
100520.249532
100520.326885
100520.39003
100520.433458
100520.453387
100520.444347
100520.436447
100520.442342
100520.156931
100519.59184
100518.5916
100516.444221
100513.516921
100511.21703
100509.615926
100508.142572
100506.438879
100518.48985
100518.479955
100518.467529
100518.45283
100518.359363
100518.003358
100517.641689
100517.417169
100517.374457
100517.474062
100517.608252
100517.50817
100517.04773
100515.702192
100512.604193
100508.821392
100506.00498
100503.725925
100501.464981
100497.595555
100515.136736
100516.429877
100516.822169
100516.814127
100516.681781
100516.226669
100515.754674
100515.36501
100515.062796
100514.777159
100514.493324
100514.016134
100513.000475
100510.471782
100505.964154
100501.349841
100497.888296
100494.715087
100490.644688
100482.387559
100512.247439
100513.750522
100514.922297
100514.977789
100514.678066
100513.926367
100513.118901
100512.36289
100511.59867
100510.721408
100509.632194
100508.103944
100505.520359
100500.975779
100495.210319
100490.125246
100485.626017
100480.587042
100472.820354
100464.858006
100508.947855
100509.383248
100511.586301
100511.889502
100511.479671
100510.520509
100509.325154
100507.923823
100506.124008
100503.797171
100500.917275
100497.247578
100492.437721
100486.686115
100480.778264
100475.010924
100468.972946
100461.474842
100452.418482
100450.034278
100509.667974
100507.479149
100509.691755
100509.724651
100508.83844
100507.412508
100505.409974
100502.39079
100497.998557
100492.99888
100487.837692
100482.34557
100476.604636
100470.693243
100464.342655
100457.583696
100450.102187
100441.098258
100434.955383
100435.162081
100511.833597
100505.577794
100506.670352
100506.240672
100504.790392
100502.837683
100499.789877
100494.449949
100487.711732
100481.520792
100475.519375
100469.118605
100462.451722
100455.461889
100448.039607
100440.121795
100431.283307
100422.621733
100419.166123
100419.510749
100512.360819
100502.28021
100502.232506
100501.100008
100498.733059
100495.918812
100491.678589
100485.030696
100477.80008
100471.146393
100463.985647
100456.333786
100448.587742
100440.42835
100431.711947
100422.256129
100412.309092
100405.136965
100403.352716
100403.53981
100508.959721
100495.332313
100494.424071
100492.786393
100489.354678
100485.4548
100480.137215
100473.223885
100466.028113
100458.724016
100450.954934
100442.694878
100433.788076
100424.121224
100413.668564
100402.593765
100392.935288
100388.413835
100387.779777
100388.141479
100509.608531
100493.281304
100490.750184
100487.504407
100482.735965
100477.725286
100471.292943
100463.707441
100455.927376
100447.560709
100438.365163
100428.486718
100417.763594
100406.107463
100393.770405
100382.401555
100375.234825
100372.749453
100372.571462
100372.982612
100523.405029
100501.917353
100497.177229
100491.905351
100485.264647
100477.40395
100467.490783
100456.819994
100445.97492
100434.769122
100423.195667
100411.112163
100398.451913
100385.313779
100372.721118
100363.215822
100358.224514
100356.445369
100356.215335
100356.781229
100511.413536
100484.251069
100475.743288
100470.215114
100465.694425
100456.696303
100444.334885
100431.276688
100418.23888
100405.511821
100393.155984
100381.148526
100369.410737
100358.134728
100348.570864
100342.116722
100339.022085
100338.263945
100338.702961
100339.851731
100351.749544
100321.314772
100323.923
100332.531666
100343.257108
100351.788545
100353.678135
100349.450517
100343.143918
100336.850161
100331.163618
100326.156737
100321.89311
100318.284405
100315.532915
100314.153849
100314.405427
100315.952039
100318.003483
100320.112758
100142.631369
100136.099843
100146.716212
100154.613047
100162.595029
100174.227474
100195.050641
100216.459717
100229.219078
100237.599841
100244.68342
100251.32587
100258.200008
100265.466662
100271.823943
100276.801915
100280.900625
100284.698776
100288.495376
100292.259113
100076.424593
100079.290353
100081.159416
100081.15821
100081.025384
100082.08141
100086.627901
100100.261673
100127.062847
100149.470739
100166.385082
100180.974165
100194.47503
100208.103374
100221.557746
100232.543009
100239.815327
100244.34922
100247.967684
100252.30603
100073.223652
100075.46794
100076.520457
100076.540994
100076.373373
100076.116295
100075.939929
100076.213974
100081.327988
100098.453083
100117.22532
100132.934552
100147.079133
100160.5088
100174.17738
100187.594627
100197.792519
100203.116102
100205.925151
100209.39152
100071.538301
100072.551259
100073.432854
100073.395729
100073.216267
100073.047538
100072.880462
100072.69535
100072.844331
100076.029344
100086.756246
100101.106773
100114.401321
100126.702785
100138.399292
100150.08017
100160.652064
100166.862524
100169.677894
100172.953056
100068.302924
100068.409042
100069.629402
100069.873807
100069.985783
100069.857845
100069.725685
100069.586899
100069.427442
100069.357183
100072.008437
100080.270554
100091.652682
100102.970653
100113.572984
100123.533691
100132.396376
100137.891389
100140.648101
100143.744448
100066.606396
100065.481716
100066.784835
100066.9322
100066.758738
100066.777307
100066.732325
100066.670677
100066.590248
100066.451403
100066.569672
100070.162734
100077.446399
100086.872418
100096.403953
100105.115221
100112.240997
100117.416444
100121.496167
100124.620074
100064.755106
100062.358025
100063.547805
100063.577692
100063.778095
100064.100594
100063.996914
100063.90967
100063.830535
100063.749439
100064.075786
100065.96955
100070.34793
100077.098988
100084.601701
100091.655333
100097.563362
100102.838221
100107.493012
100111.158993
100061.793941
100058.588127
100059.542952
100059.678927
100059.77096
100060.485838
100060.964763
100060.918479
100060.903954
100060.948612
100061.704399
100063.356151
100066.311848
100070.745479
100076.14407
100081.769105
100087.044805
100091.708734
100095.863821
100099.712327
100054.793039
100051.640635
100052.938878
100053.399847
100053.938488
100055.503815
100056.884197
100057.044268
100057.033035
100057.434003
100058.314515
100059.762387
100061.804421
100064.741435
100068.696563
100073.090841
100077.514363
100081.669284
100085.662609
100089.587806
100036.099603
100034.669065
100037.617244
100038.828559
100039.552084
100040.717937
100043.253544
100045.147672
100046.461715
100047.839284
100049.321091
100050.897342
100052.790057
100055.255534
100058.326663
100061.896576
100065.809074
100070.031009
100074.401281
100078.693928
100018.117101
100017.982885
100018.942646
100020.170806
100020.844083
100022.113488
100024.593072
100026.768273
100028.936263
100031.316991
100033.678094
100035.854829
100038.106852
100040.493128
100043.257663
100046.597428
100050.50706
100054.948518
100059.820559
100064.60172
100016.968935
100016.963216
100016.973085
100017.004112
100017.078857
100017.231972
100017.485619
100017.755032
100018.291882
100019.42839
100020.863101
100022.260687
100023.818137
100025.858577
100028.424873
100031.598514
100035.318481
100039.534825
100044.297408
100049.30853
100016.113312
100016.112003
100016.110922
100016.113787
100016.129054
100016.166547
100016.232507
100016.329395
100016.448609
100016.529579
100016.585095
100016.640125
100016.878946
100018.017671
100019.964503
100022.549828
100025.757544
100029.55765
100033.881242
100038.429945
100015.166463
100015.165129
100015.161398
100015.15824
100015.159974
100015.170904
100015.193699
100015.22681
100015.26526
100015.308697
100015.359857
100015.414163
100015.4965
100016.083618
100017.309054
100019.20558
100021.865441
100025.288159
100028.939472
100032.293866
100014.094325
100014.094002
100014.093604
100014.094901
100014.099782
100014.110298
100014.127236
100014.150266
100014.178797
100014.211715
100014.250807
100014.297867
100014.477066
100015.029045
100016.186792
100018.105509
100020.939596
100024.168563
100027.040856
100027.64678
100012.926147
100012.927463
100012.931027
100012.937542
100012.947161
100012.961621
100012.982274
100013.009139
100013.041673
100013.080069
100013.124918
100013.213331
100013.599903
100014.371525
100015.858265
100018.245494
100021.108545
100023.590285
100024.848603
100023.827087
100011.651998
100011.656619
100011.666366
100011.679495
100011.694993
100011.714982
100011.74205
100011.777483
100011.821391
100011.877533
100011.950495
100012.216693
100012.716034
100013.848774
100015.786781
100018.20341
100020.24182
100021.767547
100020.994813
100022.858946
100010.164838
100010.17429
100010.191853
100010.213694
100010.239598
100010.273321
100010.314631
100010.364466
100010.425194
100010.499046
100010.716633
100011.11727
100011.924093
100013.38781
100015.412421
100017.094349
100018.60459
100018.103425
100019.074076
100020.98695
100008.24867
100008.26308
100008.290107
100008.328989
100008.383264
100008.456912
100008.563579
100008.711469
100008.78988
100009.014609
100009.348865
100009.938656
100010.970525
100012.58643
100013.883069
100015.096637
100014.763952
100014.521829
100016.716901
100017.777913
100005.524322
100005.534973
100005.557059
100005.596611
100005.668795
100005.79961
100005.903658
100006.015238
100005.968646
100006.447021
100007.119609
100008.046273
100009.306702
100010.333779
100011.086401
100010.693263
100009.19714
100010.923176
100011.976458
100013.097964
100001.893404
100001.880579
100001.8525
100001.809981
100001.7467
100001.692807
100001.224577
100000.649836
100000.625458
100000.942365
100001.737532
100002.970124
100004.229865
100005.123191
100005.505489
100005.060046
100005.397855
100005.491882
100005.044376
100005.047809
100523.216138
100521.792367
100522.66277
100523.239916
100524.004086
100524.828533
100525.566913
100526.305732
100527.10368
100527.959507
100528.828414
100529.416078
100529.000448
100528.748218
100529.055734
100529.215853
100523.077245
100523.552698
100522.738452
100516.897448
100511.218189
100512.568305
100513.828512
100514.774563
100515.710445
100516.519985
100517.128007
100517.697657
100518.280695
100518.840761
100519.237223
100519.326943
100518.625965
100518.296925
100518.567972
100518.688653
100517.290044
100516.255364
100510.76402
100502.788838
100504.436248
100506.2335
100507.123631
100507.936298
100508.67951
100509.198465
100509.496263
100509.763863
100510.018521
100510.1169
100509.984184
100509.644765
100508.873975
100508.555833
100508.768061
100508.79579
100510.982072
100506.213382
100497.168154
100497.924426
100500.103208
100501.051478
100501.671869
100502.298057
100502.764869
100502.802588
100502.656933
100502.469945
100502.167663
100501.676878
100501.098519
100500.387686
100499.59416
100499.300461
100499.463724
100499.369343
100502.256072
100492.645253
100490.926715
100493.2618
100494.343563
100495.091058
100495.941474
100496.56265
100496.648786
100496.214769
100495.553747
100494.688986
100493.646767
100492.56586
100491.461496
100490.380114
100489.569538
100489.310134
100489.448254
100489.220595
100488.427685
100483.56311
100485.368991
100486.670023
100487.499406
100488.511753
100489.549952
100489.888716
100489.386781
100488.396882
100486.929432
100485.200739
100483.468654
100481.780658
100480.037849
100478.591686
100477.715697
100477.504623
100477.653661
100477.374613
100475.668401
100476.624697
100478.081578
100478.898599
100479.824201
100480.953376
100481.636414
100481.206143
100479.999943
100478.128421
100475.774426
100473.443453
100471.167794
100468.851635
100466.425895
100464.523354
100463.643994
100463.480232
100463.728063
100463.458774
100465.025902
100466.78973
100467.813026
100468.633951
100469.398004
100469.897375
100469.779709
100468.848452
100467.219387
100464.88892
100462.352365
100459.855409
100457.239076
100454.393454
100451.260169
100449.053791
100448.478889
100448.323065
100448.701935
100448.497483
100451.739581
100452.677841
100453.344308
100453.764871
100453.948117
100454.094291
100454.221938
100453.848618
100452.506717
100450.421597
100448.263823
100446.006351
100443.484094
100440.609276
100437.474684
100435.898116
100435.341562
100435.149291
100435.458309
100435.325331
100435.921578
100436.10876
100436.201839
100436.177002
100436.229289
100436.604163
100437.192339
100437.539655
100436.899433
100435.463279
100433.97265
100432.323246
100430.333839
100427.980948
100426.093951
100424.938073
100424.481419
100424.499618
100424.725648
100424.581055
100419.406842
100419.135492
100419.022212
100418.955499
100419.131129
100419.704487
100420.626797
100421.547066
100421.478576
100420.584875
100419.693935
100418.72053
100417.519141
100416.136959
100415.150772
100414.279116
100413.998371
100414.521335
100414.622222
100414.474614
100403.485045
100403.075219
100403.216736
100403.70253
100404.520534
100405.502987
100406.480199
100407.16527
100406.927081
100406.108235
100405.349676
100404.606739
100403.744931
100402.739411
100401.99087
100400.913726
100400.571825
100401.313053
100401.254083
100401.214762
100388.432268
100388.556855
100389.411897
100390.477496
100391.583365
100392.520965
100393.223139
100393.440529
100392.808115
100391.802316
100390.892072
100390.056812
100389.095459
100387.866659
100386.637256
100385.932212
100385.701787
100386.205044
100386.16221
100386.212472
100373.649418
100374.539717
100375.882608
100377.266488
100378.432439
100379.232199
100379.710627
100379.512466
100378.414231
100377.180053
100376.130701
100375.255329
100374.278996
100373.003357
100371.934687
100371.483527
100371.481784
100371.57063
100371.397763
100371.415362
100358.052434
100359.584042
100361.227955
100362.817768
100363.952193
100364.480972
100364.663878
100364.006811
100362.443416
100361.02584
100359.888718
100359.045077
100358.167593
100357.009575
100355.899187
100355.878447
100356.063791
100355.962775
100355.736735
100355.718893
100341.353963
100343.123925
100344.613157
100345.752325
100346.172289
100346.067246
100345.881749
100344.980822
100343.286035
100341.945089
100340.906021
100340.296067
100339.831544
100339.163038
100338.345038
100338.753306
100338.862576
100338.562057
100338.223724
100338.136814
100322.01633
100323.38401
100323.91262
100323.838062
100323.251874
100322.626728
100322.256909
100321.551149
100320.276113
100319.265148
100318.443111
100318.046229
100317.960316
100317.670875
100316.539682
100317.014627
100317.251398
100317.003621
100316.769769
100316.744766
100295.138325
100296.345728
100296.202126
100295.509764
100294.781202
100294.375533
100294.317266
100294.257778
100294.075764
100293.751354
100293.418103
100293.260647
100293.418631
100293.294851
100291.547445
100292.246016
100292.816713
100292.507979
100292.431341
100292.542785
100256.457417
100258.992302
100260.171238
100260.749392
100261.401927
100262.316039
100263.186016
100263.746147
100265.365477
100266.647118
100267.300423
100267.750357
100268.190984
100267.909145
100265.9407
100267.347935
100267.941082
100267.475058
100267.377193
100267.643496
100213.454166
100217.253587
100220.636927
100223.53876
100226.277801
100228.881336
100231.052683
100232.461889
100233.746912
100236.747262
100239.352582
100240.87462
100241.737742
100241.45126
100241.366888
100243.382354
100243.947032
100243.654752
100243.317364
100243.696904
100176.96972
100181.381535
100185.941125
100190.276777
100194.021953
100197.328041
100200.018205
100201.783229
100201.063055
100202.263349
100206.730186
100210.660895
100213.442918
100215.510208
100217.703385
100220.196926
100221.503915
100221.441062
100220.960001
100221.30893
100147.533213
100152.056538
100157.290572
100162.817
100167.544752
100171.424274
100174.669813
100176.403696
100176.779557
100177.791306
100179.993114
100184.691784
100189.019807
100192.397012
100195.273454
100197.860953
100199.891759
100200.47986
100200.072817
100200.386149
100128.095278
100132.020552
100136.683829
100142.378186
100148.048173
100153.156195
100157.489249
100159.489623
100161.713511
100163.190508
100164.204825
100167.037367
100171.293478
100174.780263
100177.505272
100179.653259
100181.486791
100183.104568
100183.020937
100183.148438
100114.604021
100118.267524
100122.526892
100127.858801
100133.654347
100138.918577
100143.326332
100143.950427
100147.908134
100149.4398
100150.58415
100152.402438
100156.697815
100160.980719
100164.220632
100166.802287
100168.767505
100170.306569
100171.157677
100171.311344
100103.220323
100106.865654
100111.114665
100116.337457
100121.876232
100126.999571
100127.94217
100129.600665
100133.02604
100134.867197
100136.531694
100138.454725
100142.591234
100148.850953
100154.49002
100158.879563
100162.24599
100164.282816
100165.797731
100166.585326
100093.305874
100097.145849
100101.486226
100106.238599
100111.235308
100113.380014
100110.31687
100115.450591
100118.147117
100120.545032
100123.287446
100127.089084
100132.078756
100139.382075
100148.832054
100158.308639
100166.249378
100170.885759
100173.131263
100174.0671
100082.771687
100086.734019
100090.795658
100094.981837
100096.736798
100090.891882
100094.884306
100099.046483
100102.19879
100105.647637
100110.276568
100116.968027
100126.172836
100138.360659
100153.021935
100167.839686
100182.656365
100193.8048
100199.053984
100198.870274
100068.974132
100072.85001
100076.306764
100076.796315
100070.466549
100072.603636
100077.256209
100080.266667
100083.1332
100086.357754
100090.649046
100097.029831
100106.374849
100119.375075
100135.86311
100152.090624
100157.880226
100161.030512
100188.713095
100186.707217
100053.820674
100057.172875
100056.574353
100051.031466
100052.919378
100056.747583
100059.244061
100060.898345
100061.581595
100060.718868
100058.477785
100055.201495
100050.275605
100042.83445
100029.470296
100010.422495
100003.235565
100003.205218
100012.657528
100022.952918
100041.967637
100041.279941
100038.002141
100040.720018
100043.467105
100045.390575
100046.589135
100047.030973
100045.951253
100043.242403
100039.271942
100033.926257
100025.735906
100013.932466
100000.210653
100001.540715
100001.567086
100001.56148
99997.979687
100004.188286
100032.178001
100030.66526
100033.425099
100035.426232
100036.676255
100037.55779
100037.911944
100037.00581
100034.718087
100031.282302
100026.86859
100020.014674
100010.002067
99998.115331
100001.080461
100001.090943
100001.105811
100001.091967
99993.8785962
100000.442965
100026.64972
100029.112952
100030.523647
100031.323836
100032.070277
100032.416429
100031.717577
100029.850828
100026.992286
100023.364051
100017.8049
100009.247477
99997.7134689
100000.820377
100000.825812
100000.838148
100000.845909
100000.832272
99991.802909
99998.8148018
100026.054031
100027.263531
100027.968935
100028.648271
100029.044352
100028.582816
100027.092161
100024.661611
100021.493344
100016.640493
100009.936785
99997.7743202
100000.630321
100000.63274
100000.640234
100000.647653
100000.651423
100000.639654
99992.311467
99998.6546399
100024.402293
100025.132596
100025.877268
100026.471709
100026.37339
100025.37498
100023.468682
100020.784195
100016.616095
100010.972219
99997.8137288
100000.484894
100000.485634
100000.491251
100000.496036
100000.501124
100000.503805
100000.493819
99993.5070774
99998.9829313
100021.834532
100022.768092
100023.653332
100024.082408
100023.781304
100022.609177
100020.560171
100017.039042
100012.404856
99998.3327393
100000.366728
100000.365893
100000.370913
100000.374497
100000.379305
100000.385216
100000.388273
100000.380771
99995.0188732
99999.6050101
100018.873215
100019.901622
100020.704039
100021.112172
100020.90954
100019.783009
100017.10676
100013.241077
99999.7559473
100000.26679
100000.263831
100000.268933
100000.272622
100000.278205
100000.286291
100000.296286
100000.303792
100000.300073
99996.1811252
100000.250736
100014.319301
100015.18038
100016.00623
100016.499551
100016.413476
100014.929269
100011.889043
100002.514282
100000.176482
100000.168221
100000.17256
100000.176544
100000.182626
100000.191097
100000.202541
100000.217404
100000.23182
100000.236735
99998.2098862
100001.155296
100005.381096
100005.891699
100006.607635
100007.230427
100007.399522
100006.428436
100002.167868
99998.3545748
100000.065628
100000.066998
100000.069406
100000.073628
100000.07912
100000.085549
100000.093175
100000.103391
100000.116553
100000.133071
100000.343939
100000.627147
)
;

boundaryField
{
    emptyPatch
    {
        type            empty;
    }
    minY
    {
        type            calculated;
        value           nonuniform List<scalar> 0();
    }
    maxY
    {
        type            calculated;
        value           nonuniform List<scalar> 
40
(
100000
100000
100000
100000
100000
100000
100000
100000
100000
100000
100000
100000
100000
100000
100000
100000
100000
100000
100000
100000
100000
100000
100000
100000
100000
100000
100000
100000
100000
100000
100000
100000
100000
100000
100000
100000
100000
100000
99999.9288879
99999.9547706
)
;
    }
    maxX
    {
        type            calculated;
        value           nonuniform List<scalar> 
38
(
100529.215853
100518.688653
100508.79579
100499.369343
100489.220595
100477.374613
100463.458774
100448.497483
100435.325331
100424.581055
100414.474613
100401.214761
100386.212471
100371.415361
100355.718892
100338.136813
100316.744764
100292.542784
100267.643494
100243.696903
100221.308925
100200.38613
100183.1484
100171.311294
100166.585268
100174.067068
100198.870235
100186.707177
100022.952877
100004.188242
100000.442916
99998.8147454
99998.6545745
99998.9828399
99999.6048347
100000.25041
100001.148916
100000.53522
)
;
    }
    water_to_heater
    {
        type            calculated;
        value           nonuniform List<scalar> 
59
(
100523.35002
100522.413983
100522.252608
100521.398351
100521.47835
100520.065451
100519.685326
100517.777887
100515.975625
100513.636725
100512.519318
100509.229187
100511.644832
100509.391442
100513.263192
100510.976379
100513.218295
100510.938683
100509.247865
100509.896946
100526.043382
100522.865817
100513.558521
100509.699649
100352.929887
100349.083944
100142.89089
100076.721399
100075.253325
100072.948402
100072.969892
100070.706304
100069.167313
100066.904199
100066.90465
100065.052801
100064.015761
100061.447472
100056.404948
100053.777725
100037.051517
100034.444138
100018.417285
100017.183327
100016.788269
100016.124353
100015.658457
100015.00195
100014.418262
100013.766925
100013.089705
100011.822888
100010.839425
100010.182845
100008.791955
100008.098551
100005.926012
100005.141475
100002.095888
)
;
    }
    procBoundary0to1
    {
        type            processor;
        value           nonuniform List<scalar> 
41
(
100523.883215
100523.882204
100523.878998
100523.869636
100523.852555
100523.828141
100523.796865
100523.758262
100523.711903
100523.658269
100523.232243
100522.955296
100523.032073
100523.282807
100523.619579
100524.074255
100524.645412
100525.297739
100525.923051
100526.6183
100532.579447
100531.284089
100531.99264
100532.228584
100532.64707
100533.330484
100534.068683
100534.878444
100535.778549
100536.750052
100537.829098
100538.510025
100538.487813
100538.475525
100538.767592
100538.944952
100527.593633
100528.725455
100529.611557
100528.641008
100528.641008
)
;
    }
}


// ************************************************************************* //
