/*--------------------------------*- C++ -*----------------------------------*\
| =========                 |                                                 |
| \\      /  F ield         | OpenFOAM: The Open Source CFD Toolbox           |
|  \\    /   O peration     | Version:  2312                                  |
|   \\  /    A nd           | Website:  www.openfoam.com                      |
|    \\/     M anipulation  |                                                 |
\*---------------------------------------------------------------------------*/
FoamFile
{
    version     2.0;
    format      ascii;
    arch        "LSB;label=32;scalar=64";
    class       surfaceScalarField;
    location    "0.855/water";
    object      phi;
}
// * * * * * * * * * * * * * * * * * * * * * * * * * * * * * * * * * * * * * //

dimensions      [0 3 -1 0 0 0 0];

oriented        oriented;

internalField   nonuniform List<scalar> 
2916
(
1.18577766945e-07
6.55725004793e-07
1.04348429133e-07
6.70148668283e-07
9.321071564e-08
6.78866594883e-07
8.50299437907e-08
6.84393899826e-07
7.91697675534e-08
6.88884831704e-07
7.49820160451e-08
6.9291881464e-07
7.21346123529e-08
6.95804235596e-07
7.08139247309e-08
6.9666707813e-07
7.16042170017e-08
6.95385438414e-07
7.50879237737e-08
6.92649418107e-07
8.12550090691e-08
6.87137166191e-07
8.97519988903e-08
6.78089005179e-07
6.6505847833e-07
1.00509853036e-07
1.6625781487e-07
7.20326867769e-07
1.44416546358e-07
6.24900228772e-07
1.24846466517e-07
6.09743203739e-07
1.0368640108e-07
5.99217212878e-07
8.20044326512e-08
6.05620613886e-07
6.13960209463e-08
6.27344783866e-07
4.27941192066e-08
6.52716293595e-07
2.64177549303e-08
6.72056293678e-07
1.3924533735e-08
6.82601419374e-07
5.79348163112e-09
6.86961992129e-07
1.99788541378e-09
6.88141816922e-07
1.5968895047e-09
6.89244390471e-07
3.91517326326e-09
6.90544829605e-07
7.81899711986e-09
6.91849203528e-07
1.30332000601e-08
6.91389766018e-07
1.96132388013e-08
6.88747207439e-07
2.85222456665e-08
6.83672044198e-07
3.94686812628e-08
6.76119920155e-07
5.1683386798e-08
6.65799971618e-07
6.51711632185e-07
6.49512814457e-08
1.52486927765e-07
7.21484925476e-07
9.89719965049e-08
6.6412688958e-07
5.65848790585e-08
6.47369551127e-07
1.77774961016e-08
6.36690463713e-07
-1.59483212029e-08
6.39060069931e-07
-4.40216619192e-08
6.55360174111e-07
-6.8242006923e-08
6.76909130031e-07
-8.87910520554e-08
6.92574557824e-07
-1.01705866606e-07
6.95491187355e-07
-1.04887667635e-07
6.90104965678e-07
-1.00374173254e-07
6.83592868692e-07
-9.00233004165e-08
6.78845540207e-07
-7.64406081959e-08
6.76917558136e-07
-6.13936106774e-08
6.76748456474e-07
-4.64650419356e-08
6.76408986217e-07
-3.13525325248e-08
6.73574252091e-07
-1.56529770426e-08
6.67907528213e-07
4.54354334474e-10
6.59943214688e-07
1.6485140063e-08
6.49696217944e-07
6.35863683041e-07
3.22558025319e-08
1.72484995232e-07
7.17334060155e-07
1.26398324979e-07
7.00268008213e-07
7.9807478633e-08
6.88678515745e-07
3.09273690552e-08
6.82851352246e-07
-1.80529511989e-08
6.87005513551e-07
-6.41151465894e-08
7.01153936178e-07
-1.08991048137e-07
7.21730742671e-07
-1.4996414972e-07
7.33519835004e-07
-1.75216030796e-07
7.20700474541e-07
-1.80437980674e-07
6.95284924293e-07
-1.71409189849e-07
6.74517572857e-07
-1.53345758499e-07
6.6073742886e-07
-1.30633030606e-07
6.54158114401e-07
-1.07083786018e-07
6.53152385618e-07
-8.47759107909e-08
6.54049752751e-07
-6.40009742841e-08
6.52742679896e-07
-4.42936112964e-08
6.48138578027e-07
-2.57798983281e-08
6.41363442438e-07
-8.57790300147e-09
6.32424488896e-07
6.1990832372e-07
7.30358081295e-09
2.86384040374e-07
5.94675728898e-07
2.75316698609e-07
6.76274396109e-07
2.39517755809e-07
7.02912589249e-07
1.82724402665e-07
7.28927603243e-07
1.14243222497e-07
7.51111456629e-07
4.21618043525e-08
7.71840264733e-07
-3.16977757216e-08
7.95295501381e-07
-1.00459863234e-07
8.02248174465e-07
-1.46377898791e-07
7.66613112088e-07
-1.61855186439e-07
7.10736721073e-07
-1.59087764902e-07
6.71715835057e-07
-1.45743505507e-07
6.47355789254e-07
-1.26148331837e-07
6.34526016924e-07
-1.04217482679e-07
6.31184268524e-07
-8.34122350341e-08
6.33203975022e-07
-6.48744043e-08
6.34158662115e-07
-4.79697445748e-08
6.31181620465e-07
-3.24678540061e-08
6.25803361297e-07
-1.85088811522e-08
6.18402231241e-07
6.07617777935e-07
-6.28656423969e-09
2.17509466746e-07
4.64711307061e-07
2.24314348036e-07
6.3757672997e-07
2.12201369586e-07
6.9596772007e-07
1.94549887701e-07
7.36766096395e-07
1.6518900008e-07
7.76087467302e-07
1.20035132103e-07
8.15343113839e-07
6.29547603817e-08
8.51858279163e-07
-1.44525016489e-09
8.66502337853e-07
-6.19864549886e-08
8.27092870087e-07
-7.87816439719e-08
7.27493382918e-07
-8.28629699715e-08
6.75757769856e-07
-7.97794813082e-08
6.44233548013e-07
-7.17851347635e-08
6.26495614815e-07
-6.02451658517e-08
6.1961178577e-07
-4.83957678435e-08
6.21320539534e-07
-3.81513410815e-08
6.23874822839e-07
-2.90768864168e-08
6.22062006435e-07
-2.08577460135e-08
6.17532969514e-07
-1.36357222101e-08
6.11123715701e-07
6.01758137454e-07
-7.83814397309e-09
1.16786455641e-07
4.1665968602e-07
1.28903501127e-07
6.00274638594e-07
1.33882873717e-07
6.76179781593e-07
1.33904633773e-07
7.29250464579e-07
1.27630995633e-07
7.78984629131e-07
1.13905446307e-07
8.276871611e-07
9.1957867641e-08
8.73283612212e-07
6.39728775324e-08
8.94289114003e-07
3.02765337176e-08
8.60694400215e-07
1.60378683576e-08
7.41665683438e-07
8.21850210066e-09
6.83521026197e-07
3.0327872183e-09
6.49370126871e-07
3.06220948473e-10
6.29180206796e-07
5.4726292962e-12
6.19878176504e-07
1.05591145028e-09
6.20237629344e-07
1.74424515781e-09
6.23149960779e-07
2.035492423e-09
6.21728895477e-07
2.03438152433e-09
6.17487989958e-07
1.64168141171e-09
6.1146493777e-07
6.03005367859e-07
3.37891011985e-10
8.70782112583e-08
4.01937074346e-07
8.5015836723e-08
5.80147701883e-07
9.01393212675e-08
6.58799075317e-07
9.64074830144e-08
7.17022786943e-07
9.84686337994e-08
7.74232593494e-07
9.72260605683e-08
8.2777787903e-07
9.50519101958e-08
8.74970617581e-07
9.51870630878e-08
8.93937371731e-07
9.56676009565e-08
8.60098601162e-07
9.07933399374e-08
7.46458587665e-07
8.2510191313e-08
6.91737449342e-07
7.32527437895e-08
6.58571051418e-07
6.4281699848e-08
6.38104530957e-07
5.61004433018e-08
6.28022507295e-07
4.88039507299e-08
6.27501303424e-07
4.19667752274e-08
6.29950886272e-07
3.52747035612e-08
6.28382047555e-07
2.86748497676e-08
6.24044239368e-07
2.20662322527e-08
6.18026098512e-07
6.10116539706e-07
1.49025220147e-08
6.32665098434e-08
4.1406994082e-07
4.36072320801e-08
5.82401740051e-07
4.71403525913e-08
6.48029631741e-07
5.65485434188e-08
7.04076318393e-07
6.27143338919e-08
7.66369724742e-07
6.72491874124e-08
8.22479869275e-07
7.70763139776e-08
8.64787914367e-07
9.84069561924e-08
8.72430202977e-07
1.39701063611e-07
8.18693513443e-07
1.44179290331e-07
7.41892002701e-07
1.36848562575e-07
6.98995608765e-07
1.25675168576e-07
6.69683681233e-07
1.1333428927e-07
6.50395829997e-07
1.00663132216e-07
6.40654895276e-07
8.77956001411e-08
6.40334581931e-07
7.58744984059e-08
6.41836723124e-07
6.45139107239e-08
6.39703477298e-07
5.35382159842e-08
6.34978323134e-07
4.29764372566e-08
6.28542372106e-07
6.21378475865e-07
3.16634752225e-08
1.66372869367e-08
4.83194505571e-07
-2.76450892846e-08
6.23993882157e-07
-3.31170461305e-08
6.53386748307e-07
-2.01122599394e-08
6.9024682458e-07
-5.35922566332e-09
7.50912524726e-07
1.13357026199e-08
8.05383452729e-07
4.28894385984e-08
8.33010966656e-07
1.14023484085e-07
8.01147699712e-07
1.67811854747e-07
7.64794021297e-07
1.77032056958e-07
7.325857833e-07
1.72684554979e-07
7.03271807534e-07
1.62193491786e-07
6.80115118135e-07
1.48818429995e-07
6.63723011975e-07
1.33088710635e-07
6.56347408062e-07
1.16270437573e-07
6.57119197972e-07
1.00969101083e-07
6.57100515079e-07
8.66861036194e-08
6.5394842102e-07
7.31888397915e-08
6.48433902226e-07
6.0241937275e-08
6.41442970971e-07
6.35745259407e-07
4.58238684581e-08
-8.12692864324e-08
6.70459801277e-07
-1.84982291741e-07
7.50474671804e-07
-1.80587239675e-07
6.59417465277e-07
-1.22421225537e-07
6.33936521491e-07
-5.63561555281e-08
6.84852354793e-07
2.03643247524e-08
7.28487664492e-07
1.04392292448e-07
7.48801428822e-07
1.56511393562e-07
7.48903976133e-07
1.8220863496e-07
7.390014342e-07
1.92510379201e-07
7.22206436743e-07
1.91269306772e-07
7.04446582349e-07
1.82942349264e-07
6.88386715851e-07
1.69218222427e-07
6.77403519034e-07
1.50614828258e-07
6.74915704248e-07
1.31898957897e-07
6.75797701003e-07
1.14981482923e-07
6.73982389987e-07
9.95001793003e-08
6.69390483954e-07
8.50704069183e-08
6.62821638932e-07
7.00547514263e-08
6.56416528527e-07
6.50524530661e-07
5.52212086852e-08
-8.79905192921e-08
8.59374281786e-07
-7.33430913663e-08
7.54629858648e-07
-4.50084610041e-08
6.36156437961e-07
-2.22164866611e-08
6.12328145382e-07
2.04544204869e-08
6.42220585055e-07
7.3538888564e-08
6.7525900077e-07
1.23203814754e-07
6.99012337765e-07
1.60775889492e-07
7.11238278311e-07
1.84993836976e-07
7.14706795654e-07
1.96021035909e-07
7.11112706352e-07
1.96907429392e-07
7.03502696873e-07
1.89221322338e-07
6.96026091963e-07
1.73005556157e-07
6.93581983176e-07
1.52876233978e-07
6.95007863396e-07
1.34032295658e-07
6.94608301457e-07
1.17146975805e-07
6.90830538682e-07
1.02053482312e-07
6.84446685631e-07
8.70195567513e-08
6.77820514913e-07
7.17627180722e-08
6.71628319251e-07
6.6194278482e-07
6.02952386643e-08
9.36486940897e-08
8.73930771039e-07
9.09192397073e-08
7.41943520713e-07
6.8354794915e-08
6.55116870883e-07
6.06775563683e-08
6.19685330399e-07
7.72013444776e-08
6.25643557718e-07
1.08384685906e-07
6.43986399612e-07
1.41938201776e-07
6.65377044201e-07
1.68727798786e-07
6.84379311921e-07
1.86656190534e-07
6.96717654229e-07
1.9502984568e-07
7.02685742126e-07
1.93250633999e-07
7.05237063259e-07
1.80861259732e-07
7.0837876406e-07
1.61832558213e-07
7.12573764524e-07
1.42147435475e-07
7.14661995368e-07
1.24225812263e-07
7.12492993429e-07
1.08467923758e-07
7.06554023803e-07
9.38209442963e-08
6.99059477856e-07
7.85443571059e-08
6.93049635263e-07
6.78237071016e-08
6.82291415346e-07
6.68284702524e-07
6.14209402871e-08
2.02636823445e-07
7.95434052276e-07
1.90486705627e-07
7.23309715281e-07
1.55045381087e-07
6.80434579662e-07
1.26807048722e-07
6.4560448211e-07
1.22034316425e-07
6.29985466546e-07
1.34547223636e-07
6.31351709514e-07
1.53188788928e-07
6.46668254522e-07
1.69939432598e-07
6.67577087806e-07
1.80638767889e-07
6.8597428267e-07
1.81875734245e-07
7.01411379432e-07
1.73127678867e-07
7.13952819525e-07
1.57044233697e-07
7.24425164796e-07
1.38553683288e-07
7.31035387313e-07
1.20752639067e-07
7.32425512226e-07
1.04480018274e-07
7.28732973675e-07
8.9232144711e-08
7.2176841525e-07
7.33665661253e-08
7.14874149164e-07
6.23884198038e-08
7.03969735263e-07
5.93548954997e-08
6.85262593145e-07
6.67795825151e-07
5.9782232965e-08
2.07669313136e-07
7.24368659409e-07
2.01072440609e-07
6.99330489049e-07
1.73285785945e-07
6.96296703599e-07
1.42752043741e-07
6.72744166342e-07
1.29407029514e-07
6.42593515696e-07
1.3138513473e-07
6.29208506018e-07
1.40143458714e-07
6.37850036588e-07
1.49609891934e-07
6.58072815881e-07
1.52367401157e-07
6.83186996974e-07
1.47691614633e-07
7.06059380777e-07
1.36876237144e-07
7.24731184268e-07
1.23205641566e-07
7.3806876664e-07
1.08598733532e-07
7.45605687609e-07
9.35831819324e-08
7.47408569892e-07
7.57371728727e-08
7.46550856086e-07
5.61616754292e-08
7.41292872857e-07
4.23835131038e-08
7.28603447983e-07
4.15663157301e-08
7.04730787328e-07
4.86878307102e-08
6.78088019151e-07
6.56605531359e-07
5.98198984535e-08
1.7961917469e-07
6.89813885166e-07
1.64682884951e-07
6.89605789397e-07
1.39760248346e-07
7.10878106768e-07
1.12963279071e-07
6.96314520701e-07
9.99489958016e-08
6.54856859398e-07
9.8464880827e-08
6.3053276445e-07
1.02252300997e-07
6.34015225283e-07
1.0719018541e-07
6.53110590724e-07
1.07872203824e-07
6.82485428092e-07
1.05337336388e-07
7.08567242009e-07
1.00744653019e-07
7.29298821004e-07
9.28570805154e-08
7.45928761561e-07
8.01507623469e-08
7.58278372544e-07
5.94282024817e-08
7.6811014986e-07
3.28598158994e-08
7.73066620019e-07
1.19665432626e-08
7.62133461129e-07
9.9243749909e-09
7.30583761896e-07
2.36326911821e-08
6.90958674671e-07
4.4353277304e-08
6.57306788867e-07
6.31909909505e-07
6.89874751671e-08
1.60469166839e-07
6.82631960814e-07
1.25073573236e-07
7.0744513874e-07
8.93593307032e-08
7.38991580205e-07
6.29530419231e-08
7.20153760973e-07
5.24119323626e-08
6.64730737072e-07
5.16926688629e-08
6.31089846772e-07
5.56355137197e-08
6.30020338975e-07
6.02208800989e-08
6.48497562211e-07
6.55811452522e-08
6.77094343428e-07
6.8902736456e-08
7.05207892619e-07
6.69511000077e-08
7.31216425575e-07
5.68383187409e-08
7.5599545541e-07
3.52195075984e-08
7.79849709612e-07
4.12641026246e-09
7.99126940044e-07
-1.96184765555e-08
7.9673297338e-07
-1.96404198226e-08
7.62068777376e-07
-5.91418036999e-10
7.1144812764e-07
2.80237068481e-08
6.62264228691e-07
6.140687077e-08
6.23853782262e-07
5.95325794217e-07
9.79258035608e-08
1.48426931797e-07
7.04907492269e-07
8.34252735964e-08
7.63432903142e-07
3.96531009784e-08
7.77766050904e-07
1.73457983107e-08
7.40114690014e-07
9.64449446916e-09
6.71713620528e-07
8.94449386419e-09
6.31611560524e-07
1.13100288301e-08
6.27580067297e-07
1.25222281863e-08
6.47227217193e-07
1.31716058519e-08
6.76383010213e-07
9.09521407869e-09
7.09220939958e-07
-3.66525475205e-09
7.43905673548e-07
-2.49517389572e-08
7.77211105805e-07
-4.84291418652e-08
8.03245476562e-07
-5.7029455305e-08
8.07635395166e-07
-3.92326173963e-08
7.78830560406e-07
-4.95694385462e-09
7.27682163232e-07
3.28316131235e-08
6.73552468636e-07
7.07149344351e-08
6.24286389057e-07
1.10033799977e-07
5.84457006943e-07
5.53263136469e-07
1.52028398436e-07
1.80583548188e-07
7.10719115658e-07
5.74517583965e-08
8.73731319249e-07
-8.17118419374e-11
8.29631868854e-07
-3.05608347052e-08
7.68827342331e-07
-5.45429128914e-08
6.95336432022e-07
-7.17805836127e-08
6.48785020476e-07
-8.15372711288e-08
6.37297627857e-07
-9.01562462978e-08
6.5580682659e-07
-9.99954058581e-08
6.8618259078e-07
-1.11133052246e-07
7.2031329763e-07
-1.19485441285e-07
7.52200974013e-07
-1.17430496385e-07
7.75077738985e-07
-9.60931741657e-08
7.81810632088e-07
-5.2637207629e-08
7.64066056456e-07
1.56784594591e-09
7.2450406053e-07
5.26883341212e-08
6.76436822105e-07
9.74717428181e-08
6.28652216394e-07
1.37696024595e-07
5.83961610398e-07
1.76767660544e-07
5.45303877285e-07
5.12045236502e-07
2.1791681707e-07
7.04581452258e-08
7.1525773666e-07
5.378715569e-08
8.88912719569e-07
1.56351819487e-08
8.65653535843e-07
-5.47962308737e-08
8.38533114032e-07
-1.65205009205e-07
8.05893475312e-07
-2.25655512088e-07
7.09372413481e-07
-2.42055997145e-07
6.53708127892e-07
-2.37833161379e-07
6.51557065516e-07
-2.2441247567e-07
6.72717443701e-07
-2.02188015541e-07
6.98028024963e-07
-1.68357376975e-07
7.18293627028e-07
-1.20878262015e-07
7.27504678389e-07
-6.0326594096e-08
7.21147477753e-07
6.15141821871e-09
6.97464522125e-07
6.72035960571e-08
6.6331852638e-07
1.18630864419e-07
6.24878958639e-07
1.61825109628e-07
5.85339823519e-07
1.98963861392e-07
5.46724282202e-07
2.3426850721e-07
5.0992126779e-07
4.76483171586e-07
2.69764936205e-07
2.85739414095e-08
7.10609352725e-07
2.12892199442e-08
8.99795885465e-07
-4.32478570529e-09
8.91862678684e-07
-4.58247178276e-08
8.80525333908e-07
-1.11989748064e-07
8.72376867175e-07
-2.37366100753e-07
8.34851299198e-07
-2.90900063107e-07
7.0725491419e-07
-2.67377872646e-07
6.28006692472e-07
-2.29178676951e-07
6.34471489552e-07
-1.81003706636e-07
6.49788885541e-07
-1.24170430983e-07
6.61376871117e-07
-5.99042231631e-08
6.63136586685e-07
7.53398554388e-09
6.53594519537e-07
6.99087612882e-08
6.34962852282e-07
1.22975466772e-07
6.10124430756e-07
1.66728766136e-07
5.81006809679e-07
2.02647447401e-07
5.4931882343e-07
2.3382933648e-07
5.15460028735e-07
2.62171385462e-07
4.81512605615e-07
4.48606238855e-07
2.8998636958e-07
2.70490837541e-08
6.94689138954e-07
2.79193880177e-08
9.00937881804e-07
2.02234467986e-08
9.0064609495e-07
2.57880275763e-09
8.98862801482e-07
-3.25846610911e-08
9.0778904657e-07
-8.51585527266e-08
8.87480667553e-07
-1.84689758241e-07
8.06759056224e-07
-1.71473670988e-07
6.14740708505e-07
-1.37388726193e-07
6.00324788107e-07
-9.13112703079e-08
6.0363692381e-07
-3.77446913403e-08
6.07722285163e-07
1.82220399848e-08
6.07072317762e-07
7.10541781355e-08
6.00653596806e-07
1.17395802828e-07
5.88511023038e-07
1.56192588663e-07
5.71223451375e-07
1.88065896225e-07
5.49041676555e-07
2.14899510674e-07
5.22408891029e-07
2.37922024007e-07
4.92374091252e-07
2.58961214834e-07
4.60414442929e-07
4.2797607121e-07
2.79531296728e-07
2.43009838642e-08
6.77584066133e-07
2.63596702038e-08
8.96945073731e-07
2.91268545558e-08
8.97171294863e-07
2.86279441603e-08
8.99195682858e-07
2.03418855204e-08
9.16042754876e-07
-2.75630513248e-09
9.10519534858e-07
-3.98978027446e-08
8.4382311984e-07
-4.66099235074e-08
6.21369567989e-07
-2.73241043505e-08
5.80960088289e-07
4.06631121461e-09
5.72167103528e-07
4.0821582728e-08
5.70883685619e-07
7.7869555237e-08
5.6993637363e-07
1.11891954817e-07
5.6654373638e-07
1.41463311776e-07
5.58857014423e-07
1.66347696505e-07
5.46264564237e-07
1.87001732828e-07
5.28322870055e-07
2.04640041426e-07
5.04713379339e-07
2.20500160594e-07
4.76458992224e-07
2.34870807493e-07
4.45988473722e-07
4.15378990431e-07
2.47411182877e-07
1.74731695544e-08
6.65471975494e-07
1.79783852833e-08
8.89795748171e-07
2.72800030348e-08
8.85447381359e-07
3.99093771068e-08
8.85622415843e-07
5.18003401394e-08
9.03756045816e-07
6.13347279164e-08
9.00782921788e-07
6.32662105435e-08
8.41753249116e-07
5.35982845855e-08
6.30920852142e-07
5.90915107703e-08
5.75368028591e-07
7.31680704967e-08
5.580037676e-07
9.17819225762e-08
5.52190809297e-07
1.11509779414e-07
5.50136107126e-07
1.30293400691e-07
5.47694487053e-07
1.4646883633e-07
5.42622507111e-07
1.59817477865e-07
5.32861938144e-07
1.71438170465e-07
5.16650695911e-07
1.82220310068e-07
4.93880037721e-07
1.91761228939e-07
4.66866160149e-07
1.98420485e-07
4.39276572892e-07
4.12361009228e-07
2.01383177238e-07
-1.20652031803e-08
6.85953922501e-07
-2.72006141931e-08
8.99087564968e-07
-1.96897982653e-08
8.77101897555e-07
-1.21997053158e-09
8.66818020185e-07
2.38611059094e-08
8.78376587748e-07
4.97326796994e-08
8.74717697153e-07
1.06896535721e-07
7.84442681413e-07
1.12140452533e-07
6.25536395238e-07
1.12321186539e-07
5.75072968581e-07
1.15284311414e-07
5.54947887892e-07
1.20912948005e-07
5.46486627769e-07
1.27881042839e-07
5.43106497289e-07
1.34685071335e-07
5.40839069685e-07
1.40315272685e-07
5.36945189584e-07
1.45379490156e-07
5.27750873815e-07
1.50576001887e-07
5.11406256233e-07
1.55245015775e-07
4.89162231342e-07
1.57041012155e-07
4.65021046494e-07
1.53974630788e-07
4.42292016605e-07
4.22038211403e-07
1.44243675387e-07
-8.51780803094e-08
7.89837701793e-07
-1.38287976605e-07
9.6058315665e-07
-1.37845575588e-07
8.84865064963e-07
-1.21586144147e-07
8.532181296e-07
-8.40943183579e-08
8.41326292093e-07
7.26789648304e-09
7.83303951924e-07
1.20326484641e-07
6.71199457633e-07
1.35439446518e-07
6.10269704216e-07
1.35890335396e-07
5.74500676127e-07
1.34115203754e-07
5.56627631639e-07
1.32562899336e-07
5.47965613017e-07
1.31385696245e-07
5.44227879476e-07
1.3004340089e-07
5.42135673754e-07
1.28697900565e-07
5.3824668128e-07
1.28117087663e-07
5.28286480012e-07
1.27803197577e-07
5.1167358688e-07
1.25515716005e-07
4.91402430792e-07
1.18145611726e-07
4.72343506459e-07
1.02548340443e-07
4.57838539807e-07
4.44137070606e-07
8.03830316765e-08
-2.22075055488e-07
1.05421017501e-06
-3.2951533411e-07
1.10579438177e-06
-3.95209575488e-07
9.71422001597e-07
-2.28753847457e-07
6.9259241341e-07
-5.91483579647e-08
6.72288393501e-07
7.23448837863e-08
6.51664915646e-07
1.19106729791e-07
6.2425399718e-07
1.36133268648e-07
5.93097005804e-07
1.38266093418e-07
5.72251431739e-07
1.35159803585e-07
5.59642561214e-07
1.30203714308e-07
5.5285274696e-07
1.24591394468e-07
5.49788632007e-07
1.18461053529e-07
5.48222578149e-07
1.12777161434e-07
5.4388733003e-07
1.07667174852e-07
5.33352289046e-07
1.01616349856e-07
5.1767955735e-07
9.10959868174e-08
5.01877899335e-07
7.18584817597e-08
4.91532785608e-07
4.34569505882e-08
4.8616980804e-07
4.75342042304e-07
1.21576377999e-08
-2.72423232842e-07
1.4006986971e-06
-4.03153877804e-07
1.295547979e-06
-1.61991146534e-07
7.51972518603e-07
-6.49304135191e-08
5.97336375281e-07
1.24766488564e-08
5.94881748226e-07
7.10075463741e-08
5.92937767209e-07
1.09169220382e-07
5.85933147768e-07
1.25417471103e-07
5.7672196813e-07
1.28966883662e-07
5.68599353378e-07
1.25943539224e-07
5.62584734684e-07
1.19531158106e-07
5.59203917359e-07
1.11282126089e-07
5.57991045966e-07
1.02071402527e-07
5.5739154916e-07
9.30591182592e-08
5.52857298225e-07
8.34481857934e-08
5.42920433649e-07
7.04133370824e-08
5.3067141299e-07
4.9280680348e-08
5.22964515015e-07
1.62206393142e-08
5.2452383656e-07
-2.32802186971e-08
5.25569302526e-07
5.15778971264e-07
-6.38270731393e-08
-8.92084314655e-08
1.52053171808e-06
-1.07704535636e-07
1.33042341232e-06
-4.64970136237e-08
6.95763067948e-07
-2.28343606991e-09
5.53708662453e-07
4.44718957926e-08
5.47948893735e-07
8.16455910913e-08
5.55601820115e-07
1.05509744166e-07
5.61946557324e-07
1.16781818378e-07
5.65351442084e-07
1.18761765896e-07
5.66537940209e-07
1.14634135935e-07
5.66646790411e-07
1.06582336171e-07
5.67205236406e-07
9.5776444957e-08
5.6875567504e-07
8.39640616303e-08
5.69163867342e-07
7.14137107055e-08
5.653667672e-07
5.62815863508e-08
5.58011283796e-07
3.43635968111e-08
5.52545528202e-07
-8.35090062751e-11
5.57350903189e-07
-4.35358255333e-08
5.67871432813e-07
-9.10069820066e-08
5.72922850822e-07
5.63904103364e-07
-1.39246132699e-07
-1.40598832481e-07
1.70795784157e-06
3.45999455757e-08
1.17700825073e-06
4.05271693388e-08
6.86737619219e-07
5.11722423555e-08
5.42190947575e-07
7.26424213906e-08
5.26213171497e-07
9.24771703597e-08
5.35632293021e-07
1.05551953237e-07
5.48780581551e-07
1.11034918642e-07
5.59795992116e-07
1.10002373495e-07
5.67509929756e-07
1.03708892079e-07
5.72890803435e-07
9.34487188254e-08
5.77424866147e-07
8.06529464875e-08
5.81513665998e-07
6.65970977153e-08
5.83181080731e-07
5.0171225886e-08
5.81752523312e-07
2.87800009951e-08
5.79359816855e-07
-2.350232226e-09
5.83621427206e-07
-4.75839317716e-08
6.02482589216e-07
-9.44232254542e-08
6.14599066243e-07
-1.47989657583e-07
6.26379642101e-07
6.18998134598e-07
-2.03191046426e-07
2.58155104011e-08
1.70478835383e-06
8.6912048826e-08
1.11485254921e-06
8.76842457694e-08
6.7934803779e-07
8.70421174796e-08
5.40574894903e-07
9.49243818575e-08
5.17768890556e-07
1.03155837706e-07
5.27237485546e-07
1.07712377639e-07
5.4414828886e-07
1.0722650983e-07
5.60229583868e-07
1.02121504798e-07
5.72571959113e-07
9.33026697072e-08
5.81671902475e-07
8.16766133449e-08
5.89015278061e-07
6.82618002454e-08
5.9489217067e-07
5.22810338196e-08
5.99123422694e-07
3.16829465465e-08
6.02307961916e-07
5.04106162822e-09
6.05949418396e-07
-2.99020383976e-08
6.18483138721e-07
-7.28337802776e-08
6.45317298098e-07
-1.19759318672e-07
6.61423397902e-07
-1.7493811182e-07
6.81444479748e-07
6.78142861653e-07
-2.34185965445e-07
6.08417244925e-08
1.65766024026e-06
1.11187676179e-07
1.05623879286e-06
1.1738989457e-07
6.61991944511e-07
1.15070156155e-07
5.38742718444e-07
1.15759290562e-07
5.15975682601e-07
1.16039132335e-07
5.26688243322e-07
1.12845494243e-07
5.47259846085e-07
1.06278478176e-07
5.66752629731e-07
9.75220616265e-08
5.81292096219e-07
8.71057793384e-08
5.92053516803e-07
7.54306522041e-08
6.00656562671e-07
6.18926398055e-08
6.08394293228e-07
4.37935658763e-08
6.17181865561e-07
2.02264217651e-08
6.25824535892e-07
-7.66410183847e-09
6.33777021342e-07
-3.83012250778e-08
6.49045049672e-07
-7.18371007775e-08
6.78753451019e-07
-1.13501568906e-07
7.02983785491e-07
-1.62556123948e-07
7.30394995771e-07
7.38347916724e-07
-2.22863334956e-07
5.19075971246e-08
1.61771771191e-06
1.25145698726e-07
9.64668732451e-07
1.36585481972e-07
6.35400395454e-07
1.3646670056e-07
5.33318374382e-07
1.34239496499e-07
5.1667709312e-07
1.28945771049e-07
5.31627857674e-07
1.20102671365e-07
5.5600389865e-07
1.09782736129e-07
5.77024289514e-07
9.90678924317e-08
5.91969797319e-07
8.80520112364e-08
6.03036978228e-07
7.65186881682e-08
6.12157716851e-07
6.22712634709e-08
6.22603877132e-07
4.24844966282e-08
6.36922727621e-07
1.9462544678e-08
6.48788620633e-07
-5.17607415963e-09
6.58349752544e-07
-2.95387917075e-08
6.73331058505e-07
-5.164112513e-08
7.00767765952e-07
-8.13941485003e-08
7.32643305133e-07
-1.18929371239e-07
7.67821441996e-07
7.92476915455e-07
-1.73152754906e-07
8.47864316347e-08
1.52967671684e-06
1.49515345392e-07
8.6669086532e-07
1.58912354196e-07
6.0774791619e-07
1.58123231889e-07
5.27857974274e-07
1.52439205367e-07
5.20701241714e-07
1.41728024624e-07
5.419577487e-07
1.29123508828e-07
5.68492820038e-07
1.16822052764e-07
5.89273266908e-07
1.04970151604e-07
6.03784982745e-07
9.33791200977e-08
6.14594865931e-07
8.13683938226e-08
6.24133131285e-07
6.5850470189e-08
6.38084377469e-07
4.59275331462e-08
6.56795566632e-07
2.54972145119e-08
6.69160128515e-07
4.3255510054e-09
6.79457931558e-07
-1.5417068815e-08
6.93003851579e-07
-2.83872439761e-08
7.13659237143e-07
-4.1803852992e-08
7.45963053796e-07
-6.39112941222e-08
7.89829922794e-07
8.30485235702e-07
-1.0202363172e-07
1.13789859034e-07
1.40026816916e-06
1.62968974555e-07
7.7912766071e-07
1.74155548588e-07
5.78284891621e-07
1.73276340153e-07
5.22753752172e-07
1.63905524062e-07
5.28631627312e-07
1.49688321085e-07
5.55809819951e-07
1.35379010565e-07
5.82682891911e-07
1.21852867238e-07
6.02746893769e-07
1.09137988667e-07
6.16462272557e-07
9.68625896021e-08
6.26835772279e-07
8.43247690781e-08
6.36642397195e-07
6.80026930868e-08
6.54366413492e-07
4.9712545946e-08
6.75033290237e-07
3.14569755765e-08
6.87358154468e-07
1.2953384736e-08
6.97901214278e-07
-3.14145174827e-09
7.09035279017e-07
-1.26213553489e-08
7.23071683768e-07
-1.45548600756e-08
7.47820512297e-07
-1.89426229562e-08
7.94129961101e-07
8.50306564714e-07
-3.88584568328e-08
1.14250830951e-07
1.26897356874e-06
1.66762217145e-07
6.90331704989e-07
1.7946109667e-07
5.4943477084e-07
1.77527227247e-07
5.1990309483e-07
1.64512715168e-07
5.40542132104e-07
1.48842366001e-07
5.71163495426e-07
1.33694881675e-07
5.9772551377e-07
1.19592227687e-07
6.16800859605e-07
1.06480843508e-07
6.29540817541e-07
9.40093965085e-08
6.39277461368e-07
8.1075559722e-08
6.49538512329e-07
6.46356531259e-08
6.70768448455e-07
4.82185436727e-08
6.91399035072e-07
3.19782580438e-08
7.03543333919e-07
1.64066082834e-08
7.13416628858e-07
3.09941181473e-09
7.22285556415e-07
-5.51879086748e-09
7.31632070944e-07
-5.39339260709e-09
7.47632602568e-07
2.41419043848e-09
7.8624524251e-07
8.53995089824e-07
-1.36568763054e-09
1.17063704055e-07
1.13257290716e-06
1.64299454635e-07
6.09447107997e-07
1.75882685532e-07
5.24658601199e-07
1.69131782458e-07
5.23619558381e-07
1.53952307488e-07
5.54913373124e-07
1.37654811551e-07
5.87215363528e-07
1.22126426032e-07
6.13173812881e-07
1.07742555767e-07
6.3114486191e-07
9.47581377777e-08
6.424952084e-07
8.23496372934e-08
6.51652847774e-07
6.90845889669e-08
6.62781500799e-07
5.28595235893e-08
6.86950357155e-07
3.83865385942e-08
7.05821152933e-07
2.44661755993e-08
7.17411888988e-07
1.1520142144e-08
7.26311612736e-07
3.67554078032e-10
7.33387367977e-07
-7.5691397634e-09
7.39517657157e-07
-9.05152809159e-09
7.49061041281e-07
9.80327578022e-10
7.76147727693e-07
8.41502452346e-07
1.33867449085e-08
1.2523899278e-07
1.57719158215e-07
1.6376154126e-07
1.51024124618e-07
1.34147831066e-07
1.16798059437e-07
1.00248884444e-07
8.56600207874e-08
7.27376996542e-08
6.07063923952e-08
4.55266421899e-08
3.05094290248e-08
1.81931303116e-08
6.58892966604e-09
-4.2356045778e-09
-1.35626677989e-08
-2.02702478115e-08
-2.22055920512e-08
-1.38760153983e-08
7.83951435101e-09
1.12646478361e-07
6.1691180728e-07
1.27980791391e-07
5.40627828752e-07
1.494206257e-07
4.70813708286e-07
1.75963249471e-07
4.08864433466e-07
2.03125534365e-07
3.52084035272e-07
2.27256697202e-07
2.94085387004e-07
2.4462165176e-07
2.41777775535e-07
2.42050899164e-07
2.20988198993e-07
2.03839637041e-07
2.55761252998e-07
1.77598207759e-07
2.42893379865e-07
1.50332615603e-07
2.17900926404e-07
1.2321608857e-07
1.9130087756e-07
9.67323891657e-08
1.65875944109e-07
7.02459065805e-08
1.42837451177e-07
4.36733012267e-08
1.20200933906e-07
2.1320087748e-08
8.94711374591e-08
2.60864773002e-08
-1.46902005285e-08
1.96510885522e-08
-5.16110911403e-08
9.00609760616e-09
-6.17194488392e-08
-5.84242782155e-08
7.82120497479e-08
6.03570934769e-07
9.07865270754e-08
5.27975252013e-07
1.04884309586e-07
4.56641153155e-07
1.22796057687e-07
3.90876378364e-07
1.44090955501e-07
3.30710373077e-07
1.63828168407e-07
2.74270887506e-07
1.75973014819e-07
2.29555519833e-07
1.67730419098e-07
2.29121240753e-07
1.44285506613e-07
2.79030929007e-07
1.2258484023e-07
2.64435347195e-07
9.97330487405e-08
2.40600338706e-07
7.63231104967e-08
2.1456324192e-07
5.2104761955e-08
1.89952843479e-07
2.73657182228e-08
1.6743997542e-07
6.41322396223e-09
1.41024519236e-07
2.54163084461e-08
7.03439888014e-08
2.67314100061e-08
-1.60599241901e-08
1.77722554713e-08
-4.26557008433e-08
7.9815874144e-09
-5.19288177166e-08
-5.0442693505e-08
4.70272544629e-08
5.88720838147e-07
6.0146609965e-08
5.14780698837e-07
7.19223309114e-08
4.44791755885e-07
8.34981324038e-08
3.79231292561e-07
9.54392331464e-08
3.18702036055e-07
1.05789347747e-07
2.63858277723e-07
1.10429341032e-07
2.24843518493e-07
1.02239580887e-07
2.37186858926e-07
8.98267842128e-08
2.91286406988e-07
7.39282708965e-08
2.80179988918e-07
5.68189739187e-08
2.57560298013e-07
3.84574712357e-08
2.32782594882e-07
1.96260644671e-08
2.08646025709e-07
3.07574901711e-09
1.83859079083e-07
-3.24190035321e-09
1.4721662264e-07
2.72027277924e-08
3.97964431488e-08
2.31118052143e-08
-1.19873095898e-08
1.39072073909e-08
-3.3451395481e-08
6.15830315745e-09
-4.4179954879e-08
-4.42843925069e-08
2.11606723812e-08
5.74789035412e-07
3.27174333916e-08
5.03150612756e-07
4.22017740422e-08
4.35238285118e-07
4.97569648727e-08
3.71607412799e-07
5.52230525519e-08
3.13172709873e-07
5.82703575095e-08
2.60747498995e-07
5.47486689025e-08
2.28289368001e-07
4.93495910847e-08
2.42461461091e-07
4.91172083706e-08
2.91360397507e-07
3.87048877665e-08
2.90442046064e-07
2.56875686622e-08
2.7043594932e-07
1.13542164834e-08
2.46977772612e-07
-3.32395774485e-09
2.23193772877e-07
-1.16466190467e-08
1.92056536968e-07
1.50589476848e-08
1.20389755971e-07
2.71122828724e-08
2.76906885926e-08
1.88897205467e-08
-3.76738655074e-09
1.06691871591e-08
-2.52308963048e-08
4.6501659595e-09
-3.81609629543e-08
-3.96342288983e-08
3.67327710414e-09
5.64758708054e-07
1.10731770517e-08
4.95682618508e-07
1.61435889324e-08
4.3009994893e-07
1.89154782834e-08
3.6877126442e-07
1.93776907945e-08
3.12645788809e-07
1.65470151832e-08
2.63515894856e-07
6.96279568776e-09
2.37795881707e-07
4.82294973385e-09
2.44481063299e-07
1.78120375316e-08
2.78226068674e-07
1.39077807085e-08
2.94205279655e-07
5.90424782738e-09
2.78302059803e-07
-4.02155129051e-09
2.5677398957e-07
-1.15916092128e-08
2.3063878236e-07
-9.45933679924e-09
1.8980487153e-07
2.53751498506e-08
8.54552732737e-08
2.38408628663e-08
2.92084843167e-08
1.43078245644e-08
5.7654634024e-09
7.34962338782e-09
-1.82727372507e-08
3.04244329475e-09
-3.3853825218e-08
-3.65917876595e-08
-3.98195713649e-09
5.6083826452e-07
-2.25421516657e-09
4.9389040818e-07
-2.67881910537e-09
4.30462344201e-07
-5.31205591037e-09
3.71342056601e-07
-1.01591961016e-08
3.17432611753e-07
-2.08646992146e-08
2.74162935853e-07
-3.26497620469e-08
2.49496178765e-07
-3.40174091049e-08
2.45736642463e-07
-1.84365695927e-08
2.62512575069e-07
-7.4277880285e-09
2.83057024099e-07
-8.25863272535e-09
2.79001433939e-07
-1.4378807749e-08
2.6276584878e-07
-1.79283169191e-08
2.34066267072e-07
1.3371998783e-08
1.58385363565e-07
3.01871360525e-08
6.85840321442e-08
2.17195593665e-08
3.76731452246e-08
1.12312378495e-08
1.6253752364e-08
4.96349052179e-09
-1.2005022365e-08
1.92951470539e-09
-3.08198962725e-08
-3.46622751207e-08
-2.53090305683e-09
5.63647369242e-07
-6.88594934108e-09
4.98186279944e-07
-1.28576681914e-08
4.36375227155e-07
-2.08597930205e-08
3.79285648532e-07
-3.21757035786e-08
3.28693250206e-07
-4.79599627708e-08
2.89879114814e-07
-6.06104378468e-08
2.62063225738e-07
-6.4192686317e-08
2.49218374188e-07
-5.32923924274e-08
2.51495411328e-07
-3.27875844414e-08
2.62423308113e-07
-2.08789337502e-08
2.66963002984e-07
-1.90119707522e-08
2.60775134542e-07
-2.89507999156e-09
2.17827801766e-07
3.01810902347e-08
1.25211661245e-07
3.09628754866e-08
6.77849436882e-08
1.89969438959e-08
4.96387910803e-08
7.89734260673e-09
2.73533382398e-08
2.70860943759e-09
-6.8163276704e-09
9.02321067932e-10
-2.90137057583e-08
-3.37599560935e-08
6.20413391165e-09
5.72289779938e-07
-3.35614196974e-09
5.07690578677e-07
-1.38319064788e-08
4.46794339474e-07
-2.61554125657e-08
3.91554421142e-07
-4.17973952905e-08
3.44274252578e-07
-5.75983577542e-08
3.05611207539e-07
-7.03104333824e-08
2.74697788469e-07
-7.59043093105e-08
2.54725234165e-07
-7.01573148392e-08
2.45650495892e-07
-5.3231660946e-08
2.45388746579e-07
-3.57058137221e-08
2.49320411176e-07
-1.80453719827e-08
2.42995415051e-07
1.88441366959e-08
1.8083091381e-07
3.7940502656e-08
1.06067182675e-07
2.97487618598e-08
7.59738816107e-08
1.58508338711e-08
6.35366826461e-08
4.42152708669e-09
3.87826138493e-08
6.46344269719e-10
-3.04117660954e-09
-1.67587740564e-11
-2.83508861002e-08
-3.37767294437e-08
1.90959783233e-08
5.8480124656e-07
6.84129030174e-09
5.1988768859e-07
-5.70025797772e-09
4.59279085027e-07
-1.9325735535e-08
4.05121276356e-07
-3.36568794113e-08
3.58543598176e-07
-4.66313991343e-08
3.1851954257e-07
-5.73998953922e-08
2.8539565284e-07
-6.30512682065e-08
2.60301610182e-07
-6.07137318589e-08
2.43232836907e-07
-5.06405721615e-08
2.35227902762e-07
-3.41015609918e-08
2.32684229593e-07
-2.12270093429e-09
2.10915512779e-07
3.09408686443e-08
1.47699997891e-07
3.59084414789e-08
1.01088581747e-07
2.53115797505e-08
8.65705561619e-08
1.19832180758e-08
7.68650014595e-08
9.83822382771e-10
4.97819996631e-08
-1.22450333878e-09
-8.3289274221e-10
-7.57431565502e-10
-2.88187652113e-08
-3.45343895131e-08
3.22225583879e-08
5.98342302225e-07
2.02252525647e-08
5.31825413551e-07
8.88491503812e-09
4.70560808792e-07
-2.23020961582e-09
4.16177349119e-07
-1.23928228481e-08
3.68645531339e-07
-2.16309946334e-08
3.27694645694e-07
-2.91442655206e-08
2.92843304688e-07
-3.33513310816e-08
2.64441628252e-07
-3.28407983623e-08
2.42653749097e-07
-2.73814679819e-08
2.29694504147e-07
-1.3850414947e-08
2.19073433724e-07
1.5621258445e-08
1.8137502567e-07
3.45198105538e-08
1.28780024728e-07
3.08081042866e-08
1.04799229637e-07
2.06505464282e-08
9.67280973081e-08
9.52063275234e-09
8.7994890015e-08
7.01766959525e-10
5.86008347366e-08
-3.49673215052e-10
2.1851822391e-10
-1.3693286841e-10
-2.90334018772e-08
-3.46725526117e-08
4.36040909881e-08
6.09902837618e-07
3.39514568591e-08
5.41421726659e-07
2.5659558152e-08
4.78796334443e-07
1.83044966448e-08
4.23475403773e-07
1.18794636609e-08
3.75012481653e-07
6.31559296001e-09
3.33198429135e-07
1.9830995267e-09
2.97114202844e-07
-5.62202308273e-10
2.66924874594e-07
-7.33152497748e-10
2.42762270485e-07
2.82954394422e-09
2.26065869677e-07
1.32568716604e-08
2.08579587034e-07
3.10266211027e-08
1.63569085646e-07
3.41288607908e-08
1.256736287e-07
2.70229263982e-08
1.11905026963e-07
1.72337564745e-08
1.06517256807e-07
8.5392090293e-09
9.66893982907e-08
4.44207524314e-09
6.26979610611e-08
4.20767524316e-09
4.52878879346e-10
2.3415879493e-09
-2.71710645794e-08
-3.23348718638e-08
5.20257987861e-08
6.18119507464e-07
4.58323744597e-08
5.47558984231e-07
4.10323140947e-08
4.83540577962e-07
3.71081949755e-08
4.27343531005e-07
3.38190219344e-08
3.78245136008e-07
3.11504975978e-08
3.35809273014e-07
2.89233224057e-08
2.9928300512e-07
2.74250811763e-08
2.68364837382e-07
2.70786761038e-08
2.43050488047e-07
2.91648241145e-08
2.23920176136e-07
3.51181742254e-08
2.02571680857e-07
3.95218518491e-08
1.59145661428e-07
3.42700560613e-08
1.30924194215e-07
2.46573005697e-08
1.215177105e-07
1.44334057825e-08
1.16741137292e-07
8.39462065051e-09
1.0272816332e-07
1.00047363066e-08
6.10878092137e-08
1.09051349612e-08
-4.47556304361e-10
4.35213595719e-09
-2.0624947462e-08
-2.79929310935e-08
5.76028775149e-08
6.21873049703e-07
5.58918187473e-08
5.49208667175e-07
5.51000597349e-08
4.84274658191e-07
5.46840243633e-08
4.27703477634e-07
5.43244149413e-08
3.78549400293e-07
5.37368766894e-08
3.36341417203e-07
5.27371903904e-08
3.002273793e-07
5.15966689983e-08
2.69450797786e-07
5.07960731456e-08
2.43797525017e-07
5.09890909432e-08
2.23673866774e-07
5.13177532792e-08
2.02198065499e-07
4.65427566339e-08
1.63907295221e-07
3.65884503319e-08
1.40877725163e-07
2.39944602934e-08
1.34111634588e-07
1.3251813625e-08
1.2748377528e-07
1.0556125419e-08
1.05423813215e-07
1.67286989706e-08
5.49152214288e-08
1.74719753407e-08
-1.19089148501e-09
2.50998745723e-09
-5.67510000901e-09
-2.54955777729e-08
6.28834645761e-08
6.18707461701e-07
6.72159843861e-08
5.44816415904e-07
7.14464046312e-08
4.79987894145e-07
7.50599246373e-08
4.2403547675e-07
7.76411437347e-08
3.75915038894e-07
7.87638126526e-08
3.3516620258e-07
7.84904434083e-08
3.00448924651e-07
7.71076886192e-08
2.70783265215e-07
7.50251168128e-08
2.45831956695e-07
7.26611119465e-08
2.25991363304e-07
6.7729484315e-08
2.07091189434e-07
5.6359693767e-08
1.75264689384e-07
4.21087455781e-08
1.55127885411e-07
2.62792530549e-08
1.49941060653e-07
1.63440615872e-08
1.37418949778e-07
1.79135912308e-08
1.03854259987e-07
2.39787904277e-08
4.88499781171e-08
1.73438800263e-08
5.44371256387e-09
-1.38717000134e-10
1.17783162054e-08
-2.56461809844e-08
7.25925102164e-08
6.0587524739e-07
8.47333699255e-08
5.32618695772e-07
9.51948698518e-08
4.6947213743e-07
1.03576528186e-07
4.15601446847e-07
1.0945785204e-07
3.69983029612e-07
1.125824618e-07
3.31991984597e-07
1.13027913648e-07
2.99955366564e-07
1.11001175187e-07
2.72764248397e-07
1.07197412652e-07
2.49593094714e-07
1.01944612934e-07
2.31204398106e-07
9.25971966551e-08
2.16404920284e-07
7.46789989384e-08
1.93169360376e-07
5.47351977612e-08
1.75070435678e-07
3.59188698257e-08
1.68757273314e-07
2.93350279723e-08
1.44002761985e-07
3.48324177853e-08
9.83568167026e-08
3.67223904235e-08
4.69599564581e-08
8.41767461399e-09
3.37380461615e-08
4.94883753759e-10
1.96528189243e-08
-2.51545641353e-08
9.33059498579e-08
5.81496174654e-07
1.14628446908e-07
5.11239376248e-07
1.32384556827e-07
4.51662342315e-07
1.46367243663e-07
4.01567591521e-07
1.563086223e-07
3.59992759115e-07
1.62305936668e-07
3.25947565972e-07
1.64328024923e-07
2.97888638792e-07
1.62516937429e-07
2.74534042871e-07
1.57151725951e-07
2.54921544227e-07
1.47747513416e-07
2.40576113982e-07
1.32420085372e-07
2.31704526737e-07
1.05998504511e-07
2.19575528581e-07
7.83833438675e-08
2.02683041367e-07
5.77120269459e-08
1.89428312914e-07
5.74663160294e-08
1.44248377233e-07
6.15677932295e-08
9.42552372166e-08
3.62218459368e-08
7.2305049912e-08
3.6070549755e-11
6.9886194885e-08
3.427124499e-09
1.62311121561e-08
-2.17277790013e-08
1.32880661028e-07
5.46479003689e-07
1.63166538202e-07
4.80895766103e-07
1.8866445708e-07
4.26110362041e-07
2.09326079377e-07
3.80854997972e-07
2.25142429279e-07
3.44128217186e-07
2.36439032928e-07
3.14605360618e-07
2.43218839786e-07
2.91066766754e-07
2.45372515872e-07
2.7234290397e-07
2.40867627827e-07
2.59394825536e-07
2.27423475008e-07
2.53993909147e-07
2.01994733937e-07
2.57112574999e-07
1.58280016116e-07
2.63278419047e-07
1.11590007364e-07
2.4937131642e-07
9.02584450135e-08
2.10759846989e-07
9.19772721525e-08
1.42529831677e-07
6.00136557091e-08
1.26219317039e-07
-7.25726612556e-09
1.39559533618e-07
-1.9353679128e-08
8.19516288133e-08
-3.14061621016e-09
3.314310994e-12
-2.48686058916e-08
1.9309357505e-07
5.05350484936e-07
2.30032892379e-07
4.43897774035e-07
2.62950431514e-07
3.93137802031e-07
2.9193783253e-07
3.51815539933e-07
3.17433220606e-07
3.18583414299e-07
3.3972512792e-07
2.92267163224e-07
3.57932272732e-07
2.72817863359e-07
3.70259230377e-07
2.59980365378e-07
3.73242295299e-07
2.56382615756e-07
3.57229446938e-07
2.69985027111e-07
3.09751995003e-07
3.04577938232e-07
2.22696134958e-07
3.50336859751e-07
1.180506943e-07
3.54031159541e-07
6.13695236088e-08
2.67450167178e-07
2.86484159634e-08
1.75248125854e-07
-3.50665796793e-08
1.89903648174e-07
-6.87201423013e-08
1.73163948858e-07
-4.05570533898e-08
5.37404128313e-08
-1.653028426e-08
-2.40420577224e-08
-4.13992856114e-08
2.59299610081e-07
4.6390463797e-07
2.98930271077e-07
4.04208346117e-07
3.37076000079e-07
3.54936559071e-07
3.74417622691e-07
3.14420772061e-07
4.11925817489e-07
2.81024876855e-07
4.49085976721e-07
2.55060976562e-07
4.85457661446e-07
2.36404251757e-07
5.03429244166e-07
2.41972788457e-07
4.78553984575e-07
2.81225249475e-07
4.20148264074e-07
3.28331443619e-07
3.23293833064e-07
4.01385790777e-07
1.74184587112e-07
4.99386654343e-07
-1.65471128082e-08
5.44745971198e-07
-1.44468717354e-07
3.9531520281e-07
-1.9741012598e-07
2.281349811e-07
-1.78089265553e-07
1.70522572476e-07
-1.03784934107e-07
9.87948811443e-08
-4.9099130211e-08
-1.01360014091e-09
-2.05061363592e-08
-5.26674947636e-08
-6.19059010876e-08
3.06218940416e-07
4.27389182629e-07
3.42715424407e-07
3.67654258018e-07
3.79704609931e-07
3.1789282054e-07
4.17845899674e-07
2.7622809815e-07
4.57566258103e-07
2.41258173749e-07
4.94589561688e-07
2.17995777851e-07
4.99956687935e-07
2.3099511432e-07
4.74594506678e-07
2.67275630353e-07
3.88902406457e-07
3.66790442346e-07
2.1798421505e-07
4.99159713298e-07
4.53013214902e-09
6.14756726266e-07
-1.2655843783e-07
6.30412887476e-07
-1.97912163267e-07
6.16048915954e-07
-3.07534417021e-07
5.04880304251e-07
-2.58688783954e-07
1.7922961189e-07
-1.66361143022e-07
7.81315993804e-08
-7.338947598e-08
5.75117281201e-09
-2.72167793417e-08
-4.72554395869e-08
-9.62620821335e-09
-7.02955393912e-08
-7.15327901688e-08
3.18553064951e-07
3.98761995526e-07
3.46966225421e-07
3.39183479345e-07
3.7534718962e-07
2.89456747448e-07
4.04833822721e-07
2.46691177149e-07
4.24582413543e-07
2.21464172202e-07
4.15609130824e-07
2.268642873e-07
2.93757399922e-07
3.5275812064e-07
7.81859758692e-09
5.53056904986e-07
-1.81742435738e-07
5.56196942946e-07
-2.45981750041e-07
5.63253403627e-07
-2.05407494147e-07
5.74044692649e-07
-1.51519428523e-07
5.76393024082e-07
-9.8254738612e-08
5.62659494656e-07
-7.47403939211e-08
4.81246724389e-07
-5.7193518079e-08
1.61581290841e-07
-2.2491454258e-08
4.33393503144e-08
1.95622513044e-09
-1.8777750166e-08
5.5274214246e-09
-5.08919018704e-08
2.66627317229e-09
-6.7471727519e-08
-6.88674806933e-08
2.99488056613e-07
3.7874533505e-07
3.18323216503e-07
3.20289946104e-07
3.35372437978e-07
2.72354249702e-07
3.4226271426e-07
2.39755942507e-07
3.11120547252e-07
2.52461251326e-07
1.44801795919e-08
5.23356437203e-07
-1.95274701049e-07
5.62333107746e-07
-2.03914760766e-07
5.61532663339e-07
-2.02535130478e-07
5.54660621644e-07
-1.86428160522e-07
5.46999134072e-07
-1.48779547734e-07
5.36255266473e-07
-9.34146643895e-08
5.20895515116e-07
-2.98692213166e-08
4.98987082058e-07
1.45436455553e-08
4.36713647014e-07
2.6125215887e-08
1.49893928528e-07
3.00467790873e-08
3.93250997142e-08
2.59717689577e-08
-1.47814796921e-08
1.76351906843e-08
-4.26163532973e-08
7.38929027931e-09
-5.72629405824e-08
-6.14793551041e-08
2.57941651417e-07
3.68158727572e-07
2.65430620798e-07
3.1274958143e-07
2.6568802793e-07
2.72050357764e-07
2.32644088848e-07
2.72642099254e-07
-1.00318844304e-07
5.8523784981e-07
-1.69001953533e-07
5.91865580003e-07
-1.87911791842e-07
5.81076036456e-07
-1.90760013403e-07
5.64219950514e-07
-1.78254830221e-07
5.42002499327e-07
-1.53911123937e-07
5.22509052421e-07
-1.19577332589e-07
5.01782170581e-07
-7.86835319842e-08
4.79868851682e-07
-2.97938207647e-08
4.49970847997e-07
9.79126195803e-09
3.97008460435e-07
3.12596376233e-08
1.28320615151e-07
3.4650298381e-08
3.58447469403e-08
2.94025316462e-08
-9.60802023748e-09
2.04814483481e-08
-3.37521065148e-08
8.73185865138e-09
-4.5550426813e-08
-5.274879658e-08
2.00345563604e-07
3.69143709891e-07
1.93150774205e-07
3.19892102973e-07
1.68637404127e-07
2.96417066762e-07
-1.40810571142e-07
5.81890983038e-07
-1.68751565733e-07
6.12993181566e-07
-1.87197157442e-07
6.10135267139e-07
-1.89239149839e-07
5.82949289618e-07
-1.80971806162e-07
5.55792522567e-07
-1.69692898424e-07
5.3057018567e-07
-1.52386660669e-07
5.05057268316e-07
-1.30460222142e-07
4.7971618762e-07
-1.02372159378e-07
4.51648464602e-07
-6.60751773003e-08
4.13547245553e-07
9.34457712348e-09
3.21468574318e-07
3.01730166255e-08
1.07390806728e-07
3.27241861037e-08
3.32095873812e-08
2.79464394676e-08
-4.89843255261e-09
1.98798525844e-08
-2.57366084583e-08
8.98823924733e-09
-3.46944259045e-08
-4.37619599094e-08
1.29794383047e-07
3.83532633648e-07
1.05180153132e-07
3.44393020796e-07
4.45983512236e-08
3.56832870769e-07
-7.87398900229e-08
7.05032646912e-07
-1.47611324359e-07
6.81679287165e-07
-1.71633535134e-07
6.33979741454e-07
-1.81354144834e-07
5.9250150459e-07
-1.8295670981e-07
5.57233942268e-07
-1.77551204848e-07
5.25011570364e-07
-1.6702008548e-07
4.94380039107e-07
-1.50322617212e-07
4.62879447756e-07
-1.27424481224e-07
4.28617594619e-07
-1.00481604396e-07
3.86477718616e-07
1.57263850427e-08
2.05144343091e-07
3.07981187323e-08
9.22232994222e-08
3.08833233211e-08
3.30470178694e-08
2.56917356708e-08
2.32260356327e-10
1.79740192279e-08
-1.80631090081e-08
8.84284576354e-09
-2.55952303882e-08
-3.49206482807e-08
5.55318292589e-08
4.08297291852e-07
1.60853502265e-08
3.83709809394e-07
-2.43554038966e-07
6.16265537516e-07
-2.3169976614e-07
6.92983439206e-07
-2.19908271744e-07
6.69701428132e-07
-2.15750159129e-07
6.29644529272e-07
-2.13589413553e-07
5.90171452832e-07
-2.0857275413e-07
5.52056422246e-07
-1.99457789589e-07
5.15742965862e-07
-1.82652733969e-07
4.77429110046e-07
-1.5925195324e-07
4.39339036362e-07
-1.24172614785e-07
3.93405443563e-07
-1.56516509327e-08
2.77830491435e-07
2.49577152812e-08
1.64425307144e-07
3.30976030416e-08
8.39937150868e-08
3.04974546081e-08
3.55767023653e-08
2.4199200816e-08
6.47699430658e-09
1.624951531e-08
-1.015090923e-08
8.6136263167e-09
-1.79852457976e-08
-2.63092152949e-08
-2.19097694439e-08
4.42258970181e-07
-7.23599989918e-08
4.33988278198e-07
-1.62489209557e-07
7.06189006724e-07
-2.03410958136e-07
7.33708941393e-07
-2.21922925595e-07
6.88027223607e-07
-2.32726478537e-07
6.40270163031e-07
-2.37684500282e-07
5.94960350402e-07
-2.3638043001e-07
5.50591136537e-07
-2.26845088805e-07
5.06053898764e-07
-2.03877886182e-07
4.54315648205e-07
-1.55951206432e-07
3.91272198491e-07
-5.4983412918e-08
2.92305758037e-07
8.2937236523e-09
2.14432860997e-07
3.22705163039e-08
1.40345074349e-07
3.52376328356e-08
8.09429276441e-08
3.07592857524e-08
3.99915143774e-08
2.33871396932e-08
1.38029320131e-08
1.52899164825e-08
-2.08493741405e-09
8.05390859805e-09
-1.07689684106e-08
-1.82576130852e-08
-1.05777257071e-07
4.84091883398e-07
-1.65165750022e-07
4.93209100477e-07
-1.74161863046e-07
7.14979985452e-07
-1.98489473794e-07
7.57841199317e-07
-2.21450124753e-07
7.10801508008e-07
-2.39679337358e-07
6.58321923923e-07
-2.52648714883e-07
6.07760528959e-07
-2.51417095049e-07
5.49198594612e-07
-2.1418872011e-07
4.68671482131e-07
-1.40143890751e-07
3.80126295259e-07
-5.67165763184e-08
3.07709833881e-07
-7.40690928229e-09
2.42872529315e-07
2.47995717541e-08
1.8211570577e-07
3.66081436335e-08
1.28440629205e-07
3.61547170799e-08
8.13197987323e-08
3.05767084898e-08
4.55136552755e-08
2.25279333014e-08
2.18128462423e-08
1.43739406739e-08
6.04365425467e-09
7.3785195781e-09
-3.78816721475e-09
-1.08806989753e-08
-1.88620572615e-07
5.33350251552e-07
-2.40335876592e-07
5.44761866625e-07
-1.89381933621e-07
6.63826286026e-07
-1.96559720646e-07
7.64823655277e-07
-2.15303407714e-07
7.29359221655e-07
-2.29392559236e-07
6.72233892171e-07
-2.10969850111e-07
5.89168307495e-07
-1.56454862689e-07
4.94524877162e-07
-9.51418029186e-08
4.07211773156e-07
-4.96795659941e-08
3.34530341811e-07
-1.18957949171e-08
2.69803056715e-07
1.81558171921e-08
2.12709016712e-07
3.4712333091e-08
1.65458237306e-07
3.90309068362e-08
1.24034302559e-07
3.61553828012e-08
8.41267989965e-08
2.95923235877e-08
5.20289129997e-08
2.13961588219e-08
2.99772221898e-08
1.33992196201e-08
1.40203208162e-08
6.8165127647e-09
2.784013578e-09
-4.0648661735e-09
-2.5547755987e-07
5.85530716571e-07
-2.92590894905e-07
5.81731816587e-07
-2.84274649125e-07
6.55327746255e-07
-2.31810124844e-07
7.12173156809e-07
-1.98214948778e-07
6.95584522819e-07
-1.63315126026e-07
6.37163749315e-07
-1.22329740624e-07
5.48024950712e-07
-8.17267477868e-08
4.53779762986e-07
-4.48859198999e-08
3.70243062233e-07
-1.37962905581e-08
3.03324101105e-07
1.07548914966e-08
2.45143844618e-07
2.78462911614e-08
1.95518264224e-07
3.59476353918e-08
1.57266484768e-07
3.65883931694e-08
1.23315289601e-07
3.31749771586e-08
8.7480897136e-08
2.63851340073e-08
5.87792363805e-08
1.86708341712e-08
3.76657124089e-08
1.16643026279e-08
2.10107459494e-08
6.08111189085e-09
8.36005979288e-09
2.01607993626e-09
-2.87860873476e-07
6.39106866181e-07
-3.16664549805e-07
6.10423447009e-07
-3.00572584827e-07
6.3908386577e-07
-2.53719358062e-07
6.65154601658e-07
-2.00427656619e-07
6.42131783881e-07
-1.49642377837e-07
5.86228512302e-07
-1.04657562109e-07
5.02905991803e-07
-6.67440553181e-08
4.1574869136e-07
-3.89609374342e-08
3.42353309707e-07
-1.71480385588e-08
2.81411317829e-07
2.12211793236e-09
2.25779605636e-07
1.68227629985e-08
1.80730383464e-07
2.41161404262e-08
1.49892981767e-07
2.5799905812e-08
1.21562652627e-07
2.40170308131e-08
8.92135305238e-08
1.86694223985e-08
6.409407701e-08
1.23129702134e-08
4.40003486549e-08
7.49167313995e-09
2.58188023833e-08
4.19449945914e-09
1.165283e-08
6.21048446028e-09
-2.76849800205e-07
6.93020489926e-07
-3.08772605883e-07
6.42271816621e-07
-2.9785151837e-07
6.28056570807e-07
-2.55166755541e-07
6.22346300537e-07
-2.03770922863e-07
5.90613115283e-07
-1.53765395356e-07
5.36107462583e-07
-1.14206311706e-07
4.63244349096e-07
-8.75833317431e-08
3.89034437046e-07
-6.84524601954e-08
3.2313596219e-07
-4.91511552185e-08
2.62024812353e-07
-2.76751035032e-08
2.04222381161e-07
-9.30779640003e-09
1.6228758753e-07
2.50068219373e-09
1.38013706083e-07
8.24441178516e-09
1.15757928272e-07
9.53578230659e-09
8.78789172493e-08
6.96802109722e-09
6.66324000855e-08
3.16272542565e-09
4.77846208732e-08
1.38453171856e-09
2.75854148151e-08
1.18146334651e-09
1.18534298178e-08
7.39185117285e-09
-2.25145514405e-07
7.44944209446e-07
-2.61178294381e-07
6.78236691499e-07
-2.648629629e-07
6.31669093362e-07
-2.36962824177e-07
5.94361650349e-07
-1.97518732525e-07
5.51082272677e-07
-1.5927950352e-07
4.97785926323e-07
-1.3260297775e-07
4.36492549381e-07
-1.18204540959e-07
3.74563732928e-07
-1.06073004987e-07
3.10930495087e-07
-8.62241568757e-08
2.42101392598e-07
-6.1696611672e-08
1.7962566598e-07
-3.89147906181e-08
1.39441402023e-07
-2.11555415758e-08
1.20191558675e-07
-1.10341143516e-08
1.05580345703e-07
-6.26211591267e-09
8.30666806219e-08
-4.89052571347e-09
6.52310796393e-08
-5.52054976098e-09
4.83926594048e-08
-4.49029627312e-09
2.65438032943e-08
-1.89833180553e-09
9.26008605411e-09
5.49341929627e-09
-1.53300991952e-07
7.96132532631e-07
-1.87994981806e-07
7.12866812072e-07
-2.03947865368e-07
6.47563269508e-07
-1.95643624128e-07
5.85997595718e-07
-1.74151327725e-07
5.29530269281e-07
-1.50997897713e-07
4.74572309582e-07
-1.37873300595e-07
4.23306547881e-07
-1.32757276112e-07
3.69381395874e-07
-1.25484421115e-07
3.03587900289e-07
-1.07538884519e-07
2.24089352961e-07
-8.46969159905e-08
1.56726465073e-07
-6.04970803667e-08
1.15188567456e-07
-3.87661787462e-08
9.84049210831e-08
-2.52479054971e-08
9.20076705994e-08
-1.751377037e-08
7.5291302699e-08
-1.26814272818e-08
6.03676736124e-08
-1.05289115601e-08
4.62153524247e-08
-8.38282041035e-09
2.43852144476e-08
-4.10701983925e-09
4.9831136636e-09
1.38629172666e-09
-8.2035933839e-08
8.39224177179e-07
-1.1677976792e-07
7.4755068586e-07
-1.34981768881e-07
6.65705595328e-07
-1.3917881403e-07
5.90142706694e-07
-1.33501655586e-07
5.23799734008e-07
-1.24158212817e-07
4.65177391768e-07
-1.226240836e-07
4.21713705766e-07
-1.25960303222e-07
3.7265215919e-07
-1.22016448895e-07
2.99575684952e-07
-1.09195234684e-07
2.11207989902e-07
-9.23639653111e-08
1.3984891717e-07
-7.09750224644e-08
9.37585644029e-08
-4.77974163732e-08
7.51803540523e-08
-3.15359989437e-08
7.56933134768e-08
-2.18461931725e-08
6.55585216456e-08
-1.53519529795e-08
5.38400354245e-08
-1.11720384702e-08
4.20077857478e-08
-9.3980394729e-09
2.25950421779e-08
-4.7954101312e-09
3.78852367273e-10
-3.40922878425e-09
-2.66070760674e-08
8.6437652802e-07
-6.21926273913e-08
7.83071958358e-07
-7.88312397318e-08
6.82295764458e-07
-8.59694751138e-08
5.97226236795e-07
-8.73386442766e-08
5.25121149165e-07
-8.79135721309e-08
4.6570449854e-07
-9.80662921707e-08
4.31806400664e-07
-1.10510218541e-07
3.8502679365e-07
-1.07389340916e-07
2.96385745851e-07
-9.85529286478e-08
2.02316767217e-07
-8.81110983143e-08
1.2936972455e-07
-7.23071392567e-08
7.79247153419e-08
-5.04024533894e-08
5.32408334654e-08
-3.18216360188e-08
5.70640963422e-08
-2.13679824759e-08
5.50608810783e-08
-1.45760851932e-08
4.7013029043e-08
-9.8187537922e-09
3.72208729596e-08
-7.87609607025e-09
2.06316893999e-08
-4.06978520593e-09
-3.43001460818e-09
-7.47913018554e-09
5.60713279699e-09
8.72070589706e-07
-2.33590535551e-08
8.11972771194e-07
-3.89860829649e-08
6.97870858962e-07
-4.51744459928e-08
6.03367744504e-07
-4.77436742654e-08
-6.09769002997e-08
-8.46511410474e-08
-9.75812109323e-08
-9.02953812006e-08
-8.23448281338e-08
-7.59045068827e-08
-6.56165252915e-08
-4.85535954861e-08
-2.92729551517e-08
-1.85305893736e-08
-1.27751254957e-08
-9.1380913415e-09
-6.2378569034e-09
-3.10049995287e-09
1.68258347301e-08
3.42141998623e-09
-1.22108392463e-08
)
;

boundaryField
{
    emptyPatch
    {
        type            empty;
        value           nonuniform List<scalar> 0();
    }
    minY
    {
        type            calculated;
        value           nonuniform List<scalar> 0();
    }
    maxY
    {
        type            calculated;
        value           nonuniform List<scalar> 0();
    }
    maxX
    {
        type            calculated;
        value           uniform 0;
    }
    water_to_heater
    {
        type            calculated;
        value           uniform 0;
    }
    procBoundary1to0
    {
        type            processor;
        value           nonuniform List<scalar> 
41
(
9.72720731479e-07
5.4894287003e-07
5.10265720024e-07
5.34580147772e-07
5.71267681453e-07
6.04430236918e-07
6.29668606419e-07
6.45706073853e-07
6.55392129236e-07
6.63663291105e-07
6.77920849092e-07
7.01927910656e-07
7.18091541683e-07
7.2896953193e-07
7.37090246521e-07
7.42668226753e-07
7.46177884287e-07
7.50946213947e-07
7.67759365652e-07
8.19707769183e-07
5.27641850046e-07
4.78880007183e-07
4.5541088553e-07
3.97877136385e-07
2.8902840519e-07
1.94316155493e-07
1.22898375897e-07
6.76154030425e-08
3.61566975002e-08
3.77449692219e-08
4.42756222466e-08
4.12213178862e-08
3.35527502549e-08
1.77075380349e-08
-6.57098122515e-09
-1.05797437542e-08
8.62996502057e-07
8.25299849977e-07
7.13445707175e-07
-1.70734566512e-08
6.08171632388e-07
)
;
    }
    procBoundary1to3
    {
        type            processor;
        value           nonuniform List<scalar> 
41
(
-6.38816213724e-07
-6.55977497762e-07
-6.67781540982e-07
-6.76263898584e-07
-6.83081721078e-07
-6.88783469468e-07
-6.93019630982e-07
-6.95405670106e-07
-6.9624625511e-07
-6.96200409803e-07
-6.93378059208e-07
-6.86661904648e-07
-6.75896619212e-07
-7.38932413427e-07
-6.23018687256e-07
-5.98602081007e-07
-5.80999195031e-07
-5.84812754146e-07
-6.06989584596e-07
-1.35564239689e-07
-6.34200023272e-07
-6.29130067934e-07
-5.56041803217e-07
-4.9233852483e-07
-4.35503651627e-07
-3.7935390177e-07
-3.1832231936e-07
-2.59241513221e-07
-2.18534260487e-07
-2.17693222841e-07
-2.16825803771e-07
-1.90795541962e-07
-1.64335967104e-07
-1.39537505929e-07
-1.16489575153e-07
-9.37619369256e-08
-6.72439272282e-08
9.83511759728e-09
5.8023953012e-08
7.23640472783e-08
6.74303711603e-08
)
;
    }
}


// ************************************************************************* //
