/*--------------------------------*- C++ -*----------------------------------*\
| =========                 |                                                 |
| \\      /  F ield         | OpenFOAM: The Open Source CFD Toolbox           |
|  \\    /   O peration     | Version:  2312                                  |
|   \\  /    A nd           | Website:  www.openfoam.com                      |
|    \\/     M anipulation  |                                                 |
\*---------------------------------------------------------------------------*/
FoamFile
{
    version     2.0;
    format      ascii;
    arch        "LSB;label=32;scalar=64";
    class       volScalarField;
    location    "0.39/heater";
    object      T;
}
// * * * * * * * * * * * * * * * * * * * * * * * * * * * * * * * * * * * * * //

dimensions      [0 0 0 1 0 0 0];

internalField   nonuniform List<scalar> 
150
(
796.144983329
796.044689954
795.837572309
795.510810726
795.052805693
796.132023985
796.034030735
795.831782202
795.510587087
795.047049552
796.121917019
796.0251794
795.826163856
795.509653522
795.042309352
796.110401085
796.013898517
795.816234055
795.503771565
795.039183119
796.096343649
795.99979866
795.802881552
795.494624716
795.037771707
796.08467501
795.987883566
795.791062514
795.486455223
795.041133056
796.078627277
795.981446778
795.784103091
795.482742523
795.053649693
796.078847398
795.981390734
795.783285614
795.483490651
795.074481056
796.083683403
795.986147532
795.787320991
795.487017017
795.095778322
796.093371337
795.996219162
795.797233089
795.495110594
795.106179441
796.112357435
796.016437833
795.818392906
795.51424054
795.120775855
796.137811432
796.043394493
795.846860772
795.541126344
795.14225548
796.166551826
796.073543248
795.878441899
795.570773295
795.16507459
796.193875597
796.101793831
795.907502776
795.597041107
795.182325716
796.214318553
796.122633332
795.92855706
795.614014165
795.184673375
796.229489011
796.138216478
795.944980134
795.628343185
795.183373179
796.24080353
796.150074089
795.958328587
795.64179325
795.180115712
796.247176645
796.157181237
795.967825619
795.654712541
795.182144878
796.246054395
796.157149881
795.971682341
795.666674245
795.197202982
796.245646011
796.157834716
795.976431858
795.681139923
795.22374593
796.252737642
796.166194138
795.988997255
795.7040406
795.262929353
796.261552897
796.176157943
796.002725083
795.727772745
795.307467153
796.260204447
796.175613932
796.005182042
795.739063312
795.347129711
796.247531512
796.163423738
795.994908453
795.733293251
795.358339319
796.214645661
796.130471604
795.962661855
795.702338151
795.328762316
796.147642705
796.062254146
795.893388591
795.632636417
795.254094187
796.044460561
795.956168955
795.783963371
795.52211313
795.135138618
795.913337582
795.819922245
795.640324202
795.373720047
794.980370924
795.776124496
795.675391883
795.484252441
795.208708844
794.807685814
795.688963881
795.582922213
795.383488729
795.103520608
794.702714012
)
;

boundaryField
{
    emptyPatch
    {
        type            empty;
    }
    minY
    {
        type            zeroGradient;
    }
    maxY
    {
        type            zeroGradient;
    }
    minX
    {
        type            zeroGradient;
    }
    heater_to_water
    {
        type            compressible::turbulentTemperatureTwoPhaseRadCoupledMixed;
        refValue        nonuniform List<scalar> 
60
(
391.879373498
374.568480724
374.568677225
356.12804078
347.847214136
344.31609817
344.316217515
339.33907558
339.339163872
330.127075217
330.127107804
322.190764777
319.219491314
323.584820071
323.584704588
353.075380854
353.075123753
438.720197201
438.720059778
455.30564083
453.44421169
457.969096195
457.968652845
452.887525649
452.887036335
456.226683008
456.226343259
451.602707603
453.700063803
450.985072554
450.985192672
449.281671897
449.28183216
423.49773207
423.497745389
375.225453257
349.572885246
338.567917268
338.567634773
332.506490534
332.5061085
328.038887178
328.038502232
326.357080505
331.414065093
359.475181131
359.475075119
411.075373976
411.076110744
407.162064887
407.163688736
385.727617643
360.770181048
344.585601319
344.588074776
337.609968033
337.61239703
333.668842056
333.670226202
330.589107388
)
;
        refGradient     uniform 0;
        valueFraction   nonuniform List<scalar> 
60
(
0.000698340061586
0.000718972912271
0.00071897098949
0.000739741883249
0.000745615563685
0.000746861775275
0.000746859714139
0.000748371906261
0.000748370179744
0.000742303154864
0.000742302322362
0.000718263926313
0.00070778733974
0.000727473545375
0.000727477289954
0.00074072755837
0.000740731229295
0.000647103037635
0.000647103684275
0.000641759326916
0.000646917878727
0.000641731488999
0.000641733303369
0.000647083869125
0.000647085955581
0.000642394547737
0.000642395954683
0.000647255548845
0.000644357431045
0.000647225042775
0.000647224524429
0.000646649387615
0.000646648688893
0.000664971812696
0.000664971740433
0.000717078583986
0.000742931191735
0.000748082186344
0.000748087795642
0.000747371488292
0.000747380516531
0.000743043793759
0.000743054324502
0.000740379033162
0.000747126939338
0.000727447313318
0.00072744863007
0.000664748510038
0.000664744064889
0.000664041974404
0.000664031826998
0.000689506517341
0.000734774435251
0.000748162530861
0.000748120163546
0.000742388304857
0.000742339161794
0.000734595709996
0.000734564647505
0.000728078952236
)
;
        source          uniform 0;
        value           nonuniform List<scalar> 
60
(
794.772607874
794.751843166
794.746578489
794.724203428
794.710962988
794.70776843
794.704764003
794.700357667
794.699132733
794.69505932
794.69847876
794.703954217
794.71942611
794.713234352
794.734236066
794.74983322
794.769900998
794.866707924
794.876101865
794.888650474
794.900221604
794.904897435
794.926274253
794.921182266
794.94393572
794.947686859
794.964884227
794.960244363
794.964760563
794.962024107
794.960614372
794.959710752
794.956582065
794.933098425
794.936103011
794.882120625
794.868177229
794.85764919
794.884505344
794.880302525
794.919695656
794.918383174
794.963117022
794.963122221
795.003543181
795.033086254
795.043466101
795.105097394
795.074817914
795.072488604
794.998252009
794.973585168
794.818690809
794.800766757
794.64637602
794.643777157
794.471134549
794.471777922
794.36685877
794.367605606
)
;
        kappaMethod     solidThermo;
        Tnbr            T.liquid;
        region          solid;
        otherPhase      gas;
    }
    procBoundary1to0
    {
        type            processor;
        value           nonuniform List<scalar> 5(796.161680147 796.05878532 795.846446358 795.513416595 795.055980989);
    }
}


// ************************************************************************* //
