/*--------------------------------*- C++ -*----------------------------------*\
| =========                 |                                                 |
| \\      /  F ield         | OpenFOAM: The Open Source CFD Toolbox           |
|  \\    /   O peration     | Version:  2312                                  |
|   \\  /    A nd           | Website:  www.openfoam.com                      |
|    \\/     M anipulation  |                                                 |
\*---------------------------------------------------------------------------*/
FoamFile
{
    version     2.0;
    format      ascii;
    arch        "LSB;label=32;scalar=64";
    class       volScalarField;
    location    "0.17/water";
    object      rhom;
}
// * * * * * * * * * * * * * * * * * * * * * * * * * * * * * * * * * * * * * //

dimensions      [1 -3 0 0 0 0 0];

internalField   nonuniform List<scalar> 
1503
(
913.929464568
948.392561476
985.509418894
996.424471756
999.3354974
999.897292815
999.986891569
999.999013337
999.99997861
999.999999808
999.999999999
1000
1000
1000
1000
1000
1000
1000
1000
1000
695.125421515
869.892803249
946.212322717
981.822054501
994.305673899
998.486165414
999.658425831
999.939537425
999.993951687
999.999868008
999.999999567
999.999999999
1000
1000
1000
1000
1000
1000
1000
1000
693.687978631
827.4919311
914.845792804
963.738675508
986.124240227
995.40001496
998.71959935
999.71326321
999.957463477
999.9977729
999.99999003
999.999999988
1000
1000
1000
1000
1000
1000
1000
1000
693.6883192
788.474838297
875.911412708
936.443422673
971.429307278
989.047747696
996.522597119
999.111168504
999.836600869
999.985116252
999.999796761
999.999999805
1000
1000
1000
1000
1000
1000
1000
1000
701.465283381
765.260828366
836.22040921
899.410287583
946.304539396
975.980278581
991.326532519
997.55567128
999.495393559
999.939027021
999.997871597
999.999997084
999.999999998
1000
1000
1000
1000
1000
1000
1000
715.196082622
756.925766977
805.974086336
860.294243644
911.675337481
952.848257643
979.765477417
993.41434494
998.480466504
999.784010808
999.987323754
999.999925989
999.999999961
1000
1000
1000
1000
1000
1000
1000
721.796029695
754.704974676
787.841105892
828.353024875
875.170589696
921.408610888
959.111713387
983.634317443
995.427547942
999.220709036
999.937441856
999.998824173
999.999999267
1000
1000
1000
1000
1000
1000
1000
721.472451725
752.635902546
778.48442596
807.743902017
845.716527271
889.130779261
931.369720417
965.685277087
987.593522242
997.24115145
999.700125617
999.989283763
999.999970772
999.999999991
1000
1000
1000
1000
1000
1000
721.744631249
752.583106855
771.972953714
794.498172136
824.946816693
862.249972121
902.379796763
940.704657627
972.195075239
991.556156779
998.696979495
999.925813534
999.999152795
999.999999737
1000
1000
1000
1000
1000
1000
721.068328986
754.196708822
769.836791376
787.736678833
812.134839385
842.74457324
877.041797439
913.56593891
949.830616353
979.605791414
995.480690567
999.60081811
999.990621138
999.999984713
999.999999998
1000
1000
1000
1000
1000
721.744417275
758.772194134
771.996308169
787.513689255
805.864651112
829.30133272
857.237504384
889.669956883
925.767866371
961.940116358
988.270890503
998.434186335
999.938356025
999.999622888
999.999999934
1000
1000
1000
1000
1000
721.360857241
766.711221575
779.083523648
790.0802238
802.713632265
819.739207366
842.613612798
871.542505258
905.524083657
942.8586502
976.912810632
995.55442865
999.725394702
999.99644332
999.999997775
1000
1000
1000
1000
1000
721.826552604
775.05843873
787.878169389
793.347173104
800.072619572
812.209412887
832.025261474
858.883080859
890.241366136
925.403633533
962.906133233
990.219700098
999.074252425
999.978243583
999.99994772
999.999999999
1000
1000
1000
1000
724.975530559
777.86619107
786.969978732
790.651093418
794.491409471
804.754671152
823.866496437
848.991926506
876.823593946
908.347227906
946.23589231
981.282735751
997.319194709
999.887012601
999.999078073
999.999999999
1000
1000
1000
1000
732.297815145
771.950420555
776.196373745
778.47064584
783.494923448
796.23919146
815.771247486
838.343961564
862.119333231
889.180109709
924.690529193
965.745825753
992.498641218
999.423533381
999.988639117
999.999995603
1000
1000
1000
1000
723.530623449
749.791186381
753.403074891
757.87066635
768.600043841
786.092124844
805.999791326
825.776729808
845.823390695
868.216167102
898.083379379
939.854064421
979.812195579
997.250149174
999.889386363
999.99926099
999.999999993
1000
1000
1000
694.792557635
724.196427887
731.950714438
739.101710542
754.051674798
775.418199108
796.959932675
816.284912637
833.774142888
851.396642112
872.588486932
906.261436954
953.769795879
989.352629514
999.19926429
999.98615172
999.999993879
1000
1000
1000
693.656653166
715.784661914
722.102900408
729.665542767
745.531794833
768.950746772
793.315959459
814.955391885
832.583916824
844.347643048
855.066337901
875.150834034
917.916581306
970.525333195
996.128961274
999.867619222
999.999259929
999.999999992
1000
1000
691.720746428
715.247416557
716.522950391
725.00981019
742.682338623
767.76430841
793.43432237
816.229548983
835.096549213
845.531056841
845.669174816
851.845578118
884.677179301
942.988007207
987.926462449
999.24806284
999.989929699
999.999996702
1000
1000
693.533633653
716.034819218
716.164577558
723.287952708
742.19898633
768.588547049
796.029246461
821.775689458
842.342456929
846.859189676
844.710753131
844.767646054
863.692698349
917.436477303
974.711729393
997.417735123
999.938581815
999.99980602
999.999999982
1000
691.446594281
719.095956667
716.392649104
723.930520175
744.029893806
773.099826365
804.089622283
833.167453399
847.321431001
847.298269529
846.021615595
844.710734616
855.022866486
900.746220253
961.123530202
994.190293185
999.783876183
999.998585742
999.999999367
1000
693.533492805
724.062332969
720.204615907
728.56872838
751.025828455
783.602020047
818.030285602
845.552714966
847.298216366
847.567338311
847.298260223
845.174320215
851.573985471
891.195542415
950.580004885
990.345382561
999.491496939
999.994962814
999.999994368
999.999999997
691.607693575
730.436871601
728.984313167
739.61719419
764.558815032
799.589005571
834.655507376
847.298141362
847.627552849
847.29822025
847.739117744
847.362950142
848.928666832
883.626032158
942.137252907
986.33498839
999.060590313
999.987634522
999.999977866
999.999999985
693.617703652
736.262172624
738.982806879
754.44480849
781.790998355
816.459717502
846.114563046
847.516045572
847.298164419
847.980902659
847.29820745
845.423994409
841.090643272
873.514904131
932.243687514
981.19659963
998.36434274
999.972655465
999.999935936
999.999999954
692.717030448
741.453810041
747.959778234
767.735672036
796.941578801
828.806359275
847.361668666
847.298087587
847.96152775
847.29816271
848.038376547
831.369180188
823.058151586
856.005370572
914.947094525
971.893426579
996.853744413
999.931523796
999.999796915
999.999999862
693.763782767
747.265301536
756.327253454
776.807533784
804.866900119
833.522274434
847.297964219
847.790346425
847.298104465
848.038330552
838.817204847
822.135851989
821.813947116
831.182204829
884.759351551
953.942154382
993.116960262
999.78761569
999.999128429
999.99999952
693.636057669
755.100366128
764.752391755
782.110117315
806.676728389
833.570265976
847.506847765
847.29802628
848.038271637
844.599588611
822.135805882
821.606636041
822.135817741
821.917955676
853.411218606
924.591607083
984.272052172
999.26246787
999.995293478
999.999998544
697.261340565
763.432532193
770.468056414
783.182804077
805.28061259
830.061203918
845.853078869
847.200934181
842.210267151
824.441071345
821.7499958
822.135775893
821.609062232
822.135778906
824.716403947
887.42191928
967.239495038
997.552175628
999.972420664
999.999984194
711.84932476
765.757099792
767.183538043
776.42168121
795.29026994
817.44519145
831.005301895
830.999208154
825.558046934
823.368486298
822.607719577
821.808723495
822.135737644
821.724154951
822.135739059
858.423561274
941.52258785
992.844033303
999.846425011
999.999605904
725.6340734
758.31846069
750.235583674
753.146069636
771.597473122
796.279763861
809.81321904
814.853640036
821.51969277
829.238671117
833.764148884
826.88212773
821.894846793
822.135696466
821.917768975
839.441456175
911.741113585
982.644157576
999.285235654
999.995225881
726.186164495
734.599893347
717.661008513
717.24080278
739.937789139
772.289439346
792.781546943
806.65231703
822.430858974
838.937483559
848.509756973
841.603985912
825.989305659
821.955257379
822.135655858
826.569944017
883.78073028
965.423392767
997.345338479
999.962154124
718.730102795
705.643358189
685.717704987
686.415474749
709.930674054
747.477950449
777.442501554
799.937015634
822.567249927
844.62114697
853.778497687
852.474781467
839.650965593
824.323670669
821.989160852
822.135618764
862.535446782
942.43787443
992.202533188
999.779790599
702.66035405
684.72043085
669.979965282
670.208588716
688.888143584
724.592555145
761.324474444
791.4904292
820.591642799
846.209578804
853.824487534
853.874020355
851.987982999
836.159016363
823.76603085
822.071988719
848.109647477
917.030058496
981.848598654
999.068097357
689.590127743
673.797962048
666.412787056
666.277911703
677.68492185
708.041501126
747.111517628
782.902556352
817.068195803
846.519220453
853.897183207
853.824478827
853.919875337
850.607605107
834.297880318
825.100752252
838.612716561
891.741495642
965.527099005
997.079105985
682.551665367
668.894375392
665.063323722
665.200109917
672.204422633
698.682166995
738.135232875
777.40880244
815.213081354
847.056381178
853.824428424
854.036617941
853.824467552
853.956172271
849.867763906
833.490824916
830.984303817
867.459834402
944.594175155
992.941608825
677.717277025
667.001761989
665.061863386
665.117872484
669.715838634
694.570528655
734.399077171
775.828028694
815.516056229
848.568206602
853.957737383
853.824430726
854.155879634
853.824452168
854.015155368
842.749398036
821.680171612
845.897260924
922.198650451
986.144294214
672.105973857
665.709945622
664.982370985
665.077236891
669.228929487
694.103977934
734.297150243
776.851295979
818.510311572
851.110957134
853.824383606
854.153535049
853.824427334
854.273015542
853.824435848
848.624060473
813.45374759
828.951068814
900.959832636
976.459178483
665.341040568
664.992377752
665.009146787
665.063115816
670.057097517
696.247269653
737.545767547
782.189050763
825.246558544
853.364321302
853.992944598
853.824393061
854.311656599
853.824416739
854.447513514
851.374168306
810.955136418
818.700590912
882.277215714
964.131215039
1000
1000
1000
1000
1000
1000
1000
1000
1000
1000
1000
1000
1000
1000
1000
1000
1000
1000
1000
1000
1000
1000
1000
1000
1000
1000
1000
1000
1000
1000
1000
1000
1000
1000
1000
1000
1000
1000
1000
1000
1000
1000
1000
1000
1000
1000
1000
1000
1000
1000
1000
1000
1000
1000
1000
1000
1000
1000
1000
1000
1000
1000
1000
1000
1000
1000
1000
1000
1000
1000
1000
1000
1000
1000
1000
1000
1000
1000
1000
1000
1000
1000
1000
1000
1000
1000
1000
1000
1000
1000
1000
1000
1000
1000
1000
1000
1000
1000
1000
1000
1000
1000
1000
1000
1000
1000
1000
1000
1000
1000
1000
1000
1000
1000
1000
1000
1000
1000
1000
1000
1000
1000
1000
1000
1000
1000
1000
1000
1000
1000
1000
1000
1000
1000
1000
1000
1000
1000
1000
1000
1000
1000
1000
1000
1000
1000
1000
1000
1000
1000
1000
1000
1000
1000
1000
1000
1000
1000
1000
1000
1000
1000
1000
1000
1000
1000
1000
1000
1000
1000
1000
1000
1000
1000
1000
1000
1000
1000
1000
1000
1000
1000
1000
1000
1000
1000
1000
1000
1000
1000
1000
1000
1000
1000
1000
1000
1000
1000
1000
1000
1000
1000
1000
1000
1000
1000
1000
1000
1000
1000
1000
1000
1000
1000
1000
1000
1000
1000
1000
1000
1000
1000
1000
1000
1000
1000
1000
1000
1000
1000
1000
1000
1000
1000
1000
1000
1000
1000
1000
1000
1000
1000
1000
1000
1000
1000
1000
1000
1000
1000
1000
1000
1000
1000
1000
1000
1000
1000
1000
1000
1000
1000
1000
1000
1000
1000
1000
1000
1000
1000
1000
1000
1000
1000
1000
1000
1000
1000
1000
1000
1000
1000
1000
1000
1000
1000
1000
1000
1000
1000
1000
1000
1000
1000
1000
1000
1000
1000
1000
1000
1000
1000
1000
1000
1000
1000
1000
1000
1000
1000
1000
1000
1000
1000
1000
1000
1000
1000
1000
1000
1000
1000
1000
1000
1000
1000
1000
1000
1000
1000
1000
1000
1000
1000
1000
1000
1000
1000
1000
1000
1000
1000
1000
1000
1000
1000
1000
1000
1000
1000
1000
1000
1000
1000
1000
1000
1000
1000
1000
1000
1000
1000
1000
1000
1000
1000
1000
1000
1000
1000
1000
1000
1000
1000
1000
1000
1000
1000
1000
1000
1000
1000
1000
1000
1000
1000
1000
1000
1000
1000
1000
1000
1000
1000
1000
1000
1000
1000
1000
1000
1000
1000
1000
1000
1000
1000
1000
1000
1000
1000
1000
1000
1000
1000
1000
1000
1000
1000
1000
1000
1000
1000
1000
1000
1000
1000
1000
1000
1000
1000
1000
1000
1000
1000
1000
1000
1000
1000
1000
1000
1000
1000
1000
1000
1000
1000
1000
1000
1000
1000
1000
1000
1000
1000
1000
1000
1000
1000
1000
1000
1000
1000
1000
1000
1000
1000
1000
1000
1000
1000
1000
1000
1000
1000
1000
1000
1000
1000
1000
1000
1000
1000
1000
1000
1000
1000
1000
1000
1000
1000
1000
1000
1000
1000
1000
1000
1000
1000
1000
1000
1000
1000
1000
1000
1000
1000
1000
1000
1000
1000
1000
1000
1000
1000
1000
1000
1000
1000
1000
1000
1000
1000
1000
1000
1000
1000
1000
1000
1000
1000
1000
1000
1000
1000
1000
1000
1000
1000
1000
1000
1000
1000
1000
1000
1000
1000
1000
1000
1000
1000
1000
1000
1000
1000
1000
1000
1000
1000
1000
1000
1000
1000
1000
1000
1000
1000
1000
1000
1000
1000
1000
1000
1000
1000
1000
1000
1000
1000
1000
1000
999.999999839
1000
1000
1000
1000
1000
1000
1000
1000
1000
1000
1000
1000
1000
1000
1000
1000
1000
1000
1000
999.999982756
1000
1000
1000
1000
1000
1000
1000
1000
1000
1000
1000
1000
1000
1000
1000
1000
1000
1000
1000
999.999504281
1000
1000
1000
1000
1000
1000
1000
1000
1000
1000
1000
1000
1000
1000
1000
1000
1000
1000
1000
999.994628964
1000
1000
1000
1000
1000
1000
1000
1000
1000
1000
1000
1000
1000
1000
1000
1000
1000
1000
1000
999.967567892
1000
1000
1000
1000
1000
1000
1000
1000
1000
1000
1000
1000
1000
1000
1000
1000
1000
1000
1000
999.863875661
1000
1000
1000
1000
1000
1000
1000
1000
1000
1000
1000
1000
1000
1000
1000
1000
1000
1000
1000
999.555680078
999.999720674
1000
1000
1000
1000
1000
1000
1000
1000
1000
1000
1000
1000
1000
1000
1000
1000
1000
1000
998.789617437
999.996633047
1000
1000
1000
1000
1000
1000
1000
1000
1000
1000
1000
1000
1000
1000
1000
1000
1000
1000
997.181400788
999.980267372
1000
)
;

boundaryField
{
    emptyPatch
    {
        type            empty;
    }
    minY
    {
        type            calculated;
        value           uniform 1000;
    }
    maxY
    {
        type            calculated;
        value           nonuniform List<scalar> 0();
    }
    maxX
    {
        type            calculated;
        value           nonuniform List<scalar> 
37
(
1000
1000
1000
1000
1000
1000
1000
1000
1000
1000
1000
1000
1000
1000
1000
1000
1000
1000
1000
1000
1000
1000
1000
1000
1000
1000
1000
1000
1000
1000
1000
1000
1000
1000
1000
1000
1000
)
;
    }
    water_to_heater
    {
        type            calculated;
        value           nonuniform List<scalar> 
61
(
913.870455295
694.957487754
694.957525315
693.522686737
693.522692345
693.522149942
693.522146936
701.30062195
715.035158603
721.636246712
721.636240495
721.311767826
721.311762758
721.58396851
721.58396384
720.907341749
721.58393234
721.20028317
721.200279733
721.666123318
721.666119971
724.815840286
724.815836738
732.140925563
723.370390855
694.621490903
694.621487234
693.486541762
693.486537824
691.550030793
691.550026555
693.364045416
691.275987542
693.364018173
693.364013782
691.437068084
691.437063658
693.447901971
693.447897293
692.54653918
693.593721921
693.465683227
693.465678576
697.091403607
697.091399158
711.684137806
711.684133417
725.473815984
726.025370616
718.566245372
718.566241079
702.490726678
702.490722419
689.416817754
689.41681355
682.377135799
677.542188098
671.930028457
671.930024977
665.1640659
665.164063091
)
;
    }
    procBoundary2to3
    {
        type            processor;
        value           nonuniform List<scalar> 
41
(
660.762405161
665.089617885
665.048314879
665.176101478
673.175881235
703.073783484
746.200578209
792.205814711
834.615474328
853.848942874
853.824349451
854.224581017
853.824394264
854.473085345
853.824402546
852.755356802
810.735403966
813.349373333
867.564854222
950.486649203
1000
1000
1000
1000
1000
1000
1000
1000
1000
1000
1000
1000
1000
1000
1000
1000
1000
994.354187513
999.921191209
1000
1000
)
;
    }
}


// ************************************************************************* //
