/*--------------------------------*- C++ -*----------------------------------*\
| =========                 |                                                 |
| \\      /  F ield         | OpenFOAM: The Open Source CFD Toolbox           |
|  \\    /   O peration     | Version:  2312                                  |
|   \\  /    A nd           | Website:  www.openfoam.com                      |
|    \\/     M anipulation  |                                                 |
\*---------------------------------------------------------------------------*/
FoamFile
{
    version     2.0;
    format      ascii;
    arch        "LSB;label=32;scalar=64";
    class       surfaceScalarField;
    location    "0.88/water";
    object      phi;
}
// * * * * * * * * * * * * * * * * * * * * * * * * * * * * * * * * * * * * * //

dimensions      [0 3 -1 0 0 0 0];

oriented        oriented;

internalField   nonuniform List<scalar> 
2916
(
1.93327958093e-07
8.03651744393e-07
2.05539710239e-07
8.45044006298e-07
2.28098967146e-07
8.63686809871e-07
2.68617622164e-07
8.47473440774e-07
2.88239013795e-07
8.19176630867e-07
2.92045811254e-07
7.80015296861e-07
2.86610345396e-07
7.38155747043e-07
2.765797665e-07
7.00146265771e-07
2.64814331345e-07
6.70313587102e-07
2.5280879088e-07
6.53186790143e-07
2.42011163017e-07
6.47531328608e-07
2.3215480408e-07
6.43143082416e-07
6.32800053639e-07
2.23482777388e-07
1.51554440491e-07
3.00432030992e-07
1.43601841787e-07
4.31200350382e-07
1.4215276028e-07
5.19277002728e-07
1.43698640671e-07
5.82800277555e-07
1.46323402993e-07
6.39813311103e-07
1.48958355169e-07
6.95226590314e-07
1.52181924057e-07
7.48685712756e-07
1.60455830628e-07
7.95174279584e-07
1.83572715351e-07
8.21762300618e-07
2.30368027986e-07
8.16736110971e-07
2.67620233051e-07
8.10065029996e-07
2.92071785192e-07
7.94569384565e-07
3.04118118805e-07
7.67817010896e-07
3.05992911971e-07
7.36140594057e-07
3.01187240438e-07
7.04831515549e-07
2.92157652341e-07
6.79248597587e-07
2.80294300296e-07
6.64973027924e-07
2.68792555065e-07
6.58954153027e-07
2.57607486482e-07
6.5423954902e-07
6.42119154021e-07
2.48194680391e-07
1.48041047056e-07
3.01614707717e-07
1.32374004169e-07
4.28895105343e-07
1.28683999033e-07
5.16300419315e-07
1.2793377805e-07
5.80940328201e-07
1.27532212067e-07
6.39153362201e-07
1.28256764626e-07
6.94039725807e-07
1.33955963372e-07
7.4273450924e-07
1.53255949451e-07
7.75695975169e-07
1.95911574927e-07
7.78947152577e-07
2.3073869257e-07
7.81757921241e-07
2.60971388024e-07
7.79683234733e-07
2.85386779384e-07
7.70007047707e-07
3.00794124188e-07
7.52267695826e-07
3.07703164372e-07
7.2910187436e-07
3.07580803574e-07
7.0484449717e-07
3.0093182334e-07
6.85811844685e-07
2.89812596347e-07
6.76017343354e-07
2.78010319362e-07
6.70677689518e-07
2.67009377996e-07
6.65150177074e-07
6.51147384842e-07
2.57889347587e-07
1.57163634156e-07
2.92547740853e-07
1.09721880766e-07
4.59952587399e-07
1.03403887375e-07
5.18834991836e-07
1.05018745988e-07
5.78064098735e-07
1.07123012281e-07
6.36448510815e-07
1.12285230036e-07
6.88549934795e-07
1.28491104471e-07
7.2631372883e-07
1.64423736166e-07
7.39591829929e-07
1.95712196025e-07
7.47505410485e-07
2.25689850527e-07
7.51636915792e-07
2.52558873226e-07
7.52674741422e-07
2.74284549379e-07
7.48146238998e-07
2.89605947614e-07
7.36818564208e-07
2.98375159509e-07
7.20219141685e-07
3.00249285373e-07
7.02877365419e-07
2.93879110441e-07
6.92106082934e-07
2.83949069966e-07
6.85874493814e-07
2.72173677794e-07
6.82373948961e-07
2.62747299805e-07
6.74489421581e-07
6.58952922038e-07
2.54856995718e-07
1.07937400803e-07
3.39062293018e-07
8.11674561589e-08
4.78037158383e-07
6.87584559774e-08
5.30197943892e-07
7.35932657244e-08
5.72917193392e-07
8.30133637564e-08
6.2671050222e-07
1.01625101994e-07
6.69689366484e-07
1.32172353922e-07
6.95572515308e-07
1.61801799665e-07
7.0980358616e-07
1.90783132618e-07
7.18383156965e-07
2.1679607338e-07
7.25493204318e-07
2.39325576953e-07
7.30020206331e-07
2.57809697429e-07
7.29543424373e-07
2.71607182221e-07
7.22911980799e-07
2.79887251725e-07
7.11845497102e-07
2.80657688666e-07
7.02030732672e-07
2.7456499226e-07
6.98129375279e-07
2.6505453464e-07
6.95315865928e-07
2.55633341169e-07
6.91717058868e-07
2.47666121247e-07
6.8237806523e-07
6.64781153447e-07
2.41763632185e-07
6.41221896226e-08
4.38308171805e-07
4.77308539291e-08
4.87429557076e-07
4.43437762082e-08
5.32016841503e-07
5.03393104096e-08
5.6646559397e-07
6.67291189036e-08
6.10016741242e-07
9.24851542982e-08
6.43709662969e-07
1.22325457463e-07
6.65563019491e-07
1.51634764695e-07
6.80357216764e-07
1.77187353912e-07
6.92710062471e-07
1.99134197133e-07
7.03435524248e-07
2.17917489104e-07
7.11132487619e-07
2.33475702562e-07
7.13888364448e-07
2.45054770866e-07
7.11246818678e-07
2.50914897266e-07
7.05913555054e-07
2.49341347463e-07
7.03542899346e-07
2.44265407144e-07
7.03146016418e-07
2.36222381863e-07
7.03294556511e-07
2.29919261751e-07
6.97953829332e-07
2.2478046166e-07
6.87452191308e-07
6.67692517896e-07
2.21810309051e-07
1.0270915685e-07
4.97434198647e-07
7.21547280226e-08
5.05487154276e-07
5.63409254802e-08
5.43776230477e-07
4.91218969971e-08
5.72498090604e-07
5.87860638898e-08
5.9994717366e-07
8.10793731967e-08
6.21218668789e-07
1.07026826068e-07
6.39488071043e-07
1.30951843503e-07
6.56333125085e-07
1.5166847015e-07
6.71906615296e-07
1.69716431594e-07
6.85307486366e-07
1.85505549602e-07
6.95268571441e-07
1.98478244919e-07
7.00847728533e-07
2.07240342289e-07
7.02425798938e-07
2.09965148693e-07
7.03138585306e-07
2.08146544124e-07
7.05314753275e-07
2.04332816897e-07
7.0691271757e-07
2.00659631952e-07
7.06916937485e-07
1.98182051937e-07
7.0038098775e-07
1.9803643496e-07
6.8754938333e-07
6.6748723632e-07
1.98199956251e-07
1.26992890569e-07
5.30571819719e-07
8.13408571012e-08
5.37639025911e-07
5.39321015752e-08
5.66609134884e-07
3.42080430953e-08
5.90897104188e-07
3.62400782989e-08
5.97551329242e-07
5.1748956777e-08
6.05575837908e-07
7.0935882017e-08
6.20227800993e-07
8.94932675174e-08
6.37721055969e-07
1.06530350569e-07
6.54821152773e-07
1.22297882443e-07
6.69494818653e-07
1.36586060589e-07
6.80938106538e-07
1.48005945673e-07
6.89389305592e-07
1.54873710527e-07
6.95523506147e-07
1.5701477695e-07
7.00965640427e-07
1.57421510863e-07
7.04876692099e-07
1.57473624989e-07
7.06827653141e-07
1.60000047118e-07
7.04356259591e-07
1.64402334788e-07
6.95945401337e-07
1.69886304965e-07
6.82035186036e-07
6.64046227877e-07
1.73301129983e-07
1.32168419155e-07
5.56793390296e-07
8.36358813704e-08
5.73007979323e-07
4.10757622596e-08
6.04982826781e-07
9.0341599953e-09
6.21909930809e-07
5.20848333311e-10
6.05876022066e-07
5.78268031253e-09
6.00264819723e-07
1.65874880379e-08
6.09400929897e-07
2.96812993543e-08
6.24611112256e-07
4.37583760828e-08
6.40728864481e-07
5.79607704718e-08
6.55277383503e-07
7.16416547521e-08
6.67242264042e-07
8.36150802376e-08
6.77401132623e-07
9.19542690843e-08
6.87169856751e-07
9.79384120641e-08
6.94967083728e-07
1.03208145802e-07
6.99592033846e-07
1.10289966029e-07
6.99730503305e-07
1.2045343708e-07
6.94177424936e-07
1.31859025025e-07
6.84525171501e-07
1.41932192223e-07
6.71948664445e-07
6.56752819901e-07
1.49212978845e-07
1.30963392664e-07
5.85937832361e-07
7.99714149579e-08
6.12961740712e-07
2.2735852874e-08
6.59615965255e-07
-1.60426487051e-08
6.60630207708e-07
-3.50312010506e-08
6.2505443859e-07
-4.06073447776e-08
6.05914727591e-07
-3.75503042939e-08
6.06370902549e-07
-2.90763781811e-08
6.16153372799e-07
-1.75826209644e-08
6.2924698481e-07
-4.68137609539e-09
6.42384947557e-07
8.50451287062e-09
6.54062486786e-07
2.16860141627e-08
6.64223886204e-07
3.44218123563e-08
6.74437031954e-07
4.63891454303e-08
6.83002070581e-07
5.86546111841e-08
6.87328517901e-07
7.29947568131e-08
6.85391776679e-07
8.84504115436e-08
6.78722400696e-07
1.03422236706e-07
6.69553677923e-07
1.16618987193e-07
6.58751978525e-07
6.45113027366e-07
1.28258885307e-07
1.48200493794e-07
6.08455901787e-07
8.4778745402e-08
6.68268356397e-07
2.80245678667e-08
7.15920415923e-07
-8.0518881937e-09
6.97672983109e-07
-3.76351990374e-08
6.55243422595e-07
-5.8855022361e-08
6.27381072263e-07
-6.81369695034e-08
6.1575255161e-07
-6.59921247394e-08
6.14057360149e-07
-5.69172519281e-08
6.20206040689e-07
-4.4333800502e-08
6.29827915071e-07
-3.01095445471e-08
6.39860145594e-07
-1.5184247866e-08
6.49316924066e-07
1.0597133873e-09
6.58209140973e-07
1.75045261378e-08
6.66572255752e-07
3.4459997351e-08
6.7038705732e-07
5.15191843475e-08
6.68344891441e-07
6.79407754673e-08
6.6231203602e-07
8.35267825532e-08
6.53978545046e-07
9.84996614701e-08
6.43790123874e-07
6.30449699605e-07
1.13174354057e-07
2.26391074117e-07
5.43670274925e-07
1.67588797132e-07
7.08221692863e-07
1.27793769694e-07
7.4820538751e-07
9.08775773084e-08
7.3202326641e-07
4.60737992084e-08
6.99429687786e-07
1.83347684499e-09
6.71579244396e-07
-3.19084821766e-08
6.49563272208e-07
-4.78596697023e-08
6.30070755086e-07
-4.91169459457e-08
6.21511947092e-07
-4.21791173019e-08
6.22928898497e-07
-3.05489945756e-08
6.28262165946e-07
-1.60973000719e-08
6.34892438917e-07
-1.62666653511e-10
6.42298214661e-07
1.59443060522e-08
6.50487497817e-07
3.17175392673e-08
6.54635049338e-07
4.66451506314e-08
6.53437333482e-07
6.10925076151e-08
6.47885110611e-07
7.55277347807e-08
6.39563823592e-07
9.01509798606e-08
6.29188627119e-07
6.15552836439e-07
1.05069297285e-07
1.59458083309e-07
4.77016489698e-07
1.90447093638e-07
6.53635047137e-07
2.18779479194e-07
7.06005659387e-07
2.16601628055e-07
7.27567813259e-07
1.7447583857e-07
7.38879774415e-07
1.11428572302e-07
7.337679767e-07
5.90011205289e-08
7.01819605131e-07
2.53398991332e-08
6.63759580196e-07
8.85270996468e-09
6.38055203261e-07
4.05575632555e-09
6.27775847687e-07
6.60485896434e-09
6.25754130134e-07
1.42166139291e-08
6.273139948e-07
2.45792010078e-08
6.31963858815e-07
3.53168180157e-08
6.39777349558e-07
4.5763595902e-08
6.44215116376e-07
5.5979956081e-08
6.43248946704e-07
6.63669631633e-08
6.37525928191e-07
7.71934038846e-08
6.28767409511e-07
8.85928782842e-08
6.17819401956e-07
6.03592931257e-07
1.00585790781e-07
1.26332105715e-07
4.27794662943e-07
1.49330433224e-07
6.069439321e-07
1.72566593662e-07
6.69193226381e-07
1.87615492439e-07
7.06030914812e-07
1.87115905184e-07
7.36651296513e-07
1.64734787526e-07
7.55165687841e-07
1.1732917479e-07
7.48985607362e-07
9.19241300925e-08
6.89163051293e-07
7.49428820619e-08
6.55086991718e-07
6.48005646499e-08
6.37973439927e-07
6.00167687519e-08
6.30586295022e-07
5.91916916172e-08
6.28177858308e-07
6.11931467431e-08
6.29993306792e-07
6.44002316234e-08
6.36600029973e-07
6.80946926548e-08
6.40552590728e-07
7.22187397189e-08
6.3915709742e-07
7.68178283966e-08
6.32962166243e-07
8.20689201846e-08
6.23552613967e-07
8.79769167529e-08
6.1195149421e-07
5.97063796808e-07
9.45464525268e-08
9.16741046598e-08
4.16891834009e-07
9.62082732186e-08
5.83616924176e-07
1.08035005384e-07
6.48075625641e-07
1.20568671074e-07
6.89409850927e-07
1.26662578481e-07
7.28838995308e-07
1.27370324618e-07
7.53825999891e-07
1.31122163857e-07
7.45072719635e-07
1.26853013726e-07
6.93425584603e-07
1.18741425681e-07
6.63240352458e-07
1.10434252509e-07
6.46331928385e-07
1.03303214126e-07
6.37764748654e-07
9.75550543321e-08
6.33965031792e-07
9.3074803743e-08
6.34504584547e-07
8.96475924515e-08
6.40059182953e-07
8.71563955069e-08
6.43076859345e-07
8.53275700106e-08
6.41023598351e-07
8.40535979121e-08
6.34275694642e-07
8.32723685128e-08
6.2437804691e-07
8.2986956202e-08
6.12283000407e-07
5.97144065141e-07
8.29570821767e-08
5.82564894044e-08
4.43090831054e-07
4.1944070463e-08
5.91927888307e-07
4.01724208792e-08
6.47698065932e-07
4.92716536334e-08
6.79074394976e-07
6.50694998827e-08
7.12350518501e-07
9.93423166875e-08
7.19232614033e-07
1.37648554311e-07
7.06669644087e-07
1.45806057161e-07
6.85270217917e-07
1.43652669045e-07
6.6543313133e-07
1.37195923577e-07
6.52836781111e-07
1.29264904729e-07
6.45741213071e-07
1.20855497314e-07
6.42412745631e-07
1.12079755485e-07
6.43311877226e-07
1.03730668474e-07
6.48440158006e-07
9.64273606332e-08
6.50418442834e-07
8.97667762338e-08
6.47724407408e-07
8.34310415156e-08
6.40657559573e-07
7.72973752112e-08
6.30561309625e-07
7.11356072918e-08
6.18499121791e-07
6.03799997128e-07
6.45363872969e-08
3.08573853649e-08
5.08643670226e-07
-2.20354313334e-08
6.47070768564e-07
-3.98239518351e-08
6.68329034114e-07
2.01955170406e-09
6.37858839256e-07
5.68042937745e-08
6.57394160843e-07
1.02332810295e-07
6.73572790292e-07
1.31316099008e-07
6.77653627714e-07
1.46567286146e-07
6.70039506683e-07
1.5012949322e-07
6.61913090337e-07
1.46804644901e-07
6.56208416289e-07
1.39778674096e-07
6.52810554848e-07
1.29900073167e-07
6.5232769915e-07
1.17520302855e-07
6.5572337798e-07
1.05792447358e-07
6.60206112666e-07
9.50506479572e-08
6.61199655703e-07
8.48007534049e-08
6.58021299997e-07
7.46519864619e-08
6.50857156968e-07
6.42629460522e-08
6.4100714877e-07
5.32539363095e-08
6.29569656897e-07
6.16280331237e-07
4.08398382594e-08
3.15886519846e-08
6.14642002726e-07
1.76265665957e-10
6.79938882879e-07
1.06429847409e-08
6.60231439472e-07
2.9474487726e-08
6.19646334848e-07
6.15808617755e-08
6.25365837833e-07
9.46828365473e-08
6.40459160319e-07
1.2195897226e-07
6.50391123888e-07
1.38120723092e-07
6.5391328307e-07
1.44644763027e-07
6.55432951567e-07
1.43908184711e-07
6.56988263143e-07
1.36921481328e-07
6.59835167012e-07
1.24765487968e-07
6.64516779353e-07
1.10474395412e-07
6.70051909977e-07
9.71248684117e-08
6.73594410448e-07
8.45478848346e-08
6.7382413268e-07
7.22712591967e-08
6.70348465032e-07
5.97832302454e-08
6.6340305206e-07
4.6750704378e-08
6.54103403729e-07
3.25301076906e-08
6.43858754287e-07
6.33225145401e-07
1.56615678609e-08
1.15436395963e-07
6.47195077596e-07
9.9052327938e-08
6.82254804355e-07
8.0168782985e-08
6.75825575245e-07
7.26268317947e-08
6.26705692756e-07
8.70678842336e-08
6.10919561604e-07
1.08273465365e-07
6.19269402769e-07
1.25850172164e-07
6.3284415542e-07
1.36454554068e-07
6.43347688854e-07
1.39833161717e-07
6.5209372171e-07
1.35168881096e-07
6.61687573094e-07
1.24036285034e-07
6.71000399828e-07
1.09499797049e-07
6.7909160789e-07
9.49201530692e-08
6.84671035238e-07
8.12241865339e-08
6.87339207318e-07
6.8174742846e-08
6.86924640793e-07
5.52462296458e-08
6.83335857436e-07
4.20044530641e-08
6.76709843434e-07
2.80116910246e-08
6.68165741248e-07
1.17082306286e-08
6.60244570051e-07
6.5370892244e-07
-8.69973793371e-09
1.71133116719e-07
6.26439459131e-07
1.63245197003e-07
6.69669042746e-07
1.40904189953e-07
6.90372847799e-07
1.22023698583e-07
6.43287595412e-07
1.21484166341e-07
6.10986537361e-07
1.2968458392e-07
6.11014614748e-07
1.36800854086e-07
6.25750755657e-07
1.38779175591e-07
6.41403958485e-07
1.32626672491e-07
6.58279087511e-07
1.20376215674e-07
6.73970686377e-07
1.04953387476e-07
6.86465779518e-07
8.94852931063e-08
6.94601498758e-07
7.49306674528e-08
6.99277798704e-07
6.14605222531e-08
7.00863111408e-07
4.86398368118e-08
6.99806713603e-07
3.60799906475e-08
6.95963092839e-07
2.29006561354e-08
6.899598829e-07
8.2013153155e-09
6.82955190197e-07
-8.73784572419e-09
6.77271493686e-07
6.76249746563e-07
-3.11652181065e-08
1.69231036552e-07
6.10476667413e-07
1.72299343862e-07
6.4691143649e-07
1.63430215296e-07
6.89647601003e-07
1.48068884713e-07
6.55021686075e-07
1.4063295703e-07
6.17433571671e-07
1.39306470712e-07
6.12167679367e-07
1.37264477608e-07
6.27791295619e-07
1.28218374069e-07
6.504779043e-07
1.13350211576e-07
6.73181131574e-07
9.63471990186e-08
6.9102165121e-07
7.98471524402e-08
7.03012468805e-07
6.4307982859e-08
7.10198706867e-07
5.01952214986e-08
7.13450615816e-07
3.72720077515e-08
7.13854083131e-07
2.53653914986e-08
7.11790357296e-07
1.27692442785e-08
7.08632386061e-07
-3.07879810097e-10
7.03135341397e-07
-1.38939408274e-08
6.96640484446e-07
-2.94993372649e-08
6.92996136324e-07
6.96915967448e-07
-5.00223899515e-08
1.54865499303e-07
6.10893715878e-07
1.48419765775e-07
6.363625288e-07
1.49805918593e-07
6.79218544088e-07
1.4026620505e-07
6.60708246436e-07
1.30390066989e-07
6.26147116739e-07
1.22209291963e-07
6.20124308679e-07
1.1170707784e-07
6.38282305582e-07
9.53671059372e-08
6.66849523772e-07
7.78504418333e-08
6.90750781305e-07
6.09286339714e-08
7.07996528895e-07
4.49288729345e-08
7.19077066872e-07
3.03634169553e-08
7.24831705035e-07
1.72597226554e-08
7.26628702091e-07
5.41185494461e-09
7.2578885323e-07
-7.18372753267e-09
7.24455207483e-07
-1.93681808227e-08
7.20913708752e-07
-3.05859924437e-08
7.1445935087e-07
-4.02625349915e-08
7.06437675031e-07
-5.06869160424e-08
7.03560988833e-07
7.11781045088e-07
-6.53800541884e-08
1.43663332533e-07
6.23607654335e-07
1.20329686419e-07
6.45416478804e-07
1.14238819722e-07
6.78039444723e-07
1.00034026142e-07
6.7180994595e-07
8.61489686524e-08
6.39119117664e-07
7.32414734832e-08
6.32879177144e-07
5.89708466757e-08
6.52566992422e-07
4.33510174842e-08
6.82526743559e-07
2.78670060579e-08
7.06295554873e-07
1.2852953023e-08
7.2308324638e-07
-1.10356132413e-09
7.33108432244e-07
-1.42045613503e-08
7.38009937263e-07
-2.71737794933e-08
7.39690865144e-07
-3.94353764185e-08
7.38124116726e-07
-5.06298876898e-08
7.35758312481e-07
-5.86215990226e-08
7.29023572957e-07
-6.43027586719e-08
7.20265630732e-07
-6.86431715008e-08
7.10911376081e-07
-7.24396683965e-08
7.07513570735e-07
7.17173700799e-07
-7.7635990274e-08
1.43948503936e-07
6.35078452398e-07
1.17063619096e-07
6.59076613406e-07
8.62181312548e-08
7.03361571023e-07
5.46553356546e-08
7.01364315756e-07
3.0424580362e-08
6.62913541997e-07
1.23389394851e-08
6.50979501596e-07
-2.86564992912e-09
6.67852081542e-07
-1.60977247993e-08
6.95842422785e-07
-2.93681194492e-08
7.1965618442e-07
-4.30913766992e-08
7.36900363343e-07
-5.74656074275e-08
7.47569247346e-07
-7.22738335282e-08
7.52932622245e-07
-8.50540064732e-08
7.52576295205e-07
-9.37725822916e-08
7.46976807988e-07
-9.58987645965e-08
7.38021490596e-07
-9.49449212805e-08
7.28202970459e-07
-9.33569468709e-08
7.18811549255e-07
-9.13700097878e-08
7.0906641114e-07
-8.82171369896e-08
7.04526429761e-07
7.13133963711e-07
-8.3969040708e-08
1.52279843234e-07
6.42256778039e-07
1.2033888087e-07
6.81242306478e-07
7.8322120473e-08
7.42764257529e-07
4.12441239243e-08
7.37911998171e-07
7.36198444084e-09
6.96832035458e-07
-2.07079352931e-08
6.79229235359e-07
-4.30962813482e-08
6.90400799359e-07
-6.11057893267e-08
7.13979698296e-07
-7.95185685827e-08
7.38190602411e-07
-9.80516261549e-08
7.55548812064e-07
-1.16577244294e-07
7.66240020929e-07
-1.30849736123e-07
7.6735744938e-07
-1.36388364413e-07
7.58285638769e-07
-1.32381275457e-07
7.43136015855e-07
-1.22835331983e-07
7.28627445385e-07
-1.1296675818e-07
7.1847600388e-07
-1.04054783281e-07
7.10040122563e-07
-9.61957703651e-08
7.01355315902e-07
-8.69286265528e-08
6.95431356408e-07
7.01329285967e-07
-7.49045965599e-08
1.64503686647e-07
6.54928141594e-07
1.41647589049e-07
6.98226648424e-07
1.48096438202e-07
7.32081474589e-07
1.33859416236e-07
7.4845516516e-07
9.53840532497e-08
7.33222698935e-07
4.94273676291e-08
7.24476291126e-07
4.95902568023e-09
7.34824487532e-07
-3.71050818909e-08
7.56217117776e-07
-7.78718401916e-08
7.79181940588e-07
-1.11918774505e-07
7.89840704078e-07
-1.32298282974e-07
7.86872926731e-07
-1.37200176673e-07
7.72516851333e-07
-1.30504712341e-07
7.51829521881e-07
-1.18349469737e-07
7.311887842e-07
-1.04569616384e-07
7.1502426524e-07
-9.07969022652e-08
7.04859517253e-07
-7.88379729723e-08
6.98229389527e-07
-6.9115473919e-08
6.91785330386e-07
-5.82046289417e-08
6.84691359804e-07
6.86534739654e-07
-4.3192151423e-08
2.92212251376e-07
5.21223265766e-07
2.77598913972e-07
6.79484257164e-07
2.81262002752e-07
7.08374150707e-07
2.84473200322e-07
7.34483226218e-07
2.55585711448e-07
7.56704197517e-07
2.00573148064e-07
7.77287403208e-07
1.35343965727e-07
7.99522879525e-07
6.75424556331e-08
8.241871977e-07
5.3502480531e-09
8.41748854551e-07
-3.93104032854e-08
8.34902363232e-07
-5.7898444237e-08
8.05845675991e-07
-5.82598691559e-08
7.73233432166e-07
-5.07402868453e-08
7.44622963636e-07
-4.14795300844e-08
7.22192543153e-07
-3.21440591086e-08
7.05905172404e-07
-2.23827895784e-08
6.95273513947e-07
-1.36580504623e-08
6.89660274952e-07
-7.03760244202e-09
6.85320897165e-07
9.57381198871e-12
6.77810195398e-07
6.75922445924e-07
1.08248655478e-08
1.1092423631e-07
4.57798695272e-07
1.51742881522e-07
6.13765062826e-07
1.92668582544e-07
6.50162613654e-07
2.23944571837e-07
6.93629959308e-07
2.35304900446e-07
7.40570141723e-07
2.24021894567e-07
7.86589609566e-07
1.94672902727e-07
8.28368970867e-07
1.52892384566e-07
8.66131137002e-07
1.09400851278e-07
8.85633877761e-07
7.22039936489e-08
8.72533057906e-07
6.06946377833e-08
8.1777439638e-07
5.97518293852e-08
7.745656361e-07
6.29438162254e-08
7.41780270822e-07
6.684619793e-08
7.18592502654e-07
7.03844299573e-08
7.02615926436e-07
7.36000520714e-08
6.92252248333e-07
7.63760237389e-08
6.87046065371e-07
7.78851095794e-08
6.83972037249e-07
7.93725234455e-08
6.76489361798e-07
6.7267341312e-07
8.28183333205e-08
5.5011032659e-08
4.16402536958e-07
9.02255491641e-08
5.61247073861e-07
1.22710011915e-07
6.04618901683e-07
1.55665387956e-07
6.53442439423e-07
1.79959877516e-07
7.12680320774e-07
1.92168364268e-07
7.72872131853e-07
1.95731712985e-07
8.24413099012e-07
1.92026714829e-07
8.69982991181e-07
1.84729784994e-07
8.93292616045e-07
1.76897242566e-07
8.80781661856e-07
1.71690830771e-07
8.23392506045e-07
1.70842034832e-07
7.75803815885e-07
1.71696190275e-07
7.41280234871e-07
1.72803899363e-07
7.17794335836e-07
1.73341845097e-07
7.02333604031e-07
1.7300009645e-07
6.92792323179e-07
1.71679190024e-07
6.88529080518e-07
1.6961983783e-07
6.86193896422e-07
1.67456292689e-07
6.78820485544e-07
6.7490623136e-07
1.65418612024e-07
2.75496153939e-08
4.04652043015e-07
5.03453249414e-08
5.28561922232e-07
8.07913435921e-08
5.66249968999e-07
1.16845444777e-07
6.12571156695e-07
1.50481247722e-07
6.76536889702e-07
1.76774450968e-07
7.45480760838e-07
1.96695590216e-07
8.04200900926e-07
2.14922370745e-07
8.51891684095e-07
2.31882783149e-07
8.76658847083e-07
2.46891521025e-07
8.66161088662e-07
2.54269497874e-07
8.16407883617e-07
2.57514667616e-07
7.72935505467e-07
2.59880886557e-07
7.39258997973e-07
2.61851923682e-07
7.16125417645e-07
2.63103561242e-07
7.01330127154e-07
2.62874779448e-07
6.93211710611e-07
2.60286994295e-07
6.9127602026e-07
2.57779282607e-07
6.88863924952e-07
2.55164210361e-07
6.81605803156e-07
6.79355588035e-07
2.50913544807e-07
-2.05270156468e-08
4.48054644276e-07
-2.74224277932e-08
5.37053316448e-07
1.60407211825e-08
5.22803923656e-07
6.45338839887e-08
5.618541415e-07
1.12198887166e-07
6.27543811426e-07
1.53151652018e-07
7.0393126011e-07
1.87889247683e-07
7.69350522731e-07
2.22052099639e-07
8.17902139681e-07
2.5519553399e-07
8.43832374126e-07
2.89312249386e-07
8.32411307925e-07
3.07766719229e-07
7.98327596108e-07
3.18198996647e-07
7.62863920592e-07
3.25705020256e-07
7.32082344758e-07
3.31980531126e-07
7.10132926603e-07
3.36844848045e-07
6.96689477046e-07
3.38445597275e-07
6.917787599e-07
3.37838658397e-07
6.92038464673e-07
3.38234022267e-07
6.88635143313e-07
3.3864041242e-07
6.81373419057e-07
6.8396360113e-07
3.342365957e-07
-1.66091767664e-08
4.86657096688e-07
3.74689861563e-09
5.19310989664e-07
2.72961826533e-08
4.97848293939e-07
5.59369881297e-08
5.31980073103e-07
9.43525367858e-08
5.88510090651e-07
1.39114239086e-07
6.58947304884e-07
1.82510017538e-07
7.25996260927e-07
2.27060260352e-07
7.73562500383e-07
2.7483907485e-07
7.963585246e-07
3.15068886427e-07
7.92523315823e-07
3.39998021617e-07
7.73748606393e-07
3.58122777081e-07
7.45073662088e-07
3.72275573405e-07
7.1822750893e-07
3.84168721778e-07
6.98484197131e-07
3.93006153594e-07
6.88033059548e-07
3.97510906515e-07
6.87423592486e-07
4.02786222681e-07
6.8692364742e-07
4.09573301485e-07
6.82014637224e-07
4.15196781313e-07
6.7591747705e-07
6.85677712938e-07
4.13709434797e-07
-2.99362740057e-08
5.39964637043e-07
1.38309594164e-08
4.8171424516e-07
3.66135409083e-08
4.7543101609e-07
6.44687833678e-08
5.0372307471e-07
9.73580517032e-08
5.55412774958e-07
1.38241437706e-07
6.18051806785e-07
1.8700819751e-07
6.77358649902e-07
2.38773642288e-07
7.22021569393e-07
2.86551527629e-07
7.48863885915e-07
3.24966391064e-07
7.54421912215e-07
3.56912116551e-07
7.42118868992e-07
3.81905154726e-07
7.20376312364e-07
4.0171638179e-07
6.98670368508e-07
4.17506116095e-07
6.82889925875e-07
4.2925492776e-07
6.76432281873e-07
4.40142176192e-07
6.76687855803e-07
4.53879895521e-07
6.7334267329e-07
4.68532097257e-07
6.67525070876e-07
4.79696629909e-07
6.6494535148e-07
6.74995124536e-07
4.90643131598e-07
-1.34976319386e-09
5.62204832833e-07
2.53316332559e-08
4.56378253106e-07
4.68934951114e-08
4.54053438678e-07
7.25442678017e-08
4.77924643707e-07
1.04016177881e-07
5.2391231033e-07
1.43233465538e-07
5.78927269283e-07
1.88155761448e-07
6.32613285604e-07
2.35571523395e-07
6.74839044711e-07
2.82647916206e-07
7.02056349559e-07
3.25258510729e-07
7.12097290475e-07
3.61431837244e-07
7.06226213329e-07
3.90504799202e-07
6.91557895568e-07
4.12882000798e-07
6.76503934206e-07
4.29956254556e-07
6.65978292716e-07
4.45323332648e-07
6.61209778987e-07
4.63799826829e-07
6.58362904558e-07
4.84943532298e-07
6.5235817261e-07
5.07104761568e-07
6.45551255716e-07
5.28256379962e-07
6.44020707877e-07
6.49737474546e-07
5.5379151218e-07
3.62135457619e-08
5.37303427053e-07
5.29982183309e-08
4.31640134776e-07
7.03195151026e-08
4.34753338396e-07
9.07805472084e-08
4.57001647393e-07
1.16203116919e-07
4.98447250879e-07
1.4868733016e-07
5.46548918414e-07
1.87407800058e-07
5.94067871431e-07
2.29790480108e-07
6.32670510228e-07
2.7359164424e-07
6.58492471572e-07
3.15094582126e-07
6.70841301194e-07
3.51150242245e-07
6.70408190868e-07
3.80185323383e-07
6.62734853481e-07
4.030370555e-07
6.53832281968e-07
4.22765819281e-07
6.46408972535e-07
4.43209364951e-07
6.40921686472e-07
4.67828477757e-07
6.33912658027e-07
4.94914909204e-07
6.25463962294e-07
5.22769022985e-07
6.17917927174e-07
5.52007215344e-07
6.15035077923e-07
6.19967284274e-07
5.82061177341e-07
8.47639219589e-08
4.48057384904e-07
9.07701975363e-08
4.08831810929e-07
1.01881091763e-07
4.19293699012e-07
1.14015962376e-07
4.43871868577e-07
1.29864274847e-07
4.82445530853e-07
1.51984301658e-07
5.2449765426e-07
1.80971800553e-07
5.65224981452e-07
2.14920861724e-07
5.98901262104e-07
2.51620065534e-07
6.2199045262e-07
2.8782980232e-07
6.34836078105e-07
3.20089350404e-07
6.38348686632e-07
3.47681954154e-07
6.35331837753e-07
3.72568651255e-07
6.29127618764e-07
3.97242803744e-07
6.21912473118e-07
4.23733834561e-07
6.14622284758e-07
4.52552096569e-07
6.05297833705e-07
4.83356093152e-07
5.94875539198e-07
5.12910530887e-07
5.88602613187e-07
5.37093661039e-07
5.91101293787e-07
6.11543861956e-07
5.45793342776e-07
1.21525057568e-07
3.63260943998e-07
1.22946800079e-07
3.91871195572e-07
1.27683757278e-07
4.10143562572e-07
1.30242297561e-07
4.40198459289e-07
1.35388214791e-07
4.7707488518e-07
1.45770021476e-07
5.14144287902e-07
1.63439471385e-07
5.47665483168e-07
1.87690345163e-07
5.74796327457e-07
2.15448049449e-07
5.94398380999e-07
2.44332589969e-07
6.06130900472e-07
2.72665128399e-07
6.10205535789e-07
2.99952017732e-07
6.08239118216e-07
3.27266977118e-07
6.02006944895e-07
3.55341847142e-07
5.94034633521e-07
3.85970566117e-07
5.84196309919e-07
4.18247022548e-07
5.73228671802e-07
4.46880977282e-07
5.66453963938e-07
4.69493059203e-07
5.66201692705e-07
4.65151542352e-07
5.95675002448e-07
6.94086934581e-07
3.82956011589e-07
1.36155738497e-07
1.35795266657e-07
1.34206301039e-07
1.30378237727e-07
1.28750676879e-07
1.31236712911e-07
1.3965425611e-07
1.54961315936e-07
1.74408682815e-07
1.96907486801e-07
2.21726058205e-07
2.48113870017e-07
2.75787190611e-07
3.05363329503e-07
3.35444079937e-07
3.62296760248e-07
3.79962263826e-07
3.68790544777e-07
2.56745740887e-07
-2.3760042584e-07
2.15801208941e-07
5.85413454122e-07
2.09812907682e-07
5.10442685938e-07
2.05391765559e-07
4.439265874e-07
2.06374172131e-07
3.81752151624e-07
2.14421102753e-07
3.28351008562e-07
2.1857529794e-07
2.84308509584e-07
2.15910410961e-07
2.3934168684e-07
2.1088034388e-07
1.92813336224e-07
2.03491140311e-07
1.51098228171e-07
1.93291995507e-07
1.15047078844e-07
1.81451415916e-07
8.16932236727e-08
1.68339151485e-07
4.73853084196e-08
1.44062044336e-07
3.14972740888e-08
1.05062720324e-07
4.56589437696e-08
7.82642816321e-08
4.09627018404e-08
5.19650908084e-08
3.69778521856e-08
2.93414971508e-08
2.96638163735e-08
1.78791422035e-08
-6.7938446309e-10
8.27380743758e-09
-6.66708279001e-08
-7.86616124501e-08
2.40755950387e-07
5.92768323795e-07
2.34267289299e-07
5.16865967628e-07
2.28384647625e-07
4.49750905293e-07
2.23819331207e-07
3.86260321493e-07
2.24649832535e-07
3.27460926129e-07
2.29447691058e-07
2.79434940401e-07
2.27884209557e-07
2.40809140557e-07
2.20080092794e-07
2.00526228419e-07
2.098851337e-07
1.61209996001e-07
1.96834612557e-07
1.28012090631e-07
1.82883842933e-07
9.55702029934e-08
1.65817474928e-07
6.43935948036e-08
1.39777796964e-07
5.74579886065e-08
1.09266043059e-07
7.60712565578e-08
7.7542956295e-08
7.25873254343e-08
4.6988028142e-08
6.74402013349e-08
2.3418886633e-08
5.31464499862e-08
1.78649278639e-08
4.79260061794e-09
8.67700676476e-09
-5.75305752168e-08
-6.99859478932e-08
2.50890092983e-07
5.99690166908e-07
2.44603417587e-07
5.23093373786e-07
2.38517014003e-07
4.55781541133e-07
2.326238858e-07
3.92102634685e-07
2.28127611069e-07
3.31907528865e-07
2.28673134905e-07
2.78834076371e-07
2.29634140433e-07
2.3977662647e-07
2.21627909073e-07
2.08447857253e-07
2.08813504119e-07
1.73943087273e-07
1.93504838141e-07
1.4324720944e-07
1.77677157401e-07
1.11333990301e-07
1.57488430004e-07
8.45302440955e-08
1.32133517223e-07
8.27537618164e-08
1.00771578134e-07
1.07334235087e-07
6.60000540634e-08
1.0726875348e-07
3.42221470029e-08
9.91331400832e-08
1.74844023255e-08
6.98007570028e-08
1.72056592829e-08
4.99935186629e-09
8.48636197001e-09
-4.88502247929e-08
-6.15004257172e-08
2.48853511317e-07
6.05624244816e-07
2.42980239748e-07
5.28913264078e-07
2.37122684544e-07
4.61591606796e-07
2.31310444476e-07
3.97866405299e-07
2.25210391669e-07
3.3796348726e-07
2.20864750337e-07
2.83138627412e-07
2.20096229557e-07
2.40493058606e-07
2.14298661936e-07
2.14178464742e-07
2.00074335571e-07
1.88098867653e-07
1.83909955297e-07
1.59346040914e-07
1.67028231582e-07
1.28164319497e-07
1.44834434858e-07
1.06682944032e-07
1.18325651564e-07
1.09189698811e-07
8.2531351472e-08
1.43044893136e-07
4.48037635245e-08
1.44914724878e-07
1.57924120831e-08
1.28064040674e-07
1.41165308053e-08
7.14018070025e-08
1.59067782639e-08
3.15040263574e-09
8.15284139632e-09
-4.11258817591e-08
-5.33480922614e-08
2.37241566775e-07
6.10088251725e-07
2.31858420015e-07
5.34251094936e-07
2.26484951879e-07
4.66920678853e-07
2.21000830484e-07
4.03311872752e-07
2.15105681702e-07
3.43819397529e-07
2.08603745769e-07
2.89604017085e-07
2.04143555862e-07
2.44916459716e-07
1.98634217669e-07
2.19635031186e-07
1.86169515127e-07
2.00501301831e-07
1.71039772763e-07
1.74419558671e-07
1.53059020095e-07
1.46103346551e-07
1.29781125195e-07
1.29922185222e-07
9.88274761053e-08
1.40094212446e-07
5.75383609039e-08
1.84256433995e-07
2.02360676861e-08
1.82143363678e-07
2.14330634409e-09
1.46089907781e-07
1.1241949352e-08
6.22430123287e-08
1.35929664224e-08
7.55248458255e-10
7.47940102116e-09
-3.5033064725e-08
-4.58689630758e-08
2.18779902135e-07
6.13073024156e-07
2.14242196008e-07
5.38750081187e-07
2.09664604162e-07
4.71464287612e-07
2.0468444599e-07
4.08256460533e-07
1.98981145678e-07
3.49491958396e-07
1.92250186671e-07
2.9630425697e-07
1.85326719756e-07
2.51806567636e-07
1.78411754443e-07
2.26510239173e-07
1.69623128661e-07
2.09243470269e-07
1.56456257781e-07
1.87546761878e-07
1.36161057476e-07
1.66372171654e-07
1.12092826072e-07
1.53964702321e-07
7.22027590762e-08
1.79927154387e-07
2.82726973935e-08
2.28121235952e-07
-2.72119007541e-09
2.13077973609e-07
-2.79081626793e-10
1.43589573445e-07
9.43954235017e-09
5.24774907089e-08
1.09044838891e-08
-7.41644776976e-10
6.38507291421e-09
-3.05272507261e-08
-3.94840106374e-08
1.96672756918e-07
6.14567074268e-07
1.93921049597e-07
5.41473437963e-07
1.90912753347e-07
4.74442848991e-07
1.87248599196e-07
4.1189511672e-07
1.82499361257e-07
3.54213847954e-07
1.7614991424e-07
3.02627795809e-07
1.68081283309e-07
2.5985357279e-07
1.60314860013e-07
2.34248415656e-07
1.52612996358e-07
2.16915476535e-07
1.37940560086e-07
2.02194684746e-07
1.14338070008e-07
1.8995490436e-07
8.61288987344e-08
1.82148667705e-07
3.54270625706e-08
2.30585667249e-07
-3.04952984611e-09
2.66549018054e-07
-1.52595006029e-08
2.2523974785e-07
-7.39221120574e-10
1.29026119781e-07
7.69829836335e-09
4.40068003081e-08
8.32497781156e-09
-1.38943754437e-09
5.13021325074e-09
-2.73404018663e-08
-3.43538390848e-08
1.74334465242e-07
6.13511617529e-07
1.74604692031e-07
5.41181289327e-07
1.74457713636e-07
4.74571638655e-07
1.73486792143e-07
4.12845762001e-07
1.71145839905e-07
3.56537606067e-07
1.6659348606e-07
3.07163408034e-07
1.58793571879e-07
2.67634967603e-07
1.50057741151e-07
2.42966242275e-07
1.38069757204e-07
2.28886617151e-07
1.18470071472e-07
2.21777183359e-07
9.27113556786e-08
2.15698041659e-07
4.84608266496e-08
2.26379996393e-07
-4.58919274672e-09
2.83604507431e-07
-2.55601622382e-08
2.87487172393e-07
-1.84355916365e-08
2.18084646457e-07
-1.7176455585e-09
1.12280010519e-07
5.46883487448e-09
3.67993498295e-08
6.28460164582e-09
-2.21759678232e-09
4.06472950151e-09
-2.51245722096e-08
-3.0289122836e-08
1.54272449091e-07
6.08440505385e-07
1.58735175299e-07
5.36708961655e-07
1.62657941844e-07
4.70636694366e-07
1.65599475488e-07
4.09894525086e-07
1.66774791217e-07
3.55350633842e-07
1.64917694386e-07
3.09008664942e-07
1.58379643954e-07
2.74163747407e-07
1.47488242178e-07
2.5384756995e-07
1.30099635809e-07
2.46264248371e-07
1.0570689792e-07
2.46160757776e-07
6.83440898461e-08
2.53054665742e-07
2.54138017661e-09
2.9217129911e-07
-3.64707850417e-08
3.22604844353e-07
-4.14360208024e-08
2.92439992933e-07
-2.3513051127e-08
2.00146562177e-07
-5.408728971e-09
9.41600091942e-08
1.61034848175e-09
2.97689964046e-08
3.82309444629e-09
-4.43653528068e-09
2.75251500798e-09
-2.40557412102e-08
-2.7536612038e-08
1.38103625865e-07
5.98596209808e-07
1.47325724126e-07
5.27484794601e-07
1.55898430656e-07
4.62064125236e-07
1.63274127076e-07
4.02515928675e-07
1.68342856013e-07
3.50280255563e-07
1.69353297912e-07
3.07996480589e-07
1.64367562941e-07
2.79146312651e-07
1.5230280451e-07
2.65908647869e-07
1.31326335031e-07
2.67239058148e-07
9.33106294256e-08
2.84177669094e-07
2.50461103375e-08
3.21320963878e-07
-3.85301879819e-08
3.55756050598e-07
-6.07441727292e-08
3.44827530071e-07
-5.58180941363e-08
2.875193332e-07
-2.92412030952e-08
1.73568060245e-07
-1.06141581507e-08
7.5527601302e-08
-2.68003006599e-09
2.18307494359e-08
9.83773725913e-10
-8.1024555829e-09
1.06642315016e-09
-2.41389112438e-08
-2.64701916941e-08
1.26975400726e-07
5.84804905532e-07
1.40184618322e-07
5.14286599842e-07
1.52783154536e-07
4.4947280186e-07
1.64055192717e-07
3.91252732406e-07
1.72504696446e-07
3.41837320404e-07
1.76090881978e-07
3.04416236901e-07
1.72828398479e-07
2.82413964588e-07
1.57957393388e-07
2.80786989307e-07
1.20784946947e-07
3.04422668763e-07
5.12914520335e-08
3.53685243314e-07
-3.16893300054e-08
4.04330549136e-07
-7.09058443085e-08
3.95003014938e-07
-7.83490902122e-08
3.52298575373e-07
-5.96440854961e-08
2.68835467696e-07
-2.77401876091e-08
1.4167360477e-07
-1.14724228216e-08
5.92622148434e-08
-3.88834616334e-09
1.42471227492e-08
-4.8784950532e-10
-1.15029328987e-08
-1.41245522637e-10
-2.44855800123e-08
-2.66114391592e-08
1.19933494258e-07
5.69963414681e-07
1.34532157369e-07
4.99706456078e-07
1.48634525425e-07
4.35390748496e-07
1.61118650923e-07
3.78784918373e-07
1.70092290975e-07
3.32880590316e-07
1.73325156679e-07
3.01198250205e-07
1.63490161144e-07
2.92265290929e-07
1.26454568861e-07
3.17846740846e-07
5.58870609083e-08
3.75022779203e-07
-2.11914208869e-08
4.30813267171e-07
-6.42486059513e-08
4.47439981516e-07
-8.41234105418e-08
4.14927691547e-07
-7.88938044223e-08
3.47113010038e-07
-4.34592799243e-08
2.33434614464e-07
-1.48312089771e-08
1.1306355236e-07
-3.94013735818e-09
4.83786220249e-08
3.53187669033e-10
9.95644514383e-09
1.06207249729e-09
-1.22109268746e-08
2.35817236793e-10
-2.36591292848e-08
-2.63756210627e-08
1.1295090879e-07
5.5762892325e-07
1.2532850485e-07
4.87360886687e-07
1.36970657263e-07
4.23775848261e-07
1.46115900366e-07
3.69668673246e-07
1.50474042346e-07
3.28549793509e-07
1.41586284239e-07
3.10110417431e-07
1.03339301873e-07
3.3055158983e-07
2.64843969944e-08
3.9475929374e-07
-4.42877894107e-08
4.45866028449e-07
-7.28971822924e-08
4.59492771946e-07
-7.63645283168e-08
4.50975442618e-07
-7.44092251655e-08
4.130357808e-07
-5.41871522595e-08
3.26946816878e-07
-1.27226166796e-08
1.92012063881e-07
5.05979148483e-09
9.53039254074e-08
8.71851874997e-09
4.47293108139e-08
7.88381775722e-09
1.079394192e-08
5.1792586068e-09
-9.5049752787e-09
2.02820353138e-09
-2.05073256509e-08
-2.4347396772e-08
1.01585155052e-07
5.50633312209e-07
1.08607561202e-07
4.80376249501e-07
1.14148770837e-07
4.18274854355e-07
1.15915303354e-07
3.67941227655e-07
1.06051905423e-07
3.38441736396e-07
6.91326320031e-08
3.47076434189e-07
-1.07502710129e-08
4.10512346519e-07
-7.58265074246e-08
4.59925084287e-07
-9.93841388217e-08
4.69509573842e-07
-1.01774299644e-07
4.61965033688e-07
-8.82100272033e-08
4.37488950651e-07
-6.38388263039e-08
3.88737465878e-07
-2.04262264276e-08
2.83598602303e-07
1.30171561384e-08
1.58613851061e-07
2.11212584213e-08
8.72222869357e-08
1.93856816259e-08
4.64733537714e-08
1.46941316141e-08
1.54873173385e-08
9.29408550142e-09
-4.10319118575e-09
3.80754025238e-09
-1.50188215842e-08
-2.05397741702e-08
8.31144595814e-08
5.50523674303e-07
8.26872802121e-08
4.80852169608e-07
7.95528516649e-08
4.21454328144e-07
6.70868324911e-08
3.80443396626e-07
3.26316268714e-08
3.72952782784e-07
-3.66663077954e-08
4.16470301644e-07
-9.87885807815e-08
4.72745043098e-07
-1.24562019308e-07
4.85804217547e-07
-1.32381833386e-07
4.77429400599e-07
-1.22202965014e-07
4.51882156207e-07
-9.3213208006e-08
4.08588869484e-07
-4.5209139348e-08
3.40817852283e-07
7.32486885331e-09
2.3113444911e-07
2.84876590233e-08
1.37493590512e-07
3.01524006512e-08
8.55758501523e-08
2.58256496072e-08
5.08059202716e-08
1.97994812107e-08
2.15143547556e-08
1.22879955361e-08
3.41084715595e-09
4.83204088367e-09
-7.55867914945e-09
-1.57075263157e-08
5.72335352888e-08
5.57886299671e-07
4.85126948894e-08
4.89628668106e-07
3.29171569572e-08
4.37096383443e-07
5.01822219023e-10
4.12925947737e-07
-5.51636582024e-08
4.2872470955e-07
-1.12362896696e-07
4.7379794483e-07
-1.42458104896e-07
5.02967974093e-07
-1.55177225007e-07
4.98643549503e-07
-1.479508261e-07
4.70318295501e-07
-1.20135416437e-07
4.24174710443e-07
-7.32979506314e-08
3.61851621083e-07
-1.42486731354e-08
2.81856607985e-07
2.55382190219e-08
1.91411900986e-07
3.62189058191e-08
1.26845846347e-07
3.38385984906e-08
8.79679267255e-08
2.85661947947e-08
5.60810295262e-08
2.28999286061e-08
2.71808155575e-08
1.4263929692e-08
1.20519236806e-08
5.00328356077e-09
1.71007049833e-09
-1.07038046242e-08
2.66699201337e-08
5.72122963681e-07
7.82757978867e-09
5.08526051118e-07
-2.35008216779e-08
4.68500916692e-07
-7.09205425675e-08
4.60456327528e-07
-1.1846216963e-07
4.7640105137e-07
-1.49270945878e-07
5.04750587364e-07
-1.63251991073e-07
5.17090347837e-07
-1.58564280415e-07
4.94089905061e-07
-1.32211504418e-07
4.44088979593e-07
-8.92707729977e-08
3.81346364941e-07
-3.65600502091e-08
3.09238960578e-07
1.0918262023e-08
2.34456397872e-07
3.43009919358e-08
1.68077372001e-07
3.72766077647e-08
1.23890035421e-07
3.22976090485e-08
9.2951979041e-08
2.69603785671e-08
6.14188448551e-08
2.23782781378e-08
3.17629181019e-08
1.44901665296e-08
1.99496217333e-08
4.21842138352e-09
1.19964832951e-08
-6.48453132168e-09
-5.61291443613e-09
5.93463147266e-07
-3.49173302686e-08
5.37916872583e-07
-7.48340668601e-08
5.08533646633e-07
-1.14898502645e-07
5.00661760357e-07
-1.45716183351e-07
5.07371795285e-07
-1.59630010552e-07
5.18822536758e-07
-1.56387214359e-07
5.14001360177e-07
-1.36257510731e-07
4.74101572697e-07
-9.89568395699e-08
4.06912467828e-07
-5.30003959795e-08
3.35495987272e-07
-9.46741716927e-09
2.65790396992e-07
2.1896429501e-08
2.03150158356e-07
3.38712733782e-08
1.56130066595e-07
3.15532662839e-08
1.26215527524e-07
2.54472616352e-08
9.90589311075e-08
2.0803998981e-08
6.60621214531e-08
1.74320507074e-08
3.51348343337e-08
1.25572719238e-08
2.48384285846e-08
2.54028554917e-09
2.20374097831e-08
-3.94277181817e-09
-3.58851843244e-08
6.20749392389e-07
-6.86175205323e-08
5.7077049525e-07
-9.94957715715e-08
5.39557735813e-07
-1.23730067355e-07
5.25055815851e-07
-1.38048320217e-07
5.21858565473e-07
-1.37228945098e-07
5.18170667042e-07
-1.24909921667e-07
5.01842103055e-07
-1.02926889606e-07
4.5225804493e-07
-7.07757797615e-08
3.74872392439e-07
-3.17675543876e-08
2.96572902387e-07
2.25084557214e-09
2.31830560499e-07
2.22192889945e-08
1.83212438499e-07
2.59738208673e-08
1.52384441146e-07
2.10668540573e-08
1.31123547901e-07
1.57776507523e-08
1.04348169064e-07
1.2212791267e-08
6.96269535465e-08
9.82536225145e-09
3.75222483216e-08
9.77548889065e-09
2.49040717131e-08
6.62164159168e-10
3.11868571076e-08
-3.27819119908e-09
-5.84251774755e-08
6.48143144229e-07
-8.36550858179e-08
5.96152754203e-07
-1.0081271308e-07
5.56879188967e-07
-1.09309588794e-07
5.337273487e-07
-1.06592855904e-07
5.19320763128e-07
-9.47555204712e-08
5.06508923826e-07
-7.76914191949e-08
4.84944131684e-07
-6.23361396134e-08
4.37043410406e-07
-4.51542219413e-08
3.57791143026e-07
-1.66436172605e-08
2.68117999369e-07
7.14417828375e-09
2.08069995853e-07
1.68794103251e-08
1.73485375694e-07
1.58303020036e-08
1.53434477446e-07
1.15215158986e-08
1.35432334873e-07
7.94603097262e-09
1.0792364441e-07
5.08899639447e-09
7.24839735219e-08
2.99633674691e-09
3.96148729639e-08
7.11218874123e-09
2.08000656688e-08
-3.64340041416e-10
3.87150551105e-08
-3.63824611802e-09
-7.2082689887e-08
6.70368692494e-07
-8.73946303738e-08
6.11637588295e-07
-9.40043831212e-08
5.63666384407e-07
-9.00952383463e-08
5.30000774326e-07
-7.64293466253e-08
5.05839844928e-07
-5.65517316714e-08
4.86814755308e-07
-3.46777273063e-08
4.63245797287e-07
-2.04558437331e-08
4.22976404379e-07
-1.12105147423e-08
3.48656442475e-07
2.90058236089e-09
2.54046457573e-07
1.31759330123e-08
1.97801924618e-07
1.47050725157e-08
1.71956837569e-07
1.21538083245e-08
1.55985752138e-07
9.0477854045e-09
1.38538330697e-07
6.44451070914e-09
1.10526917336e-07
3.73535777515e-09
7.51931007377e-08
1.28803134846e-09
4.20621879314e-08
4.08721716691e-09
1.80034141792e-08
-9.63163900147e-11
4.29668591597e-08
-3.72603537745e-09
-7.9931034554e-08
6.85108586631e-07
-8.93296678294e-08
6.21217972598e-07
-8.85303003253e-08
5.63051925473e-07
-7.86276118786e-08
5.20284694633e-07
-6.04259956271e-08
4.87826394704e-07
-3.61808768052e-08
4.62758731092e-07
-1.09144800292e-08
4.38163853089e-07
7.01908905441e-09
4.05212959305e-07
1.64793679781e-08
3.39323980282e-07
2.16925103062e-08
2.48875336503e-07
2.24846825674e-08
1.97013164773e-07
1.98090245879e-08
1.74632497527e-07
1.6060784566e-08
1.59733993327e-07
1.28978767863e-08
1.41701215253e-07
1.06510302155e-08
1.1277375685e-07
8.16387302388e-09
7.7680248351e-08
5.42060162741e-09
4.4805421907e-08
4.56957646666e-09
1.88549406757e-08
-2.22514650216e-10
4.78391859114e-08
-3.93202310828e-09
-8.45213324371e-08
6.92212826732e-07
-8.91447537594e-08
6.26071991843e-07
-8.47125233082e-08
5.58822976789e-07
-7.26537293504e-08
5.08420373577e-07
-5.36958119236e-08
4.6905953047e-07
-2.88281523768e-08
4.38081867732e-07
-2.61829598431e-09
4.12143236639e-07
1.87291399782e-08
3.84047565751e-07
3.04355423378e-08
3.27761227617e-07
3.32868974485e-08
2.46070812186e-07
3.05393008613e-08
1.99764112586e-07
2.5335673949e-08
1.79836113961e-07
1.98834610069e-08
1.65186205787e-07
1.62236808185e-08
1.453609706e-07
1.43672172043e-08
1.14630221601e-07
1.21715518007e-08
7.9875886548e-08
8.85963054794e-09
4.81173316174e-08
5.62387594968e-09
2.20913804759e-08
-1.93297878893e-10
5.37552471323e-08
-4.10283220101e-09
-8.32807148925e-08
6.9175658337e-07
-8.17327392345e-08
6.24740514645e-07
-7.61984071549e-08
5.53495634691e-07
-6.35593654998e-08
4.95977548983e-07
-4.57725542469e-08
4.51462866161e-07
-2.35386919186e-08
4.16035399222e-07
7.99670709908e-10
3.87992511778e-07
2.34761652935e-08
3.61556727553e-07
3.72757531835e-08
3.1411251812e-07
3.92142973139e-08
2.44181258042e-07
3.44132905742e-08
2.04568415645e-07
2.70904276626e-08
1.87158968752e-07
2.02483318734e-08
1.7202830414e-07
1.6789600337e-08
1.48819681501e-07
1.60102345338e-08
1.15409580218e-07
1.4485893845e-08
8.1400219674e-08
1.08533665297e-08
5.17498180618e-08
2.19806610363e-09
3.07504300359e-08
-5.31221504629e-10
5.65972764825e-08
-4.61139977226e-09
-6.77841419898e-08
6.84888182289e-07
-6.18381637256e-08
6.1903499306e-07
-5.70222426084e-08
5.48895503449e-07
-4.50583090876e-08
4.84213412872e-07
-2.98457590238e-08
4.36440112398e-07
-1.2017300499e-08
3.98390362677e-07
8.16921180822e-09
3.67988156491e-07
2.85944410884e-08
3.41312623535e-07
4.23144787935e-08
3.00540661208e-07
4.31528601741e-08
2.43390111262e-07
3.63302616417e-08
2.11394164276e-07
2.72311453688e-08
1.96258082165e-07
2.00232695759e-08
1.79236180555e-07
1.83991175366e-08
1.50443812172e-07
2.01552771215e-08
1.13653422515e-07
2.08140150133e-08
8.07414524526e-08
1.84857338408e-08
5.40780977238e-08
-2.6826837443e-09
5.19440411158e-08
-1.56943011466e-09
5.56061921908e-08
-6.17043515494e-09
-3.36642910571e-08
6.75629939839e-07
-2.68215316042e-08
6.12457070009e-07
-2.28492323775e-08
5.45185397576e-07
-1.49808170821e-08
4.76555954321e-07
-3.87583248451e-09
4.25527520755e-07
8.94690137612e-09
3.85748908117e-07
2.35854951527e-08
3.53525213462e-07
3.89593356389e-08
3.26110384239e-07
4.97936317388e-08
2.89840484645e-07
4.82037191159e-08
2.45020922442e-07
3.87911503503e-08
2.2080967271e-07
2.80676708973e-08
2.06981583889e-07
2.16116989044e-08
1.85692153146e-07
2.30566498391e-08
1.48998850889e-07
2.77236256787e-08
1.08986435148e-07
3.0575619547e-08
7.78894567583e-08
2.63956546633e-08
5.82587029354e-08
-4.97655436847e-09
8.34138566072e-08
-6.87241195938e-11
5.08309768766e-08
-6.23672488499e-09
1.84500653223e-08
6.68278442553e-07
2.30627539639e-08
6.08112888535e-07
2.55141007347e-08
5.42984229207e-07
2.68639882758e-08
4.75430076246e-07
3.21992912888e-08
4.20385849132e-07
3.9485251845e-08
3.78640883812e-07
4.80035303716e-08
3.45173994289e-07
5.7048165798e-08
3.17222050008e-07
6.21064610865e-08
2.84893113281e-07
5.5848630778e-08
2.51310730316e-07
4.30305012819e-08
2.33630640326e-07
3.07791113403e-08
2.19233056549e-07
2.61049809869e-08
1.90366287529e-07
3.0834905489e-08
1.44268915417e-07
3.68681245182e-08
1.02953212737e-07
3.90760945739e-08
7.56814909541e-08
1.04308927645e-08
8.69289684239e-08
-9.55381505176e-09
1.03563607961e-07
8.74630787201e-10
4.05358559008e-08
-5.36054135016e-09
8.56542620099e-08
6.65734438095e-07
8.62729706756e-08
6.07789809836e-07
8.46745956571e-08
5.44858073545e-07
7.97519757083e-08
4.80591201562e-07
7.81343995149e-08
4.22202382359e-07
7.93569549756e-08
3.77591303112e-07
8.16316717226e-08
3.43053114785e-07
8.33767953004e-08
3.15610491205e-07
7.99652413754e-08
2.8838983901e-07
6.70750507361e-08
2.64225469549e-07
5.06250153847e-08
2.50083804134e-07
3.78455144622e-08
2.32012817315e-07
3.68419774806e-08
1.91369858734e-07
4.52478795376e-08
1.35863020005e-07
5.27898030842e-08
9.54112949465e-08
3.56128242849e-08
9.28642892995e-08
-2.71639319645e-09
1.25406591681e-07
-8.37580535111e-09
1.09396385949e-07
8.85940728375e-10
3.13732391562e-08
-4.47305622824e-09
1.62846710958e-07
6.68596241343e-07
1.58624665618e-07
6.12315959755e-07
1.51744416499e-07
5.52031080094e-07
1.41637793166e-07
4.90958115079e-07
1.33450775783e-07
4.30594977585e-07
1.28241921373e-07
3.82963490952e-07
1.23148037117e-07
3.48281071056e-07
1.15237972589e-07
3.23629019041e-07
1.00804590951e-07
3.02890768968e-07
8.03986121191e-08
2.84654826928e-07
6.01157203062e-08
2.70370695233e-07
4.74803912306e-08
2.4464872843e-07
5.05296922265e-08
1.88320676906e-07
6.08986578129e-08
1.25494136847e-07
5.26518545332e-08
1.03660308171e-07
9.10174744379e-09
1.36518942536e-07
-3.80760783953e-09
1.38502538688e-07
-2.23855634495e-09
1.08003974748e-07
7.57445490983e-10
2.84532510567e-08
-3.71406531065e-09
2.44498528326e-07
6.75318144081e-07
2.36610384959e-07
6.20516664558e-07
2.25635100056e-07
5.63291549099e-07
2.12520457943e-07
5.04336571008e-07
1.99595250813e-07
4.43726172855e-07
1.87660904752e-07
3.95044943657e-07
1.7262044203e-07
3.63432644716e-07
1.51933915808e-07
3.44405541664e-07
1.2474544118e-07
3.30141723115e-07
9.53876809453e-08
3.14038090016e-07
7.0667807334e-08
2.9509599289e-07
5.87856879134e-08
2.5653176873e-07
6.46896953385e-08
1.82417106012e-07
5.80352716216e-08
1.32150498426e-07
1.22956215548e-08
1.49465370987e-07
-1.57581257936e-08
1.64748037954e-07
-1.2230054174e-08
1.35142602148e-07
4.76538098144e-10
9.54507757373e-08
3.41709144571e-10
2.86500286218e-08
-3.37094029191e-09
3.28309867332e-07
6.81552850907e-07
3.20708012902e-07
6.28426813851e-07
3.10751708938e-07
5.73553616788e-07
2.99903932094e-07
5.15450052145e-07
2.85633881919e-07
4.58192990141e-07
2.66390970368e-07
4.14415630272e-07
2.39302137638e-07
3.90616558913e-07
2.03358636225e-07
3.80432153488e-07
1.58579241764e-07
3.7498847863e-07
1.12412960072e-07
3.60238541247e-07
7.98366448509e-08
3.27681983383e-07
6.48909836499e-08
2.71480529229e-07
4.48633082984e-08
2.02451537101e-07
-8.02859909691e-09
1.85104008727e-07
-4.96699087561e-08
1.91286537227e-07
-3.94952471862e-08
1.54753241935e-07
-2.07047545182e-08
1.16513721515e-07
-3.08292736788e-09
7.79562956504e-08
-1.87299598955e-09
2.74971370212e-08
-5.24258316394e-09
4.16865801469e-07
6.78717068271e-07
4.18826230408e-07
6.26788411091e-07
4.20595585959e-07
5.72074330456e-07
4.18411346515e-07
5.17872684368e-07
4.04498048344e-07
4.72274525732e-07
3.7866050414e-07
4.40370263662e-07
3.40543798886e-07
4.28834329963e-07
2.86808132633e-07
4.34268550937e-07
2.12702858701e-07
4.491998965e-07
1.26098072758e-07
4.46936568149e-07
5.75723363841e-08
3.96258100884e-07
-8.89178547372e-09
3.37994487496e-07
-8.81947940066e-08
2.81862760034e-07
-1.43986261527e-07
2.41092629176e-07
-1.22895617872e-07
1.70374282973e-07
-8.4637954772e-08
1.16650860888e-07
-4.694406939e-08
7.89447283199e-08
-2.0282842853e-08
5.13932846013e-08
-9.00970252545e-09
1.62744844974e-08
-1.42510177962e-08
5.10560934386e-07
6.59116476079e-07
5.30892286457e-07
6.06758137262e-07
5.46022612301e-07
5.57196831191e-07
5.50843802219e-07
5.13250807126e-07
5.36479925481e-07
4.86801130067e-07
4.9102606476e-07
4.85962240962e-07
4.19005379909e-07
5.0099109132e-07
3.27748749627e-07
5.25673081982e-07
2.12989318342e-07
5.64127625734e-07
7.15012834789e-08
5.88597509921e-07
-7.77608811593e-08
5.45659935168e-07
-2.34542156936e-07
4.94957877398e-07
-3.05444653628e-07
3.52984378154e-07
-2.61250026755e-07
1.97071002456e-07
-1.99210116356e-07
1.08461469775e-07
-1.38602381556e-07
5.61411909168e-08
-8.47911797398e-08
2.52136916871e-08
-4.22254975324e-08
8.89556860098e-09
-1.63646468771e-08
-9.54585592957e-09
-3.06144202118e-08
5.84743043159e-07
6.28465562872e-07
6.13983636106e-07
5.77786009131e-07
6.2724256068e-07
5.4418488366e-07
6.03861852034e-07
5.36855697815e-07
5.44186771169e-07
5.46675703035e-07
4.47429665583e-07
5.82984915146e-07
3.1924740348e-07
6.29512733599e-07
1.78193278087e-07
6.67132116103e-07
3.20694167096e-08
7.10695142005e-07
-1.22662485635e-07
7.43779102395e-07
-2.90432144577e-07
7.13842153976e-07
-4.15585644272e-07
6.20485410809e-07
-3.35417101218e-07
2.73111958433e-07
-2.46471142156e-07
1.08328570473e-07
-1.74390264997e-07
3.65284006737e-08
-1.17111891642e-07
-1.02488242288e-09
-7.21012471246e-08
-1.97088396248e-08
-3.63110976454e-08
-2.68198880291e-08
-1.24357277855e-08
-3.33712043047e-08
-4.30487998431e-08
6.05870968528e-07
6.04957935525e-07
5.9703393262e-07
5.86923429004e-07
5.35934013627e-07
6.05631711035e-07
3.78715094308e-07
6.94503805541e-07
1.05466841667e-07
8.20533666432e-07
-1.90921154759e-07
8.79991788659e-07
-3.39223260145e-07
7.7841712504e-07
-3.96778625473e-07
7.25264982582e-07
-3.84481896491e-07
6.98951743332e-07
-3.26109235649e-07
6.85936779951e-07
-2.56017989185e-07
6.44256298159e-07
-1.86196758671e-07
5.51145400623e-07
-1.14572210519e-07
2.01882424949e-07
-7.58227907364e-08
6.98776988346e-08
-5.15470441177e-08
1.24760714017e-08
-3.49733205355e-08
-1.74362005451e-08
-2.23597215866e-08
-3.22031169143e-08
-1.12291701649e-08
-3.78552386791e-08
-2.96556151418e-09
-4.1570352765e-08
-4.60128431806e-08
5.03296774534e-07
6.47750260349e-07
3.26766234288e-07
7.63978263217e-07
-1.17926275394e-07
1.05098174097e-06
-5.73997511332e-07
1.15125371167e-06
-8.23926829472e-07
1.07111876604e-06
-8.94652141065e-07
9.51341455155e-07
-9.29696674859e-07
8.14055859157e-07
-6.95657321167e-07
4.91787996286e-07
-4.59610158399e-07
4.63434370954e-07
-3.08898798932e-07
5.35733718537e-07
-1.85031303655e-07
5.20874563262e-07
-3.55387928059e-08
4.02107933369e-07
5.76621901572e-09
1.60963995771e-07
1.10183675702e-08
6.4938337371e-08
9.17512150544e-09
1.45609919675e-08
6.35869814068e-09
-1.444209035e-08
4.21396355888e-09
-2.99294955072e-08
3.14711654924e-09
-3.6689794125e-08
2.27193553237e-09
-4.06314958748e-08
-4.37394085278e-08
3.74632014251e-08
9.93971212342e-07
-5.20458276863e-07
1.32264365142e-06
-7.70140091407e-07
1.30138609956e-06
-8.86443643498e-07
1.26825199735e-06
-9.89810787366e-07
-1.06384788308e-06
-7.16188355229e-07
-5.70366025843e-07
-4.3528512626e-07
-2.40377674926e-07
-1.23201071066e-07
1.59378477801e-08
3.57094427105e-08
3.34061785802e-08
2.66931914377e-08
1.98791257818e-08
1.38192483776e-08
8.83836740153e-09
4.49818405751e-09
-6.07408758691e-07
-6.64775616405e-07
-7.29910587015e-07
)
;

boundaryField
{
    emptyPatch
    {
        type            empty;
        value           nonuniform List<scalar> 0();
    }
    minY
    {
        type            calculated;
        value           nonuniform List<scalar> 0();
    }
    maxY
    {
        type            calculated;
        value           nonuniform List<scalar> 0();
    }
    maxX
    {
        type            calculated;
        value           uniform 0;
    }
    water_to_heater
    {
        type            calculated;
        value           uniform 0;
    }
    procBoundary1to0
    {
        type            processor;
        value           nonuniform List<scalar> 
41
(
3.76817279054e-07
3.81485745891e-07
4.08357876509e-07
4.4306585831e-07
4.7849376976e-07
5.11684693249e-07
5.39348885561e-07
5.5962132234e-07
5.75108666534e-07
5.83810537266e-07
5.85577954851e-07
5.82048427398e-07
5.74530716544e-07
5.64653675078e-07
5.54304084204e-07
5.46552303808e-07
5.48971504721e-07
5.7757633176e-07
7.08097415762e-07
1.18919422128e-06
1.17514249498e-06
1.02600615147e-06
4.66971654412e-07
3.46488790809e-07
3.28852578875e-07
3.41317469893e-07
4.04173937586e-07
2.6340881375e-07
1.415754532e-07
6.75567961907e-08
2.1517892503e-08
-7.45014144795e-09
-2.37436306004e-08
-3.16169667786e-08
-3.62356025573e-08
-3.92400187412e-08
1.36456622074e-06
1.38076736716e-06
1.3672498567e-06
-7.75137356084e-07
1.31416888212e-06
)
;
    }
    procBoundary1to3
    {
        type            processor;
        value           nonuniform List<scalar> 
41
(
-8.10960752013e-07
-8.57440914802e-07
-8.86408206972e-07
-8.88148695621e-07
-8.38957764996e-07
-7.83977132339e-07
-7.32864723943e-07
-6.9024005284e-07
-6.58646802049e-07
-6.41259744949e-07
-6.36812845914e-07
-6.33373633609e-07
-6.24220662656e-07
-3.03112876985e-07
-4.42225534996e-07
-5.26447085663e-07
-5.87997764682e-07
-6.43921993661e-07
-6.9850698299e-07
-1.86278317829e-07
-7.52230516844e-07
-5.77817246987e-07
-5.0452325551e-07
-4.39570012804e-07
-3.82799262162e-07
-3.36479212058e-07
-2.88570882924e-07
-2.367787066e-07
-1.87880657038e-07
-1.43806293731e-07
-1.04932435918e-07
-6.99336844957e-08
-3.43368487713e-08
-7.28189309666e-09
-6.77344106476e-09
-1.42711313018e-08
-1.07810451028e-08
-7.13735815916e-09
1.20507377595e-08
7.62184930149e-08
8.69333407162e-08
)
;
    }
}


// ************************************************************************* //
