/*--------------------------------*- C++ -*----------------------------------*\
| =========                 |                                                 |
| \\      /  F ield         | OpenFOAM: The Open Source CFD Toolbox           |
|  \\    /   O peration     | Version:  2312                                  |
|   \\  /    A nd           | Website:  www.openfoam.com                      |
|    \\/     M anipulation  |                                                 |
\*---------------------------------------------------------------------------*/
FoamFile
{
    version     2.0;
    format      ascii;
    arch        "LSB;label=32;scalar=64";
    class       volScalarField;
    location    "0.495/water";
    object      p;
}
// * * * * * * * * * * * * * * * * * * * * * * * * * * * * * * * * * * * * * //

dimensions      [1 -1 -2 0 0 0 0];

internalField   nonuniform List<scalar> 
1504
(
101271.007871
101270.610352
101271.812058
101272.273989
101272.405872
101272.487967
101272.723575
101273.223234
101273.840705
101274.429543
101274.959841
101275.574872
101276.308058
101277.036717
101277.616562
101278.163761
101278.723658
101279.485107
101280.306307
101281.102004
101262.128019
101261.761745
101263.089935
101263.576286
101263.745595
101263.83439
101264.079265
101264.496994
101264.942477
101265.294057
101265.512956
101265.810277
101266.242011
101266.686518
101267.004353
101267.214631
101267.536027
101268.248098
101268.981848
101269.630522
101253.602158
101253.020242
101254.388947
101254.916164
101255.102631
101255.280367
101255.566005
101255.970183
101256.328401
101256.439185
101256.316371
101256.338802
101256.508221
101256.687138
101256.754583
101256.654207
101256.785475
101257.337813
101257.963138
101258.50337
101245.517311
101244.492429
101245.721962
101246.246886
101246.516742
101246.774433
101247.148756
101247.54532
101247.723786
101247.455507
101247.019849
101246.836878
101246.78299
101246.743527
101246.600377
101246.258649
101246.166152
101246.528272
101247.044134
101247.508536
101237.223933
101235.625076
101236.574631
101237.088627
101237.354401
101237.739488
101238.202278
101238.539944
101238.464006
101237.856834
101237.282193
101236.9888
101236.784084
101236.597364
101236.308457
101235.79877
101235.490702
101235.659147
101236.093265
101236.537798
101227.408298
101225.78643
101227.115809
101227.672043
101227.993659
101228.413694
101228.829866
101228.958068
101228.51995
101227.671974
101227.068177
101226.698304
101226.391503
101226.114087
101225.74164
101225.135867
101224.646084
101224.634097
101225.035544
101225.509134
101217.099993
101215.394454
101217.160363
101217.788436
101218.180227
101218.602651
101218.865408
101218.693951
101217.883291
101216.939193
101216.337651
101215.896327
101215.52485
101215.205382
101214.807789
101214.179662
101213.536324
101213.358421
101213.773561
101214.294009
101205.778691
101204.084714
101206.196673
101206.908952
101207.412982
101207.812464
101207.898334
101207.416517
101206.356059
101205.44316
101204.874186
101204.400802
101204.016135
101203.718226
101203.384583
101202.815203
101202.040102
101201.738644
101202.206587
101202.791701
101192.896446
101191.060135
101193.444965
101194.431556
101195.085524
101195.491513
101195.435905
101194.700143
101193.599426
101192.88841
101192.432428
101191.961943
101191.632964
101191.500199
101191.38792
101190.95148
101190.075288
101189.727961
101190.282081
101190.953894
101177.561224
101175.952321
101178.232316
101179.488203
101180.385041
101180.926395
101180.891488
101180.178416
101179.421511
101179.103314
101178.734988
101178.299721
101178.291886
101178.633024
101178.879745
101178.583156
101177.671489
101177.416893
101178.09076
101178.849249
101158.432106
101157.897302
101160.961368
101162.556416
101163.659656
101164.324406
101164.491331
101164.195339
101164.024807
101164.063612
101163.818506
101163.93058
101164.715912
101165.628459
101166.173237
101165.965916
101165.158776
101165.100455
101165.847524
101166.646368
101138.221819
101139.033647
101142.28184
101144.22528
101145.581744
101146.578824
101147.39541
101147.971697
101148.61386
101149.073272
101149.441444
101150.58414
101151.969696
101153.185393
101153.813898
101153.683912
101153.059789
101153.11232
101153.817144
101154.58791
101127.853988
101127.820166
101129.454524
101131.200738
101132.417217
101133.454263
101134.562133
101135.539311
101136.399626
101137.041608
101138.184054
101139.684693
101141.107175
101142.262945
101142.681897
101142.535672
101141.801805
101141.725049
101142.245275
101142.894322
101125.927899
101125.912945
101127.142825
101128.132886
101128.563052
101128.801835
101129.066527
101129.156288
101129.246568
101129.623567
101130.53149
101131.597386
101132.735281
101133.268282
101133.199754
101132.540465
101131.359817
101131.103318
101131.384001
101131.985445
101124.304292
101124.306554
101125.443112
101126.3919
101126.696893
101126.64373
101126.205773
101125.344596
101124.605563
101124.307213
101124.700115
101125.415844
101125.868266
101125.438496
101124.520029
101122.990178
101121.711692
101121.314555
101121.341343
101121.719148
101122.290958
101121.868999
101124.078554
101125.26144
101125.460217
101124.972281
101123.442782
101121.628281
101120.195035
101119.431779
101119.46297
101119.528733
101118.801322
101117.251194
101115.483547
101113.598192
101112.366633
101111.622093
101111.184435
101111.330546
101120.344005
101118.067862
101121.806139
101123.236245
101122.971363
101121.157855
101118.503117
101116.284696
101114.578948
101113.598699
101113.091543
101112.080534
101110.156359
101107.961723
101105.725767
101103.844821
101102.449957
101101.143974
101100.142923
101099.873801
101118.453718
101112.623041
101117.178911
101118.491343
101116.399531
101113.391367
101111.014466
101109.36653
101107.5461
101105.996603
101104.516438
101102.438315
101099.979249
101097.484818
101095.10964
101093.163925
101091.251574
101089.041315
101087.203316
101086.538183
101116.6868
101106.700046
101110.856805
101110.054337
101106.914397
101104.537246
101103.117692
101101.127111
101098.868947
101096.561131
101094.009903
101091.398129
101088.663796
101085.896496
101083.401238
101080.943919
101077.937826
101074.532522
101072.141668
101071.113717
101115.186456
101102.565826
101103.07248
101101.485856
101098.991276
101097.416967
101094.914395
101092.236292
101089.456596
101086.161791
101083.004816
101079.534162
101076.237951
101073.046159
101069.864703
101066.150018
101061.717763
101057.540808
101054.896412
101053.831046
101114.004638
101101.402538
101098.710107
101096.978806
101094.931772
101091.605142
101087.786495
101083.722877
101079.009132
101074.807075
101069.731599
101065.240366
101060.900574
101056.682527
101052.241562
101047.436484
101042.508515
101038.22208
101035.546352
101034.249667
101119.010186
101102.060131
101097.471689
101094.781806
101089.20195
101082.344338
101075.653621
101068.09144
101061.721939
101054.529756
101048.527045
101043.069613
101038.051126
101033.260305
101028.685849
101024.369842
101020.174643
101016.447523
101013.971971
101012.604179
101047.883784
101025.666326
101029.518353
101032.084132
101030.555717
101028.658599
101025.39238
101022.119258
101017.868551
101013.927342
101010.169181
101006.681467
101003.506249
101000.692745
100998.220805
100995.997998
100993.890748
100992.024725
100990.578725
100989.469665
100902.239431
100890.814626
100902.592581
100910.697759
100918.689324
100927.387791
100936.432728
100944.037648
100949.758488
100953.640398
100956.32402
100958.356758
100960.038253
100961.489856
100962.734028
100963.778249
100964.603476
100965.408177
100965.98426
100966.001225
100862.560738
100862.506052
100862.504701
100863.557133
100866.032124
100869.691453
100875.128549
100882.884648
100892.12906
100901.11948
100908.789581
100915.202487
100920.706678
100925.510013
100929.709693
100933.352793
100936.520519
100939.252861
100941.899646
100943.293933
100860.518034
100860.50136
100860.473588
100860.423262
100860.392165
100860.600731
100861.475935
100863.737299
100867.984444
100874.064435
100881.075728
100887.894774
100894.032854
100899.57796
100904.600966
100909.101421
100913.083314
100916.657875
100919.826922
100922.275592
100858.857834
100858.841911
100858.819487
100858.78944
100858.750873
100858.703831
100858.71878
100859.192996
100860.828576
100863.86234
100868.12016
100873.12187
100878.074604
100882.732461
100887.13895
100891.194374
100894.912981
100898.240451
100901.195814
100903.826844
100857.330894
100857.311059
100857.286615
100857.259271
100857.231276
100857.203426
100857.132597
100857.063228
100857.641803
100859.202312
100861.691791
100864.810746
100868.137303
100871.506944
100874.78655
100877.965435
100880.902321
100883.679683
100886.098901
100887.992152
100855.879855
100855.849891
100855.822331
100855.794976
100855.765083
100855.732609
100855.686037
100855.528084
100855.680711
100856.483776
100857.883646
100859.60523
100861.588929
100863.720129
100865.909394
100868.014977
100870.056487
100871.890733
100873.534517
100874.685225
100854.496438
100854.466465
100854.444732
100854.423521
100854.399143
100854.370643
100854.349701
100854.200433
100854.126692
100854.444631
100855.104087
100855.786118
100856.573456
100857.756267
100858.94628
100860.108856
100861.177998
100862.180603
100862.970486
100862.953112
100853.25969
100853.23284
100853.215289
100853.197878
100853.177245
100853.151749
100853.1611
100853.081211
100852.941863
100852.98489
100853.010584
100852.711635
100852.612918
100852.870627
100853.242041
100853.533938
100853.718199
100853.765084
100853.668822
100853.08173
100852.183564
100852.162812
100852.149244
100852.135298
100852.118177
100852.096122
100852.147546
100852.150143
100852.004311
100851.819455
100851.299317
100850.222554
100849.266878
100848.940355
100848.543775
100848.054402
100847.484516
100846.755171
100845.828349
100844.393728
100851.271643
100851.252221
100851.238561
100851.226412
100851.212699
100851.196351
100851.296324
100851.345514
100851.218081
100850.895655
100849.934322
100848.180804
100846.726716
100845.690894
100844.720152
100843.588518
100842.275594
100840.831465
100839.158152
100837.041563
100850.423898
100850.406592
100850.395954
100850.386838
100850.37462
100850.371345
100850.547365
100850.669986
100850.619612
100850.230895
100848.819355
100846.50331
100844.529866
100843.211939
100841.671208
100839.983314
100838.159839
100836.075825
100833.765079
100831.000261
100849.580862
100848.625435
100849.069811
100849.189836
100849.213724
100849.27214
100849.520078
100849.786074
100849.879938
100849.388172
100847.330322
100844.532084
100842.743519
100840.989414
100839.167991
100837.146271
100834.881127
100832.478777
100829.674536
100826.668435
100848.60574
100845.488272
100847.052705
100847.583035
100847.738845
100847.933629
100848.312776
100848.742761
100848.894406
100847.780473
100844.891931
100842.36701
100840.497178
100838.750963
100836.715644
100834.49425
100832.162426
100829.148001
100826.183261
100822.898747
100847.276727
100842.02391
100844.653729
100845.705788
100845.972306
100846.276682
100846.796616
100847.256112
100846.724538
100844.122001
100841.195844
100839.2261
100837.625507
100835.687723
100833.595382
100831.4241
100828.306138
100825.494924
100822.809091
100819.979548
100845.404608
100838.668337
100841.787774
100843.166063
100843.507253
100843.878441
100844.200987
101297.590729
101298.27983
101298.853192
101299.333496
101299.737615
101300.07748
101300.361182
101300.595252
101300.786103
101300.939544
101301.060528
101301.153317
101301.221708
101301.269446
101301.300828
101301.320483
101301.326539
101282.119459
101283.136167
101284.013588
101284.753755
101285.375253
101285.897608
101286.338083
101286.710255
101287.023888
101287.285876
101287.502324
101287.679206
101287.821772
101287.934471
101288.02115
101288.085244
101288.130158
101288.159873
101288.178822
101288.186323
101270.368047
101271.150566
101271.8487
101272.454105
101272.972717
101273.414001
101273.789254
101274.108149
101274.37769
101274.603139
101274.789672
101274.942357
101275.065576
101275.163057
101275.238047
101275.293478
101275.332282
101275.357989
101275.374694
101275.382719
101259.017814
101259.577933
101260.089768
101260.548652
101260.951359
101261.298898
101261.59725
101261.852397
101262.068666
101262.249711
101262.399606
101262.522334
101262.621315
101262.699483
101262.759428
101262.803514
101262.834152
101262.854361
101262.867829
101262.875733
101247.877359
101248.252214
101248.591133
101248.908176
101249.19602
101249.448961
101249.668579
101249.857677
101250.018292
101250.152697
101250.26386
101250.354678
101250.42764
101250.484914
101250.528442
101250.560036
101250.581583
101250.595589
101250.605314
101250.612624
101236.827621
101237.053234
101237.237775
101237.424148
101237.605242
101237.769563
101237.914831
101238.041082
101238.148471
101238.238105
101238.311902
101238.371761
101238.419338
101238.456107
101238.483429
101238.502605
101238.515046
101238.522773
101238.528638
101238.53505
101225.765048
101225.872288
101225.926052
101225.998567
101226.08675
101226.173876
101226.254116
101226.325093
101226.385482
101226.435433
101226.47594
101226.508063
101226.532771
101226.550965
101226.563521
101226.571312
101226.57534
101226.577205
101226.579403
101226.584756
101214.556292
101214.588549
101214.550872
101214.537788
101214.555349
101214.583274
101214.613016
101214.640491
101214.663497
101214.681574
101214.69507
101214.704474
101214.710284
101214.713003
101214.71316
101214.711314
101214.708158
101214.704948
101214.703901
101214.708155
101203.101189
101203.109021
101203.029525
101202.968945
101202.945249
101202.937143
101202.934727
101202.933331
101202.9307
101202.926302
101202.92028
101202.912918
101202.904532
101202.895447
101202.886015
101202.876621
101202.867757
101202.860441
101202.856688
101202.859885
101191.34326
101191.386461
101191.321663
101191.257504
101191.224694
101191.204834
101191.188786
101191.17285
101191.155767
101191.137624
101191.118907
101191.100115
101191.081689
101191.064009
101191.047426
101191.032285
101191.018986
101191.008394
101191.0024
101191.004576
101179.336831
101179.461446
101179.458783
101179.42706
101179.409431
101179.395069
101179.377691
101179.356117
101179.331057
101179.303878
101179.275896
101179.248178
101179.221541
101179.196591
101179.173799
101179.153556
101179.136243
101179.122623
101179.114502
101179.115587
101167.236362
101167.46674
101167.547256
101167.560485
101167.562269
101167.554188
101167.534185
101167.504596
101167.468669
101167.429405
101167.389196
101167.349816
101167.312529
101167.278203
101167.247434
101167.22065
101167.198201
101167.18073
101167.169938
101167.1696
101155.254983
101155.592771
101155.742471
101155.779694
101155.775473
101155.75019
101155.706484
101155.650322
101155.587393
101155.522177
101155.457951
101155.396995
101155.340822
101155.290372
101155.246194
101155.208604
101155.177788
101155.154169
101155.139238
101155.136712
101143.599008
101144.036451
101144.21193
101144.214277
101144.141884
101144.045659
101143.932975
101143.812373
101143.690911
101143.573587
101143.463737
101143.363449
101143.273905
101143.195635
101143.128743
101143.073094
101143.02845
101142.994791
101142.973227
101142.967222
101132.667951
101133.101773
101133.155546
101132.978951
101132.7179
101132.457443
101132.20333
101131.961156
101131.735675
101131.529812
101131.345064
101131.181912
101131.040127
101130.918999
101130.817535
101130.734642
101130.669248
101130.62058
101130.589139
101130.577885
101122.295142
101122.675919
101122.470641
101121.958371
101121.376458
101120.85117
101120.380169
101119.958786
101119.584693
101119.255467
101118.96845
101118.720837
101118.509761
101118.332346
101118.185805
101118.067541
101117.975231
101117.907028
101117.862619
101117.844205
101111.832225
101112.047683
101111.554554
101110.662743
101109.709221
101108.876198
101108.155879
101107.53084
101106.98963
101106.522979
101106.12296
101105.782666
101105.495979
101105.257405
101105.062005
101104.905402
101104.783794
101104.694071
101104.635048
101104.608092
101100.089875
101100.221475
101099.586808
101098.42455
101097.167377
101096.072257
101095.136654
101094.334644
101093.647898
101093.061498
101092.563022
101092.142
101091.789468
101091.497622
101091.2596
101091.069396
101090.921812
101090.812515
101090.739569
101090.703746
101086.439347
101086.547058
101085.964226
101084.721631
101083.304335
101082.054795
101080.987875
101080.075791
101079.297906
101078.6363
101078.075875
101077.603971
101077.209857
101076.884287
101076.619157
101076.40733
101076.242543
101076.11943
101076.035563
101075.991629
101070.916517
101071.017723
101070.504274
101069.318358
101067.88984
101066.606005
101065.509832
101064.573139
101063.775771
101063.098939
101062.526494
101062.044964
101061.643068
101061.311175
101061.040852
101060.824532
101060.655331
101060.527065
101060.43706
101060.386586
101053.460789
101053.280539
101052.917071
101051.992055
101050.761116
101049.59702
101048.599082
101047.74303
101047.013156
101046.393322
101045.868704
101045.426845
101045.057438
101044.751818
101044.50239
101044.302115
101044.144074
101044.021444
101043.931408
101043.876546
101033.760952
101033.528252
101033.335207
101032.75099
101031.905268
101031.032214
101030.275694
101029.619278
101029.054185
101028.57117
101028.159835
101027.811058
101027.517384
101027.27273
101027.071842
101026.909514
101026.779661
101026.67491
101026.592
101026.535343
101012.104866
101011.805678
101011.965243
101011.803432
101011.478992
101011.082072
101010.716853
101010.382898
101010.080505
101009.812763
101009.577899
101009.373008
101009.195605
101009.043926
101008.916695
101008.812334
101008.727224
101008.653705
101008.586542
101008.531595
100989.247038
100989.319053
100989.717498
100989.927061
100990.064098
100990.207761
100990.325386
100990.401475
100990.434902
100990.441573
100990.431168
100990.409016
100990.378913
100990.344228
100990.308279
100990.274174
100990.243259
100990.210772
100990.168649
100990.119878
100966.26437
100966.801202
100967.357758
100967.894547
100968.401214
100969.021112
100969.633748
100970.151152
100970.553836
100970.86284
100971.099786
100971.279298
100971.412074
100971.506709
100971.57067
100971.610902
100971.634039
100971.643299
100971.632835
100971.59505
100943.899659
100944.764006
100945.480838
100946.38345
100947.229161
100948.194464
100949.217783
100950.139344
100950.895815
100951.497232
100951.973555
100952.34856
100952.63982
100952.860967
100953.023046
100953.136007
100953.210203
100953.257035
100953.280642
100953.257042
100923.284257
100924.304218
100925.189483
100926.241974
100927.317053
100928.448641
100929.688746
100930.883509
100931.909047
100932.744683
100933.416063
100933.951651
100934.373141
100934.697148
100934.938174
100935.109642
100935.224624
100935.301803
100935.359217
100935.351862
100905.145694
100906.090351
100907.02644
100908.067803
100909.183934
100910.30463
100911.525096
100912.780765
100913.928534
100914.898256
100915.69194
100916.332086
100916.839662
100917.233101
100917.522864
100917.724738
100917.859083
100917.950513
100918.032802
100918.034133
100889.225444
100889.97443
100890.864315
100891.697194
100892.730835
100893.753072
100894.804399
100895.929041
100897.038543
100898.029841
100898.866657
100899.554017
100900.10439
100900.523746
100900.828082
100901.042947
100901.192271
100901.300402
100901.390902
100901.392277
100875.126067
100875.555507
100876.224379
100876.933054
100877.71264
100878.504248
100879.284959
100880.144725
100881.076806
100881.979992
100882.776419
100883.44394
100883.972789
100884.374725
100884.675078
100884.895434
100885.053882
100885.170319
100885.261321
100885.243193
100862.63661
100862.69577
100863.003054
100863.345447
100863.711925
100864.055404
100864.445006
100864.970829
100865.637729
100866.353179
100867.016714
100867.58598
100868.059315
100868.450981
100868.764454
100869.003822
100869.179551
100869.307812
100869.401742
100869.348128
100851.776547
100851.043416
100850.8095
100850.672738
100850.286275
100849.860742
100849.688021
100849.841667
100850.211091
100850.671984
100851.134214
100851.58627
100852.038728
100852.470008
100852.840556
100853.131286
100853.347391
100853.500958
100853.603794
100853.498252
100842.327073
100840.576066
100839.622256
100838.448263
100836.883587
100835.553068
100834.844221
100834.604611
100834.626529
100834.784652
100835.040518
100835.443777
100835.969057
100836.454654
100836.906765
100837.258394
100837.519126
100837.702153
100837.815083
100837.650943
100834.057831
100831.538282
100829.473312
100826.970243
100824.187149
100822.173041
100821.109688
100820.39852
100819.821946
100819.441745
100819.494923
100819.907038
100819.98466
100819.456159
100820.324414
100821.143517
100821.651179
100821.965489
100822.148063
100821.971521
100827.736618
100824.342195
100821.222516
100817.572946
100814.044908
100811.990678
100810.83112
100809.709988
100808.539438
100807.551705
100807.12413
100806.705161
100804.626436
100804.780424
100805.776104
100806.496122
100807.345833
100807.773021
100807.978078
100807.837012
100822.90201
100819.262075
100815.456598
100811.017208
100807.160631
100805.102873
100803.60986
100801.862027
100800.258391
100798.849875
100796.570932
100791.865567
100790.811364
100791.522683
100791.777475
100792.125525
100793.703627
100795.159269
100795.833802
100795.944084
100819.469137
100815.874263
100811.846993
100807.23749
100803.321048
100801.226105
100799.753871
100798.198256
100796.592663
100794.385702
100790.093285
100789.6877
100790.140411
100790.134694
100790.096973
100790.038962
100790.079661
100791.008839
100791.550422
100791.71186
100816.735753
100813.307848
100809.520931
100805.264276
100801.36043
100798.830664
100797.190452
100795.537875
100793.382673
100789.792453
100788.796387
100789.349424
100789.346455
100789.344
100789.348284
100789.272422
100788.992583
100789.420814
100789.82864
100790.045881
)
;

boundaryField
{
    emptyPatch
    {
        type            empty;
    }
    minY
    {
        type            calculated;
        value           nonuniform List<scalar> 0();
    }
    maxY
    {
        type            calculated;
        value           nonuniform List<scalar> 0();
    }
    maxX
    {
        type            calculated;
        value           nonuniform List<scalar> 
38
(
101301.326539
101288.186323
101275.382719
101262.875733
101250.612624
101238.53505
101226.584756
101214.708155
101202.859885
101191.004576
101179.115587
101167.1696
101155.136712
101142.967222
101130.577885
101117.844205
101104.608092
101090.703746
101075.991629
101060.386586
101043.876546
101026.535343
101008.531595
100990.119878
100971.59505
100953.257042
100935.351862
100918.034133
100901.392277
100885.243193
100869.348128
100853.498252
100837.650943
100821.971521
100807.837012
100795.944084
100791.71186
100790.045881
)
;
    }
    water_to_heater
    {
        type            calculated;
        value           nonuniform List<scalar> 
60
(
101271.691331
101269.308153
101262.217749
101253.694156
101247.393661
101245.017704
101238.509151
101236.132198
101228.1039
101225.717837
101217.201015
101205.881807
101194.846267
101192.387625
101178.901632
101176.437729
101159.157967
101156.699328
101138.337014
101127.966967
101127.008809
101125.701822
101125.037635
101123.762766
101122.71053
101121.410591
101120.438988
101118.548936
101117.755467
101116.459919
101115.984598
101114.608141
101114.628408
101112.634329
101119.125345
101047.994996
100904.590998
100901.625066
100863.608365
100861.785421
100860.956182
100859.671497
100858.964082
100857.445796
100857.269497
100855.592355
100855.541992
100853.738225
100853.852165
100852.08045
100852.333124
100851.421397
100851.742822
100850.184624
100850.508699
100848.957846
100849.1506
100847.593782
100847.436428
100845.567463
)
;
    }
    procBoundary3to1
    {
        type            processor;
        value           nonuniform List<scalar> 
41
(
100843.469515
100840.916378
100838.133171
100836.270931
100834.90937
100833.165846
100831.258901
100829.280201
100826.316126
100823.793417
100821.696674
100819.470492
100816.790706
100843.140561
100835.176708
100838.431839
100839.98119
100839.955078
100839.277025
100843.469515
100837.544451
100813.793966
100810.677461
100807.453344
100803.862365
100800.229781
100797.382824
100795.273221
100792.740628
100789.228404
100787.849018
100788.503366
100788.508175
100788.50765
100788.507806
100788.50868
100788.131272
100787.817791
100788.405408
100788.750421
100788.970849
)
;
    }
    procBoundary3to2
    {
        type            processor;
        value           nonuniform List<scalar> 
41
(
101280.616596
101279.942235
101280.872536
101281.290207
101281.400755
101281.391636
101281.609409
101282.226115
101283.092005
101284.055204
101285.014639
101286.022365
101287.108444
101288.142564
101288.989267
101289.730458
101290.494751
101291.356555
101292.221008
101293.235382
101311.090936
101311.78673
101312.361995
101312.842283
101313.245903
101313.58552
101313.869364
101314.103503
101314.293974
101314.446588
101314.566401
101314.657789
101314.724663
101314.770894
101314.800898
101314.819307
101314.823019
101294.533172
101295.744948
101296.756572
101296.756572
)
;
    }
}


// ************************************************************************* //
