/*--------------------------------*- C++ -*----------------------------------*\
| =========                 |                                                 |
| \\      /  F ield         | OpenFOAM: The Open Source CFD Toolbox           |
|  \\    /   O peration     | Version:  2312                                  |
|   \\  /    A nd           | Website:  www.openfoam.com                      |
|    \\/     M anipulation  |                                                 |
\*---------------------------------------------------------------------------*/
FoamFile
{
    version     2.0;
    format      ascii;
    arch        "LSB;label=32;scalar=64";
    class       volScalarField;
    location    "0.86/water";
    object      epsilonm;
}
// * * * * * * * * * * * * * * * * * * * * * * * * * * * * * * * * * * * * * //

dimensions      [0 2 -3 0 0 0 0];

internalField   nonuniform List<scalar> 
1504
(
3185.4236173
902.533012237
277.971358124
96.6702045106
38.4673857136
16.1056319212
7.04441454491
3.29444083248
1.68441428372
0.978998343455
0.652806489642
0.484560560919
0.393784400556
0.360008144496
0.381300812834
0.446932387331
0.454105549522
0.368036667775
0.228026689067
0.0500034932678
3167.733249
900.403387368
275.022063723
94.0255502306
36.4539214725
15.2891655397
6.88639536864
3.32772115386
1.75282670484
1.04225142656
0.699294970815
0.521682513909
0.43008430939
0.396323406921
0.41862793516
0.486435548497
0.49876632305
0.418733203139
0.279627197847
0.0837867403839
3239.91604844
910.835506771
274.294868735
91.5191512277
34.5013033142
14.5543453914
6.71310349473
3.32820321958
1.80263327044
1.09234217691
0.737747759639
0.558426072828
0.471179351648
0.440557198312
0.46563373582
0.534293087914
0.552753438177
0.485934198972
0.34485790837
0.128728487721
3370.27099837
935.784269387
276.793348823
90.1236046279
33.4907342996
14.1926594171
6.6132934226
3.32927670185
1.84121035245
1.12561541968
0.766667416585
0.595060797779
0.516919280608
0.49152401945
0.521403789564
0.58787768152
0.615868571652
0.569942699649
0.4298838652
0.185893066158
3598.72328407
973.146011062
281.945040633
90.4166846501
33.4328895728
14.1193385808
6.56711031365
3.33395633995
1.85596379249
1.13448211658
0.786876989882
0.632153956585
0.566136152508
0.546500855039
0.58139794405
0.642199777468
0.685151683076
0.665853031261
0.516281357987
0.25531992808
3826.86006711
1020.40142553
292.088807485
93.1269656704
34.1826249697
14.2496646614
6.57360777725
3.32816736425
1.83121823985
1.12120680825
0.802227535451
0.669903082609
0.616253628653
0.600745491019
0.636453780238
0.692210349342
0.754857220248
0.764153759533
0.610245337262
0.334951884537
3996.4336107
1055.05386941
301.86206381
96.4433215554
35.149021138
14.4513394662
6.59529713419
3.26773403171
1.76440205221
1.09817005129
0.817394846632
0.706683608005
0.662718551933
0.648587438593
0.678258747679
0.733482429131
0.819429684083
0.858674977933
0.718715001984
0.425654866771
4035.50284745
1063.15433429
305.848802672
98.3239252496
35.7137196401
14.5550675595
6.51142898929
3.12742690459
1.68166386693
1.07998130297
0.833826024053
0.73706934773
0.698778714006
0.684724286318
0.703555827057
0.761474833512
0.872935367328
0.946228850508
0.838578710508
0.533378937193
3980.34266821
1038.54157142
300.215805613
97.2759538877
35.4033623332
14.3086863786
6.24140097349
2.94714194189
1.61492664312
1.07576477485
0.846333346495
0.751443263724
0.714754894925
0.702196070424
0.709011749688
0.76833703983
0.901789273693
1.01262147653
0.9545313516
0.636961596891
3821.45731304
985.073324217
286.84506652
93.9982715066
34.2720815264
13.6551561268
5.85596490826
2.7969642768
1.59331381255
1.08572561326
0.844688217154
0.738380587663
0.699584334565
0.689569952423
0.690130442009
0.743592649566
0.882653542461
1.03258320647
1.03849547872
0.750417357974
3401.70154304
897.703945145
269.784381826
90.4162368766
32.922093939
12.9208255393
5.59476057805
2.79383898603
1.65246358373
1.10836852449
0.821199243555
0.691423365258
0.6450065284
0.635320303657
0.636331969623
0.681075529589
0.80278850177
0.979492980924
1.06465931455
0.835625056498
2755.76838924
806.255848475
260.190351442
89.7490131626
32.3142323378
12.9641478269
5.90619078183
3.08240331846
1.80425722376
1.13321844342
0.773484292126
0.614738551915
0.556308514435
0.541990274882
0.54249446995
0.576134445848
0.675649448006
0.849300415989
1.01557441622
0.87268707407
2435.98639805
793.636987865
269.735143341
91.9013946533
34.2225992661
14.4199810682
6.91060826449
3.66196156556
2.0441490877
1.17300545088
0.72697549417
0.532883541862
0.457586434737
0.434635328143
0.432914865731
0.449759991794
0.525159556242
0.673103044538
0.891433386324
0.844204507033
2685.84275883
870.149851225
283.880061334
95.3879426716
37.1542362161
16.8742991884
8.59149510848
4.60360736924
2.46058168591
1.30385254645
0.729808522785
0.480631443037
0.380277001184
0.342806245888
0.333399812614
0.339571737253
0.380827312284
0.502569075954
0.718926634433
0.765258822466
3523.74278056
987.923231075
296.378459297
101.786061385
41.9467869475
20.3901300873
10.9937450182
6.02640706897
3.16022785531
1.58132276126
0.808876245675
0.476568996586
0.341801085577
0.285322966753
0.263239844789
0.260663457344
0.280907147916
0.367845590836
0.551948174861
0.670521178979
3879.18686899
1058.0569126
319.226095213
113.13877075
49.1963051412
25.3322998442
14.316222676
7.97335191857
4.15548006602
2.0100607502
0.966450290184
0.521871438788
0.342594868422
0.264271847048
0.227097845379
0.214664574706
0.222805206421
0.276762814398
0.427348129176
0.585083445263
3866.99988809
1078.38060569
332.871566265
120.918464807
54.2854859932
29.3311752954
17.5523609111
10.1993920595
5.39240056671
2.57177298417
1.19276317068
0.607788133644
0.373772326925
0.270905194023
0.218534773049
0.195432986698
0.194012945912
0.227370145906
0.350672791395
0.51897583998
3719.71814545
1057.70371231
332.624144816
122.953930955
56.3197096419
31.4473266426
19.7481553203
11.985470468
6.4928183154
3.15319427396
1.4620015873
0.724068983487
0.425842988243
0.295634400489
0.228657557487
0.195122617661
0.184842889841
0.203877753138
0.304701228769
0.478207544299
3552.87980124
1018.53142738
324.015318842
120.922262357
55.8644702044
31.762431031
20.6245836544
13.0053009328
7.2070368299
3.57375326415
1.6869497311
0.836947138171
0.484094783033
0.329529443324
0.250024296106
0.207534776803
0.189353268817
0.196977654844
0.28212628077
0.462064438846
3368.10614879
971.240774795
309.669506841
115.817009376
53.5404813263
30.6286706458
20.261842437
13.1194920744
7.4089562179
3.75749405735
1.82083181479
0.92183890886
0.537572136604
0.366773241578
0.278143970599
0.228645622219
0.203253643469
0.201871916302
0.27666324397
0.464464332251
3243.63691821
933.593047969
297.1815425
110.429982788
50.4626554435
28.6310754121
18.9576863773
12.3768054022
7.09529846323
3.69226465779
1.84994440561
0.969159593139
0.581482994232
0.405200828986
0.311579512276
0.257011744041
0.224243073817
0.214835452554
0.284319424472
0.480045072729
3143.5222398
905.144286275
286.407277617
104.875435567
46.8808586978
26.0478763992
16.9594811514
10.9726366218
6.38365603711
3.42613575402
1.7875588862
0.980929375993
0.615856390553
0.445073750937
0.350558978015
0.292163122571
0.250569754142
0.233427669145
0.300185379452
0.505723205777
3147.58340887
898.167119967
279.788175725
99.5063844209
42.9731843788
23.1010057936
14.5679065684
9.28975057018
5.49909293478
3.05410745865
1.66742638571
0.968456505152
0.644411691516
0.488159887136
0.395920290336
0.332864607035
0.279419499114
0.255008020593
0.320407166313
0.53531527766
3269.64956097
920.642507602
279.456476156
95.1662262736
39.258400228
20.2373891778
12.2849893621
7.72624530874
4.64531990905
2.66464286661
1.52601664842
0.94685446461
0.673821676797
0.536636502431
0.447483554031
0.374373732214
0.306031116784
0.276655203029
0.340981625581
0.561277239367
3563.58329611
973.230452411
285.750483977
93.0281951349
36.6211809674
18.0219552149
10.4911789991
6.47106766484
3.91718084977
2.30897198505
1.39167699987
0.929114094717
0.709936841965
0.591693024081
0.499281460855
0.405405713425
0.325361426581
0.295958351504
0.357641562446
0.574977223376
3928.60160115
1052.53542464
302.407151145
95.5774033498
36.0870974662
16.829443576
9.28441495213
5.53832163031
3.33491981916
2.01228833675
1.28321993242
0.922025408227
0.754412676321
0.649519272576
0.53261195578
0.420782148203
0.335453338308
0.311552485225
0.366630576131
0.570178947135
4198.29591477
1120.67245921
322.151979619
101.372445754
37.2478356151
16.4494371996
8.51701446344
4.85285636177
2.88170524781
1.78009173188
1.20288022748
0.927748383896
0.802813340371
0.687101313398
0.539570438981
0.424140801907
0.340486594036
0.322106843568
0.365860512548
0.550318500407
4219.7334191
1139.27191284
333.811755961
106.73348756
38.7096662405
16.3020418525
7.93796001931
4.31203113916
2.52214996334
1.59731245847
1.1371463616
0.933901308122
0.82883196866
0.68465924769
0.529912011089
0.419571873343
0.345990325845
0.326422095844
0.355584059359
0.508857226803
3951.16608145
1099.11397405
332.269500524
108.987463685
39.1486785073
15.8413455848
7.33820606417
3.83272616812
2.21829459346
1.43519843289
1.06815895769
0.913088453746
0.803354524008
0.65766740196
0.512620595151
0.409244943362
0.350261144664
0.325283362374
0.33845361231
0.460208175269
3580.75938777
1046.21633566
328.587202502
109.28088371
38.3608018751
15.0115963536
6.71559144556
3.408352968
1.95438766764
1.27862233205
0.977490737477
0.844512324275
0.744465546727
0.616580513911
0.487201976134
0.396546767276
0.349108020426
0.320056989397
0.326113053512
0.41608076095
3388.15903965
1057.12326452
340.792614405
110.421578638
38.1049151208
14.7158125918
6.41415147025
3.15697335727
1.7698721114
1.14694190586
0.8748877232
0.752770639122
0.667521672586
0.560046953811
0.453908904815
0.379900777188
0.339957974059
0.310153101486
0.3160014124
0.388589615421
3737.39672321
1193.24547485
371.472422998
118.813885241
41.194103985
15.9292072676
6.84855222509
3.26485338693
1.7535604844
1.09098020552
0.798663826674
0.666766586318
0.585845500931
0.499249672161
0.419013734606
0.361476512239
0.326950300541
0.2991811578
0.306759704963
0.365473164012
4662.94896851
1437.61223119
427.369601102
137.568552926
48.9087920008
19.2422172823
8.25699960996
3.84481072704
1.97622617048
1.15690121831
0.786284994354
0.615924345262
0.524122785326
0.450877441418
0.390197782758
0.345307327441
0.31630441378
0.292004890024
0.29931931748
0.346579240171
5443.36641881
1627.13663758
519.790938175
175.151207049
64.1629099408
25.5496654249
10.9766631812
5.05041713731
2.520145683
1.39540689246
0.870939334539
0.620781308663
0.496632600029
0.421706471127
0.370108956722
0.335311127268
0.311456922101
0.291002757525
0.294983584125
0.332504363653
5151.21366073
1603.32808228
555.251976448
206.213039372
80.6387650221
33.4644780635
14.7211027454
6.82463995904
3.36942784226
1.80250406428
1.05325852164
0.687764225341
0.510302453016
0.417516882132
0.363757976304
0.333290014494
0.313144432587
0.296917759076
0.295046243746
0.323388349301
4673.78836545
1507.72447307
545.152181077
215.416771409
89.9017152457
39.2857374051
17.9251953699
8.50770627737
4.2447315423
2.25286377448
1.27463045014
0.79005904474
0.555888245263
0.439515612302
0.375742092758
0.340852606286
0.321689162455
0.307107146545
0.300677652648
0.318575394938
4370.54217486
1389.99198802
511.696058496
210.533832271
91.8419225896
41.7632261988
19.6989017529
9.6099326678
4.89751762075
2.62043629313
1.4678065163
0.889929809801
0.611014236683
0.475390503219
0.402816301817
0.360193354607
0.336366262082
0.320795081075
0.31072892425
0.316874386118
4085.02135308
1309.63804655
483.468603507
198.840583812
88.0301752666
41.044360519
19.8995556849
0.000142494655075
0.000186576078124
0.000290306572765
0.000521202927983
0.00103202138369
0.00210505253233
0.00407994184204
0.00704406391267
0.0106789726004
0.0145947701169
0.0186418817415
0.023005201943
0.0283362060982
0.0362783324642
0.0513470020612
0.0874052754919
0.186456843231
0.00195380830688
0.000272764909655
0.00015680150978
0.000160501873731
0.00021473136168
0.000344186063911
0.000631160295554
0.00125155239089
0.00249754756147
0.00464660965105
0.00766203575907
0.0111802062068
0.0148600417537
0.018604676458
0.0226211141578
0.0275432302686
0.0349228820132
0.0490127200143
0.0831165544834
0.178672581433
0.0037962379192
0.000371976350059
0.000181820503907
0.00018262058626
0.000249924678251
0.000412038521531
0.000767488214588
0.00151333679386
0.0029365335311
0.00523158370788
0.00825356250264
0.0116261575046
0.0150618635746
0.0185090042368
0.0221913298714
0.0267245135118
0.0335719747177
0.0467194093285
0.0788684829416
0.171105295658
0.00799884028199
0.000544314536629
0.000215174030672
0.000209842925426
0.000293676511521
0.00049651591412
0.000933612851755
0.00181834475909
0.00341408934301
0.00581965957865
0.00880670989283
0.0120111874209
0.0151986085117
0.0183551030705
0.021716576067
0.0258803853775
0.0322258446688
0.0444696843294
0.0746503515588
0.163494353114
0.0173762943886
0.00085617131006
0.000261323387191
0.000243575426329
0.000347871949935
0.000600530995182
0.00113256513536
0.00216552095471
0.00392009555948
0.00639695534217
0.00931284885764
0.0123326100656
0.0152710437426
0.0181452847038
0.0211995399764
0.0250131314252
0.0308865139539
0.0422685406659
0.0704608028631
0.155590335795
0.0355823974359
0.00144051035134
0.000328450703289
0.000285843704242
0.000414839424222
0.000727263940299
0.00136681250579
0.00255181479089
0.00444340523854
0.0069517876912
0.00976628192018
0.0125898851934
0.0152814149453
0.0178829946945
0.0206439396343
0.0241260443478
0.0295570222559
0.0401230351847
0.0663137522195
0.147211273746
0.0657277347076
0.00265384397068
0.000434495959552
0.000339515237947
0.000497201915503
0.000879789589435
0.00163755575397
0.00297173137549
0.00497211039446
0.00747414664587
0.0101629382439
0.0127833122737
0.0152323105619
0.0175718372418
0.0200536435825
0.0232226185651
0.0282404926302
0.0380412057754
0.0622361913501
0.138258523755
0.109989823926
0.0055033258494
0.000617610118908
0.000408455165829
0.0005975241325
0.00106038521606
0.00194375655645
0.00341692798836
0.00549370168282
0.00795520160996
0.0104996740357
0.0129135776413
0.0151264437751
0.0172154819855
0.0194326208588
0.0223064504742
0.0269399941987
0.0360312669099
0.0582665363396
0.128733561978
0.169947228864
0.0123844830042
0.000952247753692
0.000498164261933
0.000718048854999
0.0012699553954
0.00228166868384
0.00387676443151
0.00599604931573
0.00838779475884
0.0107747362554
0.0129823570684
0.0149672995753
0.0168182773145
0.0187854884387
0.0213817761084
0.0256589344988
0.0341016389827
0.0544534418228
0.118752145084
0.245379290071
0.0275740458552
0.00159491419385
0.000618304734245
0.000860610174177
0.00150776236163
0.00264518995953
0.00433984373307
0.00646900382065
0.0087675228608
0.0109887092542
0.0129931818783
0.014759868178
0.0163858254266
0.0181179563131
0.0204538136247
0.0244014081972
0.0322606423708
0.0508526346997
0.108544986867
0.336824791064
0.056484056355
0.00295066541456
0.000789448824107
0.00102695393272
0.00177180676597
0.00302731530694
0.00479640574127
0.00690632420547
0.00909399000516
0.0111454282661
0.0129520903611
0.0145110573763
0.0159252029043
0.0174369064735
0.0195287946414
0.0231721123623
0.0305155023774
0.0475205888151
0.0984363825571
0.436412573056
0.102988909497
0.00612537098244
0.0010582537007
0.00122130197274
0.00206134490195
0.00342342337678
0.00524149164618
0.00730754646992
0.00937166266113
0.0112522766498
0.0128675747229
0.0142294226041
0.0154445705921
0.0167499641987
0.0186135659226
0.0219761267826
0.0288712096621
0.0445062940254
0.0887992940343
0.500130801134
0.162844461542
0.0135113191343
0.00152169022862
0.00145380030822
0.00237905114289
0.00383297635637
0.00567535372728
0.00767687479121
0.00960806270897
0.0113182308221
0.0127487094535
0.0139234714673
0.014951693668
0.0160642557711
0.0177146355421
0.020818190644
0.0273292085267
0.0418425576155
0.0799950520794
0.539757559083
0.220924163349
0.0282350520022
0.00237230525991
0.0017434387996
0.0027298019732
0.00425711181549
0.00609997266759
0.00801918938229
0.00981007172356
0.0113507573829
0.0126026491745
0.0135996754684
0.0144523489086
0.0153851049076
0.0168370599885
0.0197017968281
0.0258865592421
0.0395401493849
0.072321005342
0.554064066448
0.268085351411
0.0515403034233
0.00400222792186
0.00212699569548
0.0031205563551
0.00469692938473
0.00651673409627
0.00833782413785
0.00998226632709
0.011354730175
0.0124340048264
0.0132621638717
0.0139502025931
0.0147159405436
0.0159842628535
0.0186290840277
0.0245368126288
0.0375879009672
0.0659836777471
0.55267413623
0.296465734925
0.0817663694833
0.00713128158927
0.00267776826573
0.00356264674464
0.00515338048531
0.00692589692091
0.0086343793773
0.0101272533421
0.0113331453919
0.0122457497024
0.0129136855466
0.0134477368762
0.0140590954351
0.0151586771654
0.0176016446493
0.0232724474837
0.0359576409214
0.0610949047275
0.541216977238
0.319739945051
0.116815543381
0.0129021566404
0.003533440945
0.00407494056231
0.00562720319953
0.00732637257816
0.00890905217873
0.0102464431177
0.011288054242
0.0120401007492
0.0125563339105
0.0129468269049
0.0134162933116
0.0143622290205
0.0166212121536
0.0220869466757
0.0346097787806
0.0576792368461
0.531522964041
0.350399367266
0.157131507145
0.0230715249004
0.00495912453338
0.00469512042224
0.00612285233364
0.00771796380841
0.00916231792295
0.0103412875245
0.0112213305472
0.0118188490787
0.0121915249341
0.0124484488476
0.0127882449609
0.0135958188569
0.0156887783101
0.0209744369819
0.0334967790502
0.0556859738477
0.532328369954
0.390862077614
0.204774361866
0.0402352364785
0.00746763412621
0.00550395260148
0.00665623889638
0.00810483997804
0.00939664338593
0.0104140436855
0.0111348468156
0.011583177309
0.0118195971023
0.0119520243426
0.0121736916119
0.0128577830602
0.014801814789
0.0199253585643
0.0325611501121
0.0550009997991
0.546226674941
0.440611990047
0.262372081999
0.0672133967924
0.0119690288857
0.00666130233263
0.00726364006044
0.00849852794327
0.00961746469126
0.0104681068514
0.0110306643142
0.0113338786433
0.0114401154209
0.0114558881025
0.0115699441148
0.0121442659786
0.0139544703592
0.0189268519309
0.0317408857409
0.0554614262772
0.571862227163
0.497856380033
0.317624891776
0.105540263151
0.0198920667616
0.00846145018073
0.00801443245848
0.00892236111086
0.00983514076172
0.0105091769714
0.0109120385591
0.011072444207
0.0110531491051
0.0109591097343
0.0109754541138
0.0114528372927
0.0131429383504
0.0179700822782
0.0309852876247
0.0568619448426
0.607259923014
0.564212431954
0.377842894598
0.154868287165
0.0332308391123
0.0114214616691
0.00903221793854
0.00941704143733
0.010067177351
0.0105463129167
0.0107840652417
0.0108016430011
0.0106600489754
0.0104626814546
0.0103915192367
0.0107845710424
0.0123673360714
0.0170545853924
0.0302588833688
0.0589358344559
0.650717539733
0.637081996287
0.447057249299
0.214158474127
0.0543610708764
0.0163673746111
0.0105235373778
0.0100463017918
0.0103403645248
0.0105931429955
0.0106546296511
0.010526445864
0.0102644258585
0.00996999658375
0.0098211734902
0.0101422431477
0.0116311662388
0.0161783306207
0.0295032527346
0.0612708795569
0.698780293881
0.714530775559
0.526924798307
0.28280695985
0.0855065457649
0.0244726032951
0.0128173097179
0.0109087005298
0.0106965761817
0.0106730203891
0.0105396336024
0.0102594149546
0.00987717550697
0.00949027632255
0.0092687314199
0.00952097306813
0.0109100446955
0.0152749995388
0.0285347574677
0.0632252713755
0.74610294417
0.793981289441
0.617824573183
0.35786626512
0.127881128921
0.0372824411122
0.0164209168297
0.0121575863728
0.0112001997211
0.0108251559829
0.0104696249025
0.0100285114034
0.00952525503523
0.00904676901345
0.00874853499921
0.00891264495437
0.0101530473388
0.0142096223498
0.0270258310915
0.0639030293154
0.784753297114
0.87180308584
0.718556210871
0.434528866887
0.180986895175
0.056630901894
0.0220651880613
0.0140223563836
0.0119419414832
0.0111064824631
0.0104938396513
0.00988465640141
0.00926427220963
0.00869871029415
0.00832092999435
0.00837830375843
0.00941831314224
0.0130262697618
0.0249181728386
0.0624365536511
0.807636009054
0.944765001035
0.825878872143
0.518732013076
0.244275650232
0.0842674935379
0.0306804248256
0.0168318141216
0.0130537590058
0.0116056842291
0.0107013850331
0.00993115565273
0.00921681424105
0.00859052744062
0.00815550494806
0.00812407072666
0.00898509773288
0.0121548367846
0.0227677093051
0.0582682798075
0.814524154004
1.01041829282
0.93363209026
0.612799060889
0.316722260393
0.121440156982
0.0435511690962
0.0211000438343
0.014764953793
0.0125022088808
0.0112979964388
0.0104238012883
0.00970077995455
0.00911352951848
0.00873384036673
0.0087499865821
0.00962194442311
0.0126277672747
0.0220084446738
0.0517243965734
0.808479511136
1.06496384184
1.03231486501
0.714767535915
0.397731959312
0.16895774038
0.0627526839633
0.0277689735972
0.017541699623
0.0141824754493
0.0127327341852
0.0119263675633
0.0114275326137
0.0111602898863
0.0111671832736
0.0116163059155
0.0129167190806
0.0160627723355
0.0236420157611
0.0422152130584
0.786919460346
1.09975734617
1.11459248883
0.822178072452
0.482683707341
0.229086887895
0.0920346845767
0.0388672016704
0.0223850206095
0.0173857129208
0.0157812901558
0.0153657411244
0.0155369679774
0.0161263564719
0.017107237363
0.0184748604337
0.0201702852789
0.0220763886863
0.0242583905715
0.0273670690092
0.747701391497
1.10474122629
1.17408368318
0.931932444592
0.581458009956
0.308908041803
0.138473228958
0.0590370676987
0.0314819838976
0.02334623531
0.0214911819437
0.0219582889735
0.0236632720658
0.0263153005713
0.0298058243942
0.0338975037326
0.0372762960625
0.0373180970579
0.0316282115408
0.0215932080775
0.675366696051
1.07386299617
1.20342466136
1.03689070253
0.705829680396
0.42149130864
0.214823908642
0.0992675291139
0.0506348294108
0.0348365528544
0.03164199745
0.0334891641022
0.0381275680309
0.044868161218
0.0535522996412
0.0629937900239
0.0733675504584
0.0844467010524
0.0930408223047
0.0925831075047
0.597279760742
0.998171769779
1.18874110249
1.12012062264
0.852891601413
0.587213398806
0.341875428586
0.184138376322
0.0981811239059
0.0621104908109
0.0517594970835
0.0531776324956
0.0609105545323
0.0731069677249
0.0859139237953
0.0991443516428
0.116360680056
0.142906072715
0.182487999575
0.232889147311
0.524166678095
0.887332493974
1.11490733047
1.14168354102
0.980794755763
0.767604937948
0.554851273811
0.352564437284
0.223549624325
0.150475461091
0.117389124937
0.109777562158
0.117546803522
0.13494611038
0.150108491271
0.154134619674
0.163577261831
0.198887237628
0.280764585244
0.43861490374
0.463607180329
0.762462976951
0.993163325028
1.08482583247
1.03092386055
0.895681644058
0.747385369787
0.605258842142
0.461336140828
0.362716226602
0.331965639944
0.373920095338
0.469059169387
0.529388938182
0.447817375468
0.302140164049
0.229482234733
0.240856472871
0.360546787916
0.692015787141
0.41729235145
0.646472315964
0.85202252405
0.975890512873
0.995227264912
0.935992725769
0.839607979516
0.729413280489
0.634106948342
0.605829253814
0.73040894215
1.1102761858
1.38457683116
1.04369473013
0.698656270859
0.432858375659
0.260025394831
0.228162104962
0.376472735812
0.890385594
0.382081764253
0.546472745724
0.717829788487
0.844003681167
0.901232484888
0.892274467113
0.835787834963
0.759930101324
0.742482468753
0.927888385416
1.30670533442
1.29177856574
1.03497130539
0.88003729671
0.740469524456
0.522773430455
0.269022283238
0.186811179243
0.322791219899
0.923460901107
0.354710693591
0.460033220611
0.600091293352
0.713238926681
0.780588315598
0.794655658983
0.767941778548
0.759380367114
0.907068844381
1.21848118368
1.2504154043
1.12166698856
1.02405592738
0.926160711126
0.787986066606
0.595724756019
0.268112360084
0.177265460259
0.283352754201
0.808210684725
)
;

boundaryField
{
    emptyPatch
    {
        type            empty;
    }
    minY
    {
        type            fixedValue;
        value           nonuniform List<scalar> 0();
    }
    maxY
    {
        type            inletOutlet;
        inletValue      nonuniform List<scalar> 0();
        value           nonuniform List<scalar> 0();
    }
    maxX
    {
        type            fixedValue;
        value           nonuniform List<scalar> 
38
(
0.634519864296
0.604315294129
0.574779683247
0.54566544511
0.516807456788
0.488138793649
0.459693412073
0.43160993998
0.404136033993
0.377620351773
0.352473812792
0.329110243374
0.307879177217
0.289019677403
0.272650165494
0.258782618243
0.247339898105
0.238163615867
0.230970629217
0.225386438599
0.221067059787
0.217727642122
0.214740379124
0.21030164211
0.201324445322
0.187132355763
0.171839616815
0.16786785487
0.192610739685
0.261009839785
0.435024074031
0.845191826243
1.42619617025
2.03245042698
2.53050200359
2.75661639295
2.66814919389
2.39669998776
)
;
    }
    water_to_heater
    {
        type            fixedValue;
        value           nonuniform List<scalar> 
60
(
9958.00581912
9958.00581912
9997.99204611
10207.5321564
10603.7260053
10603.7260053
11109.1498952
11109.1498952
11649.2687881
11649.2687881
11933.1902541
11876.2029948
11395.6916969
11395.6916969
10513.244221
10513.244221
8932.48159221
8932.48159221
7398.40606225
7198.20515451
8599.56925654
8599.56925654
11141.9789268
11141.9789268
12097.8769121
12097.8769121
12091.0375915
11744.9221573
11195.8019276
11195.8019276
10664.1868414
10664.1868414
10225.248454
10225.248454
9968.45616997
9955.72106709
10330.2609063
10330.2609063
11090.2552009
11090.2552009
12034.6848914
12034.6848914
12650.0533158
12462.2428991
11460.0123196
11460.0123196
10469.3674595
10469.3674595
10498.7614978
10498.7614978
12444.8726829
16209.9779594
19136.0286687
19136.0286687
18778.476829
18778.476829
17564.561223
17564.561223
16274.1783713
14753.5370432
)
;
    }
    procBoundary3to1
    {
        type            processor;
        value           nonuniform List<scalar> 
41
(
9.98561209854
5.22372112839
2.83258838358
1.58832181352
0.962246993368
0.659925957812
0.513463336938
0.435615569451
0.387929772819
0.357046174121
0.336802428364
0.321933038881
0.316886458144
3915.58863361
1212.27361639
440.687887653
179.757625251
80.1312470515
38.040660707
9.98561209854
18.8731217116
0.333074479315
0.391507883172
0.49299397083
0.591007016454
0.651440246133
0.668811320306
0.670135531238
0.7559470221
1.04075753388
1.22433379512
1.22834688886
1.21603447527
1.15192554581
1.03062871119
0.868165441115
0.664127933592
0.229237598604
0.171191860405
0.261318013846
0.661251720444
)
;
    }
    procBoundary3to2
    {
        type            processor;
        value           nonuniform List<scalar> 
41
(
3216.81659001
911.14248552
280.958104751
98.2832222548
39.4704057376
16.4416482812
6.99169657332
3.16906659135
1.58067954339
0.903177323566
0.601025776622
0.447797228344
0.362641903127
0.332233501731
0.354195132597
0.41671129526
0.417587185295
0.329821098879
0.183987000748
0.0264831598582
0.000127873846944
0.000164163519229
0.000247902072333
0.000433794760884
0.000851659587219
0.00176326381222
0.00354573727465
0.00641359648083
0.0101303840425
0.0142697086337
0.0186222919894
0.0233447841747
0.0291051215228
0.0376405031408
0.0537245981638
0.09177240571
0.194942795596
0.00107644311226
0.000210674517002
0.000137361535837
0.000137361535837
)
;
    }
}


// ************************************************************************* //
