/*--------------------------------*- C++ -*----------------------------------*\
| =========                 |                                                 |
| \\      /  F ield         | OpenFOAM: The Open Source CFD Toolbox           |
|  \\    /   O peration     | Version:  2312                                  |
|   \\  /    A nd           | Website:  www.openfoam.com                      |
|    \\/     M anipulation  |                                                 |
\*---------------------------------------------------------------------------*/
FoamFile
{
    version     2.0;
    format      ascii;
    arch        "LSB;label=32;scalar=64";
    class       volScalarField;
    location    "0.47/water";
    object      km;
}
// * * * * * * * * * * * * * * * * * * * * * * * * * * * * * * * * * * * * * //

dimensions      [0 2 -2 0 0 0 0];

internalField   nonuniform List<scalar> 
1504
(
1.97908202923
0.903104956365
0.433146817554
0.223801463964
0.125166928733
0.0712084596586
0.0412541500464
0.025190543894
0.0166879351226
0.0120825894328
0.00902809480229
0.0062363405215
0.00349887091061
0.00188018389093
0.00150163584391
0.00157526916869
0.00156625092633
0.00140729486586
0.00118852956944
0.000729699697232
2.01217550428
0.921046954487
0.440080612342
0.224282923563
0.122689925977
0.069251805437
0.0406791895723
0.0253261692328
0.017077795972
0.0124703999857
0.00928482561079
0.00638730639838
0.00361339063267
0.00196532500571
0.00155475165079
0.00161852359911
0.00162266669633
0.00148334349542
0.0012784607747
0.000865198899766
2.03231113853
0.93477662849
0.447264218841
0.225255165106
0.12002124499
0.0673422494382
0.0400587753107
0.0253713997812
0.0173938614447
0.0127629253605
0.00944619551064
0.00646465201483
0.00367893672363
0.0020319624193
0.00160708138143
0.00166161047613
0.00168424563673
0.00157631950977
0.00138392085624
0.000993750449244
2.04091659001
0.944719264722
0.454184773588
0.22608235956
0.117811922188
0.0658464877628
0.0394849534039
0.0253607016276
0.0176245154671
0.0129334245143
0.00950800068814
0.00647128718678
0.00369760828997
0.00207541473455
0.00165151423812
0.00169842775255
0.00174768891077
0.00168148475792
0.00148461608114
0.00111629161629
2.05435037649
0.954727294675
0.459781650728
0.226065789324
0.116160873002
0.0646168201121
0.0388805209788
0.025282384327
0.0177205188208
0.0129570494943
0.00946945866472
0.00641048805325
0.00367111197897
0.00209117680239
0.00168037379255
0.00172449889307
0.00181031760861
0.00179349624324
0.00158817947889
0.00123033073248
2.06242113411
0.96958045248
0.46835914526
0.227942810286
0.115496747677
0.0635740447184
0.038266725428
0.0251394795013
0.0176538791803
0.0128451735562
0.00934539793975
0.00629555727689
0.00360776127383
0.0020809869132
0.00169085746241
0.00174012085656
0.00187078121124
0.00190129409151
0.00169124113961
0.00133425074893
2.04202321427
0.983818713035
0.480053519601
0.231918746425
0.11540262086
0.0625854350212
0.0376861709336
0.0248993885072
0.0174299037577
0.0126420543448
0.00916528230673
0.00614783337754
0.00352285744637
0.00205292885945
0.00168900512253
0.00174927262969
0.00192361436367
0.00198975449426
0.00178782586972
0.00142910853646
2.0203060617
0.999510480558
0.492640590856
0.236130584999
0.115211572453
0.0616272407876
0.0371855658422
0.024576362396
0.0171377164844
0.0124139523618
0.00896668223147
0.0059920625206
0.00343447244695
0.00201693832596
0.00167701409418
0.00175561708267
0.00196196310269
0.00205553874898
0.00187687936637
0.00151743082998
2.0592736675
1.02795777824
0.50575999266
0.23945388361
0.114800004435
0.0609305539568
0.0368807044407
0.0243250954369
0.016937558259
0.01224297379
0.00879033852135
0.00585192932048
0.00336201866431
0.00198263830846
0.00165526003861
0.00175761008432
0.00198175798383
0.00210061974391
0.00195830593561
0.00159286509387
2.16128122361
1.0782323023
0.523791050346
0.24269126468
0.114605386767
0.0608223219286
0.0369989676084
0.0244148607563
0.0169852248067
0.0121947911737
0.0086493850113
0.00573023008397
0.00332644796766
0.0019641150842
0.00163719208591
0.00174963276881
0.00197995802268
0.00212510113392
0.00203359844549
0.00167536174911
2.35168645496
1.16185030333
0.544795898558
0.245349682381
0.115391270697
0.0619272360597
0.0380046988744
0.0251643730642
0.0174026568221
0.0122406817799
0.00847113395486
0.00563337566652
0.00336288054505
0.00199514583021
0.00163578932832
0.00173588214579
0.00195731646873
0.00213087443375
0.00210308631104
0.00177451972432
2.71196150758
1.25580475499
0.559845345892
0.249248388446
0.11903469337
0.0651158652671
0.0403508150314
0.0266834589039
0.017989019187
0.0121452062948
0.00829980694425
0.00567566808772
0.00351888310994
0.0021039896907
0.00166289821513
0.00172241655021
0.00192077640122
0.00212143934382
0.00216201612732
0.00188662800321
3.09960002165
1.30850472709
0.573114104354
0.258713429033
0.126255197721
0.0701425663692
0.0435472224645
0.0282069098804
0.01820321897
0.0120055838342
0.00833468935496
0.0058834665272
0.00379215078832
0.00228848682059
0.00172901511874
0.00172149894595
0.00188089452507
0.00210217966564
0.00221391325493
0.00201525162319
3.13591101564
1.31026693678
0.576054374679
0.264774436948
0.132174369082
0.0743497619381
0.0458224070578
0.0287652483463
0.0181334380396
0.0120438879716
0.00854154158034
0.00617346926612
0.00411680581527
0.00251771250803
0.00183491319232
0.0017400951343
0.00184749547796
0.00208155009545
0.00227221152431
0.00215002101844
3.02810027583
1.25405705554
0.555940689028
0.261385348464
0.133604009604
0.0759918467313
0.0463979238759
0.0285224804369
0.0179761077201
0.0121124780938
0.00876258193297
0.00645748697253
0.00442211712573
0.00275200546078
0.0019630198382
0.00177257337279
0.00182615171879
0.00206829522496
0.00233810278498
0.00228343764065
2.89804458438
1.18656857245
0.531317214753
0.254990626887
0.132760268266
0.0761780808063
0.0460878213644
0.0279186439792
0.0176251982229
0.0120904429007
0.00894980409525
0.00669940608079
0.00466533829211
0.00295710034671
0.00208073534639
0.00180693648035
0.00182085208323
0.00206096424957
0.00241465120219
0.00242608959631
2.75341233169
1.12290940952
0.509036973554
0.248097583631
0.131125975992
0.0758886470588
0.0453685531712
0.0270791463626
0.0172185740694
0.0121063440385
0.00911967441471
0.00687571591104
0.00481791578506
0.00310356272045
0.00216564938688
0.00182879841941
0.00180961155789
0.00205124595395
0.00249697491572
0.0025732133951
2.59654573891
1.05830702049
0.486993656946
0.241679028033
0.130526126457
0.0759320282499
0.0446909352227
0.0264903908936
0.017113376028
0.0122578927484
0.00922691958455
0.00692413470601
0.00486267358176
0.00318387438106
0.0022226957166
0.00183069514612
0.00177357071321
0.00202611136254
0.00255979144607
0.00269882591098
2.39271227298
0.98146656094
0.467036150674
0.242073919127
0.134180094417
0.077217896817
0.0446512116358
0.0266441149967
0.0174414988949
0.0124391690576
0.00923359131154
0.0068243766487
0.00481924106872
0.00322772812598
0.00224839906097
0.00180499493947
0.00171614423761
0.00197092717613
0.00256651553673
0.00277437710838
2.1053796653
0.935333010173
0.478719092469
0.258999988534
0.143213134677
0.0803853757174
0.0457479529036
0.027444854243
0.0179440305061
0.0125931798434
0.00915475250809
0.00667498645477
0.00472614936738
0.00320585101986
0.00221981511739
0.00175270920864
0.00163621296551
0.00185128024587
0.00248333758323
0.00278887793315
1.95604844569
1.01051109182
0.544646043525
0.294676249538
0.157998228934
0.0853397152283
0.0478755088494
0.0287688858766
0.0186471842497
0.0128052644228
0.00910614292944
0.00653489523014
0.00458431771722
0.00309347670751
0.00212200622862
0.00166335905629
0.00152790611891
0.00167293158804
0.0022932560401
0.00272703483665
2.31368330144
1.25564309112
0.663267993666
0.340792004703
0.175112490331
0.0932243181702
0.0525061589366
0.0315496775942
0.020092695358
0.013433069398
0.00930185701407
0.00652318787908
0.00447908723753
0.0029520763686
0.00197788289381
0.00152241827557
0.00138459123712
0.0014699938484
0.00202452198386
0.00257329175875
3.19375722263
1.62842542661
0.778652746364
0.38215945996
0.19720483187
0.107595751789
0.0614289486578
0.0367143843485
0.0228956688527
0.0148400349476
0.00995788813858
0.00678958751837
0.00452687370285
0.00286271364622
0.00182718819946
0.00135925762496
0.00122683681014
0.00128992885825
0.00174183316697
0.00234177315209
4.24275079837
1.91011764951
0.883830258766
0.434738484893
0.230558209058
0.128779997717
0.0736815940907
0.0436873778393
0.0268476206156
0.0170393818463
0.0111420556348
0.00741727093462
0.00481068871988
0.00289929960443
0.0017311240744
0.00122395485042
0.00108929288451
0.00114558622639
0.00147215828345
0.00208847377
4.65546000052
2.02946608405
0.970111862806
0.500966527067
0.278092321703
0.157719955598
0.0884028916376
0.0515473792256
0.0313021306294
0.0196318355962
0.0127095513454
0.00837805119755
0.00535496782267
0.00311678302832
0.0017493756547
0.00116197766979
0.00100362556269
0.00104656089776
0.00127653370272
0.00186829456448
4.58224021001
2.05689293722
1.02050624123
0.547413820127
0.315821572974
0.187605193293
0.105149660249
0.0604793858378
0.0363067577487
0.0225222027512
0.0144946252581
0.00954876339126
0.00608671387408
0.00350102286363
0.00189872302258
0.00119081363632
0.00098231716309
0.000999473454291
0.00118038076555
0.00170446948278
4.04686598654
1.94773503328
1.02388400531
0.575282456583
0.343283872933
0.208036445485
0.119452822019
0.0694915445833
0.0417133922485
0.0257451444027
0.0164716334042
0.0108200747671
0.00689357929012
0.0039908342274
0.00215955830454
0.00130415734842
0.00102092694557
0.000998592584688
0.00113417785534
0.00157655332719
3.31921019988
1.7343364612
0.971650232942
0.576368517176
0.357300663405
0.219474203213
0.129282878625
0.0767260736189
0.046566727711
0.0288754942197
0.0184496892316
0.0120433281267
0.0076420315072
0.00447583636208
0.00246200751933
0.00146860590441
0.001103309586
0.00103537641792
0.00112782699524
0.001480378628
2.86612306125
1.53364546931
0.888468117035
0.549516074534
0.353695660893
0.221429087541
0.134299131536
0.0817723127478
0.0505700328428
0.0317594438902
0.0203526748098
0.0131711197928
0.00830522351342
0.00492235802615
0.00276779855636
0.00165609822752
0.00121135634064
0.00109726913534
0.00115047833234
0.00142653384313
2.70119761976
1.39004904729
0.799672555413
0.504226826787
0.333841829306
0.214297314799
0.134308543414
0.0842978320573
0.0534099122707
0.0341621324492
0.0220324788017
0.014158884947
0.00889921218003
0.00534556754602
0.00307782024303
0.00185983058565
0.00133732257997
0.00117672172923
0.00119408418371
0.0014031531299
2.69909432776
1.3055230157
0.7192442889
0.451651152976
0.302858069919
0.199988383089
0.129824866976
0.0841387400376
0.0547464583139
0.0357569102338
0.0232910960026
0.01495857814
0.00943652646429
0.00576362837514
0.00340038260308
0.00208034754417
0.00147830376981
0.00127011742094
0.00125434209562
0.00140437931828
2.7463921827
1.25789070743
0.659354115244
0.403081950735
0.26984475589
0.182431781627
0.122116867497
0.0815016751481
0.0544261347224
0.0363292064932
0.0239899646205
0.0155207250459
0.00990569606374
0.00617563515666
0.00373509646764
0.00231576123166
0.00163187812885
0.00137388143853
0.00132650004395
0.00142739774865
2.76637783192
1.23215814507
0.623228214198
0.36621256945
0.240691791253
0.164110219833
0.1122941918
0.076806548279
0.0525581362505
0.0358759050852
0.0240868507038
0.0158021688858
0.0102731290885
0.00655829336999
0.00406707189665
0.0025575536994
0.00179242639838
0.00148262982294
0.00140321422646
0.00146370295085
2.75222925025
1.18891985185
0.586550144799
0.33296291367
0.213995696072
0.145896951841
0.101262314805
0.0706963940028
0.0495529029601
0.0345992490102
0.0236257423847
0.015784338358
0.0104998252099
0.00687637658727
0.0043731922669
0.00279213610939
0.00195191219116
0.00158840341918
0.00147421072091
0.00149857196938
2.81427654552
1.15788095812
0.5534322836
0.302855473114
0.18976131159
0.128613597023
0.0901429715713
0.0641841741695
0.0460927118768
0.0328158347788
0.0227173705706
0.0154970201153
0.0105708134117
0.00710746329256
0.00463739081331
0.00301088960131
0.00210406333812
0.00168384340582
0.00152719908792
0.00151680071603
2.96888481846
1.17422058934
0.540382568448
0.282369939005
0.170842242797
0.114413428753
0.080815850874
0.0586959513354
0.0429514953174
0.0308429546679
0.0215925006045
0.015061544473
0.0105328585718
0.0072686277242
0.00486836346496
0.00321829618722
0.00225136064457
0.00176693364118
0.00155818996564
0.00150902015082
3.10027189495
1.21453139585
0.544383600349
0.272986902826
0.159423852884
0.105406150628
0.0749855627589
0.0551280137358
0.0404572056905
0.0290459283081
0.0206069802486
0.0146736960984
0.0104883506302
0.00741211902528
0.00509138744192
0.00342430349622
0.00238410390002
0.00182741978443
0.00156698652897
0.00147476924299
3.05294663697
1.21657741923
0.543651658453
0.270815810888
0.155960270781
0.102465240531
0.0729944001039
0.000147433119923
0.000146658139531
0.000150037981506
0.000164226014337
0.000203804661685
0.000292190293037
0.000447172015864
0.000656149677957
0.000881842952207
0.0010924427247
0.00127271254633
0.00142065849807
0.00154512082034
0.00167042238555
0.00185829961493
0.00227701082828
0.00333409060928
0.00023562061529
0.000158331222147
0.000151116014945
0.000148832823428
0.000148924861995
0.000154627672071
0.000174447633415
0.000225333360278
0.000330147519124
0.000499055448419
0.000711033010774
0.000929285653032
0.00112694225747
0.00129234403348
0.00142521868992
0.00153485100143
0.00164482570154
0.00181434656033
0.00220718542586
0.00323254223777
0.000291440064542
0.000162804052433
0.000152518622161
0.000150521135918
0.000151871518489
0.000160786085785
0.000187865044834
0.00025192992719
0.000373371607267
0.000553630646499
0.000765556685662
0.00097471722229
0.00115892836933
0.00130955243366
0.00142772416703
0.00152304607225
0.00161834473704
0.0017702689657
0.00213777966489
0.00313303149485
0.000372019108367
0.000169564466689
0.000154236196011
0.000152641290077
0.000155769819354
0.000169019699293
0.000205171027891
0.000283981602455
0.000421370990429
0.000609965712142
0.000819087119525
0.00101783248291
0.00118826897016
0.00132428754362
0.00142816455894
0.00150971506543
0.00159100067489
0.0017261121727
0.00206881784306
0.00303465681863
0.00047730154894
0.000179690486331
0.000156434748431
0.000155405077291
0.000160993338447
0.000179943613044
0.000227048158851
0.000321638043091
0.000473430022571
0.000667161866528
0.000871085582917
0.00105838344908
0.00121486542839
0.00133652403301
0.00142655311996
0.00149489068626
0.00156283052222
0.00168191857298
0.00200033854603
0.00293659996947
0.000598472211433
0.000195150224504
0.000159370889173
0.000159083993849
0.000168004808619
0.000194238763714
0.000254074733706
0.000364751603305
0.000528659356716
0.000724369769536
0.000921077665393
0.00109615249451
0.0012386335649
0.00134624771663
0.00142291525738
0.00147861768743
0.00153388032844
0.00163772978623
0.00193239688332
0.00283819159822
0.000721541251471
0.000219670923093
0.000163458781424
0.000164009021815
0.000177336915215
0.000212582394351
0.000286613507549
0.000412840681129
0.000586043654148
0.000780786555131
0.000968631022925
0.00113094171247
0.00125950217406
0.00135345807633
0.00141729142285
0.00146095571428
0.00150420596087
0.00159358957679
0.00186506182443
0.00273893446338
0.000837352476138
0.000259328604728
0.0001692751821
0.000170573497086
0.000189568443807
0.000235565476132
0.0003247225155
0.00046511405085
0.000644514711627
0.000835677912131
0.00101337069238
0.00116259487424
0.00127743604058
0.00135818778645
0.0014097512233
0.00144198701894
0.00147387859054
0.00154954269108
0.00179840433437
0.00263852622487
0.000945396615531
0.000321416055389
0.000177567633683
0.000179229271186
0.000205283607198
0.000263608218829
0.000368119785741
0.000520563920917
0.000703048296267
0.000888425769819
0.00105501863996
0.00119103329911
0.00129246440002
0.00136052229223
0.0014004050879
0.00142182366837
0.00144298716803
0.00150563808237
0.00173249218759
0.00253687299028
0.00105246203639
0.000410787452496
0.000189625205831
0.000190498916646
0.00022501910872
0.000296895548261
0.000416220812304
0.000578109598644
0.000760769382388
0.000938587585662
0.00109343957396
0.00121629074772
0.00130470413892
0.0013606128622
0.00138941008119
0.00140060863539
0.0014116415588
0.00146193255697
0.00166738814243
0.00243408792077
0.00116839247677
0.000526631075119
0.000208449257901
0.000205077595675
0.000249269277956
0.000335410241584
0.000468295757601
0.000636799677136
0.000817077286447
0.000985970184719
0.00112869010742
0.00123854316006
0.00131437408093
0.00135868002008
0.00137696723771
0.00137851255936
0.00137997037047
0.00141849801022
0.00160315624573
0.00233044539926
0.00129654026534
0.000663304796368
0.000240593015085
0.000224065480021
0.000278618486369
0.000379111126997
0.000523728403938
0.000696020243341
0.000871740633285
0.0010306633192
0.00116101988491
0.00125808967633
0.00132176452905
0.00135497861971
0.00136328736557
0.00135570320144
0.00134810097828
0.00137541169207
0.00153985543216
0.00222625946559
0.00143085159271
0.00081334464366
0.000296976586738
0.000249225130486
0.00031388377971
0.000428080061284
0.000582148626316
0.000755505561123
0.000924804689279
0.001072912218
0.00119073973355
0.00127522907644
0.00132712866132
0.00134970716396
0.001348519017
0.00133229265336
0.00131612217615
0.00133274082934
0.00147753841746
0.00212173506154
0.00157779979369
0.000971477497079
0.000389372966362
0.000283103693711
0.000356033084852
0.000482400336582
0.000643255181259
0.000815074091558
0.000976308376107
0.00111286990118
0.00121802206991
0.00129010691286
0.00133057053726
0.00134292967469
0.00133269662696
0.0013083027504
0.00128406368027
0.00129052658498
0.00141624723762
0.00201689398369
0.00169776183462
0.00113737826682
0.000524633196001
0.000329573311962
0.000406076566562
0.000542009471005
0.000706625089209
0.000874412134405
0.00102610449769
0.00115047531218
0.00124282970914
0.00130268217569
0.00133203835435
0.00133458644468
0.00131576193924
0.00128369320276
0.0012519217363
0.00124881136173
0.00135605239132
0.00191165266264
0.00183592453494
0.00131386316187
0.000701102370913
0.000395275241819
0.000465141335196
0.000606710605966
0.000771674061281
0.000933022466607
0.00107384039715
0.00118546754552
0.00126494987951
0.00131276908232
0.00133136690752
0.00132453538493
0.00129760586381
0.00125840552182
0.001219712635
0.00120769568589
0.00129712176132
0.00180599464534
0.00201433401018
0.00150059327948
0.000908712872447
0.000490393996964
0.000534263244447
0.000675876831796
0.000837421991408
0.000990071705061
0.00111888367625
0.00121735960695
0.00128398780735
0.00132003338467
0.00132827117519
0.00131254601413
0.00127807186619
0.00123238817172
0.00118752264374
0.00116742269494
0.00123982911971
0.00170018982044
0.00223136382056
0.00170810783913
0.00114226196887
0.000628783185053
0.000614784610896
0.000748511709816
0.000902625900665
0.00104456635585
0.00116050346533
0.00124559252092
0.00129947590442
0.00132405098696
0.00132235565222
0.00129826571253
0.00125688777688
0.00120550235797
0.00115540559502
0.00112828214426
0.00118469783689
0.00159491262734
0.0024329252468
0.00193254770179
0.00140609994476
0.00082814658228
0.000710871330109
0.000824606791475
0.000966824988495
0.0010961149038
0.00119839411589
0.00126986490202
0.00131104278155
0.0013243324935
0.00131299117098
0.00128092637207
0.00123316617811
0.0011767781284
0.00112236603345
0.00108934753682
0.00113101139557
0.00149010829636
0.00259230426581
0.00212616344981
0.00168824060444
0.0010961233523
0.000831217836803
0.000905740346364
0.00103060170928
0.00114500650502
0.00123265504238
0.00129007742619
0.00131837071196
0.00132033609754
0.00129943129561
0.00125962964537
0.00120594364943
0.00114529956089
0.00108765774133
0.0010501560912
0.00107868230495
0.00138655305208
0.00269044745948
0.00230786101317
0.00194567712052
0.00140745861715
0.000987005256185
0.00099446144494
0.00109470830473
0.00119155137959
0.00126338001053
0.00130615753246
0.00132123527143
0.00131169960043
0.00128121413492
0.00123389878197
0.00117486741689
0.00111100068702
0.00105162677195
0.00101151673962
0.00102897981981
0.00128625326631
0.00271386637556
0.00245627461309
0.00215627046016
0.00171632584528
0.00118647554999
0.00109487126325
0.00115999425855
0.00123604622827
0.00129074791647
0.00131823956505
0.00131969334095
0.00129831389309
0.00125794869725
0.00120295467831
0.00113870045822
0.00107213907595
0.00101198530939
0.000970675666522
0.000979117419215
0.00118750088067
0.0026659548907
0.00256499538484
0.00232323834644
0.00199982893625
0.00143089626616
0.00121388991356
0.00122797335519
0.00127898650737
0.00131515797623
0.00132674833115
0.00131410724712
0.00128028094288
0.00122919659026
0.001165488575
0.00109493764117
0.0010247782261
0.000963357729259
0.000921138893374
0.000922074936026
0.00108365120095
0.00256909066778
0.00264153977862
0.00248958584657
0.00227717473143
0.00172025008067
0.00136312610162
0.00130193125029
0.001320798731
0.00133645054189
0.00133137148769
0.0013040295519
0.00125688969422
0.00119371498174
0.00111920546276
0.00103935563626
0.000961758377858
0.000895279839154
0.000850084918249
0.000844449453129
0.000962724762209
0.0024555636515
0.00270268225704
0.00270578714221
0.00258738449824
0.00206252551425
0.00156296628287
0.00138988282451
0.00136260839664
0.00135416009872
0.00133157627974
0.00128949660995
0.00122923566498
0.00115417403897
0.0010688547897
0.000979096526584
0.000892510552555
0.000819158967353
0.000771434881785
0.000763489421664
0.000843892480404
0.00234565816611
0.00276121647193
0.00297029831747
0.0029627808288
0.00247387324774
0.00184507594604
0.00151075321748
0.00140949110055
0.0013694001232
0.00132826963414
0.00127257585404
0.00120130588537
0.00111710904174
0.00102425853779
0.000928349229412
0.000836868451348
0.000761082049258
0.000718295736066
0.000723822151179
0.000785751241201
0.00224523182602
0.00281592934689
0.00326220144853
0.00339584310405
0.00297323229102
0.00224657371564
0.00170352941499
0.00147700915387
0.00138798301766
0.0013254616691
0.00125805277883
0.00117968503657
0.00109167175316
0.000998415882524
0.000906441326814
0.000825737392653
0.000772802265925
0.000771184573504
0.000832337832003
0.000909152442297
0.00215879888312
0.00285760169542
0.00355707743582
0.00387981160336
0.00358265296813
0.00280074416973
0.00202796240738
0.00159925052811
0.00142226594563
0.00132735531358
0.0012470108852
0.00116410649482
0.00107828120443
0.000996609814937
0.000932533912324
0.000905554696579
0.000932165902119
0.00102521030377
0.00118644259403
0.00133940910463
0.00208752015855
0.00287119894154
0.00382516871098
0.0044243627737
0.0043280933614
0.00350922192708
0.00253940408515
0.00183187533243
0.00148731125517
0.00132444029844
0.00121554598127
0.00112042051765
0.00103833335194
0.00098960477396
0.00100445594993
0.00108894278214
0.00123846831804
0.00145615551192
0.00174814952934
0.00205602689245
0.00202964460189
0.00286489389204
0.00401437422154
0.00495983209402
0.00506504391142
0.00435816445051
0.00324572323934
0.00221724338823
0.00158327488544
0.00126550342001
0.00108014101357
0.000949313000012
0.000887418790014
0.000943165239117
0.00110656053873
0.00134689469585
0.00164382626341
0.0020073720337
0.00246443305906
0.00298610981384
0.00197769884401
0.00285132067406
0.00411879982728
0.00537463888434
0.00582023312146
0.00531284235811
0.00407632922074
0.00274509565482
0.00170485580133
0.00109574863573
0.000783232031804
0.000659580670705
0.000724906445476
0.000941550869714
0.00127380266887
0.0016770620438
0.00213030241586
0.00266205130628
0.00333346954457
0.00416486917027
0.00191694187718
0.00280203988807
0.00413859256052
0.00562439043626
0.00647776442445
0.00622304677352
0.00505435813377
0.00343755419978
0.00198883347099
0.00101774889285
0.000590081958817
0.000566721515547
0.000735786043868
0.00104705622843
0.00149372321781
0.00203479956872
0.00264682512327
0.00337766153016
0.00433908529381
0.00563815991779
0.00184565786125
0.0027028592148
0.00404534688719
0.0056790021536
0.00690721636459
0.00709410392534
0.00617558503053
0.00450300175333
0.00277387013725
0.00149562251831
0.000861347636867
0.000790334129981
0.00094939196219
0.00121865074498
0.00166564646375
0.00227423546575
0.003021631002
0.00396943294431
0.00530051855628
0.00727845869637
0.00177897252471
0.00256427292275
0.00383530948952
0.00551449886621
0.00699607372198
0.00760852967737
0.00712340196618
0.00593786396163
0.00441529978186
0.00291159586424
0.00202191378827
0.00188070022568
0.00192680543329
0.00157665880158
0.00176580079976
0.00226649282036
0.00304871663506
0.00417669998125
0.0059056648492
0.0087511449962
0.00171650793545
0.00236095646094
0.00352706331793
0.00514473936891
0.00673070687365
0.00762915505453
0.0075659163597
0.00679051292769
0.0057267618567
0.00481250829844
0.00448087361456
0.0052651258204
0.00389767042816
0.00239822909876
0.00206759347567
0.00216920620573
0.00274144095133
0.00392229419091
0.005981519801
0.00972153553886
0.00165415712302
0.00212630895297
0.00314828080096
0.00459282148307
0.00613409962165
0.00717162015342
0.00743379258548
0.00706840984796
0.00646497377454
0.00617608281737
0.00604628078253
0.00498606236281
0.00394985604481
0.00252171716141
0.00225938747008
0.00249326396874
0.00251213527933
0.00349430614818
0.00571277384873
0.01009592424
0.0015873869197
0.00189897371854
0.00266691899805
0.00390923730252
0.00527676862972
0.00634536261753
0.00687151200112
0.00694224361549
0.00679201222094
0.00628639550403
0.00544970820919
0.00463094486356
0.00397528697536
0.0028753781801
0.00193045504477
0.00254492501197
0.00260048304647
0.00315040578954
0.00534845029287
0.00995556202808
0.00150509264265
0.00169966093415
0.00220902424544
0.00315461111348
0.00429779498952
0.00533077516217
0.00603994040076
0.00635589102134
0.00622349582942
0.005672326403
0.00500854371309
0.00436989904702
0.00380610680459
0.00276980650303
0.00204622649202
0.00276099816871
0.0024626351789
0.00287181931814
0.00501132046534
0.00947371965075
)
;

boundaryField
{
    emptyPatch
    {
        type            empty;
    }
    minY
    {
        type            fixedValue;
        value           nonuniform List<scalar> 0();
    }
    maxY
    {
        type            inletOutlet;
        inletValue      nonuniform List<scalar> 0();
        value           nonuniform List<scalar> 0();
    }
    water_to_cooler
    {
        type            kqRWallFunction;
        value           nonuniform List<scalar> 
38
(
0.00333409060928
0.00323254223777
0.00313303149485
0.00303465681863
0.00293659996947
0.00283819159822
0.00273893446338
0.00263852622487
0.00253687299028
0.00243408792077
0.00233044539926
0.00222625946559
0.00212173506154
0.00201689398369
0.00191165266264
0.00180599464534
0.00170018982044
0.00159491262734
0.00149010829636
0.00138655305208
0.00128625326631
0.00118750088067
0.00108365120095
0.000962724762209
0.000843892480404
0.000785751241201
0.000909152442297
0.00133940910463
0.00205602689245
0.00298610981384
0.00416486917027
0.00563815991779
0.00727845869637
0.0087511449962
0.00972153553886
0.01009592424
0.00995556202808
0.00947371965075
)
;
    }
    water_to_heater
    {
        type            kqRWallFunction;
        value           nonuniform List<scalar> 
60
(
1.97908202923
1.97908202923
2.01217550428
2.03231113853
2.04091659001
2.04091659001
2.05435037649
2.05435037649
2.06242113411
2.06242113411
2.04202321427
2.0203060617
2.0592736675
2.0592736675
2.16128122361
2.16128122361
2.35168645496
2.35168645496
2.71196150758
3.09960002165
3.13591101564
3.13591101564
3.02810027583
3.02810027583
2.89804458438
2.89804458438
2.75341233169
2.59654573891
2.39271227298
2.39271227298
2.1053796653
2.1053796653
1.95604844569
1.95604844569
2.31368330144
3.19375722263
4.24275079837
4.24275079837
4.65546000052
4.65546000052
4.58224021001
4.58224021001
4.04686598654
3.31921019988
2.86612306125
2.86612306125
2.70119761976
2.70119761976
2.69909432776
2.69909432776
2.7463921827
2.76637783192
2.75222925025
2.75222925025
2.81427654552
2.81427654552
2.96888481846
2.96888481846
3.10027189495
3.05294663697
)
;
    }
    procBoundary3to1
    {
        type            processor;
        value           nonuniform List<scalar> 
41
(
0.05344998965
0.0389629572626
0.0280645120111
0.0201441599644
0.0145434755671
0.0105475146386
0.00758229271119
0.00531398851343
0.00362547098145
0.00251230724157
0.00187534713479
0.00155710313685
0.00142117138517
2.76998041102
1.17170994914
0.542764519149
0.277329360804
0.160649257593
0.105222644916
0.05344998965
0.0745541052583
0.00140747366526
0.00152506334831
0.00184242040233
0.00245374286808
0.00336273877461
0.00428192517456
0.00503098997703
0.0053941439928
0.00537747131093
0.00505150444634
0.00456669818686
0.00405374937144
0.00357113347038
0.00239952439377
0.00232664775896
0.00288489986665
0.00203521094631
0.00257280549903
0.00477122734917
0.00894826218126
)
;
    }
    procBoundary3to2
    {
        type            processor;
        value           nonuniform List<scalar> 
41
(
1.93794066895
0.883122256724
0.426414708782
0.223164535918
0.126580319079
0.0723655081138
0.041412389263
0.0248391265424
0.0161937213906
0.0116108257596
0.00868441051599
0.00600811543301
0.00333005290793
0.00177947078702
0.00145414908112
0.00153709395577
0.00151686761476
0.00134999195775
0.0011084171445
0.000588328253005
0.000146255458416
0.000144901552767
0.00014663366724
0.000156560965601
0.000186783620396
0.000259708926119
0.000398871236715
0.000601629997888
0.000832758182817
0.00105560288488
0.00125074143144
0.00141408724806
0.0015538838409
0.0016951453021
0.00190203988535
0.00234691934539
0.00343810444821
0.000199643827899
0.000155330668716
0.000149910151782
0.000149910151782
)
;
    }
}


// ************************************************************************* //
