/*--------------------------------*- C++ -*----------------------------------*\
| =========                 |                                                 |
| \\      /  F ield         | OpenFOAM: The Open Source CFD Toolbox           |
|  \\    /   O peration     | Version:  2312                                  |
|   \\  /    A nd           | Website:  www.openfoam.com                      |
|    \\/     M anipulation  |                                                 |
\*---------------------------------------------------------------------------*/
FoamFile
{
    version     2.0;
    format      ascii;
    arch        "LSB;label=32;scalar=64";
    class       volScalarField;
    location    "0.715/water";
    object      Ct2;
}
// * * * * * * * * * * * * * * * * * * * * * * * * * * * * * * * * * * * * * //

dimensions      [0 0 0 0 0 0 0];

internalField   nonuniform List<scalar> 
1504
(
1
1
1
1
1
1
1
1
1
1
1
1
1
1
1
1
1
1
1
1.21742272775
1
1
1
1
1
1
1
1
1
1
1
1
1
1
1
1
1
1
1
1.01163881581
1
1
1
1
1
1
1
1
1
1
1
1
1
1
1
1
1
1
1
1.0000019557
1
1
1
1
1
1
1
1
1
1
1
1
1
1
1
1
1
1
1
1
1
1
1
1
1
1
1
1
1
1
1
1
1
1
1
1
1
1
1
1
1
1
1
1
1
1
1
1
1
1
1
1
1
1
1
1
1
1
1
1
1
1
1
1
1
1
1
1
1
1
1
1
1
1
1
1
1
1
1
1
1
1
1
1
1
1
1
1
1
1
1
1
1
1
1
1
1
1
1
1
1
1
1
1
1
1
1
1
1
1
1
1
1
1
1
1
1
1
1
1
1
1
1
1
1
1
1
1
1
1
1
1
1
1
1
1
1
1
1
1
1
1
1
1
1
1
1
1
1
1
1
1
1
1
1
1
1
1
1
1
1
1
1
1
1
1
1
1
1
1
1
1
1
1
1
1
1
1
1
1
1
1
1
1
1
1
1
1
1
1
1
1
1
1
1
1
1
1
1
1
1
1
1
1
1
1
1
1
1
1
1
1
1
1
1
1
1
1
1
1
1
1
1
1
1
1
1
1
1
1
1
1
1
1
1
1
1
1
1
1
1
1
1
1
1
1
1
1
1
1
1
1
1
1
1
1
1
1
1
1
1
1
1
1
1
1
1
1
1
1
1
1
1
1
1
1
1
1
1
1
1
1
1
1
1
1
1
1
1
1
1
1
1
1
1
1
1
1
1
1
1
1
1
1
1
1
1
1
1
1
1
1
1
1
1
1
1
1
1
1
1
1
1
1
1
1
1
1
1
1
1
1
1
1
1
1
1
1
1
1
1
1
1
1
1
1
1
1
1
1
1
1
1
1
1
1
1
1
1
1
1
1
1
1
1
1
1
1
1
1
1
1
1
1
1
1
1
1
1
1
1
1
1
1
1
1
1
1
1
1
1
1
1
1
1
1
1
1
1
1
1
1
1
1
1
1
1
1
1
1
1
1
1
1
1
1
1
1
1
1
1
1
1
1
1
1
1
1
1
1
1
1
1
1
1
1
1
1
1
1
1
1
1
1
1
1
1
1
1
1
1
1
1
1
1
1
1
1
1
1
1
1
1
1
1
1
1
1
1
1
1
1
1
1
1
1
1
1
1
1
1
1
1
1
1
1
1
1
1
1
1
1
1
1
1
1
1
1
1
1
1
1
1
1
1
1
1
1
1
1
1
1
1
1
1
1
1
1
1
1
1
1
1
1
1
1
1
1
1
1
1
1
1
1
1
1
1
1
1
1
1
1
1
1
1
1
1
1
1
1
1
1
1
1
1
1
1
1
1
1
1
1
1
1
1
1
1
1
1
1
1
1
1
1
1
1
1
1
1
1
1
1
1
1
1
1
1
1
1
1
1
1
1
1
1
1
1
1
1
1
1
1
1
1
1
1
1
1
1
1
1
1
1
1
1
1
1
1
1
1
1
1
1
1
1
1
1
1
1
1
1
1
1
1
1
1
1
1
1
1
1
1
1
1
1
1
1
1
1
1
1
1
1
1
1
1
1
1
1
1
1
1
1
1
1
1
1
1
1
1
1
1
1
1
1
1
1
1
1
1
1
1
1
1
1
1
1
8.968697576
8.97000271094
8.97131714803
8.97225918277
8.97279386276
8.97305985542
8.97319447331
8.97327201085
8.97332290448
8.97336073643
8.97339320949
8.97342535104
8.97346089865
8.97350297297
8.97355401057
8.97361186337
8.97366168496
3.63228692509
8.88711354563
8.96881183474
8.96923872334
8.97047524332
8.97165387301
8.97244689205
8.97287819558
8.97309304181
8.97320656595
8.97327503875
8.97332151546
8.97335713368
8.97338855322
8.97342032358
8.97345598386
8.97349857179
8.97355063298
8.97361066925
8.97366340822
2.57427224563
8.77381603612
8.96939496424
8.96975703663
8.97090469471
8.97193864198
8.97259514188
8.97294178546
8.9731172866
8.97321447273
8.97327552526
8.97331826019
8.97335197445
8.97338249455
8.97341399078
8.97344986094
8.97349308032
8.97354627112
8.97360864786
8.97366473965
1.91024654649
8.52868786825
8.96996078832
8.97024168924
8.97128434452
8.97217304837
8.9727097695
8.97298887358
8.97313427433
8.97321862539
8.97327352934
8.97331307748
8.97334515209
8.97337491027
8.97340622804
8.97344241147
8.97348639679
8.97354083817
8.97360570253
8.97366561117
1.56992601503
8.04079495125
8.97050033608
8.97068299504
8.97160991218
8.97236055938
8.97279622678
8.97302261395
8.97314502001
8.97321916836
8.97326895523
8.97330579892
8.97333647663
8.97336561055
8.97339685343
8.97343346764
8.97347837664
8.9735342144
8.9736016956
8.97366591863
1.43726175017
7.20479071134
8.96999820905
8.97107307369
8.97188022004
8.97250601001
8.97285931505
8.97304526842
8.973150089
8.97321607134
8.97326161582
8.97329619279
8.97332570968
8.97335436477
8.97338564862
8.97342282729
8.97346884607
8.97352625953
8.97359646768
8.97366552557
1.39366996481
5.97789743118
8.96459265469
8.97140678843
8.97209692378
8.97261483004
8.97290302579
8.97305840936
8.9731497734
8.9732092267
8.97325130047
8.97328402296
8.97331261743
8.97334095027
8.97337240344
8.97341029379
8.97345763356
8.97351684161
8.97358986037
8.97366426879
1.24962411929
4.47151359097
8.94297243545
8.97168488102
8.97226432039
8.97269260716
8.9729306575
8.97306320129
8.97314428862
8.97319857092
8.97323786844
8.97326912895
8.97329704046
8.97332521424
8.97335696951
8.97339572094
8.97344460702
8.97350586568
8.97358174356
8.97366196392
1.01506891031
3.03121675889
8.87489671036
8.97191542827
8.97238903145
8.97274500175
8.97294515579
8.97306075167
8.97313400419
8.97318424088
8.97322137325
8.97325153098
8.97327898533
8.97330715401
8.97333933096
8.97337907356
8.97342972073
8.97349331215
8.97357205432
8.97365841563
1.0000000767
2.02686839891
8.66822753249
8.97211168695
8.9724796575
8.97277782608
8.97294946053
8.97305239501
8.9731196209
8.97316669768
8.97320216306
8.97323151548
8.97325869882
8.97328698272
8.9733196621
8.97336047645
8.97341305528
8.97347926647
8.97356083545
8.97365343023
1
1.53075051782
8.04135651061
8.97077221901
8.97254402235
8.97279610453
8.97294624749
8.97303959575
8.97310211843
8.97314670874
8.97318088764
8.97320965693
8.97323669862
8.97326516442
8.97329836411
8.97334025039
8.97339484724
8.97346394191
8.97354827416
8.97364683606
1
1.3997701549
6.46428418868
8.95643180438
8.97259084288
8.97280433655
8.97293812109
8.97302404643
8.97308280681
8.97312538886
8.97315853761
8.97318685583
8.97321380968
8.97324244893
8.97327609845
8.97331894251
8.97337551373
8.97344769341
8.9735347345
8.97363852101
1
1.09690374575
3.95001763383
8.86337577857
8.97257153797
8.97280736424
8.97292817454
8.97300799796
8.97306352675
8.97310433141
8.97313653375
8.97316440072
8.97319120794
8.97321990269
8.97325380818
8.97329734106
8.97335566049
8.97343101327
8.97352077147
8.97362850077
1
1.0000002848
2.05533427153
8.38848600106
8.97114468114
8.97281063774
8.972920018
8.97299424474
8.97304661954
8.9730855735
8.97311668816
8.97314392556
8.97317037475
8.97319886191
8.97323267245
8.97327643324
8.97333604142
8.97341448718
8.97350710274
8.97361702785
1
1
1.45859593477
6.78099045837
8.95339295678
8.97281957737
8.97291756018
8.9729859082
8.97303472091
8.97307140118
8.97310101807
8.97312723087
8.97315292511
8.97318076853
8.97321395102
8.97325726083
8.97331742978
8.97339866779
8.97349448537
8.97360472053
1
1
1.3034517196
3.96927549292
8.81757126591
8.97282304598
8.97292474395
8.9729860339
8.97303033408
8.97306393229
8.97309134967
8.97311591146
8.97314025963
8.97316684564
8.97319868437
8.97324064807
8.9733003738
8.97338385043
8.97348346441
8.97359263341
1
1
1.00038277996
1.99927829023
8.12564388441
8.97132629926
8.97294386164
8.97299626408
8.97303475651
8.97306423126
8.9730885718
8.97311071437
8.97313300152
8.97315759621
8.97318724125
8.97322679323
8.97328484091
8.97336975886
8.9734740058
8.97358209472
1
1
1
1.45080006084
6.14886891472
8.94325462471
8.9729733599
8.97301556577
8.97304708657
8.97307152341
8.97309200242
8.97311101748
8.97313055878
8.97315242695
8.97317898809
8.97321496797
8.9732699385
8.9733553024
8.97346519878
8.97357421784
1
1
1
1.33568352432
3.55583766521
8.75008484322
8.97301742554
8.97304079259
8.97306455522
8.97308340323
8.97309953538
8.97311495437
8.97313126052
8.97314982838
8.97317252976
8.97320379695
8.9732541616
8.97333874796
8.97345536409
8.97356938477
1
1
1
1.0258461296
2.05612239667
8.04956706907
8.9714133679
8.97306823383
8.97308372918
8.97309674059
8.97310834474
8.97311996812
8.97313277992
8.97314765214
8.97316579118
8.97319107196
8.97323492668
8.973317147
8.97344172943
8.97356670714
1
1
1
1.00000303653
1.5445237128
6.54611392897
8.95007158095
8.97309667087
8.97310157112
8.97310852586
8.97311556271
8.97312334667
8.97313252283
8.97314331922
8.97315599463
8.97317347818
8.97320811238
8.97328586764
8.97342016542
8.9735637533
1
1
1
1
1.41465242403
4.53147602042
8.83289725305
8.97312431194
8.97311616
8.9731164342
8.97311872904
8.97312260997
8.97312801037
8.97313435629
8.97314073185
8.97314880918
8.97317169664
8.97324248229
8.97338734964
8.97355700096
1
1
1
1
1.33194609064
2.7854553713
8.38356940705
8.97195170254
8.97312740825
8.97311918862
8.97311613993
8.97311581924
8.97311722724
8.97311895252
8.97311907863
8.97311809516
8.97312873701
8.97318884928
8.97334041133
8.97354139697
1
1
1
1
1.05104755088
1.81571926965
7.09737250887
8.94679202329
8.97313670939
8.97311776122
8.97310783666
8.9731028717
8.97310044303
8.97309859162
8.97309510841
8.97308938632
8.97309000067
8.97313105085
8.97327393385
8.97350849604
1
1
1
1
1.0000093092
1.46279136257
4.78441745238
8.73717915315
8.97211399887
8.97311444135
8.97309647451
8.97308675781
8.97308262085
8.97308272547
8.97308698718
8.97309624125
8.97311174006
8.97314047758
8.97323018127
8.97345478528
1
1
1
1
1
1.37335425328
2.59760414579
7.69747672111
8.93581283525
8.97304092266
8.97308684512
8.97307234488
8.97306862519
8.97307497907
8.97309354252
8.97312859213
8.9731833227
8.97325074858
8.97331113132
8.9734024728
1
1
1
1
1
1.02834907365
1.58577339708
5.03072117747
8.56480850401
8.96437486519
8.97308879155
8.97307077642
8.97307075501
8.97308795083
8.97312427238
8.97318345518
8.97326697981
8.97336411299
8.97343189938
8.97337058745
1
1
1
1
1
1
1.3833532442
2.35699361157
6.81179760462
8.810082533
8.97112798672
8.97310976831
8.97312575492
8.97316495852
8.97322362816
8.973298923
8.97338462688
8.97347050778
8.97352845839
8.97343063496
1
1
1
1
1
1
1.00169792926
1.4611189021
3.56525474161
7.72193659937
8.89876332911
8.97284793648
8.97325442612
8.97330949905
8.97337014468
8.9734302867
8.97348966744
8.97354759173
8.97359253347
8.9735701333
1
1
1
1
1
1
1
1.17091223583
1.67804327172
4.68529671547
8.16725326463
8.93541104513
8.9733147858
8.97344236221
8.9734815895
8.97351874523
8.97355668846
8.97359726676
8.97363363949
8.97363682961
1
1
1
1
1
1
1
1.00000000001
1.37359305405
2.00982253041
5.45710466083
8.41721133714
8.95634788423
8.97352545058
8.97355615179
8.97357641765
8.97360163372
8.97363292461
8.97366453647
8.97367945052
1
1
1
1
1
1
1
1
1.00007855511
1.41071094252
2.30375276549
5.9566691789
8.61486840621
8.96895864872
8.97356558219
8.97352977883
8.97355618042
8.97365006712
8.97368979618
8.97371192417
1
1
1
1
1
1
1
1
1
1.00689002926
1.42120955064
2.32211773933
5.94164760013
8.37751870113
8.92951673156
8.96225897957
8.95754668509
8.96918898875
8.97326114747
8.97371505217
1
1
1
1
1
1
1
1
1
1
1.00069474691
1.38629587359
1.48199040223
1.52463807149
4.15405868064
8.6763633476
8.58880016476
8.74754512926
8.91781519063
8.96719879618
1
1
1
1
1
1
1
1
1
1
1
1
1
1
1.0143553104
6.65103662729
7.28214689321
7.408489226
8.05603119099
8.70098852176
1
1
1
1
1
1
1
1
1
1
1
1
1
1
1
1.41499404217
5.75041963813
6.40446415808
6.6266668314
7.55376830844
1
1
1
1
1
1
1
1
1
1
1
1
1
1
1
1
1.96605486701
6.611176933
6.61034571662
7.04757834948
1
1
1
1
1
1
1
1
1
1
1
1
1
1
1
1
1.40641231156
6.89640121344
7.00365614966
7.0389478659
)
;

boundaryField
{
    emptyPatch
    {
        type            empty;
    }
    minY
    {
        type            calculated;
        value           nonuniform List<scalar> 0();
    }
    maxY
    {
        type            calculated;
        value           nonuniform List<scalar> 0();
    }
    maxX
    {
        type            calculated;
        value           nonuniform List<scalar> 
38
(
8.97374555264
8.9737484784
8.97375144314
8.97375446331
8.97375755657
8.9737607426
8.97376404289
8.97376748018
8.97377107656
8.9737748509
8.97377881507
8.97378296977
8.97378729997
8.97379177148
8.97379633006
8.97380090568
8.97380542208
8.97380981048
8.97381402173
8.97381803356
8.9738218502
8.97382549843
8.973829022
8.97383247506
8.97383591988
8.97383941849
8.97384302538
8.97384679546
8.97385078242
8.9738550301
8.97385955368
8.97386432157
8.973849975
8.96729440682
8.70103992107
7.55383144663
7.04764239109
7.03903777687
)
;
    }
    water_to_heater
    {
        type            calculated;
        value           uniform 1;
    }
    procBoundary3to1
    {
        type            processor;
        value           nonuniform List<scalar> 
41
(
1
1
1
1
1
1
1
1
1
1
1
1
1
1
1
1
1
1
1
1
1
1
1
1
1
1
1
1
1
1
1
1
1
1
1
1
1
1.40835422179
7.00686108262
7.02166973741
7.03035127384
)
;
    }
    procBoundary3to2
    {
        type            processor;
        value           nonuniform List<scalar> 
41
(
1
1
1
1
1
1
1
1
1
1
1
1
1
1
1
1
1
1
1
1.38998587707
8.96813905086
8.96949265603
8.97092802378
8.97202596362
8.972683274
8.97301511391
8.97317733622
8.97326616989
8.97332234615
8.97336278835
8.97339651115
8.97342914397
8.97346468708
8.9735063661
8.97355649213
8.97361234926
8.97365967575
5.04807921316
8.93974403792
8.9682194738
8.9682194738
)
;
    }
}


// ************************************************************************* //
