/*--------------------------------*- C++ -*----------------------------------*\
| =========                 |                                                 |
| \\      /  F ield         | OpenFOAM: The Open Source CFD Toolbox           |
|  \\    /   O peration     | Version:  2312                                  |
|   \\  /    A nd           | Website:  www.openfoam.com                      |
|    \\/     M anipulation  |                                                 |
\*---------------------------------------------------------------------------*/
FoamFile
{
    version     2.0;
    format      ascii;
    arch        "LSB;label=32;scalar=64";
    class       volScalarField;
    location    "0.72/water";
    object      epsilonm;
}
// * * * * * * * * * * * * * * * * * * * * * * * * * * * * * * * * * * * * * //

dimensions      [0 2 -3 0 0 0 0];

internalField   nonuniform List<scalar> 
6000
(
16.7898465916
2.63084871179
0.339141297534
0.0407210664656
0.00556765615821
0.000856091417093
0.000219677513261
0.000100495731201
6.73779929035e-05
5.55732750661e-05
5.06389648191e-05
4.83499880854e-05
4.7194258593e-05
4.65593007049e-05
4.61806297142e-05
4.59391899033e-05
4.57785339439e-05
4.56697259158e-05
4.55965240159e-05
4.55491907349e-05
551.79154976
105.45344695
17.755660355
2.62430020753
0.329917594207
0.039746116288
0.00561703095273
0.000900896936315
0.000220003454971
9.84309387806e-05
6.64542261831e-05
5.51653007887e-05
5.04445702156e-05
4.82531262521e-05
4.7141266893e-05
4.65222242847e-05
4.61455636118e-05
4.59010815647e-05
4.57380757931e-05
4.56314519596e-05
771.969809939
180.440686593
40.4104168982
8.28023550327
1.42019709315
0.195543610928
0.0249323655184
0.00373790853806
0.000683873234149
0.000199250632187
9.80148858104e-05
6.78324705898e-05
5.62894810768e-05
5.12080366231e-05
4.8769978606e-05
4.75082421612e-05
4.67971466849e-05
4.63604301621e-05
4.60754660343e-05
4.58870738773e-05
984.795844599
244.479835776
60.9350112057
14.8918265675
3.28649192657
0.586129589206
0.0816274767688
0.0110391337276
0.00178760553828
0.00039896232663
0.000150339839592
8.69133866443e-05
6.47865429593e-05
5.54400547334e-05
5.10542763041e-05
4.88510004279e-05
4.76669501085e-05
4.69775990819e-05
4.65439074995e-05
4.62587875297e-05
1067.28558554
281.227932948
75.3200416873
20.3632616458
5.25420757712
1.18050748455
0.204521212048
0.028421233471
0.0042060274866
0.000777369144811
0.000232393255515
0.000113315289378
7.59011201419e-05
6.08728379294e-05
5.39511355196e-05
5.05116768143e-05
4.87029114234e-05
4.76881290539e-05
4.70738816044e-05
4.66780839443e-05
1043.02860729
292.092863781
83.8098356718
24.4882037679
7.02823343565
1.85618892192
0.406265795922
0.0671821892567
0.00977249612167
0.00155087611552
0.000366548380884
0.000149631890575
8.98907916656e-05
6.74815483451e-05
5.74335422171e-05
5.24783611472e-05
4.98909702912e-05
4.84665920287e-05
4.76295458188e-05
4.71036842659e-05
1018.44414859
291.868791671
87.4424428942
27.0671914345
8.3979098777
2.50016196256
0.658907901202
0.137858235276
0.0225844357443
0.0033203890872
0.000609059238452
0.000201617580792
0.000107443397441
7.53194808797e-05
6.14860542118e-05
5.47441537892e-05
5.12308868237e-05
4.93092130282e-05
4.81994650363e-05
4.75180186744e-05
1023.77954087
294.003633348
89.6255774217
28.6861318805
9.40171925584
3.05522285781
0.9309115831
0.241357283789
0.0490871323683
0.00769670490058
0.00111307004629
0.000281634837213
0.000129793768558
8.44868179164e-05
6.60801452453e-05
5.72822368317e-05
5.27093296173e-05
5.0208952164e-05
4.87764807456e-05
4.79118374581e-05
1030.3598254
296.264956613
90.952829029
29.745733142
10.1568019678
3.53767011948
1.19996775945
0.369115903492
0.0959325010427
0.0187306189184
0.00238193740207
0.000423263551309
0.000159672486396
9.52355942155e-05
7.11971413361e-05
6.00509700746e-05
5.42961631903e-05
5.11475064462e-05
4.93490272737e-05
4.82788117305e-05
1029.13431402
296.414362298
91.2409706192
30.2974534535
10.6990450467
3.9277800312
1.44038079193
0.502017707974
0.160202588759
0.0428645944782
0.00593763780117
0.00072196052544
0.000203576086727
0.000108325927715
7.69446365001e-05
6.3042272278e-05
5.59669759132e-05
5.21061846921e-05
4.9910214227e-05
4.86185654649e-05
1026.6811177
294.85132057
90.8030423096
30.5176634396
11.0795521682
4.2221653945
1.63034545304
0.617999610317
0.232405260922
0.0835421312457
0.0160489420458
0.00146751905192
0.000279616955387
0.000126330669462
8.39069420391e-05
6.63988547154e-05
5.77575549107e-05
5.31015013778e-05
5.04687950269e-05
4.89375651834e-05
1026.26794906
293.161412194
90.2995708406
30.6853422278
11.3545283586
4.41529411607
1.74615132047
0.70498206668
0.301674668027
0.137180100273
0.0407125768591
0.00363308246498
0.000446721473475
0.000157210971335
9.3811054969e-05
7.05950153426e-05
5.98142016442e-05
5.41799918812e-05
5.10484753062e-05
4.92566692395e-05
1041.31695461
295.611244179
91.348840419
31.2288274566
11.5937132652
4.50795121081
1.80131976172
0.769237667935
0.366146591101
0.196803685482
0.0830430019176
0.0121039231026
0.00095450982715
0.000224019362021
0.000110206016845
7.64118971724e-05
6.23653348848e-05
5.54366214388e-05
5.17041762514e-05
4.96152323883e-05
1065.19285708
304.022277243
94.7175826762
32.3352390225
11.8276854252
4.52933000954
1.8316602641
0.827162066897
0.430421043124
0.259640486352
0.140861213644
0.0364006885624
0.00295361769869
0.000395581151296
0.000140828933616
8.53059026582e-05
6.58269710413e-05
5.70387466756e-05
5.25238722277e-05
5.00681476454e-05
1085.09693364
321.366735364
101.251592905
33.8684415757
11.9665434746
4.51732372586
1.87821322287
0.893940898585
0.502051342502
0.323945853196
0.208469573607
0.0832866110896
0.0118457573844
0.000927044827969
0.000205875865848
0.000100136186623
7.0868625499e-05
5.92227062778e-05
5.36180631376e-05
5.06760205842e-05
1218.22764723
362.597301416
111.258830704
35.6026882665
12.2172049833
4.63742186912
1.99397233025
0.987083203378
0.572795148403
0.386053061436
0.277780417077
0.154045217804
0.0400922041259
0.0029987857046
0.000364700731217
0.000126501780047
7.84606785441e-05
6.22730799555e-05
5.51030905278e-05
5.14944195755e-05
1512.32314528
419.585861954
122.903819906
38.4835551544
13.168439011
5.04894173143
2.20316145453
1.10505168966
0.644540320709
0.44056369231
0.339721925183
0.235553594554
0.0980938465868
0.0120450339808
0.000812631596471
0.000176626964581
9.0081480531e-05
6.65231577242e-05
5.70927881099e-05
5.25698307104e-05
1623.95084911
450.745866494
132.920158911
41.9710741553
14.4898434625
5.59162645222
2.44564834336
1.22595783896
0.714031036377
0.48776246075
0.388222933227
0.308293023596
0.176948628175
0.0399648869159
0.00224921144347
0.000278172968265
0.000107915228474
7.23509433481e-05
5.96994943275e-05
5.39438209234e-05
1664.82218724
465.481599242
138.669799282
44.3498783241
15.5136218181
6.03992383183
2.64679486122
1.32451315736
0.7730377249
0.531778892583
0.424312356159
0.362323466434
0.252044232301
0.090787888069
0.00679548547578
0.000490543515747
0.000135248934466
8.0241522662e-05
6.30558768425e-05
5.56631488822e-05
1678.02918076
471.939569998
141.345978853
45.5985523464
16.0938517525
6.30530368011
2.76936472264
1.39092588641
0.823236143656
0.574644207084
0.45891160281
0.396875638403
0.311006467499
0.149955645498
0.0183693306011
0.000972186536848
0.00017847703532
9.10360090773e-05
6.73596642229e-05
5.77888955642e-05
1692.36904374
476.439189262
143.154050119
46.2955689052
16.3876463018
6.44030950191
2.84169456705
1.44707308967
0.874768439286
0.617011041634
0.495801587733
0.43273407724
0.359300633641
0.204449369168
0.0390652564933
0.00186822706333
0.000246478756743
0.000106164732606
7.29054139758e-05
6.03973865557e-05
1709.74898713
482.815068657
145.233897655
46.9668313291
16.6416825068
6.56020173856
2.91846783056
1.51570572429
0.9269552944
0.659041426586
0.540000495631
0.478388254618
0.407857502772
0.25542869981
0.0704901733763
0.00381969564206
0.000372235214281
0.000128891727403
8.0189862511e-05
6.35876422803e-05
1760.85160987
494.121048314
148.312971758
47.9244349306
17.0094930344
6.72960542288
3.02575911702
1.58922510368
0.972753513009
0.704198177328
0.59588111455
0.542514119292
0.468324956077
0.311758493106
0.111989157546
0.00928460245423
0.00064084651317
0.00016574194981
9.00455773472e-05
6.7496354937e-05
1827.27552759
511.068632436
152.620465663
49.3208169637
17.5504640264
6.96814208869
3.15143964264
1.65073061106
1.0142853434
0.755153772773
0.665695316439
0.627111842083
0.544600066616
0.383156103453
0.167181555498
0.0235364662508
0.00127325553484
0.000230237185115
0.000103924510967
7.23350777324e-05
1898.13734023
528.132377217
157.185233611
50.8581170332
18.1507688201
7.22080192637
3.25452196899
1.69169778551
1.05202448932
0.8087544702
0.738284913845
0.705862347832
0.620779281757
0.486103533117
0.246279155306
0.0548349878563
0.0030427916823
0.000356670434085
0.000124719211532
7.84796178096e-05
1947.55293315
539.720744618
160.431716986
52.1114997528
18.6769885467
7.41830544549
3.30775879946
1.70973254525
1.0800592601
0.852939560532
0.781683207448
0.746241080393
0.681502322209
0.567959662957
0.355148229411
0.112096345545
0.00876781207694
0.000631431011589
0.000157921237677
8.65656569969e-05
1972.91203227
541.697939659
161.390929715
52.9320728326
19.0851832844
7.52860798732
3.29807791592
1.69455302481
1.08610551733
0.859898730849
0.772733963865
0.749885092421
0.711947851951
0.620171171024
0.458645526725
0.194642670383
0.0253729424797
0.00126314492054
0.000213755959099
9.7617778637e-05
1957.89052143
535.262021877
161.777293473
53.8225448746
19.4053645323
7.48432086048
3.18825411357
1.63035053922
1.04916044255
0.813544970767
0.721959807956
0.714940108313
0.703776559236
0.638310867913
0.500425272105
0.278844420166
0.0603596045023
0.00288483208822
0.000315335100165
0.00011344784046
1835.95247323
522.059271078
162.984178348
55.0517893365
19.4252568436
7.15880165821
2.99337094872
1.54073812069
0.979441295109
0.739158952975
0.647360135815
0.643334979097
0.656969633124
0.619483987445
0.509289630994
0.338799142171
0.112422945712
0.00759483362488
0.000518714725269
0.000137482234974
1718.0806663
518.781360682
167.847609213
56.2919471361
18.8756106006
6.90884105562
2.897560837
1.474187158
0.911605585142
0.665065071485
0.568127264542
0.555600339282
0.579218196209
0.567390990972
0.492600721606
0.365530665345
0.170787454968
0.0205236660884
0.000956604892493
0.000176222397143
1732.83297423
539.33443023
175.483720721
57.2251973907
19.2680071517
7.13038072044
2.97740407079
1.47730895276
0.876338659214
0.612726834248
0.505926057837
0.475733023639
0.491503847565
0.497031271567
0.459017080138
0.37233200307
0.225537721813
0.0480781586876
0.0020007239059
0.000243466902107
1861.28400233
576.161568839
181.995670964
60.4891559336
21.2872114136
8.03104275746
3.30779967587
1.57846636686
0.889834735737
0.594926977149
0.47218138496
0.421625667271
0.419042442903
0.430215125174
0.422170061736
0.37812155249
0.275693092947
0.0917720733757
0.00485276207144
0.00037194099156
2129.87384697
624.862917096
192.029143492
66.4586963531
25.3118355145
9.65589449571
3.87556240404
1.77400478234
0.953538132855
0.612288209832
0.467235228847
0.397443642256
0.3753495861
0.382997241122
0.394198924424
0.38844850296
0.319938173512
0.146531396484
0.012835006231
0.000637828889583
2379.22071161
679.48084194
208.996004806
73.4041821454
28.9728542629
11.5389002311
4.64101097212
2.05706669895
1.06338124042
0.659892542946
0.485776372106
0.397278476566
0.358572374459
0.359118711457
0.37993470104
0.402851205919
0.351459548635
0.204554962285
0.0315488665579
0.00121901383157
2505.84328508
720.353844238
223.427469055
79.0540778002
31.7581248678
12.9565927555
5.29592504748
2.34241498335
1.19182628142
0.724126003158
0.518438698263
0.4124664325
0.360696473926
0.353847568036
0.378146926723
0.419553066152
0.380114760707
0.259990279965
0.0641563303073
0.00255975410274
2570.73042798
745.883538447
233.412975643
82.9121141041
33.4615395149
13.7590821297
5.7028688631
2.54991701848
1.30138662025
0.787598179166
0.555177718246
0.434452487289
0.373572033317
0.360997070378
0.385975184086
0.437448360124
0.408801729272
0.300528695663
0.107094958005
0.00571063790108
2622.42005475
763.421371108
240.134052916
85.2145277162
34.1091694588
13.9540873485
5.85085895111
2.66329646214
1.38194984015
0.843494392433
0.590722838859
0.458979270233
0.392208671628
0.375853393219
0.401135300465
0.458330995787
0.438681746578
0.33310714052
0.15348288085
0.0127569281864
2694.53428111
780.534651204
244.697446707
86.1697216082
33.803884309
13.6690111583
5.80907536911
2.70625154464
1.43859514976
0.889536347866
0.622041470302
0.48378240249
0.414274294213
0.395455778515
0.421350815041
0.481372084283
0.469913188079
0.367259807783
0.200361634439
0.0269635705232
2754.91211584
800.818336497
251.160805299
87.4756057149
33.2303960775
13.2738071137
5.71297151864
2.71933222182
1.48018420733
0.924764905005
0.647854140603
0.507775975933
0.438273410287
0.417856101355
0.444039888055
0.504518418461
0.502991936828
0.407960784969
0.250279342174
0.0515980384385
2771.16372165
816.858533432
258.91697051
89.2199504765
32.8061380536
12.9740690469
5.62302378045
2.72062738556
1.50905167858
0.948015377987
0.667928814102
0.53026100814
0.46264865077
0.440630757823
0.465504756557
0.524633668373
0.538448605737
0.459098239193
0.307540972745
0.0878223546574
2745.17313741
828.206367219
266.374171314
90.6852449418
32.5758987239
12.7635182548
5.53357008555
2.71147777662
1.52166920349
0.958241061677
0.68228962171
0.550270422711
0.485082891863
0.460296473585
0.480743720997
0.538764608081
0.576477193421
0.521335983657
0.374160797153
0.133816608231
2756.04474075
846.751698376
273.221486242
91.5340187085
32.3703267953
12.5363836326
5.42135905981
2.68595655873
1.51330310528
0.956417527639
0.691211339313
0.566317172131
0.502739172611
0.472947884559
0.485850729596
0.545985621653
0.616322635819
0.59143813442
0.436926504655
0.185817833253
2884.12314606
886.015742583
282.287184108
92.5626745914
32.0385602749
12.1951851838
5.27225624157
2.63519318833
1.48413117924
0.945946245074
0.695103536893
0.576516868806
0.512723927856
0.476630656665
0.481180225411
0.547902021736
0.655955251551
0.662612424473
0.492532132451
0.239915618985
3117.72281831
953.187168296
298.899497758
95.210083899
31.872948391
11.8809624836
5.15066516762
2.57995617414
1.45108388631
0.934526308739
0.695376005376
0.579391298443
0.513428624543
0.471688163407
0.471362566015
0.548276536512
0.691721419385
0.727882297936
0.549658277893
0.294727242811
3422.71307936
1048.33421676
324.645444687
99.8444537136
32.2672798078
11.839864572
5.15143397862
2.56715710778
1.4403068404
0.931425754351
0.693851960323
0.574291636342
0.50451312768
0.459044967877
0.457558399708
0.551449720823
0.720574065042
0.784060318972
0.610712822206
0.351948726343
3811.04504113
1179.71471588
356.804486435
106.032654052
33.6353055466
12.3405770214
5.37923901674
2.6556006112
1.47546464957
0.94316286529
0.689522891419
0.559420295122
0.487934627608
0.441863176206
0.446420201457
0.560328810381
0.743226192554
0.832899142439
0.679787086303
0.415732861206
4588.75911348
1357.86815327
388.439149556
114.088158044
36.6913958391
13.665331757
5.94033288677
2.88919488006
1.5656249906
0.960929267281
0.673885743347
0.539856510019
0.47434322105
0.434021657817
0.450824772313
0.578098415836
0.766143431553
0.882979074397
0.766591152351
0.496829625484
6217.09191864
1560.44794544
427.279710873
126.980679013
41.8215034519
15.7798419428
6.80512705677
3.23101864058
1.66200091442
0.957806204647
0.655880900563
0.532442546373
0.475856573878
0.448916920247
0.476472228405
0.610703684975
0.798137670042
0.943484350997
0.877879198649
0.590620838173
6779.27231245
1671.72109356
460.160383489
139.308030177
47.0119895075
18.0063469149
7.70075704216
3.51137141832
1.69271963291
0.946214714158
0.654271090868
0.543718640572
0.50152346979
0.489321129914
0.52549352971
0.659279066469
0.843527271613
1.0170715091
1.00430437212
0.711680494168
6460.90233649
1622.85727813
455.836957808
142.193010634
49.5743676258
19.3605912431
8.20117361456
3.57613584639
1.66730777383
0.939893271875
0.667751102483
0.571494550632
0.551038218627
0.55150607684
0.595949262962
0.717598268563
0.896358334209
1.09814420096
1.1417775608
0.874800410568
6018.69767517
1504.30332234
430.970325123
138.205217891
49.4940832379
19.5443009795
8.16186165063
3.44823618863
1.59946371863
0.929912912507
0.69152767549
0.615652792393
0.61599893369
0.628889463223
0.67692635713
0.77195573511
0.944299706504
1.18293028972
1.28748811534
1.06178679227
5551.65373622
1386.91612845
403.404934597
131.731417292
47.6868928015
18.8161417765
7.71244518742
3.18145445091
1.5029195961
0.925001075425
0.720923626225
0.668967362312
0.682714171545
0.709269274585
0.746068716646
0.810554803367
0.974366171901
1.26005084933
1.4308993567
1.25568209577
5132.8401829
1280.78631657
376.521104266
123.969549301
44.8784410627
17.6010276344
7.05011465674
2.88348673782
1.42735059877
0.931530681154
0.751881869042
0.711737347668
0.73562154772
0.766975984298
0.78351276756
0.830233964393
0.978410258048
1.31146676753
1.57281318602
1.44945875804
4629.43121304
1154.22055665
345.093810843
115.92702541
42.5038120943
16.5088307375
6.47083553556
2.69482875894
1.40174847865
0.940340075727
0.768343768036
0.724444769767
0.750296850541
0.776474688587
0.780565198151
0.814078877411
0.953556032545
1.31266871321
1.69936527656
1.61603732142
3764.36327302
1001.07353207
320.433151741
112.926618792
41.9975183905
16.0425434676
6.25238436074
2.676516856
1.41720710679
0.943377721313
0.7530718309
0.694538889569
0.706949477075
0.726536663584
0.720965650603
0.732103822114
0.87169189354
1.23338779619
1.76059987345
1.70471605457
2849.84645068
923.387988669
327.883174079
120.878908625
45.0783061413
16.7012984888
6.38468141685
2.75672865805
1.4472700063
0.925414779895
0.703743346418
0.620302999128
0.608315996376
0.615867160463
0.611110871635
0.614048167725
0.718427195836
1.06350879549
1.68219801507
1.6665149296
2976.15161073
1089.12588666
399.917045358
143.71832012
50.5963081694
18.073128892
6.91710080538
3.00504925134
1.52680015602
0.912607719547
0.641778278706
0.524493902639
0.483539160302
0.478670996593
0.482311929076
0.48825057338
0.548179860841
0.83704427958
1.43194928028
1.51022217933
4324.88107409
1526.86708164
499.269952807
164.523582182
56.5862202036
20.7874791358
8.22984919504
3.59045288191
1.7434664574
0.956963428208
0.606141728353
0.445731589235
0.374916342571
0.352323361299
0.354197973791
0.362288838239
0.398958518695
0.592638856389
1.08531160006
1.28856993525
6645.96231319
1984.33775405
566.19006423
179.398707317
63.8511444182
24.931969752
10.1680862856
4.4582966604
2.11778131272
1.09212901783
0.627372440395
0.412480737583
0.309661816541
0.264560534923
0.255071984365
0.261734830162
0.287868538538
0.397294561732
0.770142866785
1.05995069733
7981.77484154
2056.8994105
598.292937246
198.038006237
74.5975380752
30.9589734034
12.4509518831
5.38641188097
2.54639245486
1.29291505876
0.708804638512
0.43141575081
0.294081071995
0.225796517233
0.201327039547
0.202015859102
0.221663110913
0.292483624793
0.555829390574
0.869245131265
8228.6594474
2093.99276297
617.000618037
211.579858179
85.008548951
37.6677810645
14.9253373146
6.38838997736
3.01651218369
1.53037321973
0.832607152979
0.491467918813
0.316889387817
0.225986798348
0.18721678458
0.179915357382
0.1935019448
0.244110082298
0.421113479868
0.73797257007
8367.94632088
2126.34598959
637.774215396
224.220818279
92.8409734594
41.3330866065
17.3194097163
7.62100736839
3.61449847656
1.82954441131
0.993147760799
0.580371016228
0.363921046301
0.250758822686
0.199672212514
0.184513302926
0.192087091564
0.229329484989
0.356520748944
0.659415164804
8320.61155427
2178.6635165
687.652627553
251.111326081
105.139414832
45.4414451978
19.8645192065
9.01006033848
4.30779135332
2.17831448756
1.17998558242
0.684759660403
0.423098181974
0.289492838425
0.228535412509
0.206586051237
0.208428002024
0.235765836265
0.333765928702
0.615504899113
7150.88311263
2135.55451382
738.873968628
287.761158459
122.883526616
52.6462655823
23.229704867
10.6675963985
5.11089948478
2.57556955985
1.38533673708
0.792369971888
0.484213974434
0.334240555002
0.266735415731
0.239622985384
0.236343526233
0.255894720696
0.333091959281
0.588808368894
5573.32568223
1883.48253711
721.006219704
303.144872293
134.47694554
58.9954367122
26.5390170306
12.3644450053
5.96538091197
3.00874609198
1.60127842217
0.895865041065
0.543864318847
0.382396152322
0.311142547377
0.280053788136
0.271885548584
0.284336328774
0.344763133776
0.572670554749
4532.42911504
1625.4467258
650.582781251
288.270209552
132.845105555
61.0111088177
28.458731427
13.6327445213
6.71290875257
3.41935904617
1.80231825584
0.988022790666
0.601331752238
0.433578869978
0.360624238107
0.326081721908
0.313076029374
0.318756967585
0.363829879347
0.55871396934
4268.443537
1441.67515875
566.578953009
257.278226415
122.352862546
58.8457251329
28.6547415505
14.2385258633
7.22737701193
3.74305641909
1.96114203316
1.06487560078
0.65719590172
0.488208431081
0.414847361832
0.376969186341
0.35887512089
0.358172388182
0.388769556722
0.548199842857
4456.83653016
1370.71212138
504.264132268
223.901841682
108.934241665
54.3153381263
27.5414511706
14.2079314054
7.45175404966
3.9313150536
2.05998291805
1.12397048293
0.711743341033
0.546299487952
0.473569226007
0.432203269157
0.408730687992
0.401551159456
0.419131460174
0.542060344999
4667.55792346
1339.9096909
468.841775241
199.946267683
96.5825467413
49.1667290067
25.7019749008
13.6884112248
7.39146827309
3.96735833778
2.09234533208
1.16359872402
0.763965809127
0.606618281256
0.535539910522
0.490850943312
0.461424737205
0.447516729269
0.453949415197
0.540185924245
4593.57016601
1291.5070287
439.83179692
181.096892358
85.907526583
43.9717609286
23.4177493954
12.7914324574
7.07706489165
3.84860081572
2.0546711527
1.18030465854
0.810152839916
0.665101744474
0.597208582676
0.549843230139
0.514199718509
0.492605177764
0.48872961622
0.539303810951
4489.03920178
1232.94671667
411.162481421
164.16478633
76.0882466778
38.7624409899
20.8670818651
11.6420798606
6.55117851888
3.58187528651
1.94946413802
1.17124878777
0.844195743739
0.714352287649
0.651328049114
0.603338906372
0.561438998267
0.530521274458
0.515851424627
0.534880792498
4629.45050399
1209.72532668
390.144239077
149.609615381
67.1880687649
33.8289454394
18.3522465513
10.3838144366
5.8515670968
3.19907749693
1.7958160027
1.13918313294
0.859677598907
0.744197558638
0.687477067245
0.642212785963
0.595743722588
0.553057692453
0.52645552933
0.524416341485
4968.5117323
1243.32289916
382.445284434
139.051928567
59.982489527
29.7186473432
16.1368233071
9.08462607963
5.04411463523
2.78673220784
1.63477119988
1.09361243786
0.851454490621
0.744223287302
0.692871878541
0.654465665727
0.605573290897
0.552202616043
0.513287857386
0.495666697251
5334.49030594
1305.1978553
384.725799051
133.189537882
55.2801913353
26.8128637258
14.3129758505
7.88615885648
4.36785844771
2.47971838588
1.51874543049
1.04777804666
0.818783108439
0.707434830397
0.653450149645
0.617086420584
0.571856929561
0.518860559661
0.474550781449
0.446911833116
5151.70278916
1295.03786595
380.852225064
130.94591556
53.3803635304
25.2847395847
13.2581598432
7.30832566264
4.1242735972
2.40415849995
1.49378529616
1.01839017236
0.768201656273
0.636286963889
0.569281975484
0.531666752344
0.495109053731
0.453262564788
0.412765833733
0.382771116236
4482.93717575
1250.39046401
390.992091753
138.28503581
55.9817744459
26.4875057815
14.0684129511
7.92465160609
4.53649925209
2.63544669949
1.59288906809
1.03193528192
0.729274097503
0.564120592593
0.474335702262
0.425347912708
0.392898984896
0.365217160244
0.337145451626
0.313181898286
4302.177145
1309.06800164
432.75072972
156.709658061
63.595025406
30.3188399612
16.5452366041
9.63771390711
5.61412387079
3.23715908439
1.89634200068
1.15750719121
0.753145759061
0.531610706239
0.407822568915
0.338332165125
0.299501784715
0.278544412576
0.262992314889
0.249830269784
4442.23734692
1398.8547105
478.029683487
176.423480893
72.7399909872
34.890486324
19.4114015937
11.8371852347
7.25000098068
4.2600012616
2.47707068318
1.45163127017
0.878629099925
0.565865931274
0.39490157774
0.298454811759
0.244537406582
0.218741755814
0.207620195799
0.202952493544
4132.92383875
1250.06247081
421.307715427
160.911858904
70.4671146426
35.9388540333
21.2426239999
13.8276004317
9.10134136783
5.58519797203
3.26255560904
1.87743147938
1.09606436251
0.667623536341
0.435223731399
0.307133202874
0.234003814111
0.196058041131
0.180906747848
0.178525898863
3079.74952533
923.761723224
324.401934913
131.31047729
61.5411527966
33.5998823726
21.1364123984
14.5598527847
10.1541303055
6.62565916101
3.9778141071
2.31097368564
1.34275579112
0.805167651191
0.511280286716
0.349162976686
0.256025657927
0.204393830352
0.181575980091
0.17715419292
2491.12790815
753.6434754
266.808625658
109.923871636
52.9619559964
29.9753037261
19.5969330979
14.0117458055
10.1339122231
6.90864612587
4.2882017992
2.55327771591
1.50900146638
0.914233757248
0.585549076452
0.401234253737
0.29439269052
0.232738570652
0.203502827818
0.196254196162
2289.29047795
693.903494963
241.292552319
96.4550798999
45.4247016204
25.6316631811
16.9799956763
12.3958629161
9.17365475123
6.42588517925
4.1287956826
2.54146838278
1.54662120358
0.962946457796
0.634813267787
0.447855589814
0.33759970636
0.272317661377
0.240770389436
0.232813223765
2453.6903714
721.140460292
235.98006899
87.0341764509
38.4074896161
20.9406494207
13.7960762703
10.1518101617
7.59794392493
5.411354812
3.61426575622
2.31541331617
1.46630358298
0.952422287336
0.656916329466
0.484492711516
0.38022515524
0.317757683333
0.288749320909
0.283407397169
3040.77786151
831.262439048
258.681404816
90.2237319384
35.8359294796
17.8288384306
11.1317786609
7.99691976823
5.94837085969
4.28681183573
2.95976823051
1.97839699176
1.31728208013
0.906050344693
0.662104811373
0.513826662711
0.4203720904
0.365251772378
0.342691040739
0.34239473513
3649.2749262
996.881657341
311.885365175
107.997177754
40.7133597862
17.8614497054
9.76287388633
6.42716386147
4.60671681589
3.32939498099
2.36324251217
1.65385377704
1.1690439485
0.859321408062
0.664731779666
0.538908600643
0.455495032318
0.410286238151
0.396064424928
0.400958102407
3821.9874821
1085.4442142
355.180165091
125.456557152
46.9729434624
19.3385954099
9.38907846885
5.52477619636
3.72583968993
2.66564321847
1.93996057362
1.42554166564
1.07114749986
0.832404845525
0.669989477249
0.555226608445
0.481203937129
0.44711687277
0.440865582664
0.448946430182
3776.41243299
1100.12451821
370.34928479
133.96335622
50.963454275
20.7024653755
9.43074165266
5.08952841846
3.23807767227
2.28701809704
1.70213239566
1.30367969041
1.02152647356
0.817679063942
0.66521051218
0.556665953294
0.493595221409
0.470392582079
0.470998347981
0.481449191923
3843.12811263
1083.45383884
364.789246414
132.998639354
51.2651275869
20.9134589684
9.33720610421
4.85762558533
2.99937976583
2.10475113423
1.59009551591
1.24523861988
0.989709465694
0.7916404668
0.642307051669
0.542391801165
0.490607692117
0.477997335039
0.484875833375
0.498284662752
3990.38827079
1083.39868086
356.557029408
127.565515994
48.8264581598
19.8811425556
8.89277668308
4.64715743652
2.87075511612
2.02037394176
1.53490840082
1.20198466945
0.946789930164
0.747619184531
0.602095324697
0.511887896256
0.47269816234
0.47070036551
0.483144653933
0.490335430218
4066.79490812
1073.62048054
343.519328148
119.732609966
44.8102992475
18.0172725946
8.16916785991
4.38308186559
2.76163001812
1.96639250494
1.4916778017
1.15215524863
0.886836573012
0.683669838048
0.54599552984
0.470951356834
0.44412743009
0.448056478483
0.450276621481
0.435991051094
3777.93788617
1026.67161341
327.357085833
112.52055211
40.6640283542
16.060170174
7.46655470695
4.18398676165
2.7238385146
1.94844782443
1.451480153
1.08331333881
0.799319008046
0.600505263024
0.482260749642
0.422809984156
0.403321236404
0.397556725902
0.378358567112
0.341508154415
3193.86242343
968.294562851
321.848375008
108.86288334
37.8952032642
15.010606588
7.25322435716
4.21282746042
2.76494772034
1.93398232959
1.37725785878
0.970088187829
0.685507135204
0.512171014823
0.415190035042
0.367612900479
0.346371765762
0.326683622771
0.29353388867
0.255111392883
2889.72396162
1010.51990321
344.497879946
113.010574158
37.5953187368
14.7830674664
7.35983252438
4.34652384481
2.79640317792
1.85455566127
1.23263062131
0.824471747195
0.572884538591
0.428998412272
0.350809694015
0.310147403568
0.286044531261
0.261881497991
0.234664308591
0.219718429089
3716.80433238
1298.09499161
413.195802528
119.159242705
36.4294266644
14.4437109463
7.44716850605
4.39252780105
2.70276004624
1.68132913053
1.06054814521
0.691283437778
0.477962709933
0.360202153673
0.29617583228
0.260577851183
0.237944973748
0.219619610771
0.210084963381
0.21671939785
6875.18002725
1999.61688739
496.975120569
119.628553845
33.9271704828
13.6019226747
7.17099516279
4.20733417412
2.50786789524
1.49702478993
0.915620519999
0.590007753969
0.40979144268
0.311862910862
0.257607769314
0.225702908581
0.205961803017
0.195357718676
0.200167090612
0.217895067518
13615.0770821
2998.4497459
638.203916562
139.577935136
36.7915334235
13.6905849562
6.86975045082
3.92174500422
2.28591680932
1.33501996385
0.808274099282
0.5246805406
0.370904499951
0.286603582967
0.237886246908
0.207048361145
0.188087327506
0.180940421273
0.190838580142
0.212825244785
18479.5810922
3941.80341578
900.912150023
213.215129001
55.6498344753
16.9766539353
7.18545949905
3.73769732634
2.09949107135
1.21598138995
0.74331962432
0.493795107404
0.359085466511
0.283235919383
0.236256140191
0.203686888441
0.182599618046
0.173990127234
0.181721490069
0.202860670576
18759.6997183
4563.84812094
1221.11736756
343.311576599
103.990052112
29.1753345485
9.81410040615
4.1830556171
2.1127863662
1.18591485525
0.729326959609
0.495118580834
0.369373705672
0.297024329439
0.248743843301
0.212620877381
0.187601411946
0.174612038389
0.176806842714
0.194913820415
17372.2301586
4751.36800333
1448.4716513
493.077527307
189.806600442
64.3434034032
17.1571219941
5.93838196342
2.54827937297
1.30422585721
0.776673213843
0.525680837226
0.396489207364
0.321783085578
0.269890970532
0.229653448316
0.200310658217
0.182083272809
0.177454889268
0.192453926683
15342.1570388
4509.54498008
1498.02563171
566.454263481
244.428117162
105.65440111
34.7367398187
10.2684646609
3.6427283752
1.61721570954
0.892915361453
0.585437454778
0.436145454624
0.352386940829
0.295379689425
0.251256474016
0.218054545216
0.195130772627
0.183992703685
0.195223736499
13290.0947057
4094.88194897
1442.77202327
585.95086125
272.517411198
133.197798247
56.120513832
17.1633176396
5.39092127403
2.12212121983
1.0761688814
0.670787992521
0.485408869498
0.386960029596
0.323437289496
0.275581623723
0.23927906209
0.213152069782
0.197735298214
0.20564709134
11624.8202658
3603.00073809
1297.19462025
546.090976868
265.025310672
137.890944385
65.9513496299
22.9310838523
7.38518202964
2.75506106422
1.30787213299
0.777155931453
0.544070635333
0.425755767059
0.353782865625
0.301923510974
0.263287916163
0.235858785103
0.219359738762
0.225834479474
10516.8044367
3190.81657367
1137.07644142
484.323274069
241.94993004
132.226725237
68.9727187326
25.5030318642
8.64804856697
3.27510096346
1.52845417479
0.887196100443
0.607289817656
0.467624857348
0.385979010949
0.329960207236
0.289886074593
0.263189996312
0.248646599032
0.255893325981
9966.79327388
2899.15948979
995.990261482
420.028300153
212.990695775
120.544235245
66.4151601395
24.9391486059
8.84356777905
3.50908946882
1.68030024252
0.980220008062
0.667387797907
0.509400425602
0.418521027611
0.358872471909
0.319106788089
0.295722529575
0.286044435021
0.296317645864
9959.44421888
2719.78756151
880.443683521
360.009345257
182.616021685
105.415037219
58.3842909762
21.677665036
8.12454730825
3.45417622154
1.74430305127
1.04615753707
0.719705555787
0.549171948126
0.45091060061
0.389054327485
0.351936332674
0.334836094733
0.332828062897
0.348786510626
10661.489546
2676.72778371
813.157587424
316.841092483
157.708311472
90.3290446198
44.0149877428
16.992467561
6.95764418203
3.22863264388
1.74215561122
1.08830859268
0.763544224768
0.586404681542
0.483468688079
0.421782696943
0.390658964799
0.383208559953
0.391439779175
0.415939985582
12172.7832016
2825.93534734
806.294831806
298.781826588
143.561336654
74.6758576534
31.1503755001
12.9676227606
5.8651583161
2.9770940795
1.71651542384
1.11824552985
0.802043154117
0.622634843774
0.517970844591
0.45964884747
0.4387756399
0.444737975742
0.466189738059
0.502647388656
13971.9773472
3171.72958796
881.190698576
313.16216225
136.685021917
57.2631820601
23.5687800859
10.5235701401
5.16233074112
2.80880528919
1.70569568224
1.14875835855
0.84025306438
0.661265735203
0.557849068142
0.506820512213
0.501303151613
0.525092683213
0.5641152198
0.61468569361
15229.8063241
3643.78735936
1039.77398641
360.486862007
132.586723419
50.2913262756
21.1800533328
9.81346777479
4.97436179754
2.78432518857
1.7328542117
1.18875410006
0.883240734252
0.706121106624
0.607463860906
0.569546598181
0.586031011435
0.633682488225
0.696134976327
0.753532801871
15949.8035669
4154.2078497
1253.38148366
422.398028551
148.876764641
56.4163856482
23.5569466551
10.7139670405
5.30070664644
2.91257562568
1.80167949404
1.24065706483
0.932297974043
0.759049485657
0.673691558827
0.659777610606
0.707851017962
0.786345125228
0.874813809205
0.895580311031
15969.0670725
4793.54107616
1532.07864676
526.100957585
188.205419233
71.2938354499
29.187426751
12.786409974
6.02337951053
3.16212931132
1.90211348641
1.30322978184
0.991219927012
0.832344326408
0.774784042555
0.799214076265
0.890856329113
1.00575592071
1.0894397872
0.941101222948
15215.8465302
4973.24767166
1713.89816528
614.577172758
226.377369346
87.1824497437
35.6491763313
15.3121398569
6.94562996511
3.48328797517
2.02890162344
1.38498014557
1.08080077603
0.95253745683
0.938744905952
1.0202087976
1.16810200122
1.30307784826
1.24093370578
0.888265410634
14542.6249697
4880.02722725
1749.81723877
651.697756224
248.770395201
98.640341964
40.9675677032
17.6019019751
7.85199093268
3.82678582683
2.1843794663
1.50154224511
1.2206266685
1.14462566525
1.2042609461
1.36774894549
1.5627773843
1.57894191635
1.17354064195
0.819409441222
14470.324693
4781.46677266
1735.00048141
661.080374405
259.59615679
105.819342583
44.7828656208
19.4018673135
8.63440857357
4.16887685216
2.37397695876
1.66762403732
1.42914603381
1.43574722747
1.60204392157
1.84793645534
1.93902765198
1.5482505817
1.02885251546
0.772824580401
15212.4731843
4723.27783475
1684.95674199
645.411080511
257.985756964
107.417367167
46.1976343121
20.2339628999
9.07704880803
4.41892832208
2.56401625486
1.87812110364
1.7122300602
1.82665417273
2.09274391249
2.22513138157
1.90340979819
1.3540562594
0.92668306029
0.757185141356
15987.0900595
4670.2497063
1603.77549471
604.298446626
241.853745963
101.643140847
44.1471692314
19.5548140979
8.91264665534
4.44925937975
2.69716977962
2.10657372214
2.0510216483
2.25487919657
2.3726609962
2.11853249997
1.68340526229
1.2097102947
0.87813011917
0.786153811224
15950.705267
4531.03069774
1470.54373983
534.816764739
211.34004235
88.7671016748
38.7847647073
17.3978939154
8.11289155826
4.23438934033
2.76136911183
2.34520170837
2.38186779339
2.40508834586
2.18226815405
1.88835089459
1.51985352764
1.12016011468
0.886415502929
0.876105633731
17340.5316668
4462.844676
1353.71986568
465.082178434
176.939991388
72.9614982334
31.8498493741
14.4650768754
6.97115151444
3.89977073903
2.8088672482
2.55815942554
2.41919826568
2.15258414728
1.93678502604
1.71715597084
1.39329580465
1.09027239952
0.974059576692
1.04524403018
18482.3324248
4864.86490242
1386.91677152
431.971202348
151.05202272
59.3932619635
25.5477523641
11.7610340962
5.97317856054
3.65948845226
2.89665945352
2.55881822412
2.16533022207
1.92580839852
1.7891699985
1.59755760933
1.34602996706
1.17437460196
1.17891587142
1.30849276174
15368.7286002
4710.04084238
1363.1196798
401.450679865
130.57338934
48.8394579049
20.8475348101
10.0165985881
5.51238899042
3.69906831456
3.01200032672
2.4365442233
2.040789986
1.88925665343
1.77915347155
1.62791168498
1.4917641877
1.45953750007
1.54681776823
1.67658990427
10919.8738847
3745.09791784
1129.13359852
333.761695549
107.807458653
40.7273774993
18.4059789477
9.70209524767
5.85691618103
4.17671164657
3.30847610658
2.59490812788
2.26434720265
2.13839732447
2.04929707477
1.98156798238
1.98409292896
2.04727922177
2.12739490115
2.17023482096
7760.94894147
2724.02389986
821.981289302
248.412629844
86.1900332011
36.5120454448
18.7174351766
10.9946199476
7.21090516065
5.31300216542
4.10639277629
3.30832722413
2.96980301526
2.83493913933
2.8087941029
2.877117365
2.99564959739
3.06048562704
3.02845740473
2.84366865672
6420.66532938
2102.78524779
629.669500839
203.72295652
80.6044578186
39.0360586174
22.0472705477
13.8664733981
9.58002695602
7.12041272003
5.48330055718
4.5881810033
4.19467943821
4.10081898929
4.24444970775
4.52405967451
4.71928580005
4.70875728738
4.4567886262
3.77720561326
5957.96936187
1908.9512603
608.826318452
217.847360611
92.5116638623
46.5495866524
26.6766716074
16.9254032731
11.6806601764
8.68698824811
6.89540529212
5.90691133238
5.48586098942
5.54529134088
5.99919522797
6.62056324615
7.00965129345
6.97314843689
6.40373055621
4.89931036939
6289.62931887
2037.19152229
713.444934526
262.790824627
108.449495722
52.6201458305
29.5173592622
18.448261078
12.6213763888
9.4722196854
7.63754813308
6.5321188358
6.07045859184
6.2480135049
6.91454332134
7.75142202995
8.39591269357
8.47495225272
7.71907328633
5.56044527874
6066.58704911
1784.76489285
586.479242655
219.356565093
94.9015243747
48.1952169282
28.1368556036
18.2578466309
12.9162752752
9.90621839705
8.02573704904
6.80716246738
6.27902568527
6.40823369546
7.05754267264
7.81931741608
8.3484096489
8.34026893826
7.42922626204
4.89054363925
4803.25050523
1261.30489898
413.987602259
160.060619127
73.3817822343
39.9435653673
25.023258243
17.3695336308
13.0542658288
10.4522637485
8.70615154152
7.52702630838
6.91897838533
6.84620441439
7.16847258867
7.65025574269
7.89620114666
7.63227472787
6.41467820225
3.37998840944
3912.06131744
1011.59751755
325.562910561
126.016533538
59.6909901205
34.3221379004
22.9089655924
16.9509114958
13.4623148072
11.2299080523
9.66365782091
8.56666230869
7.90477170489
7.62599732022
7.57514667983
7.60128635788
7.46052881793
6.83640438664
5.28532044789
2.33764666447
3514.48378442
902.574197435
283.630478495
108.920861402
52.4385989538
31.2330001063
21.7833459414
16.8182648657
13.8395087593
11.8639223798
10.4486029938
9.41943064792
8.71975175411
8.26921740934
7.90934666833
7.49838746234
6.92476449523
5.93497762327
4.237759358
1.94056057038
3284.90341583
839.071177657
260.233776878
99.7666674758
48.5237563324
29.4407838806
20.9936132476
16.5661895488
13.8934435474
12.1008781318
10.8017093113
9.83254548088
9.10810798495
8.53955479221
7.95997498176
7.23166112427
6.31615872071
5.08625654989
3.44152492246
1.72246880008
3076.4705366
784.894009704
242.153266541
93.1040922164
45.6394366969
27.9315444812
20.0952066755
16.0060510499
13.5478028172
11.896960271
10.6980901256
9.78232087074
9.05633703188
8.41816498301
7.71227085074
6.7927216871
5.67055124831
4.33921671822
2.84562036173
1.53552446934
2883.36216399
730.512392811
223.587716575
86.1179687732
42.5034115248
26.1425097432
18.8922510855
15.1076010991
12.8391666359
11.3209465761
10.2148356654
9.3574548924
8.64576386374
7.97993410334
7.21086784774
6.1993519297
4.98987624828
3.665001853
2.34916844959
1.3397785841
2727.59877467
680.150525453
204.462573341
78.3824855033
38.6952399072
23.8197634812
17.2659360741
13.8695671208
11.8318308066
10.46259274
9.45899397992
8.66593657892
7.98403760693
7.31309648603
6.51496062455
5.47085658479
4.26444063474
3.02546146511
1.8971435618
1.13867600709
2649.473947
641.927789503
187.786159255
70.492379626
34.1511522365
20.8453109341
15.1501957619
12.2688569256
10.5555800039
9.3901255742
8.51441515553
7.80002995108
7.15670766718
6.48884484619
5.67104708388
4.64631486199
3.51106501012
2.40170231053
1.50268729363
0.963804412279
2676.81435842
625.487184267
176.473533231
62.9633503592
29.0098038224
17.3086912535
12.6188959602
10.3678231321
9.05708532536
8.14771312708
7.43238847875
6.81254386657
6.21543004648
5.55585522083
4.74811644841
3.78360834781
2.75360068435
1.81997480466
1.18948380629
0.855257652831
2835.84889728
637.127117509
172.762828876
56.7521375254
24.1176186963
13.8547957773
10.0847832385
8.4169149133
7.49085330076
6.8366166203
6.28419772912
5.76345649535
5.21733725639
4.58072734644
3.80804065781
2.91564118848
2.03080339383
1.36374106332
0.98552554474
0.847486411463
3106.3647871
674.635941297
173.549067598
51.7477239113
20.211083979
11.1686737472
8.04187219498
6.72559516668
6.04230124877
5.57331716873
5.1461670937
4.70238918694
4.19779998264
3.58444298943
2.85084795097
2.08371415343
1.44960541514
1.06138430424
0.902925822659
0.993759960759
3496.67230455
744.493525076
179.371488234
48.7207941496
17.9107349855
9.57574123355
6.62590982751
5.32879641194
4.70788107614
4.33508598095
4.00288830897
3.60404146673
3.12960576518
2.56885396086
1.9619771929
1.42147582758
1.06342796766
0.905815464586
0.964703392185
1.48143404431
4075.38114677
860.339747867
199.926299772
51.9722208078
18.6930092229
9.57418901854
5.86586885287
4.2231516802
3.51832792199
3.1474285252
2.84968211776
2.5142595839
2.12381499248
1.69394559117
1.28981450092
0.99366825224
0.851976695526
0.890151408517
1.27928390139
3.05928379506
4573.09360616
1002.63790986
237.102682897
62.3722116791
22.4161378438
11.0231351901
5.65359840803
3.57805601775
2.71083453139
2.25306694041
1.93997806238
1.65979940182
1.37785258955
1.10240836526
0.880035612417
0.759517248219
0.779369572466
1.05533717097
2.32020947767
6.21009798491
4712.37735209
1093.11458769
273.767400949
74.8922052351
26.7165405113
12.4970866244
5.884303368
3.44861021223
2.36348121594
1.76791112599
1.39737967613
1.13611743612
0.927862841341
0.76283146052
0.666814555863
0.654012960011
0.829192339351
1.66301488406
4.2918041668
7.46881196906
4666.81807781
1112.54709036
287.922715083
81.4258327599
29.1495662193
12.918279638
6.17951777169
3.50482948799
2.24004285512
1.53095531304
1.10810264874
0.850217003019
0.686291147132
0.591553136215
0.571414842977
0.617356586828
1.11345784405
2.75933322814
5.05867974591
6.98283471153
4691.97701368
1107.82724608
283.19014036
79.6775757229
28.2135456358
12.104088068
6.05737441225
3.45457335314
2.14497413082
1.39397451652
0.953342572412
0.702733631936
0.567964463437
0.516998524375
0.526653721865
0.657811314487
1.64279642534
3.23804596942
4.69596494054
5.65101412094
5052.85104281
1115.6535973
272.181765078
72.5981614214
24.3784280764
10.8367699902
5.61474930787
3.2570480904
2.01088321153
1.28518069314
0.862797002883
0.630623817194
0.517561751742
0.490381307985
0.487131741538
0.800857061766
1.91348428957
3.02486892541
3.81863211183
4.23913861092
5931.86559794
1247.6941061
297.162341695
74.3009893514
23.644580828
9.94697578946
5.13763892239
2.99966941111
1.85638170971
1.19162456271
0.807736094923
0.598517921078
0.503603805503
0.480169091839
0.454948953028
0.870735288911
1.80236970566
2.50789063391
2.9066210063
3.02084394632
6792.14165377
1518.16970347
389.599869304
105.958245813
30.1458095079
10.6715405094
4.9935054722
2.81591016073
1.73632246637
1.13019607988
0.783635057737
0.596814592838
0.515390661824
0.46984010961
0.437272332138
0.809030664389
1.5052346908
1.93634604214
2.08602061527
1.96165980171
6429.29251457
1770.94608269
530.580452802
159.298561108
45.9798292725
14.0649345748
5.50322577884
2.81967188776
1.69867934926
1.12043936976
0.79735929624
0.627378793011
0.546033377294
0.464463708259
0.432257350659
0.704882380363
1.17328810982
1.42522573161
1.44902706676
1.27466885976
5016.50716252
1685.54779144
580.669609033
196.493894346
62.5924829185
19.0064633043
6.56476559976
3.01856104627
1.75683724438
1.16856464581
0.85310680017
0.691814450974
0.59164959191
0.475352376257
0.443227801285
0.628838243406
0.930933613756
1.07899381722
1.07710450653
0.96627768084
3709.4185233
1406.25410435
539.985854241
200.532667581
69.6759163555
22.3316707298
7.51434052576
3.28535604689
1.88268235905
1.2676031802
0.952942192003
0.789971605868
0.649888126834
0.509601477365
0.471624236563
0.590786304831
0.789690899982
0.892374090023
0.905346991069
0.85353519911
3238.81444681
1228.320326
486.641861662
185.864650811
66.2324128172
21.9817132823
7.65537972428
3.43977079487
2.02356167393
1.40909982319
1.10110058994
0.915717249127
0.728193335486
0.572671690611
0.516379444162
0.572952020166
0.687108108851
0.742839190887
0.740816667404
0.703193584986
4.5522178118e-05
4.55110270965e-05
4.55119698934e-05
4.55232555066e-05
4.55449955214e-05
4.55792355027e-05
4.56310687535e-05
4.57118506322e-05
4.58470177673e-05
4.60942478008e-05
4.65849078809e-05
4.76199755325e-05
4.99066401431e-05
5.52309449386e-05
6.88775295033e-05
0.0001116941466
0.00031111325872
0.00202460757189
0.0266966438449
0.462902749771
4.55688472316e-05
4.55410602207e-05
4.55400496496e-05
4.55618841812e-05
4.56073945402e-05
4.56838234078e-05
4.58101634944e-05
4.60298423115e-05
4.64377282541e-05
4.72355694786e-05
4.8847748562e-05
5.21852385446e-05
5.93550661515e-05
7.60372062145e-05
0.000121836049942
0.000291741889731
0.00125620268184
0.00891637736832
0.0840393506073
0.807427525731
4.57717475268e-05
4.5714900026e-05
4.5703934131e-05
4.57329053169e-05
4.58054912175e-05
4.59402569597e-05
4.61833317088e-05
4.66344612676e-05
4.74966927878e-05
4.91716734712e-05
5.24590904523e-05
5.90453988088e-05
7.29519671884e-05
0.000105814197686
0.000201382502413
0.000583762009404
0.00273142752819
0.0176274586438
0.138144908125
0.9144980644
4.60791762553e-05
4.59832284973e-05
4.59544695553e-05
4.5986950289e-05
4.60916975765e-05
4.63070773286e-05
4.67200970184e-05
4.75056216004e-05
4.89966898527e-05
5.18200752566e-05
5.71989220688e-05
6.77540020193e-05
9.00217948129e-05
0.000144058891513
0.000309507450297
0.000999917206394
0.00474952848522
0.0292754172902
0.187798963611
0.914541936961
4.64264564668e-05
4.62857440358e-05
4.62360633172e-05
4.62744407178e-05
4.64249246342e-05
4.67539800107e-05
4.73996237696e-05
4.86216219204e-05
5.08912941195e-05
5.50747330406e-05
6.28715841154e-05
7.80362206284e-05
0.000110356245683
0.000191352025161
0.000451235594881
0.00156465576174
0.00749390991836
0.0438687828764
0.226296517784
0.881122803435
4.67715399693e-05
4.65831247581e-05
4.6514199538e-05
4.65676116674e-05
4.67855737672e-05
4.72687142292e-05
4.82112896689e-05
4.99610076157e-05
5.31310350261e-05
5.88445301067e-05
6.93496027294e-05
8.97847922349e-05
0.000134104733926
0.00024921889345
0.000635321248206
0.00232516854492
0.0112683594811
0.0601059228541
0.251485486151
0.842154288176
4.70944656091e-05
4.68568820998e-05
4.67739939864e-05
4.68567324019e-05
4.71689770774e-05
4.78487474182e-05
4.91480173712e-05
5.15028466639e-05
5.56736135957e-05
6.30678423041e-05
7.65771148694e-05
0.000103040319904
0.000161766188232
0.000320375570234
0.00087586133376
0.00335538134057
0.0162372611811
0.0757720480226
0.26483808987
0.804598730464
4.73867198805e-05
4.71001217436e-05
4.70119133335e-05
4.71420362975e-05
4.7577764606e-05
4.84954351082e-05
5.02044544975e-05
5.32302862576e-05
5.84908278116e-05
6.77167751275e-05
8.45655315002e-05
0.000117983942351
0.000194228957694
0.00040904250749
0.0011934104978
0.00474769478844
0.0222347597703
0.0889562400471
0.269717244911
0.769526170043
4.76449885272e-05
4.7312258933e-05
4.72307095691e-05
4.74289890417e-05
4.8018012783e-05
4.92120820344e-05
5.13777531483e-05
5.51334492483e-05
6.15710199607e-05
7.27960044593e-05
9.33888264327e-05
0.000134941343668
0.000232843830436
0.000521308174897
0.00161540779151
0.00658677324285
0.0287746728904
0.0987669977754
0.269229235013
0.736727636449
4.78708724072e-05
4.74981750202e-05
4.74380252562e-05
4.77266915364e-05
4.84980953602e-05
5.00038678675e-05
5.26686007581e-05
5.72105758688e-05
6.49187080439e-05
7.83401475728e-05
0.000103181786234
0.000154398721338
0.000279529548633
0.000665490966662
0.00217508877229
0.00890691370312
0.0352273351089
0.105283294483
0.265536791208
0.70588565935
4.80736845917e-05
4.76693342022e-05
4.76464719301e-05
4.80474984214e-05
4.90284122018e-05
5.08779853067e-05
5.40815046254e-05
5.94676826325e-05
6.8552958985e-05
8.44115358136e-05
0.000114142248695
0.000177031361958
0.000336910930259
0.000852432102855
0.00290831487472
0.0116583873621
0.0410400102986
0.109098056827
0.259976008101
0.676734716821
4.82733866302e-05
4.78446320468e-05
4.78733362733e-05
4.84062904027e-05
4.96206900233e-05
5.1843070943e-05
5.56240687477e-05
6.19172759517e-05
7.25055968778e-05
9.1099600236e-05
0.000126538767486
0.000203747937885
0.000408486702713
0.00109557014585
0.00384730742611
0.0147054437966
0.0458781658006
0.110904738164
0.2533499321
0.649072979069
4.85009431234e-05
4.80490744724e-05
4.81386550177e-05
4.88185613401e-05
5.02863638924e-05
5.29078585269e-05
5.73057212021e-05
6.45771022582e-05
7.68206422102e-05
9.85237882654e-05
0.000140727203433
0.000235758177965
0.00049882568198
0.00141063152483
0.00501143488716
0.0178581015294
0.0496439931585
0.111291401233
0.246147368035
0.622758748199
4.87939774396e-05
4.83094767124e-05
4.84615537064e-05
4.9297629606e-05
5.10346582922e-05
5.4079989473e-05
5.91371640648e-05
6.74705266097e-05
8.15569563217e-05
0.000106842912902
0.000157182136557
0.000274677572962
0.00061380128524
0.00181488645134
0.00639825369045
0.0209214383207
0.0524100435206
0.110695140295
0.238671545173
0.597703713868
4.9188959852e-05
4.86488135576e-05
4.8856583854e-05
4.98526712182e-05
5.18720027919e-05
5.53665792712e-05
6.1132118787e-05
7.06300979284e-05
8.67958017916e-05
0.000116273583832
0.000176549398306
0.000322683794554
0.000760864158944
0.0023259310615
0.00797925082221
0.0237396553302
0.0543319278119
0.109425192905
0.231111990408
0.573856856787
4.97147718301e-05
4.90829795554e-05
4.93328822868e-05
5.04896335737e-05
5.2804239372e-05
5.6777507454e-05
6.33118941411e-05
7.41044163707e-05
9.26531851348e-05
0.000127118088444
0.000199722848092
0.000382728509713
0.000949290614929
0.00295976370075
0.00970249367565
0.0262187763043
0.0555819992434
0.107697979076
0.223584775575
0.551178363958
5.03923545929e-05
4.96227752966e-05
4.98975417746e-05
5.12153850041e-05
5.38412290199e-05
5.83304512366e-05
6.57112610762e-05
7.79662495601e-05
9.92944467419e-05
0.000139799084545
0.000227942711535
0.00045878270346
0.00119024242653
0.00372786348138
0.0115010409587
0.0283253269207
0.0563140436468
0.105664435097
0.216155145878
0.529608758619
5.12403127716e-05
5.02798097272e-05
5.05611658436e-05
5.20427013383e-05
5.50012773047e-05
6.00549532235e-05
6.83827541103e-05
8.23187383024e-05
0.000106947510749
0.000154896743189
0.000262905651225
0.000556053584646
0.0014963726914
0.00463342094173
0.0133039160518
0.0300693340123
0.0566509508126
0.103428079799
0.208850972536
0.509042903033
5.2281672881e-05
5.10714662162e-05
5.13413633072e-05
5.29925473652e-05
5.63124443007e-05
6.19930427382e-05
7.13971917667e-05
8.72975379621e-05
0.000115912336947
0.000173184102228
0.000306868045377
0.000681064078622
0.00188066976313
0.00566770204786
0.0150461972595
0.0314832847421
0.0566843679943
0.101057095203
0.201672715967
0.489318733427
5.35458488685e-05
5.20205302287e-05
5.22612020625e-05
5.40917591809e-05
5.78096067779e-05
6.41957946208e-05
7.48401270074e-05
9.30687341882e-05
0.000126566064036
0.000195656830106
0.000362713525142
0.000841460442994
0.0023543577626
0.0068081756195
0.0166758247454
0.0326054894013
0.0564791020662
0.0985933723642
0.194603015521
0.470226369988
5.50641215392e-05
5.31493939268e-05
5.33432278028e-05
5.5367039347e-05
5.95283241565e-05
6.67169801032e-05
7.88055147847e-05
9.98239866941e-05
0.000139365099497
0.000223554183658
0.00043395062036
0.00104545800067
0.00292410198622
0.00801986393374
0.0181564040825
0.0334709599039
0.0560790805858
0.0960602891605
0.18761689678
0.451536407373
5.68643950303e-05
5.4473002059e-05
5.46023641346e-05
5.68379456184e-05
6.14978116561e-05
6.96060238874e-05
8.33890606314e-05
0.000107776032283
0.000154848059813
0.000258371770043
0.000524621740189
0.00130097067193
0.00358939389491
0.00926018258692
0.0194667881972
0.0341088206262
0.0555136816688
0.0934698490128
0.180691746538
0.433039326587
5.8970327431e-05
5.59952336778e-05
5.60415066029e-05
5.85121415778e-05
6.37361687504e-05
7.29037018725e-05
8.8685477669e-05
0.000117160377477
0.000173648012463
0.000301876207845
0.00063914797307
0.00161463593587
0.00434130920995
0.0104858942011
0.0205988713818
0.0345434986419
0.0548036930167
0.0908290032688
0.17381537561
0.414583556515
6.1410777681e-05
5.77126349793e-05
5.7653137664e-05
6.03863048765e-05
6.62516378991e-05
7.66449685427e-05
9.4795084471e-05
0.000128250632549
0.000196525283199
0.000356140295499
0.000782176209792
0.00199101168743
0.00516335757762
0.0116597434435
0.0215547195595
0.0347969376757
0.0539660257357
0.0881443935224
0.166990361166
0.396099973467
6.42436774375e-05
5.96271890442e-05
5.94288353324e-05
6.24549856685e-05
6.90524457716e-05
8.08716180715e-05
0.000101842738237
0.000141391418271
0.000224426876879
0.000423610424999
0.000958480104703
0.00243209570989
0.00603407377257
0.0127545767058
0.02234352718
0.034890042723
0.0530164915213
0.0854248284739
0.160233921259
0.377606231568
6.75854556608e-05
6.17650657736e-05
6.13748421446e-05
6.47255991343e-05
7.21628637626e-05
8.56515480644e-05
0.000110004785386
0.000157043074262
0.000258563165118
0.000507187477056
0.00117287495102
0.00293707701485
0.00693016758317
0.0137540825575
0.0229785665648
0.0348427872125
0.05197055656
0.0826814097281
0.153574026373
0.359192987764
7.16353369951e-05
6.4190764216e-05
6.35244094999e-05
6.7230558124e-05
7.56361321875e-05
9.10944376786e-05
0.000119532335649
0.000175823054393
0.000300476039348
0.000610265668685
0.00143001196875
0.00350211102463
0.00782910160217
0.0146508649802
0.0234744414796
0.0346734534806
0.0508427805673
0.0799261253571
0.147043831877
0.341001240728
7.67022862179e-05
6.70072747038e-05
6.59364785134e-05
7.00266272905e-05
7.95548856653e-05
9.73547500407e-05
0.000130761311722
0.000198531342885
0.00035207324475
0.000736673359858
0.00173394292423
0.00412010263018
0.00871072078287
0.0154434913249
0.0238451588099
0.0343979253353
0.0496460375179
0.0771701856446
0.140676680396
0.323201341077
8.32679149953e-05
7.03552934186e-05
6.86868089711e-05
7.31853300532e-05
8.40225233075e-05
0.000104626083388
0.000144114466429
0.000226165673645
0.000415632185056
0.0008905232848
0.00208752837015
0.0047808308752
0.009558255044
0.0161340612333
0.0241033966802
0.0340297257972
0.0483913864883
0.074423153917
0.134502979062
0.30597921165
9.20864436779e-05
7.4421135297e-05
7.18642561648e-05
7.67874736299e-05
8.91590585641e-05
0.000113142044845
0.000160114367526
0.000259952883701
0.000493815897506
0.00107606510581
0.00249195593727
0.00547182418769
0.01035909147
0.0167269617482
0.0242608218767
0.0335808144553
0.0470887236696
0.07169307942
0.128548644744
0.289527812947
0.0001043997419
7.94607719052e-05
7.5579254132e-05
8.09307999316e-05
9.51125147928e-05
0.000123198106613
0.000179428584817
0.000301430764288
0.000589763417237
0.00129765696775
0.0029466379797
0.00617999673345
0.0111053201837
0.0172285098284
0.0243288172745
0.0330625866178
0.0457477095644
0.0689871130771
0.122833857225
0.274037416651
0.000122445761878
8.58550208848e-05
7.99847717325e-05
8.57504208856e-05
0.000102087611499
0.000135200224127
0.000202960202747
0.000352604466597
0.000707291389552
0.00155988080979
0.00344951496344
0.00689348026397
0.0117937112177
0.0176467091332
0.0243188635798
0.032486381285
0.0443782610236
0.0663118442277
0.117371000379
0.25967918949
0.00015022442588
9.41644642496e-05
8.52948199612e-05
9.14415833369e-05
0.000110383702215
0.000149735039855
0.000231981196275
0.000416169117619
0.000851162686948
0.00186763871615
0.00399745780164
0.00760281026594
0.0124247977812
0.0179904904855
0.0242421349522
0.0318631244643
0.0429901960941
0.0636729395088
0.112161784424
0.246581684713
0.000194640351107
0.000105140148659
9.17824595635e-05
9.82730172718e-05
0.000120431272724
0.000167650222752
0.000268288950836
0.00049574303632
0.00102726714471
0.00222590494455
0.00458631871748
0.00830089350884
0.0130010960316
0.0182683240684
0.0241083907699
0.0312022475689
0.0415921250615
0.0610741910879
0.10719470653
0.234805718489
0.000268307609601
0.000119775450039
9.97672661657e-05
0.000106587758792
0.000132819229216
0.000190130191304
0.000314346392082
0.000596004725499
0.0012424686301
0.00263882236774
0.00521038681541
0.00898183052047
0.0135249489507
0.0184866383575
0.0239247137125
0.0305104711467
0.0401901659395
0.058516561263
0.10244456142
0.22432673627
0.000396077936319
0.000139569038781
0.000109623935742
0.000116798027909
0.000148309808144
0.000218748741379
0.000373345492189
0.000722596142832
0.0015038786623
0.00310813164875
0.00586148720343
0.0096393227454
0.0139967938998
0.0186487772565
0.0236948282847
0.0297911920392
0.0387872184655
0.0559978230067
0.0978750410669
0.215033242319
0.000628574411668
0.000167010806897
0.00012181105253
0.000129385409713
0.000167849261169
0.0002554892393
0.000449147883707
0.000881715789096
0.0018175532275
0.00363149882597
0.00652846979941
0.0102657260799
0.0144146426572
0.0187551296436
0.0234195433221
0.0290449981267
0.0373834051265
0.0535133737544
0.0934444050081
0.206752210752
0.00106891695074
0.000206092100083
0.000136909100419
0.000144933478365
0.000192606210169
0.000302759973647
0.00054614021782
0.0010795082901
0.00218705135682
0.00420174386188
0.0071978425332
0.0108524337692
0.0147749849414
0.0188044636153
0.0230982994887
0.0282714941777
0.0359787586041
0.0510619929309
0.0891188616554
0.19920164493
0.00192552244032
0.00026312827641
0.00015570619386
0.00016420459985
0.000224056805959
0.000363442484422
0.000669101887782
0.00132147455337
0.00261250421199
0.00480759927611
0.00785551543658
0.011391259394
0.0150743993735
0.0187955695404
0.0227305803909
0.0274698959544
0.0345709473192
0.0486345214625
0.0848535207699
0.192308609178
0.00363098873068
0.000349350543225
0.00017942827984
0.000188247804544
0.000264097434151
0.000440963926361
0.000823104951253
0.0016119698701
0.00309042144102
0.00543546348473
0.00848857240422
0.0118756209392
0.015310658915
0.01872826726
0.022316934391
0.0266408143322
0.0331605054002
0.0462307019676
0.0806213326177
0.185719144625
0.00709595858894
0.000486696773957
0.000210067525873
0.000218502751502
0.000315150065852
0.000539348472078
0.00101336645269
0.00195371438156
0.003614043174
0.00607116436943
0.00908621879142
0.0123008888785
0.015482953199
0.0186035480074
0.0218590899254
0.0257862721202
0.0317499703202
0.043854000797
0.0764139998624
0.17929662724
0.0140913511334
0.000716030391762
0.000250598056634
0.000256858114849
0.00038020746531
0.000663151632442
0.00124486844032
0.00234714163269
0.0041737904512
0.00670095661697
0.00963968937618
0.0126639416599
0.015591447069
0.0184231675841
0.0213595336056
0.0249091251449
0.0303426664374
0.0415084180789
0.0722220644646
0.172884895054
0.0272868059238
0.00110809891042
0.000305214005533
0.000305667809569
0.00046277203196
0.000817192771379
0.00152164538114
0.00278965565916
0.00475773391582
0.00731190317524
0.010141790552
0.0129626641108
0.0156369176317
0.0181893692499
0.02082124535
0.0240127437902
0.0289425191839
0.0391992585248
0.0680433121367
0.166348451245
0.0491355928284
0.00179696152657
0.000380697445689
0.000367817699311
0.000566699490056
0.00100610109653
0.0018458913514
0.00327519664763
0.00535235238967
0.00789222403771
0.010586762096
0.013195900708
0.0156208217532
0.0179049828139
0.020247752625
0.0231009952967
0.0275538868732
0.0369329522532
0.0638819186018
0.159575471199
0.08076441761
0.003100018963
0.000490630075692
0.000446954330028
0.000696043645348
0.00123383640284
0.00221729174542
0.00379459003155
0.00594379296267
0.00843194382034
0.010970604756
0.0133638030335
0.015545632554
0.01757367775
0.0196432698371
0.0221782395329
0.0261814783674
0.0347166626678
0.0597477827888
0.152479270029
0.122675329506
0.00584816774337
0.000663726751573
0.000547843788076
0.000854937516206
0.00150328318652
0.00263282744542
0.00433663451897
0.00651927754563
0.00892352246709
0.0112914024548
0.0134680602078
0.0154149614962
0.0171999632311
0.0190125791299
0.0212491308539
0.0248299610786
0.0325577718739
0.0556558656691
0.144999186817
0.176439163332
0.0120220006687
0.000956130991265
0.000676824506816
0.00104745223893
0.00181590306798
0.00308703467404
0.00488949631351
0.00706818920242
0.00936215067099
0.0115493455714
0.0135118112355
0.0152333778096
0.016788922113
0.0183607096236
0.0203182470058
0.0235036604189
0.0304633926137
0.0516254306786
0.137100854559
0.245936360124
0.0253233253671
0.00147288614737
0.000843436298671
0.00127788830921
0.00217191124093
0.00357303168947
0.00544236069969
0.00758291876405
0.0097458543918
0.0117465792852
0.0134993832216
0.0150060770047
0.0163458457995
0.0176925686409
0.0193897891929
0.0222062218336
0.0284400609187
0.0476792466052
0.128774114318
0.33487419591
0.0505682185103
0.00243291844694
0.00106534967029
0.00155185094034
0.00257105378427
0.00408389757342
0.00598660767823
0.00805890972481
0.0100749098457
0.0118864569057
0.0134355359809
0.0147381726419
0.0158755963592
0.0170123952322
0.0184671008809
0.0209403179676
0.0264932350468
0.0438419901354
0.120027561498
0.445691348205
0.0918460354959
0.00436520438778
0.00137897289884
0.00187687830542
0.00301230079244
0.00461253163993
0.00651504208633
0.0084930646138
0.0103501128074
0.0119720203138
0.0133242211398
0.0144337138541
0.0153818422261
0.0163231573536
0.0175522120756
0.0197071003249
0.0246265410897
0.0401383152391
0.110885148459
0.579590813037
0.150637146358
0.00859131608149
0.00186298682433
0.00226439089156
0.00349373382358
0.00515126929134
0.00702083659723
0.00888232373619
0.0105715732119
0.0120051731136
0.013168095556
0.0140954572301
0.0148670049905
0.0156266042937
0.0166458826488
0.0185063011959
0.0228414991793
0.036591926133
0.101394529179
0.69591737794
0.225462986328
0.0179901002337
0.00267631458616
0.00273325029738
0.00401271336996
0.00569127394093
0.00749641423806
0.00922263728147
0.0107381515896
0.0119865650811
0.0129687192548
0.013725250607
0.0143327368608
0.014923769056
0.0157481325582
0.0173366052703
0.0211377826626
0.033225732729
0.0916458315608
0.824099029619
0.311686137653
0.0370948837741
0.0041150466295
0.00331230263416
0.0045634889839
0.00621998168204
0.00793152765938
0.00950802144462
0.0108473647799
0.0119160078831
0.0127271840155
0.0133246858643
0.0137805067369
0.0142154674628
0.0148586160288
0.016196005742
0.0195131181701
0.030060872148
0.0817953706715
0.983306733791
0.40390567167
0.0704446836547
0.0067671821193
0.0040564033512
0.00514045012668
0.00672357600347
0.00831598882603
0.0097334683414
0.0108981195882
0.011794739923
0.0124457831266
0.0128961877914
0.0132122156786
0.0135026016473
0.0139768380712
0.0150819682912
0.0179632774518
0.0271147135958
0.0720768003068
1.13833919387
0.505310190658
0.120612136349
0.0119450253569
0.0050999253959
0.00575600408815
0.00719899887506
0.00864858065015
0.00990149706824
0.0108953226116
0.0116284774216
0.0121298640971
0.0124439795796
0.0126305320796
0.0127860679898
0.0131017514969
0.0139908766174
0.0164809958648
0.0243957014085
0.0627773603362
1.2240503079
0.594168455817
0.185434269063
0.0222649521429
0.00675095849959
0.00646807780962
0.00766748943411
0.00894398507977
0.0100254513481
0.0108511802796
0.0114276795275
0.0117876214305
0.0119736975439
0.0120383878621
0.0120658927099
0.0122299054048
0.0129142088599
0.0150490670891
0.0218879805635
0.0541646384318
1.22274970901
0.643083728874
0.252527553425
0.041116187128
0.0095929808654
0.00739700404801
0.00817465412935
0.00922855699563
0.0101244637869
0.0107807253086
0.0112041446155
0.01142788405
0.0114913048023
0.0114388534591
0.0113419433412
0.011357272476
0.0118426794658
0.0136490222854
0.0195640963089
0.0464388823816
1.14713372861
0.678748160596
0.310746502062
0.0705095360101
0.0146232479475
0.0087536765929
0.00879082529282
0.00953678087434
0.0102198573435
0.0106992107909
0.0109695930656
0.0110597045086
0.0110032596115
0.0108353888879
0.0106141620912
0.0104803612013
0.0107702125155
0.0122696803415
0.0173951565523
0.0396847398965
1.04069436597
0.706321520686
0.365873088491
0.11050318739
0.0234656176592
0.0109180519221
0.00963093386636
0.00991930051407
0.010339588747
0.0106250866127
0.0107378904941
0.0106941435988
0.0105184257817
0.0102355132044
0.00989120876918
0.00961333577749
0.00971955694659
0.0109358923221
0.0153717334453
0.0338376028621
0.943879588314
0.732903273349
0.416416721186
0.161271143798
0.0388675061518
0.0146296722667
0.0108997584513
0.0104579753084
0.0105260268037
0.0105846662533
0.010527944307
0.0103462326471
0.0100503529693
0.00965540714675
0.00919896747185
0.0087981600554
0.00874578791697
0.00969581955439
0.0134752292166
0.0286471981574
0.876308580602
0.765053793214
0.47872988985
0.224984140364
0.0653492360657
0.021389458359
0.012994894373
0.0112949613626
0.01084890548
0.0106205834091
0.0103716256511
0.0100449307648
0.00963119593697
0.00913733150292
0.00859542625407
0.00810503314082
0.0079117599451
0.00857251735105
0.0116273763427
0.0237150731411
0.839668907087
0.809875529556
0.562447485754
0.306709000058
0.108977379447
0.0341368273203
0.016728535526
0.0126849419759
0.0114141682635
0.0107876585358
0.010305789937
0.00982702069479
0.00931345514517
0.00876744168424
0.00822018754626
0.00774305928796
0.00749173515275
0.00785968116791
0.0100443726012
0.0188655498811
0.825920914295
0.865493886677
0.667367628159
0.412534728136
0.175822942289
0.0585595758359
0.0239101777502
0.0151476533919
0.012402286352
0.011166742616
0.010379777964
0.00973494982528
0.00913880303571
0.0085802168146
0.00809436857291
0.00775506989723
0.00768058794925
0.00808185899434
0.00956336548062
0.014659056236
0.822840418043
0.927197819604
0.78899340625
0.534369116142
0.27135381405
0.104439131495
0.0387031525461
0.0198808131576
0.0142034084022
0.0119466473514
0.0107413741703
0.00992584455453
0.00928904428358
0.00877932703002
0.00842563930495
0.00832131755157
0.00862771317291
0.00950787141509
0.0106732556539
0.0112132361573
0.821406521283
0.986792798784
0.92088297358
0.679018039689
0.40475250323
0.184978086257
0.0697114400912
0.0297458965684
0.0177462750607
0.0135895847316
0.0117921427834
0.0108625401479
0.0103392126689
0.0100867152483
0.0101212069181
0.0105918084515
0.0118161948819
0.0138936253814
0.0147570262875
0.00926664599534
0.819619690613
1.03435241921
1.05568135862
0.856811457374
0.591648346499
0.311261224513
0.131486536033
0.0513530745956
0.0252443989133
0.0171179510008
0.0143252675167
0.013368188463
0.0132094876599
0.0135587270178
0.0145149442477
0.0162890678129
0.0193392672977
0.0241484963685
0.0284478525711
0.024240003612
0.812559112531
1.06790374008
1.18140566894
1.0684014143
0.806617604669
0.497530934147
0.240150023555
0.096939531281
0.0416981442382
0.0243856252779
0.0191989595247
0.0179328717259
0.0182187989774
0.019487808022
0.0217359031338
0.0255936826751
0.0318902008338
0.0413058864392
0.0516138237472
0.0539631992823
0.798053471948
1.08431822092
1.28667005848
1.28652049748
1.06439292856
0.735195020253
0.403880208873
0.183656249826
0.0774381989536
0.0390660925136
0.027312948209
0.0245522468742
0.0252505082652
0.0276355863698
0.0321123323325
0.0394620290709
0.0507089625941
0.0669752982071
0.0869123174916
0.102764710297
0.777210229806
1.07554088917
1.35350589946
1.46635356136
1.33003331144
0.990927161594
0.631920950371
0.326100176438
0.152471803321
0.0727668734657
0.0439927125865
0.0368704842634
0.0373906366477
0.0412042610341
0.0483053159256
0.0600730405451
0.0778668194177
0.103706814199
0.138559611794
0.178965344049
0.737847814773
1.0305292132
1.35314895446
1.5580152924
1.52516511022
1.254932552
0.876356123797
0.546240886777
0.297531571305
0.157407183908
0.0907833442001
0.0686573317812
0.0658177942101
0.0683187561005
0.0746260676995
0.0899730929347
0.115416788785
0.154129380522
0.211450247163
0.293788674538
0.673815546114
0.94423877274
1.26109226859
1.5194762692
1.58433981563
1.41885124528
1.11855351168
0.818431700036
0.562015211281
0.34736783782
0.22817360513
0.172162754068
0.163274826251
0.148181765392
0.122671959872
0.132009351757
0.163311586922
0.217270814487
0.305971726241
0.456865089057
0.598378086907
0.80956267408
1.08394823444
1.34076094169
1.47081375124
1.43210233514
1.25186108376
1.02266469476
0.823717167968
0.688915147607
0.613543821035
0.631167222461
0.608100823464
0.446787422582
0.213499627859
0.188321921303
0.215580647837
0.281390049032
0.40380823046
0.644143616831
0.518667470597
0.644025616477
0.861630225438
1.07146575348
1.22375779132
1.27344189264
1.21980293195
1.11370229516
1.03373636907
1.03297449668
1.06432068722
0.915051431557
0.676283629947
0.481623762326
0.307167161036
0.258632302143
0.27768662639
0.34124438454
0.481754946333
0.787768227868
0.441242305926
0.492113461909
0.627688704101
0.787579990147
0.921712161197
1.01055173493
1.05611061834
1.09739627207
1.14933362844
1.07957863764
0.930679190392
0.783280192536
0.644612663653
0.519943768759
0.353632008136
0.310666456677
0.368820409779
0.414264315013
0.540809327553
0.835942007713
0.365088636818
0.37462289444
0.43671425248
0.542409033344
0.647149838767
0.739398725985
0.838500497092
0.954497358592
1.00652781099
0.94079154891
0.835852740439
0.726150837586
0.614844953134
0.50632256888
0.383470115246
0.349844744653
0.462820534793
0.499838411517
0.58920812183
0.808054281298
0.295577426511
0.29249846658
0.317043701462
0.368818966239
0.438417604503
0.522207467125
0.623932385155
0.739627802889
0.804327444943
0.796909336537
0.738670920896
0.656275757965
0.5671460322
0.483518522917
0.377918182653
0.420983288373
0.586626853462
0.588128383796
0.626266314454
0.746865850835
0.239509481707
0.237653311092
0.249877204374
0.274038952706
0.311328244319
0.369202623889
0.454622470823
0.542542346787
0.606835388653
0.633438468154
0.614748844516
0.568517625441
0.513234471249
0.464048029394
0.405462133532
0.581250692916
0.731005676338
0.679183388617
0.65825923675
0.671973551985
0.20160834001
0.205703427324
0.215536989192
0.229303038153
0.250763234063
0.285966762657
0.343237152295
0.401978372038
0.452746425863
0.483285624736
0.486545770121
0.47338512975
0.452145346645
0.438576567967
0.471879755872
0.748156166557
0.829272300656
0.783423171758
0.710983336798
0.604366029109
0.183363937039
0.193447938119
0.20461864204
0.214493777178
0.228370001588
0.250219374237
0.284289208662
0.326939614584
0.367564200683
0.397792428118
0.413153533341
0.419138324586
0.419788484999
0.442132708327
0.606224192328
0.927192819137
0.978352502765
1.01855464117
0.854334802578
0.580244420713
0.184575323517
0.199211948134
0.212047881
0.22192236907
0.23266473794
0.24835275044
0.271161270206
0.304471073403
0.345244416716
0.383089382147
0.413968588952
0.439572539739
0.462662784769
0.539521590234
0.876466466319
1.19168710014
1.27664706966
1.43725115344
1.1152834823
0.598837641446
0.204644493053
0.222032000329
0.235340215485
0.247729312239
0.260113182423
0.275306417492
0.296759723461
0.327025880322
0.367258001463
0.415463161211
0.469487510735
0.528111539689
0.600778695663
0.784349216928
1.37707165997
1.80741601378
1.98726880783
2.27106727413
1.61851635158
0.681027082619
0.242538197219
0.261429527992
0.277013569262
0.293175509294
0.31009557657
0.330253171495
0.357987897845
0.395765229552
0.443430827455
0.503077840514
0.580699948977
0.6922420015
0.878542547239
1.31035938385
2.58273437867
3.72584789026
3.92305476775
4.07045547505
2.54283635117
0.931579469075
0.29580816666
0.316393545543
0.33554092774
0.356723659283
0.38139593837
0.41345004931
0.456452580354
0.510516493627
0.578822901444
0.676847142755
0.838295806401
1.12789730093
1.68220328468
2.88444669667
6.17924751073
11.0825267505
10.2498265982
7.75861464527
3.62751060826
1.21284089306
0.357971063834
0.379312873942
0.402025453881
0.430303617498
0.469053307261
0.52180260564
0.586378748804
0.673374947977
0.828621074218
1.14940724106
1.78330729396
2.85922067488
4.46736016278
6.90231688376
13.1631772596
24.9397530475
21.8491292443
13.1374755621
4.08738128436
1.69866491602
0.417771920814
0.438628772071
0.466459584373
0.50846414268
0.565861563942
0.633578515167
0.7372660825
0.991359750097
1.64905393834
2.91980411098
4.36694566119
5.27034661905
6.6010748276
9.34194733754
15.7814919981
24.0793515025
19.2389577367
13.4582795867
3.4902829971
1.7469897423
0.465588142062
0.489464740132
0.529788879328
0.583562085107
0.646857869135
0.755708689168
1.12207166121
2.15947436599
3.59358419476
3.88884839859
4.30552892334
5.80266198427
7.89935610077
10.5942584961
14.6908171577
18.4002069943
14.5022133434
10.6092955581
2.56214108094
1.38461042473
0.499677701763
0.532947341924
0.576360049994
0.629210221916
0.728164753554
1.11293550721
2.17996008777
2.90819585573
3.01624911441
4.02395355472
5.43151874265
7.17466793708
8.98627220549
11.0141839067
13.2095799005
14.1172497758
10.654285025
6.83080463998
1.32148266028
1.06166692072
0.51805573262
0.544865482258
0.579650897761
0.647985481975
0.919375301071
1.60438255102
1.86785470022
2.67730780549
4.00213852655
5.31936746402
6.6431004468
8.0134220226
9.29093301635
10.49100103
11.2745985899
10.6348934188
7.68962882597
2.84445903946
0.615960719677
0.857274486622
0.493785974356
0.502288067195
0.52426487968
0.647298389234
0.841034501572
0.930483379729
2.43308180994
4.03718912685
5.38557699377
6.69932876896
7.91780941354
8.96883286113
9.80954033327
10.3579488364
10.1957583272
8.57399687499
5.37137989961
0.879251594917
0.379349614842
0.731458788276
0.413897888763
0.393287189912
0.414972180503
0.414097588136
0.516613797364
1.12732853623
3.59505486573
5.46801345873
6.8350702004
8.0284026877
9.16972770017
10.1658161741
10.8769874944
11.1049263917
10.3633585651
7.90666813838
2.92691750805
0.507556808175
0.314431020525
0.635402197466
0.300964209189
0.278699797942
0.251289797311
0.299851839072
0.543390771819
1.38760910417
4.02869859967
6.34666949703
7.74525816076
8.83670005235
9.9192335709
10.9614908894
11.7396683355
11.8792409576
10.6414261153
7.40266080987
1.44600892879
0.39226586645
0.282338085069
0.545375480358
0.231671670621
0.205369707713
0.217383345693
0.313456660498
0.590148126416
1.33241485624
3.24800789873
5.96175358083
7.71180725133
8.76184090119
9.7512716119
10.9114631237
12.0686379188
12.5376358691
10.9116138181
5.29166830462
0.879803255461
0.32864997678
0.258455673818
0.457902230238
0.209553823291
0.206251308105
0.236707538235
0.337008137034
0.578425734355
1.12767951818
2.30117589819
4.35018676931
6.14293507134
7.07369732235
7.68146001181
8.68142713795
11.0921126054
13.8734673341
13.181669353
3.43455986939
0.712516777954
0.295048791217
0.242178471766
0.380633159742
0.222283125631
0.233432097716
0.261581035981
0.3414462398
0.524972525359
0.90504496397
1.63750102688
2.83105102454
4.13245518879
4.83055901103
5.09606631404
5.69743368215
7.82388831362
11.9359924468
14.9221137919
3.11651202971
0.625312208164
0.27788369167
0.235288700593
0.323206835088
0.239010775491
0.258504157408
0.275745419245
0.31922352332
0.444065940111
0.70406645405
1.16231564628
1.88290304999
2.72351836543
3.23313802541
3.34321312106
3.52006898473
4.41003678941
7.07456251591
11.8879912563
2.82577358906
0.574458789297
0.276669257389
0.237747152729
0.290730008318
0.244128172584
0.272382928122
0.283213204527
0.290634758889
0.353111979428
0.514975889221
0.820934508668
1.25656308747
1.77533979592
2.13728391719
2.16206452796
2.06621419087
2.27125110172
3.427850335
6.96263972775
2.49975126542
0.562136389297
0.287884363668
0.246662698695
0.280216705588
0.238908912134
0.275342646936
0.284398889731
0.272273957287
0.289421840611
0.373375747226
0.550355199159
0.83782529896
1.15243232439
1.38532508736
1.39085043447
1.21575614974
1.14508925745
1.57219832023
3.61472183328
2.25518302589
0.565097859611
0.301661617785
0.258587183796
0.285710307194
0.233322234709
0.279652138046
0.280925255445
0.261741715229
0.24657324839
0.286661512708
0.382508210208
0.53662969743
0.748714632731
0.901818574092
0.905180107082
0.759206027947
0.646034546601
0.799446072094
1.80547021555
1.98749629655
0.551849075856
0.311379729436
0.270483239427
0.302001679667
0.232766025056
0.289195771444
0.28207269207
0.248446495044
0.218869134031
0.231910616401
0.294541389847
0.379199876928
0.482505711303
0.59586532901
0.614316667622
0.511553545255
0.41504692103
0.461006599547
0.89682880454
1.49773370585
0.50877268824
0.316388688061
0.280726036132
0.322227298665
0.239183283201
0.301556551371
0.287596669556
0.237671370263
0.200002890408
0.198890511902
0.249400144562
0.310427628722
0.367184436839
0.41695193846
0.43370470126
0.360647540272
0.277386684411
0.276286240445
0.455734480167
0.889478588237
0.444761529219
0.319860288775
0.289546896173
0.340054194373
0.253874020402
0.31604814547
0.29541539942
0.230939242822
0.186814748342
0.183548053466
0.23239423648
0.286990055887
0.329104501005
0.347796499282
0.337500700631
0.258679856895
0.184833370286
0.160044943508
0.247095488979
0.471138274619
0.382710294889
0.323305981372
0.297802886432
0.3547059263
0.276606336927
0.33365706114
0.303667673061
0.227938302691
0.18214430004
0.186313460046
0.240946017778
0.297433511261
0.330995007973
0.329230781376
0.272993620163
0.186051571497
0.123957830342
0.0975281788916
0.144139409536
0.281973065029
0.333974549545
0.324710560244
0.30382147862
0.368128377961
0.305261699932
0.355427292341
0.311338572718
0.229667993633
0.192104045628
0.211667708359
0.279727049826
0.340552354864
0.360994548948
0.315184838466
0.210968432771
0.126258781186
0.0803787382482
0.0630118874041
0.0968053660225
0.216989431675
0.30571104491
0.32438729023
0.304489260228
0.380182824389
0.34392983011
0.381727090126
0.31975637751
0.240946191665
0.223140662202
0.269167122726
0.356364992947
0.412390122126
0.364290414679
0.260024366484
0.147977991801
0.0803411176937
0.0497195171891
0.0443835327191
0.0784613623518
0.203736239793
0.317441182721
0.339528587376
0.304277216969
0.390396593828
0.395847362862
0.411957050879
0.332349987533
0.26976232538
0.28543844054
0.370578491019
0.452025518593
0.414628593706
0.309112180358
0.19610372597
0.0935581427943
0.0480496449124
0.0308713006359
0.0378049140917
0.0751073029433
0.206886410631
0.376127416674
0.383743399316
0.304488367135
0.399048346002
0.463207800681
0.44399276793
0.356138047378
0.325597045334
0.381818591904
0.473205808285
0.465702826544
0.368458202325
0.255515599824
0.129124890906
0.0533133031382
0.0270361209855
0.0229491314199
0.040985853459
0.0875754723217
0.232176995402
0.466930237237
0.428574160867
0.292485265207
0.405550096221
0.546586357386
0.477233388977
0.401767128348
0.412991672146
0.489939442615
0.522769197436
0.442149411375
0.320021102587
0.187495237087
0.0724659905396
0.0279894626465
0.0161155075016
0.0229251475698
0.0519057970259
0.120784384136
0.312490689771
0.548798184686
0.396010855411
0.260718375618
0.400944756146
0.633147615034
0.515921153656
0.475923275143
0.52472643966
0.582392044665
0.536724558571
0.401552599654
0.264970359422
0.115291574981
0.0355996616775
0.0155191817607
0.0134571487509
0.0295811585962
0.0757450880738
0.181588770612
0.44807451147
0.556748748532
0.322811677804
0.229876927983
0.384413903145
0.689060544232
0.570127070664
0.578505147842
0.643772657301
0.647514619934
0.519625734918
0.354887782803
0.186883445354
0.0602075655236
0.0181998577538
0.0115835475519
0.0156808112276
0.044546642931
0.123252618999
0.293348582155
0.472216936143
0.498438418594
0.254110242605
0.213003526727
0.366612866418
0.713782427471
0.64690383724
0.700322795908
0.754417766074
0.683006425834
0.482055443345
0.29665371681
0.116170686169
0.0295085766773
0.0125656514946
0.0118126361118
0.021974798756
0.0700584393693
0.191640480861
0.411228994701
0.445413349176
0.403057872879
0.218589717644
0.209890622517
0.354610195744
0.729587030933
0.739065396852
0.825604903202
0.849245887737
0.689289888646
0.438854965477
0.222175747708
0.0663356051153
0.0176248547816
0.0118808175155
0.0143384326321
0.0340482133113
0.11085007757
0.280496215086
0.486097478995
0.382337521357
0.315702746101
0.21207485368
0.215012703047
0.345356510494
0.749093265955
0.829327378878
0.940179876647
0.919531366201
0.66862130294
0.395004236623
0.161763984277
0.0419797141189
0.0145566019511
0.0130639463004
0.020013877719
0.0562968179198
0.177160838715
0.399486596257
0.46725367691
0.310035904947
0.271005268546
0.220061747104
0.226431350845
0.339558795084
0.769290849226
0.906390185336
1.03057902738
0.948755656911
0.625521085067
0.347590168331
0.126095355129
0.0335634685417
0.0149641750509
0.0157767857495
0.0317076963135
0.0986835136687
0.295246874758
0.540839768046
0.39260346017
0.255915844162
0.255665187276
0.236304817213
0.242782690576
0.338919758381
0.789483976953
0.96786108896
1.07980369678
0.922456472798
0.565509130487
0.299663731844
0.104968824266
0.031544075258
0.0167204718918
0.0219202990279
0.0565830349176
0.185404580178
0.502751132692
0.596180715153
0.309198809827
0.231637517963
0.256737971407
0.25560874409
0.260757462043
0.342338123623
0.824061880048
1.01300419371
1.07595573612
0.844158014503
0.501696357286
0.252108389888
0.0887533153058
0.031053376353
0.0198365304724
0.0364447071881
0.113028282032
0.375458374591
0.753288556863
0.464693153021
0.250298486222
0.23187380599
0.274552979882
0.277505027405
0.278943795474
0.350544254436
0.890808376969
1.04649366755
1.0238074286
0.744025314905
0.438514649348
0.204678937589
0.0734819932864
0.0308599821008
0.0274138069371
0.0722712365735
0.25253195718
0.737269057395
0.723893037392
0.343626503769
0.213995823092
0.249371055391
0.309597044313
0.309694346343
0.301632817146
0.36902420232
1.00090126894
1.07761570942
0.946823761525
0.653604879903
0.367184930862
0.157931527207
0.0588643516481
0.0321741186574
0.0488045800115
0.165951988661
0.593795714558
0.998850266253
0.510620988428
0.261119145714
0.195065059193
0.278699512082
0.357021456578
0.355036688353
0.331743703644
0.406130566356
1.15807013928
1.11350115608
0.870468135762
0.572549040512
0.285540501801
0.114988241033
0.0468765124958
0.0399885890835
0.107081716742
0.418508875316
1.09273357587
0.770001653572
0.363990673079
0.203544590724
0.197837732646
0.311167463142
0.411277476101
0.415704635177
0.37099536719
0.470688637988
1.36382440928
1.15541297845
0.803661934773
0.474074437462
0.210382681447
0.0808995813572
0.0420515129435
0.0646362212192
0.258824881001
0.914209757783
1.15027585835
0.550374188823
0.252515077741
0.174003113098
0.20730462262
0.33360447741
0.447509719056
0.472941510954
0.410546048471
0.561327351023
1.61783891163
1.19870230189
0.732693968476
0.369457970172
0.148422324529
0.0606501184851
0.048420523561
0.119334630823
0.580942747679
1.43770502376
0.951536483376
0.402955600953
0.199656455648
0.1614871073
0.201254116308
0.324900328524
0.457911147372
0.512523667461
0.444599647872
0.659037953503
1.91847108478
1.23785334673
0.643662961857
0.285055167158
0.110470225525
0.0557104004789
0.0616197066854
0.236073623498
1.07324462012
1.57808719845
0.838458576657
0.3469589372
0.185479113938
0.150367985206
0.176635903076
0.284912703311
0.473888601731
0.596647078094
0.493684664479
0.751320006456
2.25769989057
1.26495624355
0.571237017218
0.235843021096
0.0985310660036
0.0604425500314
0.0821904577336
0.409608329537
1.37286604348
1.63379211666
0.805267239703
0.349712143555
0.190583595519
0.148387223948
0.16039757837
0.249693378312
0.540733773229
0.877514116281
0.608689647911
0.870213444792
2.59906051115
1.25562430591
0.515157808811
0.216862444754
0.101476617601
0.0691269958155
0.10119174467
0.483652076103
1.38126792593
1.5785995985
0.778908442675
0.362478734248
0.194262632866
0.149064983916
0.151067603215
0.229974782021
0.642736686903
1.69348480208
0.842226090062
1.03868031223
2.80063710072
1.15565405852
0.460664147083
0.213223540898
0.111242869251
0.0765809962558
0.102243311103
0.426329659647
1.23487539261
1.32727246855
0.673921570605
0.323523323016
0.173301745628
0.133870692556
0.138320505813
0.236714081219
0.841750311604
4.33827133383
1.26588390063
1.17732052713
2.59109931949
0.931212494277
0.386509554338
0.206153313969
0.119846565228
0.082038259071
0.0977722692652
0.338374295343
0.930211521042
0.924764512207
0.488210073749
0.238414408629
0.128788129878
0.105648702836
0.115580809413
0.250924790363
1.42186027712
12.5241741382
2.29481155099
0.989901373953
1.93553921355
0.684314230877
0.319242542779
0.194462658614
0.127639112131
0.0931082714523
0.106476542535
0.289273339437
0.647306779974
0.583593230611
0.317080109584
0.154976374243
0.0868260994136
0.0772906848535
0.0905056723034
0.244136544505
2.62836294102
25.3379295745
4.34560543737
0.625290495804
1.29307018416
0.549729128157
0.297186854282
0.195556706281
0.143399376444
0.117799813044
0.139168662226
0.310451560155
0.514888156011
0.415774191214
0.226382128863
0.109855221413
0.0632115143268
0.058375719305
0.0691954837761
0.297013551447
5.95290073832
23.2182509527
3.65604671108
0.632161281838
1.02065700324
0.509360142629
0.302572851824
0.212504050426
0.174016623976
0.167529822539
0.21923396433
0.425950959874
0.525542709794
0.370189677574
0.187379995258
0.0865489623043
0.0493786167733
0.0462772043184
0.0613556236177
1.65082823025
10.9303850124
9.63006350056
1.6692660533
0.668833597435
0.931585364935
0.509397982852
0.324079606776
0.243989033497
0.226291042076
0.272338760155
0.417428960573
0.652727778547
0.616151273907
0.361360114018
0.156433440037
0.0684364884648
0.039366507007
0.037551819475
0.0550018950869
2.47413791109
16.2593106554
2.84847646358
0.374263850727
0.647152039489
0.894369913341
0.523092550733
0.355242322377
0.292252126512
0.318444384969
0.530982947227
0.920037962295
0.987824068945
0.702694570778
0.31582129883
0.11482463521
0.0497292957094
0.0323120434927
0.0328751000338
0.0438802545965
1.63733813778
23.9308888996
2.3428663591
0.223470174805
0.619259451282
0.854976489089
0.5349713786
0.395133668306
0.370517057822
0.504461622269
1.26312809807
2.10618866942
1.3996079228
0.671388004426
0.218055938875
0.0719886314987
0.0351778562286
0.0282980009334
0.0311962407734
0.0358578312721
0.598529759834
32.3439865573
4.39215045041
0.396497068426
0.59067166054
0.79822803671
0.544496428869
0.457334304217
0.5233714377
0.93866864185
3.338307416
5.32379746665
1.47117786806
0.45264852091
0.116994585877
0.0423604983156
0.0261695686808
0.0267021314125
0.0311315753472
0.0401133548216
0.771808927712
26.5476851953
7.06855629332
0.536285321099
0.697487364165
0.737265206239
0.573055953359
0.587338952115
0.869949416839
2.07583063794
9.03758379003
10.7746219286
0.972121131909
0.22362681689
0.0619131255646
0.029204445062
0.0238206899211
0.0273797732459
0.031605847664
0.0605598095099
1.51581825025
18.4610405213
4.46221602091
0.244145448316
1.15892102789
0.708660221046
0.670754749242
0.890260443739
1.81387023486
5.63387385069
16.052730928
14.0583312297
0.468695338589
0.108645015398
0.0409162780994
0.025728812327
0.0258171034646
0.0299119771772
0.0352567702261
0.0817375749974
4.15067672219
14.3013840504
1.90449471706
0.0643481956373
3.36876830996
0.76289732197
0.938707376798
1.76133951409
5.02774865717
12.6705103855
16.8046083116
13.0496392704
0.244099185656
0.0678796703015
0.0351095329074
0.0286937992621
0.0314906802861
0.0351882492395
0.0595672893171
0.3686372298
7.54803735209
9.66879944432
0.707711088382
0.0282966159473
5.74710524253
0.979851579448
1.70988021539
4.86413971443
12.5548118604
17.4246643416
17.384467177
6.83411696538
0.148850640187
0.0560626601739
0.0388366863847
0.0386624525273
0.0417152184343
0.0506784359987
0.163897167243
0.888283476144
5.30036507173
5.84144658304
0.230964120684
0.0117107195559
7.99009740629
1.61582823856
4.28949924212
11.6142393832
16.9154697109
19.5979326161
17.219362079
2.29688801209
0.105331755449
0.0572603495856
0.0536708788432
0.0582347325956
0.0623107692533
0.107368007866
0.320313177623
1.41625170501
2.75422625115
2.20138198465
0.115632783641
0.00943766769935
10.2757769402
3.67871371868
9.77471249704
14.8887567482
17.7295579518
18.1666111014
14.9192073751
0.883601309337
0.0886990765336
0.071076669281
0.0839382576721
0.0944659760298
0.1022806257
0.16668255957
0.300265227346
1.15542950532
1.38789446568
0.797661144868
0.0604136482497
0.00720650762
12.3285547133
8.02982403644
12.5734931296
15.5447064922
16.7770063746
15.87060324
10.0230148867
0.508446612491
0.0905594330163
0.0987067097825
0.136182461378
0.154404372326
0.141357375472
0.150577187102
0.255751784012
0.682793314389
0.673766719286
0.325949140069
0.0327078056036
0.00444585165913
14.2022848434
10.100418741
12.8676765927
14.4164536045
15.0568138389
14.0861785617
4.44785193577
0.40989861472
0.101480753588
0.130423308934
0.212878261615
0.24464448388
0.173011934583
0.136037268611
0.194822398624
0.41893958789
0.378886845253
0.100755333829
0.0122733758146
0.00197621308481
13.7712851303
9.81927390302
11.1582253671
11.8184995396
12.0288026618
10.9385863072
2.06661402062
0.350893218362
0.116668471979
0.151150437237
0.290222042566
0.366193476221
0.209141963335
0.135606971053
0.166771962883
0.2820050418
0.247531565948
0.0167473980618
0.010834846596
0.000288022679289
10.2385476486
8.0972858855
8.59498364259
8.73846208612
8.48249131598
6.42651965111
1.28007928371
0.313364176653
0.131750500346
0.166796168177
0.330001293095
0.480570281474
0.292547342589
0.155725724507
0.119567234185
0.147035651677
0.0616212945463
0.0120768511673
0.0159642587937
0.00130161445938
7.10996288432
6.09299570145
6.19981693263
6.04109326752
5.29877155853
2.75591105062
0.795659925855
0.274121737514
0.145538114701
0.186344655173
0.353826095068
0.583891803665
0.443535883856
0.286301595024
0.196382297615
0.102568165393
0.0170966226555
0.0111750240134
0.0205668258269
0.00302226840864
7.75923642034
4.3471291289
4.16723220001
3.57883842608
2.46439115358
1.17859474838
0.51665169864
0.244892436332
0.167058209743
0.225303126716
0.399493488907
0.738306705222
0.741478839896
0.628510334036
0.570468126611
0.297288385488
0.0399292502289
0.0141027832264
0.0289153685287
0.0040457670529
9.29834235186
2.83317711504
2.30912795064
1.70958705712
1.08914893013
0.65932510833
0.388928086826
0.240559483119
0.220016279751
0.321918220332
0.552293685302
1.12210846854
1.45821891643
1.4531062084
1.53587053359
0.892298713521
0.0884660780916
0.0196095338958
0.0271653583611
0.0136996111009
10.8476862292
1.63539870497
1.21443802387
0.894380213556
0.656672102594
0.484839728192
0.35875507948
0.290359127859
0.365491657346
0.588938159103
1.08748429136
2.2009280472
2.56540645292
2.77211182262
3.10601212466
2.05379599983
0.189818927965
0.0287958829033
0.0195385184676
0.0133334100828
12.7609009893
1.02607649005
0.813000580367
0.661369659741
0.548526627921
0.467478430896
0.408782136182
0.498073417882
0.773355708192
1.37546504244
2.81151300057
3.01402766151
4.10434176154
5.24974307836
5.95550813083
4.31291289114
0.317789602711
0.0483851244761
0.0186046055926
0.0143299604422
14.9687969141
0.829779703111
0.719130562066
0.633734522548
0.570832954621
0.591411394607
0.736073190251
1.08426967307
1.8328558493
3.0941875392
2.8982752786
4.20477564366
6.64196683156
8.17656144265
8.55594611791
5.53060213385
0.383993673696
0.0612470552703
0.0205369102367
0.0150777558913
14.0902340387
0.778951626489
0.704920335955
0.700912213996
0.918784683138
1.29443782702
1.69808104086
2.32227431834
2.54519723342
2.00711906949
2.61888662904
5.64333889882
8.34848763803
9.52559990299
8.6077875515
5.08900361132
0.468338423837
0.0905634531085
0.0506915892318
0.138156526196
10.220574343
0.673531492816
0.740699106768
1.07622487132
2.04063735359
3.01060814206
2.84309902593
2.13310901395
1.55383554583
1.2280391187
2.15315483015
6.32711228895
9.09158179654
9.42837364828
7.29822787429
4.04688378122
0.497298601121
0.506704602884
0.678861603604
0.846327895523
1.05803445078
)
;

boundaryField
{
    emptyPatch
    {
        type            empty;
    }
    minY
    {
        type            fixedValue;
        value           uniform 4.5592e-05;
    }
    maxY
    {
        type            inletOutlet;
        inletValue      uniform 0.0001;
        value           nonuniform List<scalar> 
40
(
3238.81444681
1228.320326
486.641861662
185.864650811
66.2324128172
21.9817132823
7.65537972428
3.43977079487
2.02356167393
1.40909982319
1.10110058994
0.915717249127
0.728193335486
0.572671690611
0.516379444162
0.572952020166
0.687108108851
0.742839190887
0.740816667404
0.703193584986
0.673531492816
0.740699106768
1.07622487132
2.04063735359
3.01060814206
2.84309902593
2.13310901395
1.55383554583
1.2280391187
2.15315483015
6.32711228895
9.09158179654
9.42837364828
7.29822787429
4.04688378122
0.497298601121
0.506704602884
0.678861603604
0.846327895523
1.05803445078
)
;
    }
    maxX
    {
        type            fixedValue;
        value           nonuniform List<scalar> 
150
(
0.435560966328
1.10652950657
1.61424380793
1.91742538601
2.06885738984
2.13006821355
2.13986738305
2.11944628741
2.08072256817
2.0309588931
1.97476007405
1.91510225079
1.85393654211
1.79255208484
1.73178749124
1.67214946725
1.61388038197
1.55700711514
1.50139346165
1.44680566681
1.3929876589
1.33973291754
1.28693650688
1.23461532229
1.18289561324
1.13197891931
1.08210380317
1.03351734473
0.986459899652
0.941156260832
0.897803035725
0.85654643525
0.817453481263
0.780487058766
0.745497687473
0.712239814597
0.680403680899
0.64982872358
0.619940352159
0.590682873694
0.561907790755
0.533492657861
0.505362790756
0.477486208418
0.449865678559
0.422531153754
0.39553507295
0.368947405828
0.342848542827
0.317325138758
0.292481967
0.268462895376
0.245475106455
0.223798059901
0.203747624679
0.185457628546
0.169016284659
0.154569745267
0.142050176024
0.130882154056
0.119706065384
0.106249607251
0.0951780604439
0.09691830045
0.127886714648
0.231722671456
0.418255072099
0.703484444596
1.11604737195
1.69211392963
2.44292465274
3.2721804167
4.03001580583
4.63713238824
5.12964407193
5.47123864455
5.59757778647
5.70478730096
6.4905116912
7.62826921243
8.80305405279
9.60905875754
8.84331143763
7.23068460889
5.45148597873
3.8368072261
2.8643360595
2.38065118509
2.15075610218
2.00940376218
1.89266047419
1.80338172406
1.75672891994
1.76600532255
1.81402676229
1.87104266929
1.91704501461
1.95226825282
1.98177869946
2.00267247071
2.00576284413
1.96879613444
1.88774512824
1.79922365077
1.71757718963
1.63391744251
1.54664207061
1.48140059569
1.45975836734
1.47873447047
1.52705672189
1.60428602908
1.70433923912
1.80910738327
1.90550941861
1.99207932873
2.06884590973
2.16207464082
2.27266473067
2.37558988938
2.44654537982
2.50719221738
2.40311771798
1.86507778612
0.745315590669
1.04673994206e-19
1.04574046782e-19
1.04572262953e-19
1.04570463551e-19
1.04568657906e-19
1.04566837513e-19
1.04565001881e-19
0.000827309031459
1.04292583808e-19
1.04291430114e-19
1.04292223968e-19
1.04291018458e-19
1.04291793639e-19
1.04290619415e-19
1.04291421003e-19
1.0429030904e-19
1.0429111308e-19
1.0429007429e-19
1.04291028168e-19
1.04290267415e-19
1.04291399645e-19
1.04479324147e-19
1.0469657751e-19
1.04700286869e-19
6.79820197035
)
;
    }
    water_to_heater
    {
        type            fixedValue;
        value           nonuniform List<scalar> 
240
(
21.2275160016
1098.25931066
1098.25931066
1820.52003641
1820.52003641
2473.5699215
2473.5699215
2818.63829641
2852.91346746
2812.11498253
2812.11498253
2826.35766747
2826.35766747
2837.7311804
2837.7311804
2829.85800437
2801.72594016
2772.3927399
2772.3927399
2779.88493787
2779.88493787
2838.00506654
2838.00506654
3001.24116891
3531.15534234
4338.94262187
4338.94262187
4655.97129997
4655.97129997
4774.38379492
4774.38379492
4827.28662896
4850.00418069
4903.84404244
4903.84404244
5009.13898906
5009.13898906
5185.77388615
5185.77388615
5355.86154473
5467.24105108
5454.75895739
5454.75895739
5284.99441468
5284.99441468
4976.65825988
4976.65825988
4850.02164721
5108.52856563
5713.81803781
5713.81803781
6586.88224436
6586.88224436
7340.17691344
7340.17691344
7775.6749764
8022.6565411
8200.70664942
8200.70664942
8400.95946836
8400.95946836
8602.10594678
8602.10594678
8687.40250495
8668.73904232
8796.02806713
8796.02806713
9267.80685298
9267.80685298
10107.6152816
10107.6152816
11260.086213
12919.8375535
16068.4099109
16068.4099109
20401.5818865
20401.5818865
21283.1995587
21283.1995587
20170.9422449
18303.05135
16402.0448525
16402.0448525
14511.1155297
14511.1155297
12371.9657894
12371.9657894
9554.9766004
8043.28953246
10108.6101909
10108.6101909
16499.4789626
16499.4789626
25989.2416387
25989.2416387
31861.0354386
33482.8589939
34268.9794872
34268.9794872
33711.2328122
33711.2328122
28200.4323921
28200.4323921
21219.8883619
16822.2804968
15059.0374552
15059.0374552
14986.8614324
14986.8614324
14849.0556403
14849.0556403
14137.2345597
13419.1530647
13160.2353503
13160.2353503
13509.0256122
13509.0256122
13930.8399702
13930.8399702
13206.9639206
11960.605224
12554.5948862
12554.5948862
14232.2819172
14232.2819172
14027.7243793
14027.7243793
11316.0691655
9534.71837235
9055.14991185
9055.14991185
9968.9980552
9968.9980552
12112.5443343
12112.5443343
14079.2227005
14430.4864835
13877.6280187
13877.6280187
13443.3698946
13443.3698946
13113.7724436
13113.7724436
12332.987122
10615.30171
8957.73948837
8957.73948837
9260.1940231
9260.1940231
13716.3174734
13716.3174734
26093.3328904
49768.2896936
67822.0555477
67822.0555477
73587.4932946
73587.4932946
72677.7303597
72677.7303597
67041.0830871
59779.4228484
52711.5182914
52711.5182914
47467.1444672
47467.1444672
44294.2156578
44294.2156578
43346.1333629
44555.4637771
48354.9073026
48354.9073026
53226.7954018
53226.7954018
56565.2664173
56565.2664173
57812.8896071
57680.6519116
56047.1044646
56047.1044646
54695.3925837
54695.3925837
55747.083317
55747.083317
59599.3751046
63337.1792965
63882.1020338
63882.1020338
65431.3254222
65431.3254222
67682.0350322
67682.0350322
57258.0792245
41876.2831968
29248.3534903
29248.3534903
22267.0714469
22267.0714469
19995.0589948
19995.0589948
21200.5770719
22479.9022363
21047.4921488
21047.4921488
18875.2091228
18875.2091228
17553.8019239
17553.8019239
16559.6587596
15567.4933106
14564.9265187
14564.9265187
13721.276288
13721.276288
13195.0478107
13195.0478107
13100.3042591
13473.861186
14094.1190662
14094.1190662
14978.0424421
14978.0424421
16625.9561694
16625.9561694
18192.1638802
18749.789822
18754.0983944
18754.0983944
18950.0635003
18950.0635003
19964.5441408
19964.5441408
22500.7878178
24697.269922
22485.6873418
22485.6873418
17671.4669533
17671.4669533
13472.5948076
13472.5948076
11605.8721874
)
;
    }
}


// ************************************************************************* //
