/*--------------------------------*- C++ -*----------------------------------*\
| =========                 |                                                 |
| \\      /  F ield         | OpenFOAM: The Open Source CFD Toolbox           |
|  \\    /   O peration     | Version:  2312                                  |
|   \\  /    A nd           | Website:  www.openfoam.com                      |
|    \\/     M anipulation  |                                                 |
\*---------------------------------------------------------------------------*/
FoamFile
{
    version     2.0;
    format      ascii;
    arch        "LSB;label=32;scalar=64";
    class       volScalarField;
    location    "0.72/water";
    object      p_rgh;
}
// * * * * * * * * * * * * * * * * * * * * * * * * * * * * * * * * * * * * * //

dimensions      [1 -1 -2 0 0 0 0];

internalField   nonuniform List<scalar> 
6000
(
101684.855189
101681.496293
101680.998028
101680.400956
101679.819735
101679.279573
101678.784127
101678.338837
101677.948536
101677.611543
101677.325788
101677.0879
101676.892985
101676.736403
101676.614212
101676.523121
101676.460337
101676.42359
101676.411065
101676.421318
101667.984097
101673.136242
101676.243255
101677.655136
101677.900565
101677.853905
101677.699596
101677.515344
101677.321447
101677.132107
101676.962603
101676.818236
101676.696802
101676.595828
101676.514308
101676.452205
101676.409768
101676.387273
101676.384922
101676.402811
101656.081537
101663.139697
101669.564212
101673.288313
101674.895421
101675.647884
101675.989282
101676.135502
101676.192849
101676.204787
101676.195164
101676.181651
101676.172291
101676.168248
101676.169234
101676.175725
101676.188955
101676.210576
101676.24231
101676.285599
101646.674726
101654.32273
101663.210646
101669.072063
101672.195644
101673.833183
101674.636621
101675.015592
101675.212873
101675.336906
101675.427872
101675.504485
101675.576717
101675.648494
101675.72013
101675.79126
101675.862002
101675.933135
101676.005862
101676.081347
101638.229606
101645.182223
101654.806012
101662.673657
101668.053954
101671.427226
101673.255008
101674.105117
101674.480763
101674.679392
101674.821025
101674.945174
101675.063732
101675.180845
101675.297245
101675.412094
101675.524391
101675.633617
101675.73974
101675.842872
101631.68247
101637.121629
101645.558301
101653.979748
101661.377257
101667.155673
101670.944639
101672.953841
101673.817609
101674.170912
101674.363955
101674.52007
101674.668076
101674.813261
101674.956882
101675.098345
101675.236346
101675.369706
101675.497589
101675.619311
101624.90655
101629.780058
101636.734026
101644.287344
101652.433022
101660.295687
101666.649036
101670.814325
101672.914363
101673.727437
101674.037884
101674.229058
101674.399997
101674.564206
101674.72406
101674.879854
101675.030756
101675.175703
101675.313749
101675.444004
101617.433982
101622.526047
101628.655582
101635.087124
101642.874826
101651.600565
101660.00142
101666.796576
101671.160404
101673.180712
101673.851014
101674.10428
101674.288959
101674.459579
101674.622014
101674.778006
101674.927731
101675.070765
101675.206548
101675.334349
101610.789033
101616.744087
101622.000144
101627.481105
101634.455187
101642.94196
101652.048898
101660.713685
101667.770639
101672.091582
101673.771854
101674.205605
101674.383207
101674.531916
101674.671887
101674.80602
101674.935204
101675.059519
101675.178709
101675.292203
101604.275926
101611.102491
101616.034509
101620.996409
101627.24867
101635.052941
101643.807571
101653.09893
101662.217347
101669.556239
101673.42004
101674.488698
101674.679894
101674.772252
101674.859002
101674.945664
101675.033306
101675.122044
101675.211516
101675.301087
101598.991832
101607.673139
101612.095648
101616.631375
101621.716781
101628.250519
101636.074913
101645.157429
101655.183749
101665.045959
101672.04577
101674.697278
101675.086641
101675.100244
101675.107528
101675.127609
101675.160413
101675.205096
101675.260382
101675.324617
101593.459722
101604.66029
101609.028087
101612.729711
101616.589885
101621.758187
101628.736144
101637.585359
101647.885937
101659.025222
101668.955653
101674.258826
101675.358192
101675.335766
101675.264838
101675.224399
101675.212254
101675.225186
101675.259861
101675.312794
101587.000368
101601.837138
101606.378032
101608.542705
101610.723188
101614.718526
101621.293772
101630.224186
101640.564796
101651.965762
101663.883171
101672.430317
101675.080699
101675.218366
101675.127225
101675.077727
101675.068509
101675.093183
101675.146094
101675.22182
101579.039774
101595.941153
101599.524419
101601.245636
101602.67522
101606.277855
101613.099131
101622.174381
101632.150724
101643.227463
101656.362345
101668.372401
101673.73421
101674.50771
101674.532416
101674.57646
101674.65774
101674.767341
101674.898859
101675.046493
101571.42083
101585.06392
101587.469143
101588.745771
101590.626069
101595.43083
101603.076541
101611.992165
101621.232785
101631.622394
101645.235985
101660.754764
101670.574959
101673.101199
101673.504293
101673.770158
101674.043376
101674.316747
101674.587041
101674.851739
101556.609116
101565.91972
101568.262847
101570.59262
101575.139231
101582.538915
101591.130198
101599.635149
101608.05985
101617.488933
101630.317507
101648.020312
101664.155134
101670.960642
101672.381833
101672.966827
101673.483336
101673.95513
101674.385546
101674.778856
101534.801624
101545.978358
101550.627922
101554.335494
101561.191544
101570.836496
101580.510838
101589.082232
101596.852504
101604.904064
101615.071749
101631.146977
101652.430537
101667.295866
101671.646809
101672.674024
101673.369912
101673.982956
101674.523915
101675.002125
101525.742341
101535.490659
101540.019582
101544.242811
101551.986007
101563.094606
101574.482553
101584.546041
101592.625767
101598.241727
101604.109736
101614.955405
101635.887418
101659.75681
101671.022934
101673.249008
101674.004135
101674.626369
101675.170514
101675.645475
101521.401353
101531.969984
101534.005413
101538.552249
101547.311537
101559.677795
101572.330978
101583.271577
101592.090748
101597.436921
101598.589728
101603.104823
101619.658131
101647.765769
101668.939191
101674.561754
101675.43376
101675.923419
101676.350577
101676.723351
101517.011122
101527.703205
101529.140052
101533.62005
101543.748381
101557.48999
101571.43323
101584.136787
101594.544571
101598.966358
101597.858458
101598.070847
101608.567656
101635.722742
101664.465576
101675.966056
101677.464011
101677.731735
101677.947196
101678.138491
101513.283448
101526.894744
101526.592724
101531.183828
101542.160693
101557.633924
101573.787911
101588.962601
101599.183339
101599.871869
101598.483317
101597.324718
101603.609994
101627.605906
101659.401727
101676.870262
101679.734206
101679.785968
101679.74438
101679.713891
101510.228529
101525.783433
101524.883593
101530.151279
101542.906176
101560.983353
101579.943908
101596.397264
101599.57265
101599.274858
101599.146389
101597.124559
101601.293082
101622.770322
101655.55945
101677.309489
101681.856129
101681.774048
101681.486022
101681.239388
101506.205298
101527.02949
101526.760786
101533.317763
101547.941162
101568.181586
101588.648253
101599.003671
101598.43538
101598.235987
101597.826583
101597.704671
101598.640325
101618.08625
101652.11974
101677.160281
101683.492865
101683.405319
101682.931754
101682.518012
101500.961449
101525.198571
101528.042552
101538.052088
101554.910314
101576.19338
101595.164631
101596.795392
101596.379284
101595.914422
101595.899313
101594.304783
101591.603874
101610.504404
101646.625348
101675.467051
101684.307685
101684.462671
101683.904685
101683.406368
101493.66197
101523.127694
101528.835233
101542.233228
101561.126686
101581.638439
101594.332351
101593.555076
101593.035917
101592.889438
101591.971909
101581.927686
101574.666785
101596.507628
101635.268318
101670.187428
101683.885367
101684.87093
101684.346305
101683.852613
101487.212666
101520.782396
101528.975323
101543.95515
101563.089649
101581.87295
101590.451603
101589.793365
101589.488365
101588.506919
101583.172551
101566.090508
101566.354873
101576.734476
101613.465144
101658.116356
101681.529392
101684.723103
101684.3373
101683.901297
101479.599615
101519.896322
101529.600058
101543.443573
101560.523773
101577.922856
101586.373745
101585.756202
101584.542877
101581.980858
101561.690876
101561.133299
101561.334571
101561.198884
101586.969457
101637.051857
101675.479533
101683.964321
101683.95899
101683.608816
101472.830597
101519.852479
101528.569304
101539.154581
101554.234656
101570.59553
101579.886808
101578.705839
101573.444822
101558.524055
101555.346827
101555.530055
101555.097387
101555.333339
101564.541214
101609.887894
101663.43595
101682.024401
101683.193135
101682.987309
101471.918841
101514.101174
101517.798658
101526.497059
101540.041313
101553.64372
101560.195428
101557.044887
101551.127607
101550.746106
101550.629801
101548.583325
101548.679508
101548.47332
101550.261643
101585.273114
101645.084235
101677.716616
101681.987647
101682.059695
101467.595867
101493.625381
101489.630528
101494.40188
101509.669853
101525.262657
101531.997964
101533.95837
101539.807451
101546.728002
101552.152408
101548.812665
101542.549839
101541.62156
101542.874484
101566.83286
101622.498561
101669.302003
101680.163376
101680.889881
101447.614495
101453.4724
101438.725282
101441.90466
101466.909875
101491.557803
101506.187536
101517.868083
101532.08963
101546.797052
101555.334691
101552.596077
101543.02999
101536.842884
101537.753768
101553.184993
101598.623368
101655.324042
101677.308797
101679.640145
101425.809665
101410.861116
101392.560581
101396.365352
101423.61625
101457.134778
101482.943714
101503.594485
101524.535153
101544.627791
101553.409635
101553.098213
101547.079899
101539.149215
101536.543529
101543.46688
101575.045697
101635.237647
101672.503187
101678.53428
101402.853479
101383.629485
101383.776131
101383.575776
101391.910882
101425.517925
101461.093203
101490.209242
101517.388089
101541.007966
101549.894878
101550.865974
101549.237792
101544.266329
101538.098167
101535.02414
101553.1369
101610.079326
101664.192944
101677.677279
101386.121733
101378.26789
101378.202798
101379.750349
101379.468679
101402.99818
101441.564647
101477.928908
101511.469668
101538.957913
101547.833133
101548.844003
101549.319459
101547.38948
101539.920543
101527.390998
101532.571308
101582.442929
101650.921862
101676.778001
101378.857764
101373.236752
101375.438597
101374.813658
101375.980767
101391.128367
101428.52709
101469.75506
101508.471668
101539.063155
101547.473258
101548.141888
101548.900126
101548.929371
101541.951365
101521.316686
101515.440778
101556.99215
101633.141339
101674.91692
101374.514552
101370.449877
101370.554761
101372.372834
101371.996055
101385.421339
101422.821304
101467.176872
101508.896451
101541.186425
101548.138586
101548.618223
101549.050224
101549.478627
101543.836342
101516.755499
101513.934898
101539.994996
101613.865991
101670.909593
101370.356361
101366.616462
101368.610608
101368.072276
101369.260631
101382.648152
101421.521709
101468.255374
101513.204626
101545.217253
101549.340649
101549.561813
101549.940503
101549.996152
101546.313277
101516.673316
101512.551213
101530.948391
101597.799677
101664.789361
101366.077339
101364.791147
101364.635536
101366.211897
101366.080114
101383.102536
101425.576482
101475.784978
101522.912485
101549.737419
101550.752923
101550.918358
101550.834293
101550.997743
101548.332306
101517.878268
101511.840443
101526.145426
101586.141288
101657.399486
101363.727999
101361.805721
101363.28981
101362.998381
101363.867438
101389.798799
101437.714218
101490.275859
101535.955959
101552.531878
101552.200001
101551.999932
101552.065352
101551.559013
101549.454262
101518.874654
101510.696541
101523.070945
101576.69607
101648.896281
101364.2714
101361.953033
101360.047635
101361.169027
101366.251245
101402.774321
101455.185059
101508.411989
101548.041748
101553.829711
101553.317494
101553.175402
101552.526842
101552.429739
101548.902116
101518.888409
101509.72596
101519.615874
101566.376709
101638.405263
101368.214015
101365.681297
101357.57952
101357.834507
101374.164768
101419.599362
101475.205976
101527.683852
101554.793849
101554.516182
101554.059062
101553.276344
101553.06322
101552.065805
101546.770443
101518.446846
101508.061122
101514.586382
101553.200336
101625.258586
101371.764494
101369.552608
101355.106723
101357.641512
101386.500144
101438.816936
101496.825445
101544.929175
101555.461668
101554.558782
101553.641454
101553.330821
101552.205906
101551.843974
101543.579908
101519.361384
101506.511126
101507.53937
101537.151026
101609.979666
101370.474934
101369.465433
101356.890085
101365.249092
101402.907639
101460.161185
101518.975846
101553.9796
101554.218162
101553.18641
101552.765753
101551.57267
101551.233622
101549.862039
101542.156869
101523.387155
101505.900907
101497.319969
101521.388369
101594.595788
101363.244666
101362.0684
101358.5036
101374.700767
101420.992598
101482.355276
101537.969184
101552.651588
101551.443789
101550.971845
101549.789943
101549.562891
101548.248859
101547.877506
101541.552353
101529.919779
101504.848694
101485.898521
101507.610794
101580.024528
101352.125479
101352.176456
101354.626179
101380.444337
101437.635792
101502.328252
101546.349603
101547.89049
101547.410981
101546.37876
101546.343385
101545.107606
101544.244359
101543.889091
101545.079789
101536.305124
101500.983922
101475.442598
101495.690571
101565.791455
101338.664118
101338.630556
101343.557212
101381.617816
101447.817437
101514.565355
101542.075921
101541.522249
101541.022699
101541.223491
101539.605327
101531.045105
101534.627716
101544.891752
101552.29488
101538.545322
101494.630037
101466.725624
101485.342384
101551.3722
101312.840822
101304.355198
101330.749268
101378.617007
101447.655325
101513.067
101533.82801
101533.984556
101534.598793
101526.648949
101508.432269
101513.058268
101534.670072
101553.90037
101557.504545
101536.305354
101487.743679
101461.396094
101476.220643
101536.053409
101245.962391
101279.886954
101324.104658
101378.243334
101446.440479
101507.350277
101528.120082
101528.959541
101509.868069
101480.252347
101481.696905
101511.362253
101546.29492
101562.861964
101559.447408
101532.005807
101482.665593
101456.924605
101466.273733
101517.903994
101221.482067
101282.181497
101334.899751
101394.806245
101459.664048
101509.470221
101521.170194
101502.803259
101462.614604
101457.68388
101479.703648
101523.832344
101562.053786
101567.587788
101558.470256
101525.897026
101478.618868
101452.920991
101452.746629
101496.344672
101223.848679
101296.119793
101358.563222
101425.424865
101484.82637
101514.889651
101505.758211
101469.267281
101454.327963
101458.574035
101490.795428
101545.398283
101572.109678
101569.448294
101554.576466
101517.61408
101474.916586
101447.837573
101442.985216
101474.978363
101220.710648
101327.873929
101399.998771
101470.574548
101516.881627
101522.688982
101500.831056
101462.890104
101456.717894
101468.999885
101516.387592
101567.447836
101574.173907
101568.515594
101545.149069
101508.899498
101472.342877
101443.566826
101438.698276
101449.72457
101224.928281
101377.321116
101457.329191
101522.928065
101543.829577
101534.569086
101502.190628
101466.645179
101466.255287
101496.004632
101550.131435
101577.115621
101574.48231
101560.742775
101532.402018
101505.251995
101472.868925
101440.767213
101433.893763
101433.579488
101223.594426
101438.777176
101520.003215
101559.090537
101558.007543
101544.075997
101508.042889
101484.11902
101495.532977
101535.802404
101574.042562
101576.42389
101569.448045
101546.948108
101526.384383
101507.136085
101479.543855
101440.922078
101427.489231
101427.235977
101227.42114
101504.528125
101561.486377
101562.575873
101561.049672
101557.634909
101528.982129
101520.313131
101536.760302
101566.243935
101576.628489
101572.559215
101557.873456
101539.330655
101526.497564
101517.75362
101492.948906
101444.080476
101418.783314
101417.908374
101267.045257
101567.386835
101568.035311
101566.878739
101564.012027
101561.772827
101557.378513
101551.940502
101563.129498
101572.008296
101571.222753
101563.951991
101550.131117
101537.274413
101534.776797
101534.293306
101507.9376
101446.735873
101406.901941
101406.124101
101377.768951
101572.699188
101569.429749
101566.770475
101563.246015
101556.810905
101551.663409
101555.710587
101562.063342
101562.512069
101559.247207
101552.419784
101543.4029
101539.961039
101543.287735
101543.959299
101518.443163
101446.75007
101392.453383
101391.28573
101372.614469
101453.616098
101459.167521
101475.253645
101488.7897
101498.359704
101508.902472
101522.93411
101531.61926
101535.213392
101534.966469
101533.012088
101531.480692
101531.932963
101532.343453
101530.787837
101521.049552
101448.862106
101378.633416
101376.058072
101189.822482
101153.615524
101190.805396
101230.517456
101281.513285
101337.501866
101397.227279
101442.556434
101470.615218
101486.438171
101495.62616
101500.746601
101503.764496
101506.044155
101507.805618
101509.420764
101510.55448
101462.323824
101373.974799
101359.505164
101019.305705
100979.480342
101011.418691
101040.955547
101079.477729
101134.83822
101214.31378
101304.797789
101381.444437
101430.899311
101456.985472
101469.25288
101475.475963
101480.876338
101485.769217
101489.957592
101493.773014
101483.725115
101386.552666
101344.930874
100940.139428
100948.452413
100971.279215
100992.346723
101010.765453
101038.872733
101090.133017
101174.680563
101275.835091
101366.496175
101427.391934
101452.654814
101459.469252
101465.758179
101471.370052
101476.739038
101481.177618
101485.346789
101415.349948
101333.985361
100927.545633
100950.394092
100970.410062
100990.365698
101005.003348
101026.046787
101064.078474
101131.943103
101220.810049
101316.028906
101402.221571
101448.728514
101454.42496
101459.67122
101464.842583
101469.419548
101474.160327
101477.745137
101448.890498
101336.215988
100928.275354
100960.048212
100977.316521
100996.713436
101010.322564
101030.30778
101067.630829
101132.432255
101215.791107
101306.936024
101395.623762
101450.832212
101455.151846
101459.321558
101463.097915
101467.246981
101470.516847
101474.504747
101471.402331
101351.23662
100932.080126
100981.646986
100994.955555
101011.771825
101024.164644
101044.180425
101084.325631
101147.891208
101228.767389
101318.798063
101406.35466
101455.875453
101459.108473
101461.764192
101464.891523
101467.356068
101470.617958
101472.561601
101475.175411
101374.828129
100961.558647
101011.13998
101016.470656
101026.756257
101038.844466
101063.231863
101110.888188
101179.531417
101261.925566
101352.314747
101433.96504
101462.627638
101464.194889
101466.305562
101467.823223
101470.126492
101471.493763
101474.038738
101474.475611
101397.824561
101027.900384
101041.129006
101032.516367
101034.147768
101045.553358
101077.04411
101134.911891
101213.251823
101303.354344
101396.584621
101461.759206
101468.86602
101469.955216
101470.737678
101472.25894
101472.84306
101474.480827
101474.954765
101476.512559
101414.849548
101089.932523
101062.243443
101040.123894
101036.755345
101048.860402
101087.236884
101155.434289
101244.13487
101342.758047
101435.384301
101474.896283
101475.020406
101475.280375
101476.142481
101476.033601
101476.96531
101476.814654
101477.846317
101477.083436
101430.063444
101093.703488
101075.209129
101047.730853
101041.286777
101054.838823
101100.150251
101177.798993
101275.482497
101379.731827
101463.866645
101481.901796
101481.27567
101481.439731
101480.817537
101481.129385
101480.274894
101480.587948
101479.775952
101480.040997
101442.76312
101079.809219
101081.617093
101060.471246
101052.213571
101068.148503
101120.021379
101205.262975
101309.21005
101414.704182
101483.190929
101488.636494
101487.889471
101486.80943
101486.604425
101485.111814
101484.829283
101483.327288
101482.930476
101481.174633
101456.119394
101056.967342
101092.891042
101077.958933
101072.173132
101091.007247
101148.22554
101238.385259
101345.3722
101447.461152
101495.790226
101495.042157
101493.626583
101492.91935
101491.004801
101490.27274
101488.12418
101487.167871
101485.106581
101483.952872
101467.061207
101052.928493
101119.120885
101104.829626
101104.427089
101126.834533
101188.277566
101280.744172
101387.41347
101479.472801
101503.435449
101501.117958
101499.852496
101497.662918
101496.533207
101493.840914
101492.455446
101489.75145
101488.00233
101485.197491
101476.777237
101058.779438
101167.908862
101148.082092
101152.603957
101180.47299
101245.32835
101338.153592
101439.926402
101506.596133
101508.975312
101507.006572
101504.555879
101503.117319
101500.013848
101498.345072
101495.127949
101493.044269
101489.852958
101487.378667
101483.611399
101055.403387
101247.582008
101218.390546
101226.320053
101259.021423
101325.829224
101415.157595
101497.43282
101516.185912
101513.313623
101510.690265
101509.086424
101505.706584
101503.899647
101500.314333
101498.065395
101494.342071
101490.924655
101488.077292
101484.773546
101062.129005
101335.641129
101317.927438
101331.277857
101366.7954
101429.218678
101497.870432
101520.778647
101517.258896
101514.70942
101513.161672
101509.680713
101507.942153
101503.923896
101501.374057
101491.268163
101486.108013
101486.862768
101488.535285
101485.190617
101061.11404
101412.254204
101422.848897
101447.934565
101479.536884
101515.105839
101521.910611
101518.664207
101515.853054
101514.619957
101510.918294
101509.265603
101503.353785
101493.802886
101485.052864
101480.104271
101479.441394
101483.695662
101487.126811
101484.940765
101080.996518
101412.560146
101455.676959
101489.890756
101514.518415
101519.77913
101517.504881
101513.601362
101512.555415
101507.853881
101500.954419
101485.701484
101477.477265
101476.346036
101475.489117
101474.372332
101475.376491
101479.315458
101483.287164
101482.970457
101115.690872
101354.882469
101409.197821
101446.76193
101475.081937
101490.359655
101490.047945
101485.196351
101474.997566
101462.532533
101449.072199
101449.850732
101459.317439
101466.265433
101467.640495
101467.762118
101469.276944
101472.631756
101476.467065
101478.193386
101065.585494
101169.662999
101217.510898
101251.97142
101285.237632
101310.81295
101321.077328
101326.512603
101337.747094
101357.108096
101384.858763
101414.793162
101438.817387
101453.438415
101460.057516
101461.34231
101462.253801
101464.57611
101467.988519
101471.042475
100978.443115
100958.486892
100973.749726
100990.166782
101009.97277
101027.599284
101042.845614
101068.216061
101119.545876
101200.058373
101287.068812
101358.394814
101407.308586
101435.359298
101450.009341
101455.527664
101456.81928
101458.246888
101461.46646
101464.202839
100867.994085
100855.413988
100865.771707
100869.011952
100871.798152
100873.871925
100878.825945
100894.915632
100937.466973
101020.461187
101133.690366
101245.903414
101338.931907
101404.050639
101439.58701
101451.139468
101454.376375
101456.071374
101458.103404
101460.56766
100819.159749
100840.993413
100849.748708
100848.330104
100845.669377
100843.98624
100843.725937
100846.417473
100865.576535
100916.983383
101004.828484
101115.637717
101232.936331
101339.842266
101417.962842
101449.453289
101454.624152
101456.978034
101458.641288
101460.013746
100821.609308
100845.75909
100853.324073
100850.956506
100845.196152
100845.016322
100844.890345
100844.992752
100855.782249
100894.104622
100960.182025
101049.713028
101157.430607
101274.498799
101383.575698
101447.362558
101457.97691
101459.699524
101461.310148
101462.079991
100822.55023
100859.60691
100868.334142
100864.881978
100853.457688
100847.456733
100847.318817
100847.269597
100859.465279
100896.772012
100957.613754
101037.92367
101136.252741
101249.189194
101364.929516
101447.262334
101463.524022
101463.821844
101464.409369
101464.960163
100825.660421
100881.041049
100895.930708
100896.293082
100879.271728
100863.60398
100860.009749
100862.160459
100876.424873
100910.90972
100967.397938
101044.941246
101141.843588
101254.384855
101370.791431
101454.636487
101469.667223
101468.70522
101467.776105
101467.111467
100826.97898
100899.339923
100924.215301
100936.693695
100925.858632
100908.953041
100904.343153
100908.02133
100922.572576
100952.773563
101002.094481
101073.619011
101167.316528
101279.169252
101394.214579
101469.592984
101476.241353
101473.857518
101471.918747
101469.25548
100829.68653
100912.620979
100946.026482
100975.006601
100985.292545
100984.806291
100986.576109
100992.326198
101006.178188
101032.9568
101077.860113
101145.514481
101237.119232
101346.343661
101447.580542
101485.869374
101482.58542
101479.670073
101475.928719
101472.715352
100840.312977
100926.726135
100967.773382
101009.892685
101048.458198
101078.397879
101097.067512
101110.927006
101128.644982
101156.793527
101201.599489
101267.958394
101354.955045
101445.482058
101493.290999
101492.221027
101488.871847
101484.746988
101481.085615
101474.475512
100854.815664
100954.310599
100998.329984
101048.706585
101111.614928
101175.452887
101221.62686
101255.694048
101286.162472
101319.696287
101363.034635
101418.577708
101475.009035
101503.027128
101501.06367
101497.987742
101493.890025
101490.292252
101484.720155
101477.784678
100857.231944
101016.254327
101049.21036
101101.606311
101178.093025
101266.760324
101343.920729
101408.365456
101450.474911
101475.803971
101495.193813
101508.944344
101511.330975
101508.473207
101505.833124
101498.410599
101492.542182
101489.230686
101488.315656
101486.593614
100859.878113
101127.315013
101129.265106
101175.921732
101253.960503
101352.090122
101450.115241
101513.767706
101523.175317
101521.60872
101519.707746
101518.151445
101515.683654
101513.833629
101494.145338
101489.774929
101492.535204
101497.503042
101496.157633
101488.976699
100866.747128
101248.656784
101230.994525
101269.573677
101338.345205
101432.100155
101521.691063
101531.185734
101529.872073
101527.69076
101527.234017
101523.912691
101522.642122
101490.174587
101486.507381
101493.355328
101504.751786
101504.885418
101497.946862
101490.154329
100922.930897
101335.633902
101317.430507
101348.883736
101411.201918
101497.781351
101541.069456
101539.509541
101536.817065
101536.628368
101532.240729
101528.514103
101485.184507
101480.91629
101490.410186
101507.246538
101512.090223
101505.603579
101498.495731
101489.623461
101059.715836
101360.109217
101362.01214
101380.457195
101453.246153
101531.399271
101549.479769
101545.327639
101543.784412
101537.615192
101515.516602
101466.770791
101463.340784
101482.479911
101503.939934
101513.588919
101509.8774
101503.65972
101496.420569
101477.673956
101208.94769
101360.09582
101344.616622
101372.181155
101452.70783
101522.273015
101539.875627
101532.777302
101509.593883
101471.518636
101429.182387
101432.663489
101462.267245
101490.180436
101504.693166
101505.705691
101502.000924
101496.847784
101483.589559
101419.649172
101173.000313
101194.919948
101206.681727
101274.111105
101359.150169
101405.77785
101415.243551
101400.367417
101371.030815
101350.97661
101370.673384
101413.779287
101453.650949
101478.835236
101487.714178
101488.18837
101486.021219
101480.77297
101446.473123
101345.392741
100929.056585
100866.493611
100963.285302
101053.543842
101119.676814
101150.073752
101165.945297
101182.16003
101206.270129
101250.076205
101311.716295
101373.414105
101421.306241
101449.906156
101461.221811
101464.483185
101465.003639
101457.141649
101400.666255
101299.415633
100642.157817
100638.79256
100724.042822
100810.857974
100886.241708
100942.875538
100987.65683
101035.669811
101094.109994
101164.2223
101243.082732
101321.691359
101383.851773
101420.381653
101435.292058
101441.397058
101443.808806
101433.199049
101372.37456
101284.723253
100538.265232
100574.112559
100619.154209
100676.941657
100759.537585
100854.540244
100940.369774
101005.564545
101061.831453
101127.818922
101205.405396
101288.95666
101361.395252
101402.354233
101417.844797
101424.354743
101426.964203
101415.810388
101362.020516
101282.793203
100532.934161
100554.47507
100577.419086
100613.766029
100679.894163
100791.889495
100929.784092
101026.250453
101081.25719
101137.712289
101210.144159
101291.309331
101361.794395
101398.702668
101409.387571
101414.397148
101416.855576
101407.64367
101361.228536
101294.298468
100534.959461
100545.9062
100561.432168
100585.874687
100628.715703
100717.562616
100894.643465
101080.86306
101176.677325
101221.976032
101279.498707
101341.997233
101386.242271
101400.192189
101405.77301
101410.026468
101411.771285
101406.034101
101371.826437
101316.235399
100531.729193
100541.66942
100554.747836
100573.313425
100600.01592
100655.692443
100797.273508
101054.623033
101241.008966
101336.897386
101373.261523
101390.325016
101395.444677
101400.020453
101404.608895
101408.982
101410.703087
101409.135952
101392.735099
101349.827946
100534.760221
100539.753603
100552.735562
100569.114731
100587.135398
100619.550097
100702.193604
100947.817775
101214.395539
101358.677969
101390.287
101393.50377
101397.605619
101401.145999
101405.393882
101409.472614
101412.557666
101414.06514
101413.496718
101391.652139
100532.809654
100539.642066
100553.172913
100569.498054
100584.367911
100607.162108
100661.134911
100821.971005
101119.245933
101339.567765
101395.116207
101398.689288
101401.208682
101405.015768
101407.779688
101411.670028
101415.266012
101418.565974
101422.374321
101419.669788
100535.620616
100540.640204
100555.58013
100572.442367
100586.192819
100606.714336
100652.446996
100763.411678
101005.709859
101271.031924
101402.406815
101404.380993
101407.776408
101409.488682
101413.018488
101415.123763
101418.602029
101421.684623
101425.244607
101428.649031
100534.712209
100543.852552
100562.688945
100581.294204
100592.787432
100610.693437
100654.979996
100756.140051
100950.449278
101195.164528
101386.097911
101412.329571
101413.530135
101416.958897
101417.834955
101421.291845
101422.775579
101426.061426
101428.467197
101431.655183
100536.71083
100551.280299
100576.803682
100598.28928
100608.479727
100623.657467
100665.206232
100763.145653
100947.401135
101163.41278
101357.591798
101419.346786
101421.972445
101422.505846
101425.873129
101426.179473
101429.613067
101430.46769
101433.787766
101435.163849
100536.803855
100565.748368
100599.235297
100623.327335
100635.036485
100650.761262
100692.02798
100788.3935
100960.701882
101167.600428
101350.032419
101427.800029
101428.482653
101431.149547
101431.114881
101434.461751
101434.242931
101437.746755
101437.836127
101441.041821
100537.540002
100590.864106
100630.153474
100655.370774
100670.333311
100691.669517
100741.182492
100844.167873
101001.130842
101186.498344
101359.363804
101435.398355
101436.693115
101436.972734
101439.670511
101439.137396
101442.503458
101441.782059
101445.187046
101444.01497
100550.452015
100629.329523
100667.013284
100690.496094
100708.691282
100741.623614
100812.057751
100927.959732
101074.679363
101233.454176
101381.260161
101442.925153
101443.274218
101445.121685
101444.660024
101447.473309
101446.309857
101449.657596
101447.95723
101450.898167
100586.065344
100677.329935
100703.52012
100721.214794
100741.860967
100796.279336
100896.616943
101028.981579
101171.132405
101304.91933
101413.884089
101449.559964
101450.328757
101441.942663
101436.33467
101443.919316
101451.790584
101451.581351
101454.16763
101450.917445
100641.653512
100716.956113
100731.67123
100740.809664
100766.905924
100848.923437
100981.14881
101131.903522
101272.06451
101377.672927
101430.984376
101442.028521
101422.53933
101386.00838
101385.851139
101419.936581
101455.315313
101456.700529
101455.400994
101392.944985
100693.337396
100731.877599
100746.957279
100751.953278
100786.274205
100889.855191
101049.814845
101219.948371
101358.463253
101428.389224
101438.081696
101418.116663
101371.250547
101367.536207
101376.527283
101426.184691
101459.998066
101459.441
101456.038772
101211.262226
100714.389025
100731.43343
100754.24174
100762.312671
100804.359676
100919.254693
101095.631358
101280.162979
101412.572311
101451.172154
101446.929719
101418.5608
101375.547013
101372.842143
101391.890655
101452.684215
101464.218935
101463.881675
101340.23475
101051.361757
100707.474096
100723.931152
100756.8263
100773.090769
100822.942362
100943.052813
101125.206372
101314.759754
101435.092466
101458.303995
101457.911094
101437.953128
101405.72653
101406.998142
101437.659014
101469.728478
101468.19305
101393.786491
101107.120947
101024.956039
100677.25398
100707.012607
100757.022044
100783.956826
100841.767482
100965.608402
101148.884228
101337.806149
101447.19936
101464.4972
101464.031567
101463.277941
101461.350617
101461.47801
101466.86034
101468.909876
101382.745729
101130.713115
101003.871684
101025.08479
100622.091148
100691.173664
100758.620742
100795.553395
100862.664928
100992.24248
101176.898195
101362.409794
101458.689387
101470.051197
101468.756845
101468.622715
101468.237412
101467.05895
101463.941372
101327.621268
101069.89768
100944.663756
100996.385781
101043.792084
100577.370562
100688.323122
100764.693173
100813.635059
100894.456842
101034.759206
101223.072556
101399.25144
101472.217016
101474.855657
101473.613779
101470.744903
101470.181841
101465.597603
101281.709656
100970.691929
100870.989001
100921.72956
101017.6627
101083.381844
100575.08502
100696.04195
100782.484736
100850.315759
100952.90944
101110.499885
101301.477582
101448.422194
101481.895878
101479.227132
101476.257324
101474.278174
101461.131601
101247.320576
100926.865494
100860.362671
100861.940489
100937.527555
101068.805923
101129.474664
100582.916847
100714.920263
100824.818734
100923.138275
101056.643365
101232.788672
101407.318861
101485.578527
101484.72304
101481.308335
101478.868865
101460.328069
101226.510758
100911.91013
100859.306628
100860.497892
100873.314908
100992.187586
101140.525022
101174.89666
100633.297463
100751.096174
100896.573159
101041.811088
101211.759613
101386.414556
101485.226414
101491.041619
101486.250879
101483.302976
101475.402859
101277.217427
100942.268643
100863.948723
100859.818451
100872.700345
100940.503758
101092.761643
101221.7125
101216.546835
100753.390547
100814.181326
100995.095319
101203.601536
101391.152004
101492.304291
101499.61219
101493.460255
101489.672605
101481.890534
101408.199481
101074.405148
100929.3808
100906.137824
100918.63184
100964.498943
101080.146889
101228.802552
101296.39945
101246.757748
100906.769236
100902.878846
101108.733869
101365.557303
101494.343923
101504.96586
101497.769128
101493.573823
101485.86657
101482.295241
101309.949798
101075.264867
101029.806912
101049.649112
101080.360227
101144.455306
101251.812326
101331.595939
101336.790184
101257.377163
101003.687823
100980.532028
101200.135685
101436.412165
101490.616086
101484.743637
101481.849196
101475.189468
101473.381239
101458.099131
101244.416239
101161.232373
101193.209503
101223.568927
101255.339597
101298.654297
101324.517937
101322.432034
101320.304425
101247.478139
100970.128501
100987.036157
101182.431502
101379.653651
101427.890784
101433.244217
101430.752852
101420.936006
101389.812967
101290.785157
101151.974739
101146.14242
101182.808526
101216.422935
101252.426302
101292.835791
101295.833421
101296.822735
101297.038501
101213.265242
100844.418927
100817.413374
100987.296169
101130.231365
101169.791643
101171.778498
101150.469667
101101.515115
101029.129989
100939.930315
100939.477635
100971.965434
101009.641838
101052.052352
101100.092679
101156.62631
101211.722714
101234.787652
101205.293816
101114.183067
100610.732943
100585.614475
100641.569988
100686.093845
100704.290414
100696.236903
100660.495403
100609.418724
100565.88151
100554.914343
100590.438965
100605.766606
100624.768376
100659.194679
100712.921978
100775.255919
100851.63598
100891.811201
100878.961977
100891.667559
100371.709085
100359.084345
100384.909661
100390.664526
100391.080813
100381.668748
100360.929204
100337.559231
100323.376892
100322.98908
100324.683036
100320.429932
100320.152987
100329.770734
100364.997693
100427.367315
100481.889486
100521.703351
100562.012641
100650.035303
100224.748587
100277.414899
100305.145544
100302.965189
100298.770625
100291.192345
100280.677114
100268.147731
100261.838468
100259.289983
100259.782492
100258.47211
100259.842955
100258.40245
100259.920577
100303.20353
100358.019336
100404.453902
100462.946539
100562.20365
100206.434717
100260.976597
100280.039094
100278.371113
100273.930048
100267.606627
100260.644761
100260.919042
100259.670759
100260.963526
100259.076853
100261.013136
100258.803454
100261.068137
100258.893773
100278.297878
100332.14916
100386.888236
100456.162553
100563.360007
100208.644197
100249.796204
100265.972316
100267.065265
100263.638753
100261.621736
100262.083939
100260.912254
100262.11355
100260.363587
100262.152545
100260.028989
100262.195869
100260.075176
100262.242827
100272.566202
100320.764711
100381.81571
100462.205164
100587.064001
100207.680878
100241.416652
100259.036122
100263.194619
100262.997779
100263.257897
100262.436295
100263.284616
100261.703023
100263.309061
100261.336473
100263.344241
100261.282117
100263.383552
100261.642056
100270.245169
100312.282628
100378.75299
100471.204388
100611.445563
100210.237493
100237.074879
100257.755015
100264.829067
100264.464877
100264.121608
100264.504849
100263.455357
100264.53235
100262.857887
100264.569134
100262.607798
100264.610455
100262.982947
100264.656345
100269.265307
100308.084591
100377.809311
100476.992043
100624.14296
100209.524604
100235.931089
100260.783209
100273.463784
100269.902405
100265.746623
100265.308437
100265.77965
100264.608605
100265.818671
100264.223031
100265.862611
100264.278666
100265.912398
100264.849154
100270.279941
100308.935337
100380.804468
100485.401728
100641.28725
100211.918322
100237.529845
100271.452864
100294.354254
100288.53814
100275.663898
100267.049318
100266.73848
100267.090937
100265.998463
100267.137332
100265.907889
100267.191006
100266.427938
100267.260154
100273.39037
100315.006282
100392.225276
100507.279309
100681.240449
100211.859842
100244.693275
100293.055084
100326.021891
100320.666653
100302.82061
100280.075935
100268.711511
100268.086015
100268.429754
100267.756732
100268.486888
100267.852414
100268.561429
100268.380222
100284.20851
100335.583071
100423.960243
100559.754212
100765.43831
100213.651663
100261.890673
100323.557321
100362.105162
100360.186566
100343.793559
100313.377575
100285.646939
100273.402023
100269.589726
100269.794129
100269.598257
100269.873259
100270.294642
100279.51594
100314.422622
100381.89918
100491.310971
100663.47335
100895.253211
100214.324486
100289.735395
100356.691913
100395.707723
100400.068474
100389.684957
100362.847623
100327.456369
100300.259164
100286.416949
100281.263621
100280.502769
100282.197476
100291.537221
100319.637358
100375.409952
100466.72019
100614.201945
100820.208807
100991.254543
100224.164939
100323.825036
100383.963618
100420.851257
100433.909108
100433.785976
100419.678981
100391.326014
100360.103803
100337.644211
100326.609886
100324.679924
100330.154782
100351.761021
100398.629371
100478.000278
100610.026074
100797.132794
100948.400359
100986.803842
100253.82756
100355.44256
100399.727948
100432.592542
100457.144526
100473.384768
100477.63176
100469.366455
100450.575091
100429.879489
100417.656919
100415.747735
100425.997767
100459.074043
100524.78297
100641.841064
100816.654085
100968.319775
100967.071875
100861.892357
100284.80624
100376.396292
100405.938299
100435.553569
100467.807666
100503.30601
100536.01275
100558.478582
100565.137383
100559.782049
100553.717317
100555.497877
100573.409919
100620.980067
100717.048443
100873.487951
101019.659569
101018.657309
100887.837399
100577.991453
100302.226743
100384.925461
100408.362556
100437.778033
100473.52258
100523.062068
100587.809438
100654.60344
100698.828412
100718.360763
100726.650036
100739.38325
100771.575282
100843.809147
100975.998093
101113.495208
101103.964391
100932.5482
100606.152798
100517.549082
100309.661687
100386.017808
100411.655885
100441.946263
100480.333634
100538.95498
100632.900194
100748.152115
100839.629153
100894.877796
100929.121769
100964.729471
101022.248757
101124.264409
101250.599853
101231.635249
101011.741425
100638.131985
100520.924961
100526.003817
100311.264821
100388.495584
100419.370978
100451.760466
100492.302081
100558.228229
100673.291369
100827.049412
100969.059948
101073.446408
101150.694662
101219.71033
101300.998882
101398.146719
101394.402865
101154.516218
100697.989799
100525.458636
100528.746834
100521.97242
100312.764554
100397.18185
100437.097032
100473.254496
100514.771231
100586.999269
100716.09149
100893.081829
101075.905836
101233.549805
101359.455712
101448.445265
101513.12098
101519.156527
101366.44247
100839.881078
100530.575057
100531.612181
100525.963232
100531.660222
100317.038311
100417.874684
100472.622945
100515.433737
100556.286407
100633.358371
100771.166547
100960.079917
101167.061823
101361.249654
101503.928895
101570.295509
101577.500044
101529.629247
101148.787222
100566.749586
100534.582552
100530.991353
100534.612347
100530.337226
100334.830824
100461.117448
100530.531018
100585.547486
100628.503191
100709.40792
100849.791483
101041.925395
101256.86128
101458.671505
101575.619575
101601.104557
101589.271355
101470.958581
100851.674549
100537.669082
100535.838024
100537.656292
100534.976872
100537.66579
100386.870221
100534.966482
100602.496865
100680.412706
100736.726581
100822.672583
100959.779809
101145.823999
101353.908292
101533.872564
101610.282948
101611.040408
101584.908444
101325.471768
100746.357348
100549.048395
100540.755487
100539.899927
100540.751083
100539.806481
100516.641412
100620.884767
100675.284987
100779.445814
100874.330252
100974.457093
101105.084721
101274.712692
101460.065236
101596.054958
101629.893391
101620.324455
101545.497249
101148.392983
100769.949005
100631.034116
100599.542366
100591.68024
100595.252046
100622.513155
100724.695344
100717.576935
100747.906657
100876.19636
101034.09002
101162.062952
101286.901307
101429.653421
101571.493587
101641.552714
101642.487094
101618.237861
101459.142138
101087.754858
100871.391421
100810.912087
100773.349173
100766.081481
100784.850334
100846.913991
100919.058508
100844.622834
100838.339708
100970.698406
101199.367453
101370.529547
101487.119335
101586.344155
101646.549449
101648.262646
101646.704215
101597.984438
101345.663861
101110.291065
101044.387387
101054.341369
101043.774717
101054.697164
101095.813378
101179.796083
100973.540282
100972.473115
100928.16631
101045.13994
101316.050638
101538.204685
101627.045163
101648.596973
101647.525002
101646.780558
101645.757572
101562.037388
101318.346173
101210.114532
101277.286411
101348.628609
101381.600842
101417.988432
101469.093701
101533.556921
101676.452316
101676.50034
101676.561839
101676.634842
101676.718086
101676.810891
101676.913022
101677.024636
101677.14617
101677.278323
101677.422028
101677.578552
101677.74971
101677.938239
101678.147773
101678.380411
101678.633099
101678.911402
101679.285731
101683.038552
101676.439539
101676.491738
101676.556139
101676.630724
101676.714059
101676.805067
101676.902923
101677.00697
101677.116645
101677.231535
101677.35148
101677.476808
101677.608474
101677.747626
101677.893423
101678.040113
101678.180629
101678.317028
101678.46748
101678.476074
101676.339301
101676.400649
101676.467795
101676.539536
101676.614686
101676.692071
101676.77061
101676.849362
101676.92756
101677.00474
101677.080834
101677.156155
101677.230914
101677.303915
101677.370768
101677.424862
101677.462996
101677.490664
101677.518771
101677.416836
101676.157554
101676.231569
101676.303063
101676.372251
101676.438882
101676.502537
101676.562827
101676.619526
101676.672634
101676.722468
101676.769595
101676.814555
101676.857163
101676.895582
101676.926301
101676.947088
101676.961483
101676.979403
101677.00106
101676.912019
101675.939559
101676.026168
101676.103433
101676.172897
101676.235346
101676.29136
101676.341477
101676.386332
101676.426692
101676.463469
101676.497539
101676.529387
101676.558527
101676.583139
101676.600949
101676.61219
101676.622211
101676.636712
101676.645184
101676.56824
101675.730325
101675.826387
101675.908861
101675.980124
101676.041713
101676.094959
101676.141069
101676.181245
101676.216679
101676.248511
101676.277603
101676.304215
101676.327625
101676.346185
101676.358663
101676.366989
101676.377103
101676.389118
101676.390602
101676.331564
101675.56148
101675.66186
101675.746826
101675.819053
101675.8805
101675.932879
101675.977726
101676.016489
101676.050491
101676.080859
101676.108301
101676.132861
101676.153725
101676.169591
101676.180268
101676.188955
101676.200402
101676.20923
101676.206756
101676.161919
101675.449442
101675.547846
101675.631142
101675.701903
101675.762106
101675.813491
101675.857612
101675.895897
101675.929584
101675.959642
101675.986571
101676.010245
101676.029867
101676.044564
101676.055086
101676.065325
101676.077237
101676.082647
101676.078885
101676.044662
101675.3959
101675.486
101675.563389
101675.630056
101675.687542
101675.737265
101675.780511
101675.818468
101675.852131
101675.882223
101675.909023
101675.932283
101675.951297
101675.965674
101675.97699
101675.989071
101676.000355
101676.003035
101675.999437
101675.972742
101675.386914
101675.464741
101675.534109
101675.595777
101675.650417
101675.698803
101675.741729
101675.779988
101675.81424
101675.844931
101675.872142
101675.895561
101675.914648
101675.929528
101675.942429
101675.956182
101675.966194
101675.967268
101675.964423
101675.943077
101675.393395
101675.461195
101675.5254
101675.585099
101675.639837
101675.689594
101675.734594
101675.775203
101675.811761
101675.844483
101675.873334
101675.898025
101675.918266
101675.934733
101675.950032
101675.965177
101675.973951
101675.974551
101675.972632
101675.95513
101675.378125
101675.448013
101675.517314
101675.583627
101675.645564
101675.702515
101675.754318
101675.80109
101675.843014
101675.88024
101675.91276
101675.940443
101675.963368
101675.982776
101676.001274
101676.017665
101676.02579
101676.026817
101676.025899
101676.011242
101675.312435
101675.407248
101675.499339
101675.58599
101675.665785
101675.738203
101675.803227
101675.861141
101675.91231
101675.957082
101675.995696
101676.028358
101676.055642
101676.079347
101676.10163
101676.119288
101676.127582
101676.129629
101676.129776
101676.11732
101675.20076
101675.348895
101675.484406
101675.606465
101675.715159
101675.811157
101675.895377
101675.968849
101676.032545
101676.087337
101676.133942
101676.173077
101676.205929
101676.234782
101676.260915
101676.279838
101676.28897
101676.292296
101676.293512
101676.282851
101675.101926
101675.325083
101675.518282
101675.685068
101675.82867
101675.952038
101676.057774
101676.148164
101676.225141
101676.290335
101676.345105
101676.390783
101676.42921
101676.462984
101676.492203
101676.51206
101676.522198
101676.526682
101676.528811
101676.519643
101675.129186
101675.426858
101675.674782
101675.882153
101676.056089
101676.202268
101676.325227
101676.42865
101676.515489
101676.588145
101676.648596
101676.698755
101676.741038
101676.77805
101676.808602
101676.828478
101676.839103
101676.844204
101676.846852
101676.838878
101675.414645
101675.755268
101676.032199
101676.259061
101676.44597
101676.600655
101676.729058
101676.835832
101676.924603
101676.99825
101677.059128
101677.109537
101677.152237
101677.189404
101677.218674
101677.237017
101677.246958
101677.251739
101677.254269
101677.247115
101676.048832
101676.376645
101676.639416
101676.851917
101677.024997
101677.166825
101677.28357
101677.37997
101677.459647
101677.525435
101677.579664
101677.624706
101677.663304
101677.696705
101677.721653
101677.736505
101677.74419
101677.747469
101677.749086
101677.742285
101677.037748
101677.290864
101677.491974
101677.65324
101677.783614
101677.889813
101677.976851
101678.048523
101678.107673
101678.156505
101678.196894
101678.230934
101678.260904
101678.28667
101678.304469
101678.313889
101678.317728
101678.318323
101678.318224
101678.311248
101678.299567
101678.428014
101678.529138
101678.60952
101678.674084
101678.726543
101678.769604
101678.805267
101678.834967
101678.859819
101678.880911
101678.899752
101678.917687
101678.932926
101678.941597
101678.94415
101678.942938
101678.939936
101678.937488
101678.929825
101679.68856
101679.666684
101679.648242
101679.63274
101679.619953
101679.609748
101679.601898
101679.596156
101679.592227
101679.589929
101679.589414
101679.591379
101679.595821
101679.599294
101679.598158
101679.593293
101679.58651
101679.579487
101679.574372
101679.56561
101681.031977
101680.863471
101680.728633
101680.620071
101680.532461
101680.461829
101680.405037
101680.359626
101680.323635
101680.29567
101680.274994
101680.261359
101680.25314
101680.245529
101680.235364
101680.223593
101680.211548
101680.200677
101680.192965
101680.18287
101682.168261
101681.884476
101681.657798
101681.475701
101681.328943
101681.210549
101681.115099
101681.038423
101680.97732
101680.929528
101680.893608
101680.868319
101680.850372
101680.834121
101680.817013
101680.799855
101680.783635
101680.769661
101680.759807
101680.748362
101682.9805
101682.632801
101682.354018
101682.129652
101681.948637
101681.802464
101681.684514
101681.589742
101681.51436
101681.455718
101681.411933
101681.380797
101681.357571
101681.336397
101681.315365
101681.295086
101681.276368
101681.260472
101681.249229
101681.23663
101683.423007
101683.067792
101682.780867
101682.549121
101682.361881
101682.210657
101682.088765
101681.991158
101681.914131
101681.855105
101681.811969
101681.78164
101681.758352
101681.736626
101681.715165
101681.694438
101681.675223
101681.658834
101681.64713
101681.633748
101683.519531
101683.201514
101682.943811
101682.735838
101682.56835
101682.433758
101682.326058
101682.240816
101682.174891
101682.126079
101682.092177
101682.069367
101682.051406
101682.033649
101682.01535
101681.99696
101681.979346
101681.963972
101681.952801
101681.939125
101683.309833
101683.064008
101682.867005
101682.710277
101682.586175
101682.488392
101682.412041
101682.353719
101682.311169
101682.282752
101682.266268
101682.257399
101682.250029
101682.240636
101682.228984
101682.215651
101682.201699
101682.188825
101682.179176
101682.16577
101682.815228
101682.681398
101682.578958
101682.502035
101682.445336
101682.40453
101682.376462
101682.359253
101682.351885
101682.353492
101682.362049
101682.373107
101682.381291
101682.384362
101682.382609
101682.376882
101682.368525
101682.359549
101682.352363
101682.339835
101682.06962
101682.094625
101682.124537
101682.157829
101682.193098
101682.229205
101682.265659
101682.3028
101682.341312
101682.381412
101682.421543
101682.457647
101682.485648
101682.504669
101682.515583
101682.519642
101682.518547
101682.514684
101682.510791
101682.49976
101681.149341
101681.38328
101681.58301
101681.754742
101681.903529
101682.033191
101682.147127
101682.248716
101682.340876
101682.425291
101682.501267
101682.565727
101682.616327
101682.653559
101682.678954
101682.694251
101682.701554
101682.703651
101682.703655
101682.694692
101680.213698
101680.690535
101681.083573
101681.409789
101681.683127
101681.913972
101682.110635
101682.280164
101682.428102
101682.557909
101682.670122
101682.76316
101682.836635
101682.892323
101682.932437
101682.959221
101682.975176
101682.98347
101682.987587
101682.981134
101679.504142
101680.219352
101680.799607
101681.273149
101681.6636
101681.988388
101682.260941
101682.492009
101682.689748
101682.859437
101683.003023
101683.120693
101683.21395
101683.285652
101683.338617
101683.375524
101683.399192
101683.413082
101683.420994
101683.41726
101679.295392
101680.195554
101680.918358
101681.502716
101681.980132
101682.37381
101682.701277
101682.976178
101683.208709
101683.405595
101683.570042
101683.703919
101683.810254
101683.892648
101683.954329
101683.998242
101684.027377
101684.045342
101684.05613
101684.055021
101679.827274
101680.816913
101681.59805
101682.228152
101682.741158
101683.162529
101683.511456
101683.802768
101684.047517
101684.253035
101684.423267
101684.561302
101684.671076
101684.756486
101684.820873
101684.867211
101684.898461
101684.918184
101684.930402
101684.931495
101681.18053
101682.183732
101682.915144
101683.509911
101683.995879
101684.395506
101684.726273
101685.001956
101685.232895
101685.425893
101685.58486
101685.713398
101685.815632
101685.895275
101685.955444
101685.998884
101686.028313
101686.047044
101686.058944
101686.061545
101683.094741
101684.23076
101684.822062
101685.310633
101685.713716
101686.046899
101686.32341
101686.554192
101686.74753
101686.908654
101687.040733
101687.147171
101687.231638
101687.297267
101687.346659
101687.382111
101687.405916
101687.420968
101687.430816
101687.434098
101685.080252
101686.784355
101687.181373
101687.516146
101687.798044
101688.033604
101688.230334
101688.395347
101688.533945
101688.64915
101688.742909
101688.81791
101688.876927
101688.92227
101688.955836
101688.979336
101688.994514
101689.003738
101689.010117
101689.013218
101686.548808
101689.600164
101689.806219
101689.96951
101690.114376
101690.238304
101690.343335
101690.432427
101690.507737
101690.569799
101690.619304
101690.657858
101690.68722
101690.708734
101690.723577
101690.732783
101690.73754
101690.739604
101690.741619
101690.743934
101686.990774
101692.434641
101692.514785
101692.512509
101692.522904
101692.536269
101692.549705
101692.562584
101692.573882
101692.582064
101692.586527
101692.587866
101692.586727
101692.583625
101692.578967
101692.573206
101692.566922
101692.561359
101692.558648
101692.559763
101685.951396
101695.06001
101695.150617
101695.005976
101694.898322
101694.813174
101694.74417
101694.687739
101694.640313
101694.598742
101694.561462
101694.528087
101694.498356
101694.472019
101694.448864
101694.428793
101694.411917
101694.398928
101694.391553
101694.391163
101683.168763
101697.306689
101697.604225
101697.34637
101697.142623
101696.976282
101696.838624
101696.723823
101696.626424
101696.542241
101696.469009
101696.405558
101696.350903
101696.304208
101696.264753
101696.232012
101696.205659
101696.186001
101696.174353
101696.172384
101678.638192
101699.036148
101699.801835
101699.460102
101699.183014
101698.954413
101698.763692
101698.603226
101698.466278
101698.348105
101698.24598
101698.158162
101698.083157
101698.019709
101697.96674
101697.923401
101697.889083
101697.863713
101697.848338
101697.844822
101672.426017
101700.061514
101701.676789
101701.287717
101700.962865
101700.693009
101700.466302
101700.273981
101700.108757
101699.965838
101699.842327
101699.736197
101699.645691
101699.569331
101699.505826
101699.454142
101699.413448
101699.383458
101699.364958
101699.359951
101664.484253
101700.149197
101703.172549
101702.788389
101702.445551
101702.157362
101701.912374
101701.701975
101701.519388
101701.360416
101701.222417
101701.103439
101701.001745
101700.915838
101700.844381
101700.786269
101700.740597
101700.70688
101700.685766
101700.679329
101654.677335
101699.077157
101704.281824
101703.967746
101703.63251
101703.344421
101703.094514
101702.875893
101702.683399
101702.51405
101702.365888
101702.237375
101702.12703
101702.033516
101701.955562
101701.892093
101701.842162
101701.805211
101701.781731
101701.773813
101642.793465
101696.599029
101705.057278
101704.889387
101704.569249
101704.285301
101704.032298
101703.806044
101703.603585
101703.423419
101703.264459
101703.125704
101703.006017
101702.904251
101702.819232
101702.749906
101702.695332
101702.654823
101702.628743
101702.619111
101628.362169
101692.370032
101705.557988
101705.647092
101705.323768
101705.027632
101704.757325
101704.511352
101704.288761
101704.089252
101703.912378
101703.757501
101703.623652
101703.509738
101703.414543
101703.336939
101703.27587
101703.230511
101703.200991
101703.189133
101610.298324
101685.913974
101705.785241
101706.32537
101705.953836
101705.607944
101705.289685
101704.999087
101704.736108
101704.500744
101704.292522
101704.11062
101703.95382
101703.820726
101703.709812
101703.619636
101703.548876
101703.496394
101703.461984
101703.447101
101588.383832
101676.538025
101705.58071
101706.956521
101706.471171
101706.020833
101705.611431
101705.241967
101704.911296
101704.618219
101704.361112
101704.13813
101703.947143
101703.785954
101703.652315
101703.544161
101703.459639
101703.397157
101703.35601
101703.33708
101561.75359
101663.012818
101704.492737
101707.45456
101706.795048
101706.182936
101705.637863
101705.154862
101704.72937
101704.357253
101704.034453
101703.757127
101703.521499
101703.323998
101703.161231
101703.030165
101702.928178
101702.853028
101702.803385
101702.779341
101529.837717
101645.053557
101701.825714
101707.589872
101706.736559
101705.917599
101705.204072
101704.583742
101704.046096
101703.582266
101703.184469
101702.845936
101702.560567
101702.322943
101702.128159
101701.971966
101701.850787
101701.761651
101701.70256
101701.672639
101502.790908
101623.828424
101696.442714
101706.933666
101705.9854
101704.946243
101704.060873
101703.305552
101702.66106
101702.112136
101701.646281
101701.253198
101700.924126
101700.651591
101700.429097
101700.251137
101700.113192
101700.011626
101699.943874
101699.908044
101482.827446
101599.62485
101686.668809
101704.665147
101704.056868
101702.875864
101701.882328
101701.046323
101700.341281
101699.746548
101699.245737
101698.825756
101698.475797
101698.1869
101697.951439
101697.763063
101697.616658
101697.508299
101697.435225
101697.394672
101461.647441
101569.619903
101670.342782
101699.760533
101700.491449
101699.353931
101698.387465
101697.580752
101696.905117
101696.338249
101695.862758
101695.465011
101695.133963
101694.860586
101694.637294
101694.4578
101694.31715
101694.211744
101694.139275
101694.096535
101427.195746
101527.795446
101643.78929
101690.76835
101695.018178
101694.250192
101693.492469
101692.858276
101692.326891
101691.880547
101691.505288
101691.190269
101690.926762
101690.707684
101690.527041
101690.379843
101690.262198
101690.171688
101690.107202
101690.065772
101391.449276
101479.662661
101603.550291
101675.16681
101687.595117
101687.809483
101687.420073
101687.083242
101686.797936
101686.555208
101686.347828
101686.170397
101686.018664
101685.889228
101685.779108
101685.685696
101685.607045
101685.5425
101685.492948
101685.456461
101376.01961
101435.406285
101552.357867
101649.360744
101677.648384
101680.448237
101680.594318
101680.645116
101680.677634
101680.696199
101680.703213
101680.700864
101680.691023
101680.675298
101680.654736
101680.629909
101680.601289
101680.570474
101680.540747
101680.511992
101360.748466
101398.164998
101500.779751
101613.211257
101663.716197
101672.546785
101673.587766
101674.064214
101674.440221
101674.739396
101674.975691
101675.160046
101675.301255
101675.406514
101675.481387
101675.529934
101675.555244
101675.560969
101675.552915
101675.533219
101345.768909
101368.65709
101456.378949
101572.20957
101644.485375
101664.127599
101667.033083
101667.922813
101668.606233
101669.157013
101669.59925
101669.951592
101670.228947
101670.443557
101670.605119
101670.72092
101670.796174
101670.836087
101670.84827
101670.837129
101333.900816
101343.252361
101419.249009
101531.518053
101620.033607
101654.507642
101661.324549
101662.713665
101663.622993
101664.359174
101664.95393
101665.431248
101665.810336
101666.107092
101666.334395
101666.502029
101666.616683
101666.683924
101666.712163
101666.707514
101323.64475
101325.544803
101387.606771
101493.272398
101591.483782
101642.486333
101656.277755
101658.736586
101659.786989
101660.624455
101661.303351
101661.850155
101662.286245
101662.629506
101662.894774
101663.093671
101663.233782
101663.320016
101663.359484
101663.358798
101316.513194
101317.60926
101362.525831
101457.64943
101559.941658
101626.633375
101650.949435
101655.983217
101657.214123
101658.073323
101658.7708
101659.333364
101659.782597
101660.136546
101660.410437
101660.616868
101660.764946
101660.85982
101660.906098
101660.906971
101310.571704
101312.05846
101341.91516
101424.310912
101526.126261
101605.755816
101643.701581
101653.922509
101655.838242
101656.673284
101657.335407
101657.869067
101658.2946
101658.628864
101658.885901
101659.077718
101659.214468
101659.30435
101659.352458
101659.35238
101309.642449
101307.371754
101325.11305
101393.301893
101490.432796
101579.005388
101632.196382
101651.259422
101655.342381
101656.270605
101656.855714
101657.324725
101657.697671
101657.989047
101658.210381
101658.372077
101658.484517
101658.558677
101658.606198
101658.606695
101317.435906
101304.262194
101312.591017
101365.219041
101453.023512
101545.26946
101613.058465
101645.457522
101654.772749
101656.568006
101657.106366
101657.490171
101657.793995
101658.028664
101658.203341
101658.323953
101658.399721
101658.446647
101658.492045
101658.487718
101333.624056
101301.907405
101305.036939
101341.255994
101414.890701
101503.412069
101582.149316
101632.041999
101652.022812
101656.903599
101657.777264
101658.091957
101658.32638
101658.505671
101658.631055
101658.709694
101658.756034
101658.787137
101658.822892
101658.812889
101353.509739
101305.832234
101303.558338
101323.166558
101376.147466
101452.466038
101536.155291
101605.131738
101643.054803
101655.719814
101658.335101
101658.772853
101658.946057
101659.062726
101659.135272
101659.177321
101659.201604
101659.220656
101659.247594
101659.222179
101376.216451
101317.381085
101303.566172
101309.843199
101337.581579
101394.855814
101475.414589
101560.065447
101621.3954
101649.59521
101657.583147
101659.065605
101659.286576
101659.357531
101659.405683
101659.438045
101659.459204
101659.477528
101659.502464
101659.457903
101401.249468
101336.514632
101306.033176
101295.487291
101302.549786
101336.729465
101407.036204
101497.832512
101580.123288
101631.342446
101652.257177
101657.913586
101658.973379
101659.126972
101659.195278
101659.25008
101659.291782
101659.324896
101659.356496
101659.28682
101427.404793
101361.850913
101313.258511
101281.957588
101270.837956
101284.378488
101337.840568
101423.819616
101516.10709
101589.690911
101632.871471
101651.312473
101656.99267
101658.084054
101658.359219
101658.48648
101658.552933
101658.608483
101658.650238
101658.543999
101452.224419
101390.949855
101327.620396
101278.555034
101248.871317
101244.191572
101273.287769
101340.285708
101426.9855
101511.327419
101578.292182
101622.582225
101640.394817
101638.77876
101649.981559
101656.681954
101656.951529
101657.168697
101657.325352
101657.216969
101469.366814
101421.661254
101350.911365
101283.77514
101241.659338
101239.076799
101238.570643
101265.749812
101325.553543
101403.638211
101479.669387
101509.96529
101457.102815
101362.236921
101540.412362
101654.0512
101656.193589
101656.755419
101657.216037
101657.341933
101480.20746
101449.293656
101384.41181
101308.302534
101252.117925
101237.102535
101235.919251
101240.422895
101269.672147
101303.315136
101271.414668
101138.184622
101097.904491
101100.669798
101179.213656
101593.622487
101658.733311
101660.746986
101661.199117
101661.672308
101482.06635
101468.750509
101424.217323
101355.751082
101291.736771
101255.257242
101245.069112
101241.717838
101217.544514
101133.58713
101101.118012
101098.395599
101101.619866
101099.224301
101100.985596
101292.093507
101643.645458
101668.344099
101668.812778
101669.351991
101481.288602
101478.69629
101458.202682
101411.969888
101356.68445
101311.510117
101283.037713
101239.866004
101146.114591
101101.649284
101099.013145
101101.990308
101099.397228
101102.010325
101099.635557
101189.537228
101615.071556
101676.137134
101676.802244
101677.27762
101478.574626
101478.285163
101471.75799
101451.148863
101420.315339
101385.075208
101338.674623
101246.538488
101125.63847
101099.76244
101101.356816
101099.349985
101101.514486
101099.496779
101101.6514
101218.701702
101636.415241
101683.421835
101683.969301
101684.395118
101473.662977
101474.423664
101469.777338
101464.540077
101457.349176
101439.069025
101386.234411
101266.967803
101134.500411
101099.737561
101099.246979
101100.358803
101099.203455
101100.416125
101098.81022
101353.989701
101672.486222
101690.307535
101690.655692
101691.006217
101467.448905
101467.874549
101464.319713
101462.631098
101463.551544
101457.1396
101413.538697
101303.989635
101179.409623
101116.470875
101099.241508
101099.040478
101099.65654
101097.644349
101098.928931
101501.69953
101691.858165
101697.530659
101697.645333
101697.975234
101462.077664
101459.825696
101454.51919
101457.505496
101460.956251
101458.042031
101431.436005
101358.460708
101266.239225
101195.498666
101155.451597
101133.437886
101117.738946
101099.555678
101178.570183
101613.002717
101703.633153
101705.872094
101705.759321
101706.075122
101459.374686
101451.351435
101444.204847
101447.800105
101455.441395
101456.667808
101446.821874
101416.558789
101370.63214
101322.668914
101282.335663
101249.459349
101213.17258
101152.527303
101349.470969
101673.641288
101714.606665
101716.114768
101715.761692
101716.301906
101458.875405
101443.61948
101443.116572
101445.450967
101449.936412
101456.385895
101458.616279
101455.334828
101444.681558
101427.803604
101406.382546
101382.770661
101344.618463
101290.835888
101482.126143
101699.777807
101727.837086
101729.68944
101727.531502
101730.314874
101459.452659
101442.554062
101441.329385
101443.093765
101447.525145
101457.750147
101468.315964
101472.406663
101474.070416
101472.067619
101467.246139
101462.389572
101448.759847
101412.145968
101504.622893
101705.050139
101744.488615
101746.745533
101736.315266
101748.613566
101459.974735
101442.661057
101438.718039
101440.673
101448.572729
101461.783304
101471.590994
101474.366587
101476.415648
101478.743337
101484.146036
101490.878968
101491.266639
101442.612898
101421.4904
101618.469682
101728.648039
101727.613793
101714.202407
101753.532127
101459.359387
101442.906382
101440.761573
101445.891929
101456.558086
101461.093094
101459.405786
101457.589913
101456.153256
101454.864357
101453.027672
101442.201148
101371.295359
101224.315526
101082.204155
101133.867934
101292.900482
101317.688101
101561.734285
101676.222952
101458.25377
101449.518761
101452.043189
101458.564283
101455.294045
101449.703624
101443.835466
101437.035047
101429.503492
101416.564677
101282.210426
100995.616298
100832.610484
100760.755202
100721.04122
100714.356053
100748.476464
100744.729325
101388.315355
101620.369893
101462.749363
101463.163756
101463.95299
101457.478887
101450.680478
101443.780988
101435.528006
101425.748226
101312.755884
100939.006429
100720.876138
100649.137808
100629.881497
100624.272879
100623.293585
100622.286626
100625.330198
100629.361839
101386.487388
101626.425652
101475.184553
101470.898646
101463.743516
101455.985765
101448.422919
101438.849005
101415.458431
101092.000047
100747.76272
100647.772258
100623.938931
100623.256406
100622.947324
100623.289375
100622.684218
100623.323401
100623.098712
100687.942691
101448.69931
101639.235575
101479.638091
101471.949644
101463.388703
101455.139348
101444.143089
101356.986717
100943.41356
100705.009385
100660.628851
100644.721869
100632.122465
100626.660071
100624.189025
100624.038427
100624.206729
100623.996045
100647.513266
100860.43927
101509.894775
101653.064477
101480.974352
101471.783614
101462.785535
101444.726725
101279.820516
100933.488826
100736.176102
100691.961312
100675.716049
100666.495859
100656.240577
100645.718354
100638.907631
100635.981864
100635.106227
100640.810073
100724.641059
101071.452639
101539.429882
101665.585594
101480.568014
101470.682184
101403.611387
101226.340533
101015.444469
100845.457517
100745.642727
100712.769537
100704.300478
100698.127689
100688.865151
100678.236846
100670.302895
100666.058303
100665.121541
100686.099159
100867.921569
101218.699263
101543.497851
101678.292153
101472.042391
101381.192039
101225.714941
101115.322004
100999.089793
100861.024573
100776.251088
100746.470606
100737.163794
100731.798432
100725.01505
100716.428234
100708.950771
100705.073144
100703.969319
100755.922822
101030.339555
101313.735179
101562.275638
101690.721692
101392.010274
101261.472173
101202.979639
101143.943076
101032.011399
100902.587079
100820.604471
100785.936254
100774.967719
100771.030252
100766.698181
100759.182452
100750.399448
100745.459158
100742.684856
100848.729199
101151.299146
101389.596559
101611.067018
101703.963192
101306.973567
101260.075804
101247.591395
101225.326762
101113.394393
100977.227293
100883.129684
100837.685656
100823.53107
100820.51514
100818.022131
100810.538184
100797.642868
100788.254547
100781.532063
100945.97301
101231.414192
101475.806786
101670.948725
101716.846121
101277.001263
101278.931847
101322.429206
101327.819858
101240.588787
101092.896697
100975.329153
100910.895569
100887.984215
100883.629351
100882.299744
100875.519943
100856.615244
100838.368747
100832.454986
100997.681769
101309.749118
101575.955802
101717.641959
101729.056745
101257.499345
101276.043772
101368.214048
101407.623421
101383.89298
101250.867895
101103.795496
101006.552779
100964.753128
100955.601958
100955.34228
100954.083721
100933.386779
100898.654275
100885.187861
101004.421996
101395.846751
101672.775979
101738.11774
101738.79529
101240.064568
101247.051106
101349.951069
101440.461377
101465.220228
101415.406829
101268.047458
101131.881469
101055.780568
101033.801185
101033.397679
101038.119942
101023.552566
100965.058417
100919.297529
100991.389647
101462.717752
101726.480854
101744.222592
101744.164838
101218.944831
101179.871023
101270.0468
101421.493928
101473.742379
101483.872294
101428.441583
101291.110748
101173.363096
101123.407211
101116.016068
101121.911863
101115.058895
101036.263425
100937.10483
100975.04343
101488.464209
101739.089066
101746.073792
101745.995374
101217.939493
101167.594247
101171.844294
101361.123926
101460.87277
101476.160345
101481.834263
101438.466878
101321.41823
101236.983631
101209.351593
101208.281701
101204.343608
101114.595996
100954.049324
100963.383243
101477.273876
101739.045075
101745.110663
101745.070389
101225.900867
101161.325137
101161.102559
101264.47726
101436.252934
101467.546763
101472.579855
101477.401407
101444.134496
101362.693952
101308.462206
101294.908993
101293.338124
101211.711327
100988.385908
100952.724726
101434.493301
101734.19336
101742.299807
101742.326972
101236.058474
101152.460735
101156.102347
101195.895814
101397.174762
101461.793226
101464.907382
101469.002938
101472.583262
101443.760405
101386.740771
101365.397232
101374.935966
101334.047378
101067.042209
100952.063274
101381.900513
101723.82001
101738.757047
101738.847301
101258.677033
101148.89753
101148.77602
101166.2571
101359.230444
101456.762168
101460.737693
101462.811819
101466.381333
101461.474712
101410.974551
101407.592468
101446.994462
101457.550988
101203.236677
101014.499127
101331.506861
101702.894976
101734.645014
101734.95319
101300.030178
101144.059592
101146.952784
101159.661221
101340.030172
101455.628353
101456.92518
101460.565849
101461.416488
101446.365793
101400.209823
101434.02775
101509.409174
101552.985664
101355.815839
101114.734442
101290.406819
101660.178295
101729.609461
101730.896558
101349.275729
101142.865058
101143.045574
101164.820526
101341.068005
101454.050529
101457.188104
101457.346251
101449.968593
101364.988975
101386.725242
101472.572383
101564.155153
101619.242716
101474.981978
101217.207114
101284.195225
101598.196334
101722.296424
101727.807201
101388.886559
101145.447257
101143.15209
101189.986306
101353.717823
101455.911016
101455.521049
101411.944238
101310.847863
101318.382307
101412.601996
101532.46467
101614.246337
101665.8612
101563.266216
101305.525953
101317.874794
101541.950368
101709.998703
101726.591049
101408.820526
101163.448753
101141.94916
101227.110331
101360.841529
101418.828138
101356.025805
101250.893407
101252.557375
101347.462295
101487.820467
101599.300057
101660.793799
101699.25353
101638.290064
101370.197027
101322.936273
101483.924985
101693.197163
101727.069462
101412.845678
101169.146077
101145.971592
101258.26419
101348.436772
101310.769927
101207.780979
101208.316547
101283.784789
101436.553559
101576.713603
101658.815437
101700.74592
101719.132347
101694.88755
101427.9213
101251.863529
101379.769748
101674.310429
101728.53256
101400.598838
101154.681367
101166.700662
101266.62892
101293.291246
101206.09508
101195.027409
101232.001279
101378.871325
101545.681371
101652.676984
101704.628958
101724.657457
101727.112047
101718.631651
101454.206132
101138.999337
101270.342081
101668.746557
101731.210281
101342.651246
101126.970901
101179.803646
101253.491564
101221.958728
101170.239287
101195.630325
101315.31179
101498.990331
101636.616639
101705.832662
101729.299005
101732.529947
101731.981189
101723.205412
101280.394902
101111.408489
101287.267685
101686.85181
101735.388311
101226.403426
101112.356647
101176.695959
101209.277706
101165.964539
101166.606105
101243.054081
101427.652724
101600.145183
101698.061368
101732.744787
101737.3884
101737.439731
101736.816838
101689.71794
101109.358466
101111.037477
101395.695147
101724.556222
101740.341101
101103.363457
101103.56221
101158.259848
101158.60707
101139.982808
101178.230647
101330.77378
101531.210278
101671.737025
101731.50262
101742.073862
101742.370785
101742.445307
101741.79487
101564.879691
101109.88573
101109.773357
101519.846282
101739.834742
101745.365681
101044.499328
101085.036451
101120.508836
101122.561348
101135.163383
101222.421751
101422.02353
101612.315478
101717.100422
101745.606858
101747.321706
101747.471729
101747.543343
101745.192641
101409.265056
101108.032033
101111.90143
101591.678378
101747.153834
101750.648674
101028.464282
101057.055703
101080.599274
101098.825809
101137.642711
101277.913774
101497.221133
101669.269653
101741.705132
101752.46216
101752.74301
101752.917994
101752.996741
101738.19365
101274.844627
101109.205572
101178.594714
101622.460557
101752.756628
101756.082973
101028.168248
101033.236913
101053.494869
101080.722642
101146.358342
101325.011623
101550.00055
101701.683856
101753.022261
101758.410452
101758.654167
101758.873866
101758.902411
101671.43925
101171.960666
101107.607552
101238.561386
101627.437085
101757.031033
101761.476453
101031.356195
101028.357733
101038.36102
101068.993368
101163.715779
101367.271309
101587.267094
101718.04554
101759.670375
101764.748694
101765.025071
101765.22744
101754.285522
101467.83067
101160.874841
101155.555456
101280.723311
101619.896644
101760.116724
101767.190257
101043.035465
101028.496415
101031.788094
101070.09255
101196.894372
101416.061246
101620.36093
101730.043585
101765.862818
101771.281095
101771.515176
101770.419583
101640.88742
101292.745456
101224.980809
101236.530993
101321.93837
101625.44903
101763.744125
101772.913481
101064.269528
101031.346922
101034.571484
101091.969842
101257.831589
101479.167167
101656.131295
101742.820134
101772.324025
101777.378723
101777.378855
101729.339275
101359.871356
101294.705172
101333.014792
101286.276673
101364.179667
101639.216574
101768.468904
101777.81921
101091.546566
101044.788821
101057.996505
101157.789053
101351.524739
101554.929409
101695.626753
101758.50671
101779.124693
101782.449158
101765.522092
101449.505008
101345.950743
101355.58612
101444.375609
101314.28167
101393.608222
101647.163074
101771.941127
101781.449806
101121.055837
101077.475945
101119.62433
101267.091106
101464.833669
101633.320785
101736.142493
101774.094453
101782.751171
101777.936293
101596.958799
101314.252162
101345.113884
101474.219706
101514.969304
101347.447205
101394.159565
101628.999473
101771.362406
101783.471446
101148.386528
101131.25377
101217.162486
101395.623777
101575.750101
101702.883875
101768.779607
101778.327237
101778.904517
101685.654981
101321.679854
101312.253367
101448.815729
101585.700847
101546.479189
101387.526082
101397.677495
101581.515582
101761.719979
101783.566278
101172.180697
101197.067113
101332.238196
101518.091715
101667.926806
101751.744377
101776.330814
101775.198289
101728.735654
101414.686015
101225.720166
101359.856209
101553.269462
101633.069062
101570.67989
101437.263253
101435.690743
101569.623849
101750.094967
101781.954573
101190.080236
101260.539573
101436.817104
101615.371393
101726.3253
101765.977259
101769.089577
101752.907541
101521.35202
101164.320917
101211.424162
101402.010252
101567.769658
101634.689384
101611.061023
101494.30312
101481.124638
101604.883465
101752.966114
101779.124394
101185.021077
101292.653206
101493.351927
101662.395424
101737.448667
101756.401732
101754.477038
101650.330163
101219.587009
101041.760095
101182.968085
101375.268776
101536.285137
101633.749507
101645.886492
101543.378986
101468.460325
101628.873722
101753.758602
101772.772811
101156.817564
101274.417527
101483.051115
101654.811866
101722.927363
101737.718828
101725.143069
101495.849247
101037.841555
101002.141887
101130.807179
101312.790217
101473.952537
101586.964124
101648.211083
101623.87799
101418.88204
101506.018133
101723.788636
101759.541131
101084.133262
101203.589985
101412.444724
101603.349138
101686.745925
101705.295693
101689.102135
101417.631891
100991.167663
100991.868758
101090.363717
101273.798869
101442.972187
101555.114006
101646.247991
101691.492719
101380.534199
101203.084016
101647.060367
101747.801638
100930.401751
101050.813551
101257.247798
101486.753403
101625.350544
101666.98454
101653.788713
101394.838799
100983.741966
100981.95183
101084.681373
101275.379938
101446.906916
101555.731395
101641.396052
101685.970877
101347.119129
100848.171649
101591.729778
101755.600504
100765.518988
100933.839939
101159.961442
101394.141661
101566.303359
101633.468997
101619.851203
101385.166392
100997.722128
100980.024725
101106.895117
101308.052904
101473.447277
101571.347039
101653.716119
101636.6287
100942.945954
100622.492353
101683.222424
101752.364681
100708.597072
100913.969637
101150.692897
101368.673089
101530.57851
101606.628379
101590.582463
101369.039778
101010.055807
100997.457878
101135.528542
101333.951558
101487.662898
101579.035162
101651.916412
101574.93101
100653.835854
100609.327876
101704.345914
101751.674016
100722.965417
100944.076713
101181.627501
101374.677789
101511.089697
101579.47185
101555.461795
101316.695684
100995.153676
100994.768819
101137.527121
101330.062819
101478.86315
101573.919976
101631.557607
101119.478857
100731.355668
100692.901421
101698.196622
101757.263641
100770.980466
101009.672028
101238.833951
101394.665778
101497.169805
101537.719123
101481.786711
101186.687927
100936.013896
100963.014825
101110.702068
101296.757047
101461.185089
101578.674124
101628.459714
100854.933529
100811.572425
100994.20445
101753.414084
101766.040695
100811.68606
101062.51944
101282.387747
101411.301918
101472.484303
101457.849554
101298.880128
100989.157487
100848.073396
100917.185156
101093.931371
101307.403409
101484.485139
101600.751196
101652.61131
100964.518391
100887.304372
100984.447951
101766.673999
101773.26877
100835.820366
101095.781828
101309.691767
101414.83851
101415.751523
101266.152534
100992.217073
100833.215832
100829.155565
100924.770972
101126.43779
101354.924607
101526.753219
101621.852645
101682.330691
101274.462578
100882.162825
100653.335874
101731.987398
101766.16298
100866.847607
101132.654951
101329.427673
101377.103206
101270.752566
100911.48315
100735.651719
100752.752672
100827.95416
100975.414787
101215.552848
101442.006207
101586.985141
101657.073135
101703.025641
101251.229944
100658.471126
100562.788862
101652.927249
101761.713561
100926.97361
101183.417474
101317.398929
101255.766002
100921.695098
100600.334737
100595.960743
100706.985603
100861.578553
101069.028067
101340.098936
101539.115827
101649.370317
101706.711428
101710.013985
100703.680417
100425.60072
100566.68426
101637.79053
101773.217043
101021.750356
101199.417006
101210.246681
100933.63397
100559.969043
100506.482333
100538.717866
100711.774319
100942.2917
101209.905211
101466.608075
101621.4537
101697.809534
101738.860395
101687.650446
100426.075009
100429.663126
100847.068853
101723.866058
101785.189114
101081.239588
101139.411028
100925.822847
100556.768542
100505.773391
100510.718517
100532.402448
100788.245835
101090.985062
101379.84781
101582.70504
101682.291447
101724.679738
101749.628605
101282.849345
100431.919151
100426.725986
101119.678077
101745.38464
101797.352944
101053.331767
100900.811398
100556.438333
100506.729272
100513.221428
100508.049357
100555.118989
100952.806192
101273.043865
101516.748864
101644.038365
101700.298004
101735.412931
101598.450027
100483.984871
100430.931855
100434.179334
101220.808546
101767.889044
101810.142269
100873.665634
100560.118396
100508.583001
100515.665185
100506.29014
100515.721567
100663.732546
101160.620092
101428.886658
101585.517394
101658.586359
101707.071368
101679.53109
100995.855838
100435.428311
100436.770956
100473.281781
101288.618641
101805.901976
101823.22808
100563.321413
100511.3695
100518.163764
100508.385999
100518.213943
100515.902193
100838.550605
101338.94841
101537.96616
101611.855873
101650.447074
101656.021626
101374.53828
100586.672476
100439.359622
100454.144532
100683.928138
101489.233527
101830.074403
101836.17745
100514.360835
100520.452553
100510.897144
100520.784717
100512.961354
100520.81794
101023.477859
101469.6444
101598.740922
101611.965257
101598.271485
101509.193711
101091.126517
100579.346733
100483.039957
100656.687558
101014.359165
101689.386853
101848.092065
101849.160082
100523.088393
100513.503343
100523.128482
100514.617095
100523.475873
100556.897647
101152.690658
101561.536814
101607.973674
101595.955848
101494.404261
101358.951393
101122.38052
100786.414881
100736.131736
100930.749077
101433.677997
101833.992836
101861.835378
101861.813629
100517.730173
100525.774623
100517.68146
100526.07633
100522.347953
100653.544813
101217.498332
101592.729682
101616.863223
101576.369162
101361.462764
101263.909265
101262.469005
101159.341369
101108.721452
101279.749395
101722.920812
101871.985178
101873.713209
101873.692504
100528.805385
100521.398792
100528.835447
100524.537601
100528.845083
100740.994314
101256.179448
101598.820262
101626.385395
101583.180727
101289.522591
101174.557007
101348.582798
101497.1674
101496.263178
101611.992736
101837.420275
101884.72326
101885.176963
101885.177909
100526.009675
100531.701613
100527.228179
100531.749691
100545.74094
100829.351432
101300.274299
101607.851447
101636.959733
101606.743731
101319.517111
101110.649391
101311.512758
101529.475116
101652.607479
101797.771732
101888.269562
101896.731155
101897.009334
101897.041682
100534.644165
100530.893369
100534.690395
100536.208724
100640.418147
100956.142858
101366.681654
101625.694974
101648.461072
101636.997398
101405.037482
101114.01523
101243.221795
101437.930864
101561.210705
101792.268757
101905.811821
101909.662591
101909.709053
101909.656743
100536.060378
100537.704065
100557.108118
100631.688499
100821.490798
101129.954166
101468.18969
101653.464545
101659.106869
101658.019421
101501.51523
101096.182293
101050.802872
101082.153302
101130.891327
101743.795438
101919.85072
101920.400067
101920.184589
101920.049849
100558.23751
100602.986423
100697.086314
100850.854074
101077.815234
101355.385956
101605.710191
101669.449594
101667.858185
101664.946251
101399.306561
100848.403807
100710.69733
100695.068088
100661.900022
101519.717104
101914.593172
101923.998611
101922.012905
101925.296198
100691.282502
100808.08493
100966.926868
101160.600469
101381.604104
101600.685431
101681.066298
101678.656316
101674.675106
101448.216268
100821.321825
100627.484606
100630.339831
100627.965003
100631.790848
101230.70628
101877.849187
101923.048399
101916.614901
101930.791099
100963.711692
101126.68463
101305.377041
101480.180524
101620.375706
101690.782882
101687.748131
101658.816421
101330.2043
100762.818624
100626.109115
100629.321023
100627.557073
100630.733075
100628.282394
101198.620953
101866.218747
101925.768421
101924.609144
101936.787173
101308.774786
101451.504284
101539.577849
101579.612158
101625.75733
101629.641724
101534.933847
101269.106257
100892.067577
100629.641463
100629.101589
100627.921456
100630.056999
100628.972419
100630.877224
101259.216117
101891.602967
101938.602488
101938.523792
101945.688157
101594.019561
101588.35428
101502.250252
101414.659783
101359.149815
101303.977563
101250.834266
101204.884767
101018.672662
100708.171111
100629.036832
100629.887283
100629.833988
100630.710718
100630.179382
101433.224548
101934.541004
101953.478664
101954.527795
101955.568161
)
;

boundaryField
{
    emptyPatch
    {
        type            empty;
    }
    minY
    {
        type            zeroGradient;
    }
    maxY
    {
        type            prghTotalPressure;
        U               U.gas;
        p0              uniform 100000;
        value           nonuniform List<scalar> 
40
(
100961.934082
100962.013214
100911.261417
101026.577389
101298.553902
101522.81362
101613.396263
101636.281551
101636.331124
101636.384866
101636.366937
101554.310977
101311.214717
101202.409772
101269.942366
101342.114264
101375.725129
101412.490538
101463.685548
101527.896968
101587.881712
101581.770844
101495.177026
101407.111161
101353.182121
101301.839487
101251.738589
101207.06181
101020.318229
100708.556212
100629.146849
100629.9756
100629.917076
100630.80052
100630.269037
101436.070469
101938.151063
101956.478892
101957.281628
101958.321449
)
;
    }
    maxX
    {
        type            fixedFluxPressure;
        gradient        uniform 0;
        value           nonuniform List<scalar> 
150
(
101683.038552
101678.476074
101677.416836
101676.912019
101676.56824
101676.331564
101676.161919
101676.044662
101675.972742
101675.943077
101675.95513
101676.011242
101676.11732
101676.282851
101676.519643
101676.838878
101677.247115
101677.742285
101678.311248
101678.929825
101679.56561
101680.18287
101680.748362
101681.23663
101681.633748
101681.939125
101682.16577
101682.339835
101682.49976
101682.694692
101682.981134
101683.41726
101684.055021
101684.931495
101686.061545
101687.434098
101689.013218
101690.743934
101692.559763
101694.391163
101696.172384
101697.844822
101699.359951
101700.679329
101701.773813
101702.619111
101703.189133
101703.447101
101703.33708
101702.779341
101701.672639
101699.908044
101697.394672
101694.096535
101690.065772
101685.456461
101680.511992
101675.533219
101670.837129
101666.707514
101663.358798
101660.906971
101659.35238
101658.606695
101658.487718
101658.812889
101659.222179
101659.457903
101659.28682
101658.543999
101657.216969
101657.341933
101661.672308
101669.351991
101677.27762
101684.395118
101691.006217
101697.975234
101706.075122
101716.301906
101730.314874
101748.613566
101753.532127
101676.222952
101620.369893
101626.425652
101639.235575
101653.064477
101665.585594
101678.292153
101690.721692
101703.963192
101716.846121
101729.056745
101738.79529
101744.164838
101745.995374
101745.070389
101742.326972
101738.847301
101734.95319
101730.896558
101727.807201
101726.591049
101727.069462
101728.53256
101731.210281
101735.388311
101740.341101
101745.365681
101750.648674
101756.082973
101761.476453
101767.190257
101772.913481
101777.81921
101781.449806
101783.471446
101783.566278
101781.954573
101779.124394
101772.772811
101759.541131
101747.801638
101755.600504
101752.364681
101751.674016
101757.263641
101766.040695
101773.26877
101766.16298
101761.713561
101773.217043
101785.189114
101797.352944
101810.142269
101823.22808
101836.17745
101849.160082
101861.813629
101873.692504
101885.177909
101897.041682
101909.656743
101920.049849
101925.296198
101930.791099
101936.787173
101945.688157
101955.568161
)
;
    }
    water_to_heater
    {
        type            fixedFluxPressure;
        gradient        uniform 0;
        value           nonuniform List<scalar> 
240
(
101684.855189
101667.984097
101667.984097
101656.081537
101656.081537
101646.674726
101646.674726
101638.229606
101631.68247
101624.90655
101624.90655
101617.433982
101617.433982
101610.789033
101610.789033
101604.275926
101598.991832
101593.459722
101593.459722
101587.000368
101587.000368
101579.039774
101579.039774
101571.42083
101556.609116
101534.801624
101534.801624
101525.742341
101525.742341
101521.401353
101521.401353
101517.011122
101513.283448
101510.228529
101510.228529
101506.205298
101506.205298
101500.961449
101500.961449
101493.66197
101487.212666
101479.599615
101479.599615
101472.830597
101472.830597
101471.918841
101471.918841
101467.595867
101447.614495
101425.809665
101425.809665
101402.853479
101402.853479
101386.121733
101386.121733
101378.857764
101374.514552
101370.356361
101370.356361
101366.077339
101366.077339
101363.727999
101363.727999
101364.2714
101368.214015
101371.764494
101371.764494
101370.474934
101370.474934
101363.244666
101363.244666
101352.125479
101338.664118
101312.840822
101312.840822
101245.962391
101245.962391
101221.482067
101221.482067
101223.848679
101220.710648
101224.928281
101224.928281
101223.594426
101223.594426
101227.42114
101227.42114
101267.045257
101377.768951
101372.614469
101372.614469
101189.822482
101189.822482
101019.305705
101019.305705
100940.139428
100927.545633
100928.275354
100928.275354
100932.080126
100932.080126
100961.558647
100961.558647
101027.900384
101089.932523
101093.703488
101093.703488
101079.809219
101079.809219
101056.967342
101056.967342
101052.928493
101058.779438
101055.403387
101055.403387
101062.129005
101062.129005
101061.11404
101061.11404
101080.996518
101115.690872
101065.585494
101065.585494
100978.443115
100978.443115
100867.994085
100867.994085
100819.159749
100821.609308
100822.55023
100822.55023
100825.660421
100825.660421
100826.97898
100826.97898
100829.68653
100840.312977
100854.815664
100854.815664
100857.231944
100857.231944
100859.878113
100859.878113
100866.747128
100922.930897
101059.715836
101059.715836
101208.94769
101208.94769
101173.000313
101173.000313
100929.056585
100642.157817
100538.265232
100538.265232
100532.934161
100532.934161
100534.959461
100534.959461
100531.729193
100534.760221
100532.809654
100532.809654
100535.620616
100535.620616
100534.712209
100534.712209
100536.71083
100536.803855
100537.540002
100537.540002
100550.452015
100550.452015
100586.065344
100586.065344
100641.653512
100693.337396
100714.389025
100714.389025
100707.474096
100707.474096
100677.25398
100677.25398
100622.091148
100577.370562
100575.08502
100575.08502
100582.916847
100582.916847
100633.297463
100633.297463
100753.390547
100906.769236
101003.687823
101003.687823
100970.128501
100970.128501
100844.418927
100844.418927
100610.732943
100371.709085
100224.748587
100224.748587
100206.434717
100206.434717
100208.644197
100208.644197
100207.680878
100210.237493
100209.524604
100209.524604
100211.918322
100211.918322
100211.859842
100211.859842
100213.651663
100214.324486
100224.164939
100224.164939
100253.82756
100253.82756
100284.80624
100284.80624
100302.226743
100309.661687
100311.264821
100311.264821
100312.764554
100312.764554
100317.038311
100317.038311
100334.830824
100386.870221
100516.641412
100516.641412
100724.695344
100724.695344
100919.058508
100919.058508
100973.540282
)
;
    }
}


// ************************************************************************* //
