/*--------------------------------*- C++ -*----------------------------------*\
| =========                 |                                                 |
| \\      /  F ield         | OpenFOAM: The Open Source CFD Toolbox           |
|  \\    /   O peration     | Version:  2312                                  |
|   \\  /    A nd           | Website:  www.openfoam.com                      |
|    \\/     M anipulation  |                                                 |
\*---------------------------------------------------------------------------*/
FoamFile
{
    version     2.0;
    format      ascii;
    arch        "LSB;label=32;scalar=64";
    class       volScalarField;
    location    "0.82/water";
    object      rhom;
}
// * * * * * * * * * * * * * * * * * * * * * * * * * * * * * * * * * * * * * //

dimensions      [1 -3 0 0 0 0 0];

internalField   nonuniform List<scalar> 
1496
(
727.290912166
704.501427144
650.214813038
633.516085906
637.39923185
658.092135783
705.021200545
773.521831367
843.577955384
896.018330252
915.94659368
916.771485481
916.92626541
916.771537781
917.094290991
908.009720658
881.778696381
858.854399794
838.013219892
841.973805043
729.73272532
721.956283938
661.702795857
633.694837395
637.113727572
655.915387517
697.18496878
759.173640357
828.495968814
886.580992781
913.960367168
916.818934264
916.77150385
916.993557781
916.77154892
903.839436518
876.795573826
855.422305133
837.97183886
841.027146694
727.81463942
728.856294525
673.032103905
636.396649418
638.502203482
656.045874344
694.913980137
752.241376781
818.15162807
877.866187914
911.470037547
916.771465264
916.870259097
916.771518211
917.000070053
903.34794761
876.823027113
855.305449853
838.687370532
842.181739101
730.031788839
728.273160409
687.099195164
645.188778644
643.717517863
658.590507717
696.026888657
752.162089656
816.735947836
876.106459565
910.890224718
916.792484697
916.771484822
916.91544194
916.771528047
904.438332759
878.119907788
855.951035191
842.869631443
847.758769129
728.226604206
729.987845973
700.211805066
658.6394379
653.600318346
666.968489297
702.8291521
757.061529747
820.03566934
878.235869038
911.719285297
916.771447847
916.846111397
916.771498774
916.91846567
907.575280959
881.277363318
858.416442211
853.218442221
859.841422433
729.389935586
728.762730147
706.805103718
671.432681468
667.440395041
682.251252652
718.927960313
771.998148512
832.600314296
887.082126129
914.396045141
916.804523351
916.771466643
916.899221123
916.771507806
910.012871116
884.129182081
863.976341544
866.537324327
875.484095398
722.694847335
729.588314455
708.191001788
682.369946991
683.939915298
704.182440882
744.233587212
797.499622628
855.463036454
901.9245293
916.604559875
916.77143104
916.864568415
916.771478383
916.900792606
909.811489758
885.192441499
872.242751665
877.571323462
881.138156325
702.202402716
729.237257619
708.723430391
694.814442638
704.163388487
732.620037503
776.988656367
830.840760157
883.995481564
913.983879282
916.771392631
916.856334093
916.77144592
916.906365472
916.771484427
908.554728627
885.829345068
879.031748938
881.138132283
881.177859608
670.914869077
729.467220766
711.176751478
712.930739532
732.062062179
768.185643788
815.819711562
868.182977194
908.303685835
916.771351586
916.848367179
916.771411283
916.91181078
916.771453365
916.507643859
904.755946949
885.744690376
880.339199314
881.175801457
881.138118335
668.810332425
732.780480118
724.909994033
740.744097593
770.186125303
811.062040179
858.94334423
902.194308853
916.693481521
916.833070007
916.771375188
916.93196755
916.771420011
916.893775221
913.622333514
898.860305185
884.740972226
878.718430675
878.363459497
878.034751057
670.909675356
751.352610985
755.928386584
781.993337475
817.147988575
858.934573886
899.57850801
916.492583033
916.850059962
916.77133646
916.99962584
916.771385284
916.932345327
916.191368272
907.806143502
893.820820852
882.393659435
871.502939621
872.157879024
877.062354701
669.966146499
791.128594574
802.015630019
832.405370988
867.583213493
902.051638773
916.624498192
916.89263172
916.771289935
917.147043767
916.771348721
917.056190759
916.771383013
912.624603614
902.740306615
891.940751167
877.700082007
869.2247668
871.253113651
880.201164962
672.686721003
838.844407948
850.371305366
876.450359206
903.04268828
916.760279815
916.948802757
916.771224235
917.400085897
916.7713081
917.345348251
916.77134324
914.195677173
907.639662519
902.412157152
891.952612607
876.312647915
869.235452372
872.618597301
888.562151067
700.72027747
861.493265306
868.462824225
886.569264639
907.373985257
916.906109369
916.771101559
917.537137558
916.771251176
916.288950534
912.059763307
909.844088295
907.00440693
905.567860566
904.125644709
894.130613288
879.35438327
873.604768593
878.784918953
900.717340765
730.037599224
846.645418534
856.629432741
873.482720875
892.21230336
900.863254876
900.131722299
894.700755204
886.686763559
879.149544299
878.570508654
884.607202824
894.275590094
901.821084684
904.163781225
901.605175332
894.698670495
891.236285331
894.861435104
916.014269611
721.999092365
766.831013936
775.714850244
787.698306083
800.633925501
804.364975775
796.753450786
782.020246169
770.247704538
767.868897115
779.518351532
805.081348874
838.9767924
870.847960218
891.472207762
901.425893167
910.638548728
918.242008577
921.393846391
933.627207739
662.496552513
636.345289796
637.762422503
643.317021781
652.783506608
656.335567469
651.964991936
644.498419069
640.672236976
643.607981453
655.541135455
678.274351244
713.8009199
762.48356393
817.615915064
867.05020341
900.942534094
922.717282263
936.711348783
937.830798297
587.300724393
566.703495957
573.4864889
580.39168036
589.386598529
595.520767734
597.622433727
597.70684839
598.124837203
600.422294034
605.851628123
615.943356065
633.227027031
662.713171582
708.554172955
771.463670253
841.717206153
901.900194094
934.97250601
938.119655789
557.263463772
558.07713164
566.296111188
575.449947996
584.782928496
591.371746108
594.414559088
595.406827006
596.309497294
598.451201628
602.933396898
610.720252032
623.140549646
642.92436233
672.707827189
715.580820691
774.860015669
847.937275597
917.367502196
937.882983599
553.046767976
559.631906353
568.714118764
579.916576192
590.141330128
596.847866502
600.018404942
601.444692981
602.831436009
605.396206818
610.049488899
617.574622804
629.206153951
647.375857167
674.663681349
713.953237485
766.21777524
827.896865177
892.592610638
936.762096023
553.030942195
567.549739977
579.319110313
593.712547356
605.463070823
613.053914496
617.50314703
620.640565096
623.807162076
628.074367965
634.198379235
642.666052092
654.307607914
671.090771926
696.332145573
733.61664346
783.1591956
837.805482144
889.537382079
923.613395784
558.082147378
586.866781795
597.504574873
611.481121137
622.878903533
632.657956655
641.827056048
650.317277327
658.059784146
666.047977774
675.221239377
686.252387178
700.135970607
719.266840373
747.947335589
789.470701546
835.82633986
865.705459715
884.408331597
869.261286715
579.475404881
613.212936305
617.054946947
625.325196654
633.82510941
646.447363632
664.079777751
682.09438695
697.740894399
711.951172085
726.211816041
741.86882332
760.6776778
786.240704555
823.784951222
868.297581156
881.996972158
877.733502777
826.59856508
730.025602764
612.734795519
634.121356944
632.604523557
633.692571814
638.955131042
653.852032794
680.17280111
710.00965754
737.075485862
760.83780825
782.91003263
805.302530001
830.655035489
863.968087115
902.926827184
910.719058257
893.645138318
808.189308554
696.528773902
657.91352183
632.223381702
647.618466296
643.078690898
639.508260148
643.155131084
659.769826238
692.898406658
733.716709183
773.358752119
808.845553676
840.899397224
871.263250465
900.592365148
928.206436423
933.258338808
914.11564063
800.734314838
681.687689228
657.078274285
656.857075259
638.269391128
657.044102543
651.898971199
646.612389843
649.859360514
668.39996542
706.565040329
755.641196448
805.785125818
852.035827881
893.32949796
924.503591297
937.917306189
939.484731291
935.072488068
831.556602951
682.341999254
658.375117676
656.909112025
657.58418253
640.479591749
670.541216924
664.080254775
658.654750378
662.483029406
683.165996062
724.742853095
778.893022498
835.577272123
888.452914775
929.240409414
939.497861976
939.484719962
939.974981041
900.405461549
720.466079466
673.459450707
669.988895856
674.716238496
681.6249774
642.071024643
693.998714863
684.490450681
679.140253227
684.22621029
706.909454931
750.304721245
806.374629206
865.007120307
917.83649772
939.408663301
939.484705155
939.956760159
939.484729166
824.151834545
706.579068778
698.363024457
711.850960288
725.998132791
740.48897187
644.870339133
723.579278087
715.178159538
710.582284091
717.24421545
741.537815067
785.044244843
839.643358214
895.671106748
936.127286665
939.484686115
939.917902776
939.484718293
926.873878605
785.972627639
731.680795545
752.88952161
776.262028267
794.039472109
808.128836392
647.707272552
745.671160484
751.709280788
752.324292483
761.626057492
787.174188496
828.456883304
877.686227827
925.486925863
939.48466143
939.857886679
939.484700265
940.447471421
896.897040519
787.769548003
782.585125532
809.653720432
828.367269671
836.437818885
837.899686992
647.032973073
752.454104722
783.051421315
797.313776562
812.825227779
839.266427995
875.32409913
916.077318778
939.346346223
939.716927414
939.484676087
940.510372031
939.48469459
869.137294563
804.078906901
820.14239391
836.932546195
842.008361056
842.122321013
838.632600448
647.544673142
759.375969688
800.208409311
828.677303307
854.18142708
883.227949866
913.377402636
938.347294392
939.6732618
939.484646984
940.519674879
939.484675368
928.573414085
843.289677736
822.849853123
833.135348948
838.956543537
841.105317948
838.308471291
819.89869115
663.335342772
773.349469235
805.779715132
834.442518592
866.349094346
899.885587559
928.478291351
939.657341942
939.484611561
940.562385778
939.484648625
940.579287843
885.609626557
827.889931017
829.083048953
834.065223117
836.806783333
835.327628528
825.315112646
797.386865384
703.406962506
786.294501944
804.599271339
829.333932886
862.896365947
898.630536981
927.86360188
939.484562424
940.504466113
939.484608827
940.581016742
905.907773655
839.799330966
823.829601068
829.474577465
832.819393873
832.829282566
829.657614951
819.740033495
796.507499556
742.504407026
780.966042893
782.985566608
795.315057677
829.688010171
871.885482775
903.760807621
922.034191075
925.354813337
915.027835065
877.242019116
825.362328482
805.366271027
816.825376265
826.279738568
830.519086199
831.33667338
830.216505218
822.483288683
806.556511612
746.20114378
745.222683956
719.17205301
715.178073002
737.848336234
774.975697187
803.287651494
818.623439488
819.433197189
790.68892733
752.028908397
734.59919271
755.094838157
784.763327314
807.413081774
823.69739977
832.139874867
834.234640286
831.526732503
824.03873332
746.201353327
701.980172819
659.58705249
651.137483148
657.373367898
670.63844197
683.890413063
692.965487556
694.530669259
684.92867613
676.832242703
677.326025519
698.390467538
732.959871336
772.063512447
808.71879889
833.859990762
844.117745212
845.536265725
841.479474844
761.286607036
758.906034526
771.080703119
776.014989589
740.720034364
681.150030567
657.394761469
673.41870891
739.030806887
810.55834875
843.892051736
821.461940672
803.534941767
828.724894433
936.47625013
999.754607983
865.972846724
884.334000966
881.838058933
862.560941727
839.950462958
834.397330278
836.369151795
818.744173655
747.24672415
690.662463266
678.45093474
705.769124142
769.255924531
814.644952533
821.256312901
798.473648544
803.085240984
871.155111156
979.649099252
999.973163736
863.868954718
884.947413657
888.732931873
892.342598269
899.110732065
900.920004064
886.910435446
826.250814509
739.973004869
694.932562454
693.772341587
729.457872255
781.218171165
802.816884524
786.094837067
792.063350816
843.417380416
935.21852791
998.457930925
999.981677713
859.909402427
878.723259068
881.473947744
887.762963955
907.658222486
921.867244594
902.440649002
818.922136458
726.449252866
696.241874484
696.3073027
738.945806452
779.124317053
782.55829495
782.608464341
820.186076859
918.198662226
985.536609544
999.97278805
999.981741549
861.08287825
865.025594242
855.853385823
865.981687175
902.506641316
921.904143312
899.492736602
793.881758074
713.906666824
696.481487682
695.944659282
736.063404132
775.201404312
782.79377521
795.6667495
887.647095848
978.065873735
999.23868993
999.981746643
999.98171156
865.434608397
853.181705581
839.381585402
850.01438021
894.063105523
920.029962391
874.495796717
752.857913706
708.280529187
697.094871546
696.491419464
722.316388738
763.571074355
790.522755941
858.388710594
961.341649813
997.977467943
999.896080441
999.981720605
999.981772849
872.0195789
849.034727533
839.369176934
851.078745454
892.686550905
900.603628049
817.84825587
722.040762309
708.186364027
697.536693542
696.117871337
701.265844548
734.073153305
788.606731865
927.061302061
994.954991394
999.731129914
999.53193083
999.872921186
999.981720486
874.76113715
849.429009208
840.833946779
858.366659793
891.747422306
865.655327282
758.02406981
713.505771743
708.030256725
698.579483263
696.674925075
696.584577285
711.250099891
779.344275896
936.988967423
997.411377297
999.73373235
997.777748302
997.090388669
999.981750194
873.905061495
851.148670351
851.501044666
876.458356147
886.734112852
821.233444264
728.408540523
713.575352752
712.568358806
713.886960554
709.07875949
709.689560762
718.793401594
775.209643368
927.967706094
995.638136998
998.812682988
986.929046391
974.008074879
999.981703531
871.383894464
859.850675987
872.118402921
897.415825988
877.821653293
776.676074982
724.53563479
720.173994584
738.478051624
757.812592142
758.267022342
751.989563044
741.477213524
766.660865218
870.229055162
970.288179941
963.484450179
887.30713998
938.332942708
999.909331747
872.967144176
877.958462685
901.731395519
907.310609349
855.270967973
751.291593418
731.007478035
748.601459887
785.111007351
786.915518918
786.678222016
750.156354549
722.339834116
720.310736527
740.518841873
789.975176862
759.32471116
760.235316553
923.936416244
999.513980859
883.091177597
903.26991417
925.75082563
909.275808337
814.273006458
751.014095264
756.566689129
785.891734758
786.333264375
777.744669944
722.699575887
680.826249966
661.672703964
656.998763146
657.102881068
656.873234939
657.102806396
721.567371758
891.509502028
998.43120507
899.931457892
928.459763542
932.679572582
893.641348521
789.42333307
760.513738054
775.037434367
779.320284485
749.930959253
703.37255929
673.6363625
657.102889087
656.539390225
657.10286858
656.498156997
657.102820149
656.852306128
742.727666027
904.078661451
998.398100041
918.282500937
937.660317894
933.718580486
875.240732226
781.690446664
767.132356799
769.454475074
739.905824608
703.269797038
700.081207002
697.5173785
688.942651821
683.743274545
677.298266944
673.399473328
675.695113243
692.35286944
815.388810543
954.088145241
999.332793188
934.734802314
937.818458768
935.228365546
874.987583889
780.410105948
764.675220822
759.801058332
719.724356444
703.282208796
703.383742541
725.935880821
744.137954205
752.210810807
751.708569789
750.07654228
758.506433926
778.940827539
907.869699355
990.525284897
999.404686659
937.869784214
937.787159781
937.817505832
888.510656964
787.378502026
763.69205963
761.540768769
724.5513414
703.318808244
703.435163373
716.507455268
736.173884372
759.521961967
798.728209162
835.13406498
858.802888765
873.284494101
945.862196289
994.411121763
999.404722446
937.830834799
938.050862354
937.787141531
919.157676483
814.779177858
765.1058317
766.37404503
735.735106938
706.050040519
703.557746799
703.39878936
705.471600895
718.223331572
753.485800559
804.061138538
860.274216282
900.893768608
928.744184068
989.19924585
999.404686017
938.125092092
937.836983221
938.165246091
937.787127348
848.858327657
768.592468019
768.602732356
741.964038435
707.820348063
703.121094545
703.799163903
702.990383912
703.987174811
705.526594323
743.8762983
820.353253961
894.488678401
908.14172886
972.875946122
999.305759494
937.883012268
938.196712442
937.836974525
938.183690791
852.353069927
769.64435826
768.949087559
739.91732787
706.613812962
703.79910782
702.976160599
703.987125562
703.194658095
704.183292297
737.700770795
819.929417637
897.625694492
906.377116549
962.668020404
998.46450782
938.196689074
937.883012495
938.2206782
931.824329265
817.525772962
770.178580394
767.600974937
733.188970219
704.781123527
703.219177159
703.987071043
702.912007553
704.183245659
704.194423028
750.537072007
844.93381768
916.1079654
907.932633148
958.749646502
997.588787047
937.882991929
938.242220936
926.722860099
839.547097868
762.18029985
777.995664455
769.452219115
729.671705285
704.092605714
703.987013717
703.062420814
704.183191912
703.502380228
705.118256617
777.163816095
880.373511693
936.033119853
909.956081849
953.763548001
996.533315183
922.779088631
889.801141133
795.773352122
707.539789245
735.35602599
791.488573381
777.500638708
733.296608971
704.849966306
703.560352659
704.183135562
703.378404655
704.420285296
718.12059024
810.150336105
911.999057573
951.431554857
908.677818072
945.840673583
995.449487239
807.009240043
724.69511761
666.970743658
659.741981872
717.557519082
796.189768948
792.148840999
748.012605904
707.744650412
704.183081083
703.468360797
704.420235096
704.031209161
742.374933776
845.896262143
938.378800058
967.313099053
902.471483786
933.480975547
994.610256532
670.486522569
656.698947255
657.078388326
656.941074015
713.165291139
796.552331706
807.036128006
767.099954901
713.320585122
703.950090895
704.42018917
703.83331757
704.631871586
774.567783573
883.94478801
960.544559615
985.834784901
901.716473456
913.17880034
993.714084148
656.513952206
657.078350143
656.758484588
665.123340006
726.144247722
805.119590727
817.777984592
775.500608329
716.525001536
704.42014814
704.072219151
704.6318342
722.089455259
821.486912184
923.997998644
979.928640662
996.967123617
900.916895315
879.092899057
991.293951547
657.078311418
656.792067345
662.123112532
696.312006993
765.571749613
824.92892355
822.753767495
769.971453214
715.856326569
704.539966463
704.631795916
706.524631974
769.722929458
882.930393699
963.115909507
994.303679566
999.156474243
907.403319657
810.166488998
980.259887575
660.35006724
669.730869734
696.260647474
750.856728295
813.45999867
825.729700552
816.744352044
747.227261645
714.321015611
709.189470694
706.252628814
738.868156606
843.119300033
946.596204962
991.286312724
999.459948995
999.529400147
905.227269899
731.843657582
957.069943363
694.00611183
719.344445569
760.667412431
808.091014501
825.729675012
825.74952408
781.736886854
720.905715511
717.287650329
719.984548568
728.530184866
809.98810403
927.478605003
989.374633494
999.445981354
999.850353112
999.074957087
890.490903509
730.426851591
946.445863235
760.710884557
789.4756621
817.953016397
825.72963853
825.749484433
801.080972106
725.504420877
717.449105112
725.180097408
742.19446947
788.50788838
904.49067592
986.306171588
999.454921701
999.861992199
999.861687911
997.603546589
895.979805752
730.447570782
945.795559367
820.536238701
827.269569202
827.478016704
823.754463241
798.16646549
733.063993362
717.44901384
717.004988598
728.131546676
769.777032163
880.814648595
980.785349439
999.37092967
999.847013005
999.862598374
999.862839135
998.328866291
938.701286639
789.572183425
945.399282494
835.872916993
825.463775639
808.5815967
776.257346868
732.228274747
717.44891564
716.619954675
717.45333037
720.526942462
768.424377053
944.332228413
998.415733717
999.825865443
999.856848346
999.862839447
999.863755297
999.633031795
986.277922765
886.550395171
943.563078752
820.225108226
785.90231291
747.962709436
720.820154319
717.448827285
716.757251974
717.448824448
716.967812974
717.448792774
749.118713654
929.928589418
997.739286941
999.849501772
999.862852116
999.864082952
999.863583677
999.863864022
999.32605399
946.953776024
941.707378124
778.542653844
736.763573312
717.266488838
717.44875118
717.022982884
717.448744801
716.802227968
717.448703622
717.23904587
720.831114237
863.065486127
988.671020111
999.787699968
999.864238079
999.863583685
999.864894384
999.863983069
999.864157652
977.710991326
933.355402988
759.780190266
728.776215037
717.448676154
717.257238683
717.44867086
717.167267708
717.44862158
717.414160839
720.509977005
721.291598633
803.069361652
964.91884883
999.184310644
999.863583565
999.865209104
999.864339684
999.865583588
999.863981258
995.197334325
908.576392771
765.533680453
739.332433425
725.991159077
723.232051479
723.053409412
726.610670467
733.731364867
745.016915845
756.172278461
755.133198767
809.519017893
949.094064885
997.931827301
999.865549913
999.864339581
999.865611751
999.864631075
999.866207122
998.072172007
880.757627253
788.517944618
771.851956316
760.414061049
756.428095796
760.138186322
771.999997591
788.499983551
809.178459934
825.891138897
823.001019454
848.037401483
952.33023749
997.504700219
999.864256067
999.865618348
999.86497521
999.866113254
999.86435042
993.075112381
839.149091401
817.370159553
812.810100128
811.510408512
816.270780924
827.562289141
844.568165805
862.888016977
878.221353999
879.066193228
854.043480711
842.720731411
944.825971832
997.299269934
999.865315161
999.864619271
999.865742034
999.864419911
998.612501902
867.112651165
838.023359224
840.508745218
848.478469868
863.877402984
882.845489145
900.150401083
915.529819905
922.506497115
907.996417859
863.32908498
812.546029691
774.345026124
838.513771701
952.176063695
988.791148647
994.866837766
996.183235885
990.868932248
884.636945891
737.829003653
837.476436671
)
;

boundaryField
{
    emptyPatch
    {
        type            empty;
    }
    minY
    {
        type            calculated;
        value           nonuniform List<scalar> 0();
    }
    maxY
    {
        type            calculated;
        value           nonuniform List<scalar> 
40
(
746.201351503
701.980179255
659.58704814
651.137476868
657.373361705
670.63843761
683.890412213
692.965489236
694.530669823
684.928670097
676.832227229
677.326002394
698.390440199
732.959842428
772.063482653
808.718768202
833.859958866
844.117711108
845.536228377
841.479433221
840.508700075
848.478423151
863.877356952
882.845445817
900.150361041
915.529783513
922.506461646
907.996373821
863.329016255
812.545931565
774.344908668
838.513689151
952.176034839
988.791141736
994.866834863
996.183233913
990.868928052
884.636909907
737.828919703
837.476379721
)
;
    }
    water_to_cooler
    {
        type            calculated;
        value           nonuniform List<scalar> 
38
(
999.754607988
999.973163736
999.981677714
999.98174155
999.981711561
999.981772851
999.981720489
999.981750199
999.981703538
999.909331793
999.513981151
998.431206137
998.398101257
999.332793751
999.404687228
999.404723111
999.40468679
999.305760532
998.464510448
997.588791809
996.533323214
995.449499864
994.610274596
993.714109154
991.29399225
980.259997084
957.070227921
946.446275788
945.796025558
945.399782053
943.563624435
941.707976358
933.356124692
908.577405461
880.758955971
839.151076482
838.026784814
837.484692294
)
;
    }
    water_to_heater
    {
        type            calculated;
        value           nonuniform List<scalar> 
59
(
727.128390325
727.128393958
729.571068033
727.65173993
729.870241069
729.870237491
728.064128211
728.064121776
729.228282683
729.228274846
722.529841781
702.028151206
670.730804333
670.730794072
668.62872341
668.628710778
670.730767111
670.730752574
669.787337144
672.5070805
700.549097978
700.549084954
729.877622811
729.877613639
721.836910635
721.836906267
662.333781339
587.189170133
557.180937365
557.180942012
552.966577482
552.966576168
552.946535607
552.946533852
557.99603835
579.377735274
612.604070139
612.604060718
632.069694938
632.069681955
638.105063472
638.105049535
640.310333792
641.899549787
644.698120537
644.698115923
647.534760296
647.534766618
646.859723824
646.859743893
647.370489137
663.16191667
703.243130092
703.243166876
742.353485548
742.35352084
746.048854928
746.048876986
746.048838027
)
;
    }
    procBoundary0to1
    {
        type            processor;
        value           nonuniform List<scalar> 
41
(
728.13009276
682.669728919
641.346930698
633.488030551
638.957793882
663.783117777
717.974121043
788.991417264
853.994707133
899.932158335
916.59469676
916.832647106
916.771522164
917.011574298
916.771568837
916.351864334
896.809329357
870.458378102
841.441050877
845.00527351
696.120562151
696.123427531
709.557942625
717.092524512
700.675562415
659.841422259
636.089798397
641.594290965
701.748386026
787.650258442
846.785075502
850.746984443
817.18238843
817.312304217
889.705845972
998.900759743
863.84883475
871.533998754
840.343780207
788.143654157
788.143654157
)
;
    }
}


// ************************************************************************* //
