/*--------------------------------*- C++ -*----------------------------------*\
| =========                 |                                                 |
| \\      /  F ield         | OpenFOAM: The Open Source CFD Toolbox           |
|  \\    /   O peration     | Version:  2312                                  |
|   \\  /    A nd           | Website:  www.openfoam.com                      |
|    \\/     M anipulation  |                                                 |
\*---------------------------------------------------------------------------*/
FoamFile
{
    version     2.0;
    format      ascii;
    arch        "LSB;label=32;scalar=64";
    class       volScalarField;
    location    "0.295/water";
    object      Ct2;
}
// * * * * * * * * * * * * * * * * * * * * * * * * * * * * * * * * * * * * * //

dimensions      [0 0 0 0 0 0 0];

internalField   nonuniform List<scalar> 
1497
(
1
1
1
1
1
1
1
1
1
1
1
1
1
1
1
1
1
1
1
1
1
1
1
1
1
1
1
1
1
1
1
1
1
1
1
1
1
1
1
1
1
1
1
1
1
1
1
1
1
1
1
1
1
1
1
1
1
1
1
1
1
1
1
1
1
1
1
1
1
1
1
1
1
1
1
1
1
1
1
1
1
1
1
1
1
1
1
1
1
1
1
1
1
1
1
1
1
1
1
1
1
1
1
1
1
1
1
1
1
1
1
1
1
1
1
1
1
1
1
1
1
1
1
1
1
1
1
1
1
1
1
1
1
1
1
1
1
1
1
1
1
1
1
1
1
1
1
1
1
1
1
1
1
1
1
1
1
1
1
1
1
1
1
1
1
1
1
1
1
1
1
1
1
1
1
1
1
1
1
1
1
1
1
1
1
1
1
1
1
1
1
1
1
1
1
1
1
1
1
1
1
1
1
1
1
1
1
1
1
1
1
1
1
1
1
1
1
1
1
1
1
1
1
1
1
1
1
1
1
1
1
1
1
1
1
1
1
1
1
1
1
1
1
1
1
1
1
1
1
1
1
1
1
1
1
1
1
1
1
1
1
1
1
1
1
1
1
1
1
1
1
1
1
1
1
1
1
1
1
1
1
1
1
1
1
1
1
1
1
1
1
1
1
1
1
1
1
1
1
1
1
1
1
1
1
1
1
1
1
1
1
1
1
1
1
1
1
1
1
1
1
1
1
1
1
1
1
1
1
1
1
1
1
1
1
1
1
1
1
1
1
1
1
1
1
1
1
1
1
1
1
1
1
1
1
1
1
1
1
1
1
1
1
1
1
1
1
1
1
1
1
1
1
1
1
1
1
1
1
1
1
1
1
1
1
1
1
1
1
1
1
1
1
1
1
1
1
1
1
1
1
1
1
1
1
1
1
1
1
1
1
1
1
1
1
1
1
1
1
1
1
1
1
1
1
1
1
1
1
1
1
1
1
1
1
1
1
1
1
1
1
1
1
1
1
1
1
1
1
1
1
1
1
1
1
1
1
1
1
1
1
1
1
1
1
1
1
1
1
1
1
1
1
1
1
1
1
1
1
1
1
1
1
1
1
1
1
1
1
1
1
1
1
1
1
1
1
1
1
1
1
1
1
1
1
1
1
1
1
1
1
1
1
1
1
1
1
1
1
1
1
1
1
1
1
1
1
1
1
1
1
1
1
1
1
1
1
1
1
1
1
1
1
1
1
1
1
1
1
1
1
1
1
1
1
1
1
1
1
1
1
1
1
1
1
1
1
1
1
1
1
1
1
1
1
1
1
1
1
1
1
1
1
1
1
1
1
1
1
1
1
1
1
1
1
1
1
1
1
1
1
1
1
1
1
1
1
1
1
1
1
1
1
1
1
1
1
1
1
1
1
1
1
1
1
1
1
1
1
1
1
1
1
1
1
1
1
1
1
1
1
1
1
1
1
1
1
1
1
1
1
1
1
1
1
1
1
1
1
1
1
1
1
1
1
1
1
1
1
1
1
1
1
1
1
1
1
1
1
1
1
1
1
1
1
1
1
1
1
1
1
1
1
1
1
1
1
1
1
1
1
1
1
1
1
1
1
1
1
1
1
1
1
1
1
1
1
1
1
1
1
1
1
1
1
1
1
1
1
1
1
1
1
1
1
1
1
1
1
1
1
1
1
1
1
1
1
1
1
1
1
1
1
1
1
1
1
1
1
1
1
1
1
1
1
1
1
1
1
1
1.1140476878
8.93672184733
8.97380546281
1
1
1
1
1
1
1
1
1
1
1
1
1
1
1
1
1
1.27887849429
8.96980259782
8.97380657888
1
1
1
1
1
1
1
1
1
1
1
1
1
1
1
1
1
1.40813862888
8.79970686956
8.9737941089
1
1
1
1
1
1
1
1
1
1
1
1
1
1
1
1
1
1.00031466998
3.47157211579
8.96840185486
1
1
1
1
1
1
1
1
1
1
1
1
1
1
1
1
1
1
1.0858574077
8.65236112453
1
1
1
1
1
1
1
1
1
1
1
1
1
1
1
1
1
1
1
6.07204555883
1
1
1
1
1
1
1
1
1
1
1
1
1
1
1
1
1
1
1
3.92659207526
1
1
1
1
1
1
1
1
1
1
1
1
1
1
1
1
1
1
1
3.66664762156
1
1
1
1
1
1
1
1
1
1
1
1
1
1
1
1
1
1
1
3.92285076336
1
1
1
1
1
1
1
1
1
1
1
1
1
1
1
1
1.00000672515
1
1
4.03224390857
1
1
1
1
1
1
1
1
1
1
1
1
1
1
1
1
1.00361540548
1
1
4.02971423425
1
1
1
1
1
1
1
1
1
1
1
1
1
1
1
1
1.02994650826
1
1
3.47878310335
1
1
1
1
1
1
1
1
1
1
1
1
1
1
1
1
1.05493217789
1
1
2.37766501081
1
1
1
1
1
1
1
1
1
1
1
1
1
1
1
1
1.05787877127
1.00000647211
1
1.38298213844
1
1
1
1
1
1
1
1
1
1
1
1
1
1
1
1
1.05685748264
1.05405644289
1
1.00032286309
1
1
1
1
1
1
1
1
1
1
1
1
1
1
1
1.00000078967
1.06381670527
1.05685323121
1
1.00000000176
1
1
1
1
1
1
1
1
1
1
1
1
1
1
1
1.05823741534
1.05891227608
1.06706691105
1
1
1
1
1
1
1
1
1
1
1
1
1
1
1
1
1
1.05893518292
1.06708069622
1.05891526428
1
1
1
1
1
1
1
1
1
1
1
1
1
1
1
1
1
1.06688010062
1.06089739306
1.06895955914
1
1
1
1
1
1
1
1
1
1
1
1
1
1
1
1
1
1.05943110383
1.06708677532
1.02182297162
1
1.02900704253
1
1
1
1
1
1
1
1
1
1
1
1
1
1
1
1.06043649163
1.000666891
1
1
4.74420049993
1
1
1
1
1
1
1
1
1
1
1
1
1
1
1
1
1
1
1
7.82426958067
1
1
1
1
1
1
1
1
1
1
1
1
1
1
1
1
1
1
1
7.82388073488
1
1
1
1
1
1
1
1
1
1
1
1
1
1
1
1
1
1
1
7.47422900953
1
1
1
1
1
1
1
1
1
1
1
1
1
1
1
1
1
1
1
7.57599609346
1
1
1
1
1
1
1
1
1
1
1
1
1
1
1
1
1
1
1.00000000002
7.73255876451
1
1
1
1
1
1
1
1.00000017517
1
1
1
1
1
1
1
1
1
1
1.00000012528
7.95593684658
1
1
1
1
1
1
1.00000198362
1.00001412409
1
1
1
1
1
1
1
1
1
1
1.00003368575
8.21187888866
1
1
1
1
1
1.00000000001
1.00003339029
1.00001380676
1
1
1
1
1
1
1
1
1
1
1.00002526214
8.24539560694
1
1
1
1
1
1.00000000052
1.00003593807
1.0000288114
1
1
1
1
1
1
1
1
1
1
1
8.22609368502
1
1
1
1
1
1
1.00003416806
1.00003675038
1.00000000262
1
1
1
1
1
1
1
1
1
1
8.29742961793
1
1
1
1
1
1
1.00001074908
1.00003487002
1.00003799041
1.00000000088
1
1
1
1
1
1
1
1
1
8.88970735665
1
1
1
1
1
1
1
1.00004817655
1.00003538635
1.00004107374
1.00000028756
1
1
1
1
1
1
1
1
8.89036152095
1
1
1
1
1
1
1
1
1.00004975778
1.00003549026
1.00004381968
1.00000401956
1
1
1
1
1
1
1
8.17004289626
1
1
1
1
1
1
1
1
1.00000000051
1.00004974264
1.00003548742
1.00004912253
1.00003548282
1.00000000411
1
1
1
1
1
5.75230673411
1
1
1
1
1
1
1
1
1
1
1.00000000038
1.00000000321
1
1
1
1
1
1
1
3.22096655467
1
1
1
1
1
1
1
1
1
1
1
1
1
1
1
1
1
1
1
1.92057541899
1
1
1
1
)
;

boundaryField
{
    emptyPatch
    {
        type            empty;
    }
    minY
    {
        type            calculated;
        value           nonuniform List<scalar> 0();
    }
    maxY
    {
        type            calculated;
        value           nonuniform List<scalar> 0();
    }
    maxX
    {
        type            calculated;
        value           nonuniform List<scalar> 
37
(
8.97385984254
8.97386193004
8.97384878553
8.96844289109
8.65240082468
6.07233881117
3.92704758466
3.66716472072
3.9234213951
4.03285630996
4.0303703175
3.47949012643
2.37835751931
1.38375039238
1.00032395923
1.00000000177
1
1
1
1.02914609285
4.74564421199
7.82459202603
7.82403168329
7.47435045401
7.57613296246
7.73271709571
7.95611654169
8.21208865962
8.24573142133
8.22661867847
8.29802933249
8.88991806471
8.89053719174
8.17041282005
5.75283976756
3.22116809421
1.92069040673
)
;
    }
    water_to_heater
    {
        type            calculated;
        value           uniform 1;
    }
    procBoundary1to0
    {
        type            processor;
        value           nonuniform List<scalar> 
41
(
1
1
1
1
1
1
1
1
1
1
1
1
1
1
1
1
1
1
1
1
1
1
1
1
1
1
1
1
1
1
1
1
1
1
1
1.59437173054
1
1
1
1
1
)
;
    }
    procBoundary1to3
    {
        type            processor;
        value           nonuniform List<scalar> 
41
(
1
1
1
1
1
1
1
1
1
1
1
1
1
1
1
1
1
1
1
1
1
1
1
1
1
1
1
1
1
1
1
1
1
1
1
1
1
1
1.00247120137
8.5370805002
8.97380788762
)
;
    }
}


// ************************************************************************* //
