/*--------------------------------*- C++ -*----------------------------------*\
| =========                 |                                                 |
| \\      /  F ield         | OpenFOAM: The Open Source CFD Toolbox           |
|  \\    /   O peration     | Version:  2312                                  |
|   \\  /    A nd           | Website:  www.openfoam.com                      |
|    \\/     M anipulation  |                                                 |
\*---------------------------------------------------------------------------*/
FoamFile
{
    version     2.0;
    format      ascii;
    arch        "LSB;label=32;scalar=64";
    class       volScalarField;
    location    "0.34/water";
    object      rhom;
}
// * * * * * * * * * * * * * * * * * * * * * * * * * * * * * * * * * * * * * //

dimensions      [1 -3 0 0 0 0 0];

internalField   nonuniform List<scalar> 
1496
(
587.005708669
586.987920456
588.396061567
588.754212937
589.594552423
594.064645622
612.374462398
661.225217584
741.512781486
803.511160636
835.742916941
859.870983648
887.626377828
907.810821433
915.023609727
915.446241867
914.87043911
910.797517104
888.62308243
847.970382941
585.193106501
586.176114181
586.275584559
586.25261953
586.245757417
586.582963912
593.520241318
618.345791366
674.547781996
751.195452737
812.065861253
852.908594842
886.870594854
911.550210957
915.624645492
915.632859614
915.576009157
914.636981704
902.210982844
863.030590775
586.011246706
586.160319665
586.375726392
586.228286082
586.268232729
586.260872994
591.450927444
608.578958238
643.83515755
703.349306927
772.285639568
831.277939439
877.691594391
909.234456621
915.641205561
915.624648427
915.650563722
915.587814188
908.785780539
876.81058677
585.180566359
588.040783451
589.941286356
589.655310853
588.348260108
587.899415611
592.54656459
608.136486088
637.264042394
682.874272035
742.267363151
804.243405359
859.751911853
901.679406739
915.618063347
915.661906159
915.62465283
915.665174929
911.547355436
885.927985186
586.013548586
593.788189099
601.459706077
602.445694295
598.54996289
595.821480657
598.669204216
610.970891025
637.830738799
679.716221067
732.50457446
789.648522432
845.571930587
893.199216584
915.06689425
915.624628707
915.721654395
915.624657584
912.23473998
890.663961134
585.588446382
603.69629806
620.736766281
626.362795896
620.728978476
613.79629548
614.063288211
621.92532338
644.126578849
682.541544511
733.084457767
788.503417159
843.408940668
891.621652823
915.000688824
915.686771561
915.624638142
915.759785969
910.712408515
891.123148805
586.031935761
618.274513501
641.854085976
656.308095968
652.814551422
643.706066614
641.418596846
646.04223178
663.498395205
696.741782629
742.389579787
794.417321253
847.780871101
894.874177583
915.470796136
915.624621666
915.766187485
915.624646105
902.462158899
889.273867624
587.842960121
634.583035382
655.376055657
681.767015647
688.157277052
683.776864198
681.856583096
685.350494254
699.951399822
728.575776736
768.63031046
815.942206167
865.60391112
906.307767658
915.624607008
915.766173196
915.624632429
905.790232531
890.607496913
884.356659631
602.859736998
646.548874249
665.074103248
694.164836118
718.359675785
728.116449761
731.943200522
737.66999918
751.939160497
777.700338002
813.546850792
856.076981222
897.113284972
915.461185291
915.73247174
915.624618949
905.346543864
886.336637083
882.162438521
866.375133003
628.992163774
660.041352847
675.155550736
702.034537367
738.605641996
768.775576442
785.428915169
798.132738294
815.372575804
840.351187697
871.745837458
901.976373693
915.406889608
915.7216793
915.624603568
904.348354773
880.056728368
876.814391043
871.614951828
821.702854259
653.918979623
685.270072585
690.598187981
712.06158296
752.166858696
798.249463298
833.11411985
858.903400527
881.032795499
899.973720031
912.71714493
915.624548643
915.848200046
915.624584592
905.619049842
871.958111726
867.454297826
871.826001634
851.47029301
814.657461798
673.169702561
724.911054584
716.583764914
730.163244084
766.209642931
818.96494063
869.044200255
903.59244173
914.675592064
915.696499061
915.624519296
916.086350854
915.624560747
908.181721811
864.806248419
855.398867602
866.318640378
864.215817704
831.369840561
814.208376182
693.47907785
764.710683362
748.295466773
755.222693604
785.033773578
838.942586338
892.849373224
915.525690486
915.757137454
915.624483699
916.098203479
915.62452889
903.877606292
860.993861402
837.276959195
853.884512398
866.849637858
855.227753351
824.562231843
814.776190865
722.158319501
771.682999002
771.821219593
775.126885455
807.544622088
860.822639951
902.711695049
915.682376188
915.624435311
915.990259941
907.722825331
881.534992996
839.415418541
816.817070805
834.35885197
857.454151507
867.295744583
853.633033633
825.117158165
814.755429685
748.15318459
771.553863337
769.322090763
777.884818413
822.836910369
869.883174724
900.623844806
909.204955708
902.743431394
881.772943523
842.309631723
798.203712606
782.520602832
801.837254618
834.620945966
859.19780108
868.352300681
857.188005252
830.479663927
815.396325107
737.266807443
735.741309272
733.208823745
762.281689602
812.218340419
854.177448155
872.925684415
872.423770291
846.41810437
808.617890673
779.08557763
770.190468072
771.528424123
798.020397075
831.596692049
858.767383934
870.946232513
867.952378282
846.189205574
822.814099019
669.943652594
641.488941656
658.942190935
696.673952867
738.216824628
770.486836906
790.143182926
797.313274364
787.099235649
774.5423216
768.856308576
769.813548115
774.87700528
798.736154098
828.839420822
858.467697285
875.982871672
880.127161018
868.324837687
842.783804418
597.258849797
581.626167234
594.29160273
613.863724914
632.637695401
650.590798754
673.091720258
701.850168676
731.32062746
753.583617647
765.996527971
774.403410247
787.556839843
805.790434623
831.82130245
860.685914822
882.792758302
889.746496838
886.031532969
869.632979911
571.793983568
568.036003721
571.203622162
576.323435492
582.483384972
589.97916691
602.174512553
624.568575724
662.951500765
709.973442378
748.270672032
771.251267111
793.047183688
817.917075703
844.597223235
871.308000861
892.189258069
898.092839013
897.137677669
890.161329912
567.373818419
567.402219688
567.570812114
568.182116949
570.951526545
574.557326089
579.930803958
590.576746392
612.852366
651.047501924
701.040290421
746.917946158
783.690602777
815.545803744
847.158902606
879.072914563
901.15985756
905.609669569
905.113918628
902.208614609
567.149325141
567.498950562
567.488308365
567.61051796
568.863319342
571.436542303
575.00959056
581.540459385
594.503937482
618.225058452
655.976357995
705.196132004
755.32984786
799.928540117
840.200723352
876.189778165
902.169257496
911.437727805
911.750877788
911.029773987
567.34846013
567.41549521
567.566781185
567.574930144
568.853479729
571.177870821
574.398617658
580.423966301
592.043910326
612.022519561
641.702908062
681.448636405
728.751423652
778.094618639
825.725112167
868.552308755
900.689707798
915.22480098
917.528115525
918.097308624
567.192949308
567.486430933
568.330952618
569.393581968
570.763227629
572.499129979
575.440556257
581.482459027
593.260982976
613.203537943
642.156441036
679.718440986
723.682221322
771.369788329
820.13097946
865.850555685
900.928249863
918.046090641
919.831047289
919.842184175
567.347842171
570.914954379
574.231315703
576.733630098
577.20829693
577.955495379
580.449016422
586.852610632
599.522860895
619.994380166
648.317546871
684.232749231
726.848114752
773.823987313
822.6688664
869.054685595
905.252834955
919.686334061
919.842172747
919.854749669
568.177994687
581.619104729
588.385128523
591.299358692
590.303641409
590.021631293
592.342675665
599.841959119
614.418131164
636.33384236
664.808453344
699.533534378
740.36947325
786.488385231
835.592888157
882.13022179
914.315563956
919.836262056
919.851550743
919.892561505
574.077825425
598.645092382
610.506827568
614.231040907
611.869005666
610.358827892
613.030981101
622.287393478
639.345724071
663.324338598
692.675339171
727.210211783
767.59093085
813.710913255
862.348085111
904.11281289
919.793095018
919.833758003
919.836740033
917.175642146
585.934300982
620.319243818
637.800036578
647.321891603
644.042529241
640.931779781
644.216444668
655.509016901
674.956187141
700.520920488
730.770969387
765.983687457
806.996289607
852.582482792
896.138676322
918.974933901
919.833513169
919.832216891
911.999469481
860.36733195
609.183133157
646.628519332
663.318759012
690.075949267
688.01446149
684.002229516
687.535342317
700.163824797
721.02668554
747.368812051
778.135245709
813.920774485
854.379728809
894.134170829
917.745460254
919.802181354
919.831770286
905.840456528
850.0086668
791.596465976
656.483808889
667.338542605
684.777187795
730.403791926
742.062617003
740.581525407
743.931684497
756.247741144
776.994984908
803.08430719
833.261529033
867.024965468
900.41419613
919.873510246
920.084468295
919.282851494
900.197611716
846.015169017
793.332261538
788.113666804
712.141166775
688.816683535
707.299573865
767.264736532
804.385663008
809.715408284
813.782087838
823.900648463
841.921199289
865.018894501
889.891211866
911.4273057
921.670993813
922.250810847
919.609955077
897.080383211
847.802235727
804.040866365
793.032339137
795.28356656
752.018439443
709.159312481
722.839936248
788.105422275
858.272019939
879.281752366
886.590847351
893.436040226
903.315068486
913.976534638
920.832571896
922.190239449
922.324430584
922.190270082
901.845015036
853.212283123
820.378228384
805.165936998
802.535994108
814.671981309
761.889275398
724.279493608
730.092206215
788.149744153
869.982042447
912.718077609
920.838681029
921.995716933
922.190165963
922.33878266
922.190213466
922.565178234
922.190250265
916.595343328
867.798798542
834.396630905
823.578650147
819.01536388
824.510682246
835.554167257
762.268635214
738.477686927
736.403477074
786.197135155
867.435940342
914.632763857
922.237891792
922.190119539
922.568136101
922.190182336
922.887463178
922.190225592
922.931515107
899.927036125
844.417166644
837.175189262
839.536576261
843.689688979
847.798245752
851.895784121
762.031635399
753.590243588
746.52068189
789.365207827
865.436254126
913.964792762
922.190014707
922.52762027
922.190143393
923.057090874
922.190194504
923.360806246
922.190228398
874.641123438
837.234627958
845.574632223
857.52488127
863.877392969
865.108359564
864.659813306
762.702681335
762.134158834
761.60633359
799.736123283
867.440396893
912.992580103
922.291212295
922.190084031
922.96871854
922.190152371
923.391596966
922.190194786
906.432389561
840.755628153
833.247174858
847.555889844
860.589706348
868.656159861
873.278572767
874.311052231
762.137696148
762.748200172
757.986927007
797.060318827
860.870564552
904.720867453
919.145699382
922.389320654
922.190085491
919.973225644
909.715565304
882.961339175
824.12905526
795.318203641
814.277982851
835.800702291
853.139583171
865.177196799
872.657795666
877.441833317
757.206934019
746.752321607
739.526779739
768.112700421
813.023810944
850.423559825
869.927791364
869.734587786
855.11841086
824.876133109
784.508450177
737.852872355
709.734957022
724.155769709
749.861061003
776.527990808
806.648634587
836.751138163
860.572315556
875.145550383
841.866016509
842.746695939
840.018655695
832.022064644
820.591115014
818.356653617
870.23262754
964.385724896
995.141839189
997.861793987
997.948574843
997.937633195
997.94802542
997.55619108
997.767637726
977.083093136
830.2613696
833.99181147
843.324978169
851.831120709
854.910426016
854.890225949
850.789071278
840.446280751
827.665806241
822.798998609
846.704543758
912.299315457
970.832404648
991.275999939
995.991542025
996.492697448
995.986664773
995.693962818
996.028148104
989.478104099
836.99338262
840.964086325
853.678120778
866.132176976
869.436861981
867.432293155
858.688816952
843.931662979
831.339843943
831.695179715
848.129764716
882.476847726
921.941864913
957.801292107
981.83924907
987.171632895
984.014716901
981.271781051
984.298296032
985.884931334
849.34240389
853.479806606
867.639839414
878.383808537
878.991297567
873.590232944
860.090820514
843.586092489
834.351480486
840.196038263
858.634433674
886.221441672
912.97377096
937.566186709
956.509389664
954.20880751
924.429214472
883.554341058
868.829458842
914.871470618
864.981404976
869.401179516
879.521182811
880.549013673
880.307231333
871.250247817
854.123406861
838.083984229
835.442957795
846.509571015
872.7406128
901.50412841
917.973411671
921.293839202
889.762425151
794.818014636
720.827708064
684.835944613
660.883521105
697.042370538
878.210939331
880.723603138
880.963713569
880.953334946
871.464938299
852.525615244
835.216739247
829.338766418
832.712037552
846.290879171
872.598092903
892.257878195
878.221201942
808.252119478
695.033403656
624.042185204
602.14650187
596.379088369
594.994820514
593.315402764
885.02363421
882.361758134
876.530697698
860.868899456
838.020481226
822.387759548
819.357402955
819.513990485
813.140361173
801.395769019
805.703951072
809.304733018
775.245698603
736.188449871
669.07757787
615.095875626
594.69702386
592.0912813
592.001500198
592.091281217
883.325241779
868.550641708
841.252099753
820.850574336
814.340092974
813.866992609
812.866220774
795.738822116
740.518236378
680.559008946
668.714387472
719.706213905
774.50016496
779.904991115
731.482448031
661.703787589
616.91995301
598.263813957
594.404436456
591.840185256
861.635665177
822.581087682
814.4077852
814.278694869
814.363189327
816.06243065
804.32427695
740.079992576
653.773535826
618.452514724
617.44696687
631.134547881
743.73052127
835.435528463
842.521644241
770.541129117
686.920029585
631.263149506
610.775460292
599.850774958
816.262130807
814.482211436
814.146165132
814.407769549
820.241695426
831.302285426
792.905668458
698.051508656
626.479912458
617.23093978
618.452509272
617.211882618
643.301394499
806.04392599
899.675911937
896.433354897
795.740487918
696.473090712
643.597429384
634.798963334
814.562809484
814.024110953
814.482200258
818.786542163
849.415686276
856.739343403
787.844138132
697.859476182
630.17946393
618.452504709
617.090163619
618.452504723
617.505612184
689.962420564
900.6891828
959.497983652
921.640803295
800.498136555
689.295527229
670.67678428
814.039952223
814.562797441
814.434057682
847.34148718
890.621961052
884.234243332
805.935935134
725.461111838
653.204287699
618.051333183
618.452500041
617.497184736
618.45250007
656.450883525
874.122185852
974.43543724
975.341663805
913.972063258
765.208065651
670.506620157
814.657446231
814.178892726
817.31229134
890.933890194
930.306486503
919.131902564
852.879393962
778.797050047
697.391787908
633.294777614
618.015931344
618.452495757
618.158457481
694.069232148
889.359361942
979.502601824
979.497019249
956.155328057
853.509963361
703.9494296
814.277517089
814.657415178
819.710945434
914.96499309
959.049188414
955.745472724
911.979171174
848.340706896
765.404117464
681.116144005
632.130668991
621.84346152
635.720353531
794.919909469
935.593740812
980.256621394
979.868196939
966.892416362
918.16373953
819.920520247
814.776151604
814.227473752
817.595760993
912.591518357
967.902505681
971.554546942
960.854596742
923.967846328
856.259893207
767.100830588
688.721580475
654.460665688
673.957885547
898.18857278
968.84886614
981.353988997
981.712549991
976.741763602
960.472380589
940.992358122
814.648738633
814.776106622
814.609722589
892.181900886
966.730583389
972.10374888
972.067050949
968.735179773
943.686637352
879.026640776
788.757539476
715.43488483
692.098928907
921.328922462
985.236696542
986.021119096
987.386459877
988.140670544
981.310361886
985.519396443
814.899634008
814.688074386
814.899660955
852.308632172
956.874453123
972.067041359
972.21094393
972.103570539
972.029171863
959.741402193
903.069928282
786.293805222
692.573085607
883.332898898
987.763667819
993.068683893
993.516837114
993.964049826
985.136804981
990.227858669
822.340708736
817.118464343
816.859944983
831.142530629
917.912160797
972.288644503
972.103561426
972.291817437
972.155369125
972.187002812
963.287666542
822.801601452
693.03714858
766.108223626
955.923714237
993.968796488
994.637372753
994.621362106
986.281606376
992.002969837
845.420331284
833.252305947
833.700972167
840.276664177
876.455238679
953.482654768
972.319407524
972.155361945
972.291811499
972.155362728
963.74000518
803.755324917
693.438026639
705.125819086
845.255968978
987.285847411
994.652879068
994.205397262
988.623635574
993.883567159
874.88423318
864.380590997
866.333576769
871.352014486
879.440023481
909.195754834
955.389431448
972.315263392
972.186963689
972.313158469
915.870959869
760.114320099
710.868513189
706.905437768
834.58499221
985.47752107
994.668504315
993.683006293
991.850512317
995.134398838
896.808586722
895.761669156
900.372587236
904.239180349
897.25996283
874.794032516
870.579958257
915.337544334
952.504154172
905.347772216
783.017682685
755.461563413
751.800195649
755.565453355
891.862558631
990.082124717
994.684125461
994.394416837
994.418323654
995.286535039
911.486204931
915.71819504
918.462903569
915.767183033
885.235529795
791.32464562
718.841827927
745.808871587
792.9723864
716.971824619
661.806577868
715.655687189
781.204814374
852.713853724
946.919344439
991.206691426
995.152715479
995.197665329
995.208803104
995.306546318
919.221288697
919.835429038
919.84081511
891.264988706
764.873058824
653.945741549
632.465410463
637.186395949
643.136379206
632.690865379
631.813742194
642.595338691
731.108611098
857.342368021
937.619189571
974.782073983
989.899916064
993.835523452
994.572209413
995.32603455
919.854758606
919.850638389
902.725403227
765.457483776
639.540041392
631.147191336
632.641104659
631.74975181
632.64110738
631.628982269
632.641107879
632.390988854
694.045755023
827.103647361
921.669560389
951.656966201
969.100011306
980.149126392
972.600093642
995.345704254
919.898765553
916.669741072
806.698892021
650.059478045
631.175980831
632.641100222
631.062055993
632.641102749
631.637154539
632.641103655
632.083087574
639.641351554
704.41242431
805.971506998
902.736068966
946.594514825
958.153277394
963.474740381
901.957077759
995.365249721
919.893832561
861.446224499
698.87911625
632.013440046
632.641094715
630.894117191
632.641098041
631.947718101
632.641098938
632.052082612
634.565765534
673.759925151
741.878348905
817.004407782
896.358389131
945.653397305
955.658456143
931.562166141
813.920573095
996.331748392
873.220324002
774.149430496
680.81973303
632.641087262
630.987242337
632.641092441
631.105977803
632.641093739
632.267374765
639.63651587
672.607021061
734.932743833
801.276479181
860.074074606
920.998353477
949.586236695
940.72257973
826.198669394
757.554362476
997.300493271
791.639010875
757.226437681
702.367613019
634.727390198
632.641084971
631.003883709
632.641087608
632.537710804
650.552496114
688.558073168
750.542209487
819.351641529
876.780373556
924.81720115
966.719068581
964.263553416
855.33098306
646.13473651
748.233322123
997.300477281
777.390295684
770.400218558
732.2778792
645.314655389
631.124860399
632.641079699
631.386692444
648.536413954
699.120549322
769.282288139
845.614357361
907.540775147
949.019477359
981.195028512
984.136892903
918.188509798
644.470834162
581.467068225
767.407912502
997.300489968
787.059893228
790.428919615
747.677118349
658.671973283
632.641068607
631.31719489
632.641071046
670.491084406
751.909901308
847.609993379
925.208059102
970.497314469
989.169618168
993.731314761
984.978584244
754.101417938
581.46707437
579.52747351
781.425526461
996.953135816
806.205028852
806.654560979
756.337966309
672.314525362
632.272339313
632.641061312
632.041529367
679.665143196
787.594906077
903.855402263
973.216897654
992.559272418
993.744356304
993.73078815
949.889020058
631.987392972
579.648718065
581.466926147
728.984296286
989.024897567
825.550062108
820.910109178
768.442546495
692.472580709
639.887622373
632.277065414
632.641054497
679.952301925
810.861079054
942.16762521
990.607110295
993.746966084
993.73285681
993.757384569
890.943188916
586.590193025
581.466863065
580.230728689
652.387260642
960.683967703
841.395474245
836.043054385
789.105003286
721.691220159
664.442971256
637.576962774
633.764953099
678.721008039
826.595834804
968.869886168
993.637731426
993.733575619
993.761309131
991.57694127
828.270168644
581.877455905
580.35278829
581.466468836
624.09995716
899.06888666
854.529360088
852.025393902
817.958894114
757.860143944
698.373194546
657.859093729
644.07485936
676.778406382
827.245799849
983.594650728
993.733576058
993.761310225
993.733573704
980.437241605
810.032900213
603.36019583
581.466512952
581.106860156
636.403046197
828.370054237
865.603815886
865.679476095
847.539304011
798.05416027
737.185590951
688.096575311
663.494801264
677.211991665
801.237235306
982.077597259
993.757001473
993.737164523
993.761821447
975.387759881
838.038764134
668.74767009
601.990479154
590.269907631
670.249941843
811.420126125
874.25462257
874.580436936
868.471943907
836.465519267
780.65520981
725.669052993
690.162272163
684.64388418
746.740159694
940.524112875
993.609228024
993.761359594
993.733573558
982.824737474
910.207542696
785.421531417
686.958996956
639.115130155
718.289327463
839.113499034
879.483631734
879.619120176
878.447769643
864.987630468
826.280314478
774.424497666
732.412832948
713.617973116
739.427056601
831.976822003
969.588458376
993.417380051
993.741955904
992.896022538
978.829155527
920.095332699
824.398710994
734.627043954
781.303935263
879.654307759
881.971636067
884.314306596
884.740562766
881.659762231
865.548091457
831.689504316
792.543374843
766.883930385
760.411811965
791.567524595
874.758702014
953.092643187
982.103523129
989.346171887
989.102233642
981.614448225
943.005646934
825.423250241
818.563455886
905.623970283
)
;

boundaryField
{
    emptyPatch
    {
        type            empty;
    }
    minY
    {
        type            calculated;
        value           nonuniform List<scalar> 0();
    }
    maxY
    {
        type            calculated;
        value           nonuniform List<scalar> 
40
(
757.206887624
746.752295483
739.526729528
768.112647768
813.023768882
850.423528441
869.927766502
869.734565655
855.118389662
824.876112039
784.508426533
737.852842312
709.734919105
724.155730348
749.86102526
776.527960426
806.648609792
836.751118135
860.57229875
875.145535167
881.971621061
884.314290958
884.740545932
881.659743188
865.548067778
831.689473583
792.543337132
766.883889246
760.411769871
791.567487879
874.758679057
953.092633541
982.103519085
989.346169343
989.10223088
981.61444322
943.005630669
825.423200444
818.563407518
905.62394294
)
;
    }
    maxX
    {
        type            calculated;
        value           nonuniform List<scalar> 
38
(
977.083093138
989.4781041
985.884931335
914.871470623
697.042370551
593.315402776
592.091281217
591.840185256
599.850774958
634.798963334
670.676784328
670.50662021
703.949429625
819.920520254
940.992358123
985.519396444
990.227858669
992.002969837
993.883567159
995.134398838
995.286535039
995.306546319
995.326034552
995.345704268
995.365249783
996.331748578
997.300493731
997.300478371
997.300492048
996.953139543
989.024916959
960.684060548
899.069173311
828.370574664
811.420708788
839.113983943
879.65467053
905.624284564
)
;
    }
    water_to_heater
    {
        type            calculated;
        value           nonuniform List<scalar> 
59
(
586.885741132
586.88574796
585.090147277
585.913719594
585.084038125
585.084049874
585.913732898
585.913740964
585.474053683
585.474058943
585.913750282
587.725613215
602.727170957
602.727151562
628.840491713
628.84046286
653.755807688
653.755780287
673.00137565
693.310976928
721.997320717
721.997299583
748.001603415
748.001584987
737.110578877
737.110560882
669.774722575
597.12563529
571.696072621
571.696069047
567.290451987
567.290454574
567.071399061
567.071409177
567.273068786
567.118710771
567.27309154
567.273103211
568.096580324
568.09658259
573.976335779
573.976342103
585.810700045
609.041851881
656.328362012
656.328361478
711.988498851
711.988496645
751.873741119
751.873741325
761.744309305
762.121725928
761.88396592
761.883975506
762.555344441
762.55535687
761.990208372
761.990215396
757.058048191
)
;
    }
    procBoundary0to1
    {
        type            processor;
        value           nonuniform List<scalar> 
41
(
636.075576008
607.264512762
604.966757313
610.420639559
621.056615082
640.973838424
684.773200693
749.62902239
802.786057138
827.627114519
840.566972405
855.991911808
873.689720279
894.908521461
910.281369048
914.195761135
913.032862243
902.312598984
871.691089624
837.919017188
830.933644487
829.288301549
821.679881555
811.777592731
805.285826964
816.931549426
898.120732456
981.340303223
997.597331395
997.94305722
997.937633617
997.948243789
997.938014807
997.933573395
997.930392227
945.918046295
827.616824826
829.932032282
835.182802998
839.69588255
839.69588255
)
;
    }
}


// ************************************************************************* //
