/*--------------------------------*- C++ -*----------------------------------*\
| =========                 |                                                 |
| \\      /  F ield         | OpenFOAM: The Open Source CFD Toolbox           |
|  \\    /   O peration     | Version:  2312                                  |
|   \\  /    A nd           | Website:  www.openfoam.com                      |
|    \\/     M anipulation  |                                                 |
\*---------------------------------------------------------------------------*/
FoamFile
{
    version     2.0;
    format      ascii;
    arch        "LSB;label=32;scalar=64";
    class       volScalarField;
    location    "0.295/water";
    object      Ct2;
}
// * * * * * * * * * * * * * * * * * * * * * * * * * * * * * * * * * * * * * //

dimensions      [0 0 0 0 0 0 0];

internalField   nonuniform List<scalar> 
1496
(
1
1
1
1
1
1
1
1
1
1
1
1
1
1
1
1
1
1
1
1
1
1
1
1
1
1
1
1
1
1
1
1
1
1
1
1
1
1
1
1
1
1
1
1
1
1
1
1
1
1
1
1
1
1
1
1
1
1
1
1
1
1
1
1
1
1
1
1
1
1
1
1
1
1
1
1
1
1
1
1
1
1
1
1
1
1
1
1
1
1
1
1
1
1
1
1
1
1
1
1
1
1
1
1
1
1
1
1
1
1
1
1
1
1
1
1
1
1
1
1
1
1
1
1
1
1
1
1
1
1
1
1
1
1
1
1
1
1
1
1
1
1
1
1
1
1
1
1
1
1
1
1
1
1
1
1
1
1
1
1
1
1
1
1
1
1
1
1
1
1
1
1
1
1
1
1
1
1
1
1
1
1
1
1
1
1
1
1
1
1
1
1
1
1
1
1
1
1
1
1
1
1
1
1
1
1
1
1
1
1
1
1
1
1
1
1
1
1
1
1
1
1
1
1
1
1
1
1
1
1
1
1
1
1
1
1
1
1
1
1
1
1
1
1
1
1
1
1
1
1
1
1
1
1
1
1
1
1
1
1
1
1
1
1
1
1
1
1
1
1
1
1
1
1
1
1
1
1
1
1
1
1
1
1
1
1
1
1
1
1
1
1
1
1
1
1
1
1
1
1
1
1
1
1
1
1
1
1
1
1
1
1
1
1
1
1
1
1
1
1
1
1
1
1
1
1
1
1
1
1
1
1
1
1
1
1
1
1
1
1
1
1
1
1
1
1
1
1
1
1
1
1
1
1
1
1
1
1
1
1
1
1
1
1
1
1
1
1
1
1
1
1
1
1
1
1
1
1
1
1
1
1
1
1
1
1
1
1
1
1
1
1
1
1
1
1
1
1
1
1
1
1
1
1
1
1
1
1
1
1
1
1
1
1
1
1
1
1
1
1
1
1
1
1
1
1
1
1
1
1
1
1
1
1
1
1
1
1
1
1
1
1
1
1
1
1
1
1
1
1
1
1
1
1
1
1
1
1
1
1
1
1
1
1
1
1
1
1
1
1
1
1
1
1
1
1
1
1
1
1
1
1
1
1
1
1
1
1
1
1
1
1
1
1
1
1
1
1
1
1
1
1
1
1
1
1
1
1
1
1
1
1
1
1
1
1
1
1
1
1
1
1
1
1
1
1
1
1
1
1
1
1
1
1
1
1
1
1
1
1
1
1
1
1
1
1
1
1
1
1
1
1
1
1
1
1
1
1
1
1
1
1
1
1
1
1
1
1
1
1
1
1
1
1
1
1
1
1
1
1
1
1
1
1
1
1
1
1
1
1
1
1
1
1
1
1
1
1
1
1
1
1
1
1
1
1
1
1
1
1
1
1
1
1
1
1
1
1
1
1
1
1
1
1
1
1
1
1
1
1
1
1
1
1
1
1
1
1
1
1
1
1
1
1
1
1
1
1
1
1
1
1
1
1
1
1
1
1
1
1
1
1
1
1
1
1
1
1
1
1
1
1
1
1
1
1
1
1
1
1
1
1
1
1
1
1
1
1
1
1
1
1
1
1
1
1
1
1
1
1
1
1
1
1
1
1
1
1
1
1
1
1
1
1
1
1
1
1
1
1
1
1
1
1
1
1
1
1
1
1
1
1
1
1
1
1
1
1
1
1
1
1
1
1
1
1
1
1
1
1
1
1
1
1
1
3.12653280484
1
1
1
1
1
1
1
1
1
1
1
1
1
1
1
1
1
1
1
3.12476270576
1
1
1
1
1
1
1
1
1
1
1
1
1
1
1
1
1
1
1
3.12242714908
1
1
1
1
1
1
1
1
1
1
1
1
1
1
1
1
1
1
1
3.53749858189
1
1
1
1
1
1
1
1
1
1
1
1
1
1
1
1
1
1
1
4.93480938003
1
1
1
1
1
1
1
1
1
1
1
1
1
1
1
1
1
1
1
6.99140936203
1
1
1
1
1
1
1
1
1.0000000011
1.00962564261
1
1
1
1
1
1
1
1
1
8.54341337068
1
1
1
1
1
1
1
1
1.00000000032
1.03632782128
1
1
1
1
1
1
1
1
1
8.92092920261
1
1
1
1
1
1
1
1
1
1.03573446734
1
1
1
1
1
1
1
1
1
8.92083744816
1
1
1
1
1
1
1
1
1
1.00005014868
1
1
1
1
1
1
1
1
1
8.9209576249
1
1
1
1
1
1
1
1
1
1
1
1
1
1
1
1
1
1
1
8.92088102079
1
1
1
1
1
1
1
1
1
1
1
1
1
1
1
1
1
1
1
8.89762218608
1
1
1
1
1
1
1
1
1
1
1
1
1
1
1
1
1
1
1
7.94613612587
1
1
1
1
1
1
1
1.00000031973
1
1
1
1
1
1
1
1
1
1
1
4.2901728795
1
1
1
1
1
1
1
1.00061278411
1
1
1
1
1
1
1
1
1
1
1
2.69977386959
1
1
1
1
1
1
1.00002492316
1.00071814106
1
1
1
1
1
1
1
1
1
1
1
2.27527383728
1
1
1
1
1
1
1.05667231863
1.003187224
1
1
1
1
1
1
1
1
1
1
1
2.12043018635
1
1
1
1
1
1
1.27136857033
1.10071993117
1
1
1
1
1
1
1
1
1
1
1
2.12371263638
1
1
1
1
1
1
1.37253315637
1.37071908612
1
1
1
1
1
1
1
1
1
1
1
2.33115977546
1
1
1
1
1
1
1.38895997903
1.41164528654
1.00000106158
1
1
1
1
1
1
1
1
1
1
2.94483165868
1
1
1
1
1
1
1.38333073914
1.41723308109
1.25924837096
1
1
1
1
1
1
1
1
1
1
4.10537807401
1
1
1
1
1
1
1.35706860299
1.4172141612
1.40067958436
1
1
1
1
1
1
1
1
1
1
5.64605930152
1
1
1
1
1
1
1.29898238708
1.41737728181
1.40729417766
1
1
1
1
1
1
1
1
1
1
7.11390624451
1
1
1
1
1
1
1.22541821261
1.41722319721
1.4081493644
1
1
1
1
1
1
1
1
1
1.00000128856
8.06414469246
1
1
1
1
1
1
1.16043612809
1.41749894123
1.4077353948
1
1
1
1
1
1
1
1
1
1.15163586604
8.64873848872
1
1
1
1
1
1
1.1037145917
1.41727791505
1.40695474939
1
1
1
1
1
1
1
1
1
1.3872893898
8.8749225024
1
1
1
1
1
1
1.05560550251
1.41773077283
1.40562875685
1
1
1
1
1
1
1
1
1
1.40938714705
8.9507109595
1
1
1
1
1
1
1.02259739194
1.41733290774
1.40597737646
1
1
1
1
1
1
1
1
1.00000000181
1.42658414165
8.97345150715
1
1
1
1
1
1
1.00291153052
1.41783572103
1.41541937025
1
1
1
1
1
1
1
1
1.00000000135
1.43939098205
8.97188303208
1
1
1
1
1
1
1.00001283301
1.41733130041
1.41795046587
1
1
1
1
1
1
1
1
1
1.41134191117
8.62083695566
1
1
1
1
1
1
1.00000000123
1.40121275262
1.40666037561
1
1
1
1
1
1
1
1
1
1
2.40526388412
1
1
1
1
1
1
1.00000000018
1.27003340238
1.28294547425
1
1
1
1
1
1
1
1
1
1
1.00000092288
1
1
1
1
1
1
1.00000008505
1.03833950783
1.00008585927
1
1
1
1
1
1
1
1
1
1
1
1
1
1
1
1
1
1.00000012184
1
1
1
1
1
1
1
1
1
1
1
1
1
1
1
1
1
1
1
1
1
1
1
1
1
1
1
1
1
1
1
1
1
1
1
1
1
1
1
1
1
1
1
1
1
1
1
1
1
1
1
1
1
1
1
1
1
1
1
1
1
1
1
1
1
1
1
1
1
1
1
1
1
1
1.0000000007
1.00000718513
1
1
1
1
1
1
1
1
1
1
1
1
1
1
1
1
1
)
;

boundaryField
{
    emptyPatch
    {
        type            empty;
    }
    minY
    {
        type            calculated;
        value           nonuniform List<scalar> 0();
    }
    maxY
    {
        type            calculated;
        value           nonuniform List<scalar> 
40
(
1
1
1
1
1
1
1
1
1
1
1
1
1
1
1
1
1
1
1
1
1
1.0000000007
1.00000718513
1
1
1
1
1
1
1
1
1
1
1
1
1
1
1
1
1
)
;
    }
    water_to_cooler
    {
        type            calculated;
        value           nonuniform List<scalar> 
38
(
3.12697022888
3.12523074352
3.12296499761
3.53818796663
4.93563276895
6.99204530425
8.54360092637
8.9210330503
8.92093947336
8.92105159741
8.920962388
8.89768674811
7.94636183784
4.29079984781
2.70040471116
2.27594224842
2.12119677868
2.12466767267
2.33244436901
2.9466097741
4.1073828691
5.6477369742
7.11496359264
8.06467400063
8.6489240956
8.87504423272
8.95083421086
8.97357257158
8.97202935517
8.62109696764
2.40639802009
1.00000092559
1
1
1
1
1
1
)
;
    }
    water_to_heater
    {
        type            calculated;
        value           uniform 1;
    }
    procBoundary0to1
    {
        type            processor;
        value           nonuniform List<scalar> 
41
(
1
1
1
1
1
1
1
1
1
1
1
1
1
1
1
1
1
1
1
1
1
1
1
1
1
1
1
1
1
1
1
1
1
1
1
3.12830856087
1
1
1
1
1
)
;
    }
}


// ************************************************************************* //
