/*--------------------------------*- C++ -*----------------------------------*\
| =========                 |                                                 |
| \\      /  F ield         | OpenFOAM: The Open Source CFD Toolbox           |
|  \\    /   O peration     | Version:  2312                                  |
|   \\  /    A nd           | Website:  www.openfoam.com                      |
|    \\/     M anipulation  |                                                 |
\*---------------------------------------------------------------------------*/
FoamFile
{
    version     2.0;
    format      ascii;
    arch        "LSB;label=32;scalar=64";
    class       volScalarField;
    location    "0.505/cooler";
    object      T;
}
// * * * * * * * * * * * * * * * * * * * * * * * * * * * * * * * * * * * * * //

dimensions      [0 0 0 1 0 0 0];

internalField   nonuniform List<scalar> 
750
(
300
300
300
300
300
300
300
300
300
300
300
300
300
300
300
300
300
300
300
300
300
300
300
300
300
300
300
300
300
300
300
300
300
300
300
300
300
300
300
300
300
300
300
300
300
300
300
300
300
300
300
300
300
300
300
300
300
300
300
300
300
300
300
300
300
300
300
300
300
300
300
300
300
300
300
300
300
300
300
300
300
300
300
300
300
300
300
300
300
300
300
300
300
300
300
300
300
300
300
300
300
300
300
300
300
300
300
300
300
300
300
300
300
300
300
300
300
300
300
300
300
300
300
300
300
300
300
300
300
300
300
300
300
300
300
300
300
300
300
300
300
300
300
300
300
300
300
300
300
300
300
300
300
300
300
300
300
300
300
300
300
300
300
300
300
300
300
300
300
300
300
300
300
300
300
300
300
300
300
300
300
300
300
300
300
300
300
300
300
300
300
300
300
300
300
300
300
300
300
300
300
300
300
300
300
300
300
300
300
300
300
300
300
300
300
300
300
300
300
300
300
300
300
300
300
300
300
300
300
300
300
300
300
300
300
300
300
300
300
300
300
300
300
300
300
300
300
300
300
300
300
300
300
300
300
300
300
300
300
300
300
300
300
300
300
300.000000001
300.000000001
300.000000001
300.000000001
300.000000001
300.000000002
300.000000002
300.000000002
300.000000002
300.000000002
300.000000003
300.000000004
300.000000004
300.000000004
300.000000004
300.000000007
300.000000008
300.000000008
300.000000008
300.000000008
300.000000015
300.000000015
300.000000016
300.000000016
300.000000016
300.000000029
300.00000003
300.00000003
300.00000003
300.00000003
300.000000057
300.000000058
300.000000058
300.000000058
300.000000058
300.000000118
300.000000119
300.000000118
300.000000117
300.000000116
300.00000027
300.000000268
300.00000026
300.00000025
300.000000245
300.000000669
300.000000641
300.000000597
300.000000556
300.000000532
300.000001635
300.000001461
300.000001291
300.000001161
300.000001091
300.000003264
300.00000279
300.000002391
300.000002107
300.000001961
300.000005225
300.000004374
300.000003706
300.000003249
300.000003017
300.000006963
300.000005813
300.000004939
300.00000435
300.000004055
300.000008169
300.000006889
300.00000592
300.000005268
300.000004941
300.000008944
300.000007646
300.000006656
300.000005986
300.000005648
300.000009516
300.0000082
300.000007197
300.000006518
300.000006175
300.000009952
300.000008564
300.000007527
300.000006833
300.000006484
300.000010242
300.00000872
300.000007631
300.000006924
300.000006576
300.000010497
300.000008816
300.000007661
300.000006935
300.000006583
300.000010676
300.000008869
300.000007671
300.000006926
300.000006568
300.000010581
300.000008849
300.000007657
300.00000691
300.000006549
300.000010437
300.000008776
300.000007611
300.00000687
300.000006511
300.000010282
300.000008682
300.000007535
300.000006796
300.000006436
300.000010175
300.000008603
300.000007451
300.000006702
300.000006336
300.000010154
300.000008564
300.00000738
300.000006604
300.000006224
300.000010213
300.000008555
300.000007305
300.000006486
300.000006084
300.000010417
300.000008635
300.000007285
300.000006401
300.000005967
300.000010844
300.000008881
300.000007395
300.000006421
300.000005943
300.00001155
300.00000935
300.000007688
300.000006597
300.00000606
300.000012574
300.000010076
300.000008195
300.000006954
300.00000634
300.00001396
300.000011091
300.000008932
300.0000075
300.000006788
300.000015752
300.000012426
300.000009914
300.000008239
300.000007406
300.000018023
300.000014126
300.000011164
300.000009186
300.000008201
300.000021143
300.00001646
300.000012849
300.000010434
300.000009234
300.000026675
300.000020607
300.000015678
300.000012349
300.000010711
300.000031965
300.000024373
300.000018253
300.000014204
300.000012246
300.000037325
300.000028075
300.000020877
300.000016226
300.000013996
300.000042498
300.000031706
300.000023714
300.000018551
300.000016044
300.000051674
300.00003791
300.000027928
300.000021568
300.000018504
300.00006342
300.000045644
300.000033018
300.000025109
300.000021337
300.000077541
300.000054824
300.000039021
300.000029263
300.000024649
300.000093772
300.000065465
300.000046062
300.000034188
300.000028598
300.000111783
300.000077563
300.000054251
300.000040028
300.000033339
300.000131373
300.00009108
300.000063632
300.000046861
300.000038963
300.000152189
300.000105882
300.00007416
300.000054686
300.000045484
300.000173981
300.000121868
300.000085757
300.000063446
300.000052859
300.000197401
300.000138988
300.000098324
300.000073061
300.00006102
300.000222121
300.000157052
300.000111721
300.000083405
300.000069849
300.000247424
300.000175743
300.000125662
300.000094194
300.000079063
300.000272915
300.000194671
300.000139706
300.00010497
300.000088211
300.000298382
300.000213516
300.0001535
300.000115398
300.000096973
300.000323264
300.000231754
300.00016667
300.000125235
300.000105175
300.000347522
300.000249313
300.000179218
300.000134542
300.000112904
300.000370773
300.000265948
300.00019106
300.000143342
300.000120239
300.000391006
300.000280041
300.000200904
300.000150561
300.000126208
300.000406133
300.000290072
300.000207644
300.000155361
300.000130108
300.000414859
300.000295317
300.000210951
300.000157654
300.000131964
300.000415271
300.000294287
300.000209595
300.000156373
300.000130788
300.00040718
300.000286854
300.000203269
300.000151092
300.000126226
300.000392166
300.000274688
300.000193955
300.00014378
300.000119809
300.000371067
300.00025812
300.000181245
300.000133764
300.000111148
300.000346272
300.000239134
300.000166862
300.000122484
300.00010141
300.000320012
300.000219533
300.000152276
300.000111179
300.000091714
300.000293875
300.000200425
300.000138246
300.000100386
300.000082485
300.00026955
300.00018279
300.000125308
300.000090393
300.000073904
300.000249012
300.000167911
300.000114336
300.000081851
300.000066526
300.000234701
300.000157714
300.00010693
300.000076163
300.000061659
300.00022602
300.000151193
300.000101924
300.000072131
300.000058106
300.000223239
300.000148343
300.000099207
300.000069602
300.000055707
300.000226054
300.000148901
300.000098586
300.000068439
300.000054347
300.000233947
300.000152841
300.000100341
300.000069077
300.000054525
300.000242717
300.000157049
300.000102103
300.000069617
300.000054568
300.000248941
300.000159244
300.000102358
300.000069017
300.000053661
300.000251161
300.000158799
300.000100998
300.000067476
300.000052142
300.00025073
300.000157693
300.000100325
300.000067444
300.00005252
300.000257495
300.000165529
300.000109479
300.000077612
300.000063212
300.000298622
300.000207385
300.000151406
300.000119209
300.0001045
300.000434266
300.000338733
300.00027682
300.000239144
300.0002212
300.000767876
300.000656077
300.000575253
300.00052147
300.000494393
300.001478037
300.001330221
300.001209278
300.001122139
300.001076392
300.002851328
300.002640298
300.002449552
300.00230476
300.002226871
300.005320718
300.005012084
300.004713633
300.004480007
300.004352648
300.009493902
300.009045191
300.008593519
300.008234074
300.008036846
300.016186125
300.015546796
300.014888875
300.01436168
300.014071912
300.02658068
300.025682355
300.024745664
300.023994455
300.023582317
300.04275294
300.041445914
300.040072788
300.038975742
300.038376944
300.068888655
300.066717319
300.064435205
300.06263101
300.061656444
300.113713213
300.109197179
300.10457095
300.101003716
300.099113246
300.193742719
300.182765562
300.172146888
300.16426486
300.160189827
300.333662902
300.307347646
300.283739182
300.266961377
300.258500449
300.563515933
300.506689423
300.459506226
300.42729964
300.411381573
300.905152715
300.802133046
300.720008201
300.664913685
300.637850758
301.35123031
301.200816412
301.07811424
300.994195879
300.952384166
301.865859291
301.686063774
301.526423205
301.410832957
301.351234804
302.37849953
302.183218175
301.998869757
301.856093355
301.77927429
302.820679417
302.530149959
302.323513049
302.168870188
302.084372573
)
;

boundaryField
{
    emptyPatch
    {
        type            empty;
    }
    minY
    {
        type            zeroGradient;
    }
    maxY
    {
        type            zeroGradient;
    }
    maxX
    {
        type            zeroGradient;
    }
    cooler_to_water
    {
        type            compressible::turbulentTemperatureTwoPhaseRadCoupledMixed;
        refValue        nonuniform List<scalar> 
150
(
300
300
300
300
300
300
300
300
300
300
300
300
300
300
300
300
300
300
300
300
300
300
300
300
300
300
300
300
300
300
300
300
300
300
300
300
300
300
300
300
300
300
300
300
300
300
300
300
300
300
300
300
300
300
300
300
300
300
300
300
300
300
300.000000343
300.000005838
300.000018822
300.000036136
300.000050027
300.000055799
300.00005582
300.00005426
300.00005245
300.00005055
300.000048666
300.000047729
300.000048343
300.000050029
300.000052449
300.000055581
300.000059489
300.000064373
300.000070532
300.000078332
300.000088219
300.000100508
300.000115491
300.000133888
300.000157053
300.000186409
300.000224064
300.000275439
300.000347296
300.000449031
300.000584147
300.000764263
300.000989631
300.001248977
300.001523351
300.001798987
300.002072825
300.002343569
300.002613803
300.002894019
300.003191774
300.003496666
300.003791426
300.004074528
300.004351008
300.004618711
300.004869004
300.005087295
300.005255295
300.005355324
300.005375181
300.005311285
300.00516788
300.004956996
300.004693171
300.004395781
300.004101963
300.003847775
300.003660053
300.003562921
300.003574751
300.003699557
300.003917905
300.004179996
300.004430578
300.004627512
300.00473725
300.004758611
300.004764246
300.004925344
300.005509202
300.006854352
300.009371832
300.013646058
300.020550965
300.031062084
300.046538444
300.070432446
300.112647723
300.206418033
300.445921583
301.03632352
302.318657551
304.387152186
306.269527018
307.110716684
308.848794438
321.546529405
)
;
        refGradient     uniform 0;
        valueFraction   nonuniform List<scalar> 
150
(
0.0163695515255
0.0163695515255
0.0163695515255
0.0163695515255
0.0163695515255
0.0163695515255
0.0163695515255
0.0163695515255
0.0163695515255
0.0163695515255
0.0163695515255
0.0163695515255
0.0163695515255
0.0163695515255
0.0163695515255
0.0163695515255
0.0163695515255
0.0163695515255
0.0163695515255
0.0163695515255
0.0163695515255
0.0163695515255
0.0163695515255
0.0163695515255
0.0163695515255
0.0163695515255
0.0163695515255
0.0163695515255
0.0163695515255
0.0163695515255
0.0163695515255
0.0163695515255
0.0163695515255
0.0163695515255
0.0163695515255
0.0163695515255
0.0163695515255
0.0163695515255
0.0163695515255
0.0163695515255
0.0163695515255
0.0163695515255
0.0163695515255
0.0163695515255
0.0163695515255
0.0163695515255
0.0163695515255
0.0163695515255
0.0163695515255
0.0163695515255
0.0163695515255
0.0163695515255
0.0163695515255
0.0163695515255
0.0163695515255
0.0163695515255
0.0163695515255
0.0163695515255
0.0163695515255
0.0163695515255
0.0163695515255
0.0163695515255
0.0163695515255
0.016375600133
0.0164130451696
0.0164551428502
0.0165307908707
0.0167070359553
0.0172019557656
0.0184888034733
0.0211750469079
0.0256830470103
0.0311903911826
0.0899108980188
0.0320974362453
0.0288902812033
0.0256507500572
0.0228250859335
0.0205886429758
0.0188833674715
0.0176826285343
0.0169526660127
0.0166330794691
0.0166472474256
0.0169713898618
0.0172764172492
0.0171887375867
0.0169292758402
0.0166875694267
0.0164835592713
0.0163018868183
0.0161581504989
0.0161358136276
0.0161833293386
0.0162764065403
0.0163484314382
0.0163552860967
0.0163581836894
0.0162332775424
0.0155870626263
0.0155458355565
0.0159810504293
0.0162231189405
0.0162299603198
0.0162397494873
0.0161706343533
0.016138615491
0.0161349009071
0.0161819482275
0.0162395878464
0.0162911412718
0.0163301882551
0.0163530324589
0.016362544816
0.0163646412316
0.0163644661513
0.0163644606251
0.016364481245
0.016364469036
0.0163644889735
0.0163644758385
0.0163644925689
0.0163644786996
0.0163644925431
0.0163644791614
0.0163644911481
0.0163644770183
0.0163644900829
0.0163644726854
0.0163644886696
0.0163565058169
0.0163423647492
0.0163213350617
0.0162858377277
0.0162238831503
0.0161189941263
0.0159583934689
0.0157517302062
0.0155481501248
0.0154091921317
0.0154050903622
0.0154924712804
0.0156981794594
0.0159449309533
0.0161450943116
0.016276380824
0.0163446917024
0.0163619380956
0.0163619565449
0.0163619749914
)
;
        source          uniform 0;
        kappaMethod     solidThermo;
        Tnbr            T.liquid;
        region          solid;
        otherPhase      gas;
        value           nonuniform List<scalar> 
150
(
300
300
300
300
300
300
300
300
300
300
300
300
300
300
300
300
300
300
300
300
300
300
300
300
300
300
300
300
300
300
300
300
300
300
300
300
300
300
300
300
300
300
300
300
300
300
300
300
300
300
300
300
300
300.000000001
300.000000001
300.000000003
300.000000007
300.000000015
300.000000028
300.000000056
300.000000116
300.000000265
300.000000664
300.000001703
300.000003519
300.000005732
300.000007672
300.000008962
300.000009748
300.00001034
300.000010848
300.000011272
300.000011681
300.000013962
300.000011786
300.000011575
300.000011358
300.000011206
300.000011165
300.000011231
300.000011476
300.000011984
300.000012821
300.000014034
300.000015677
300.000017784
300.000020403
300.000023929
300.000029964
300.000035974
300.00004237
300.000049039
300.000060228
300.00007471
300.000092313
300.000112559
300.000134745
300.000158505
300.000183202
300.000207638
300.000234794
300.000264612
300.000294946
300.000324966
300.000354816
300.000383619
300.000411816
300.000438985
300.000463125
300.00048179
300.000493332
300.000495538
300.000487997
300.000472215
300.000449117
300.000421277
300.000391139
300.00036058
300.000331865
300.000307523
300.00029039
300.000280269
300.000277723
300.000282518
300.000293827
300.000306708
300.000316891
300.000322259
300.000323592
300.000330555
300.000371015
300.000506953
300.000844473
300.001564703
300.002956099
300.005453755
300.009669013
300.016418781
300.026888502
300.043174918
300.069553959
300.115133802
300.197677573
300.344823863
300.591751319
300.961624903
301.431448964
301.951760806
302.484262621
303.124177164
)
;
    }
}


// ************************************************************************* //
