/*--------------------------------*- C++ -*----------------------------------*\
| =========                 |                                                 |
| \\      /  F ield         | OpenFOAM: The Open Source CFD Toolbox           |
|  \\    /   O peration     | Version:  2312                                  |
|   \\  /    A nd           | Website:  www.openfoam.com                      |
|    \\/     M anipulation  |                                                 |
\*---------------------------------------------------------------------------*/
FoamFile
{
    version     2.0;
    format      ascii;
    arch        "LSB;label=32;scalar=64";
    class       volScalarField;
    location    "0.53/water";
    object      p_rgh;
}
// * * * * * * * * * * * * * * * * * * * * * * * * * * * * * * * * * * * * * //

dimensions      [1 -1 -2 0 0 0 0];

internalField   nonuniform List<scalar> 
1504
(
101422.77076
101511.433088
101547.32077
101575.435618
101594.16464
101608.230041
101607.740121
101606.60921
101604.881164
101603.99557
101601.799109
101600.529289
101587.361672
101563.59009
101558.029718
101555.596929
101555.091366
101585.463395
101657.748693
101722.525393
101420.094423
101536.351163
101567.038231
101587.104678
101599.184948
101606.659081
101605.006466
101602.883843
101601.686882
101599.184458
101597.807918
101594.77963
101578.325697
101562.967465
101555.889083
101548.06818
101545.871374
101554.503107
101622.514884
101707.132951
101442.174226
101556.139078
101567.720142
101581.584119
101593.321533
101601.954923
101599.277702
101597.536858
101594.498778
101592.806369
101589.725398
101586.365338
101576.875576
101569.545908
101555.352114
101539.636984
101536.747865
101536.313192
101586.746877
101681.044873
101467.803229
101532.84945
101536.84816
101547.635749
101564.803203
101578.607386
101580.602943
101576.219798
101571.926772
101571.315507
101576.944672
101579.045027
101579.45048
101573.583995
101554.318758
101531.231673
101525.258127
101525.117179
101553.622054
101643.744147
101415.65166
101433.707989
101435.730293
101448.731916
101483.442502
101512.157727
101525.478155
101529.315769
101535.458244
101548.41812
101561.578101
101569.154448
101571.42388
101568.368819
101553.926016
101526.968076
101512.311802
101512.459201
101524.68823
101601.00184
101314.527038
101306.298023
101314.358073
101325.892728
101361.345394
101403.501937
101441.080204
101468.605026
101493.949362
101519.631513
101539.222484
101551.376452
101555.755925
101557.097225
101553.525637
101531.114015
101504.968785
101500.256299
101501.307891
101561.443234
101250.40956
101254.493931
101256.605002
101259.563015
101273.296544
101299.476944
101346.41096
101397.233418
101443.324489
101484.991432
101517.242248
101535.560542
101542.558333
101546.295669
101549.39437
101541.435305
101510.58376
101490.177095
101486.072268
101529.535483
101248.01993
101251.254645
101250.54106
101251.534467
101250.848049
101256.409518
101283.295186
101331.98369
101389.722214
101445.713983
101496.100055
101527.577661
101536.154333
101540.177617
101544.14462
101546.43762
101526.313137
101490.273047
101479.037548
101504.28609
101253.098887
101252.145943
101253.320727
101251.944728
101253.60171
101252.871568
101262.009637
101295.814969
101353.318835
101416.657645
101478.840008
101524.628454
101535.823181
101539.172829
101542.492671
101545.853104
101542.992308
101503.541588
101474.632271
101484.47133
101251.804013
101255.447851
101253.517384
101255.508489
101254.005231
101255.789736
101256.960029
101283.616797
101338.557901
101405.179232
101472.875047
101525.800284
101539.414241
101541.897243
101544.31771
101546.887063
101549.175965
101521.526528
101474.372314
101468.591037
101257.553255
101256.197611
101257.741865
101255.817222
101257.976864
101256.831112
101258.102495
101281.887694
101336.762826
101405.984889
101476.976412
101531.915728
101545.062235
101546.684777
101548.554427
101550.298851
101552.116538
101536.41933
101478.756075
101465.49776
101256.571621
101260.081157
101258.211729
101260.210081
101258.452037
101260.488389
101260.207873
101284.738381
101341.332474
101413.296662
101487.386757
101542.204155
101551.610443
101552.860023
101553.906993
101555.322875
101556.230263
101547.895475
101488.476948
101466.435071
101262.49079
101261.286558
101262.52919
101260.690282
101262.880831
101261.925222
101263.067003
101291.454451
101353.422778
101430.695622
101508.029298
101555.434514
101558.690904
101559.23673
101560.248689
101560.677861
101561.755061
101556.731765
101500.79127
101468.153696
101262.474324
101264.973845
101263.358223
101265.344099
101263.895335
101265.521517
101267.85227
101305.845317
101376.141291
101458.591536
101534.866649
101565.672281
101565.617225
101566.150991
101566.157602
101566.834705
101566.674119
101564.908517
101513.052697
101470.301201
101267.413835
101267.076741
101267.818183
101266.257307
101268.001529
101267.371778
101277.699463
101328.076279
101406.348325
101491.491156
101559.923201
101572.85312
101572.75035
101572.465725
101572.855003
101572.309269
101572.769864
101571.225151
101522.954457
101472.901172
101269.286129
101270.336014
101269.074899
101270.552141
101269.678602
101270.571789
101294.236423
101358.196118
101441.948217
101526.541868
101577.979129
101579.870338
101579.267813
101579.336008
101578.332483
101578.399507
101577.290767
101576.820457
101529.454666
101473.680823
101272.770849
101273.808184
101273.054127
101272.1864
101273.071023
101278.591038
101322.658422
101397.324455
101483.133326
101561.93844
101587.705107
101586.44237
101586.047559
101584.756302
101584.557027
101582.968504
101582.76588
101580.183241
101532.867724
101473.467103
101276.188853
101281.958174
101275.134479
101275.564965
101277.980142
101305.099328
101366.66638
101445.90486
101530.208964
101590.107632
101593.81486
101592.728019
101591.135442
101590.637053
101588.491207
101587.904345
101585.898696
101582.436372
101534.068251
101471.569656
101285.224367
101292.115992
101281.218085
101283.405282
101302.148611
101352.133118
101422.257937
101501.767305
101577.763216
101600.767402
101598.759058
101596.890549
101596.126934
101593.605331
101592.853885
101590.330597
101589.226317
101581.338343
101532.141691
101469.202021
101290.404991
101301.153254
101298.237501
101310.752031
101348.325222
101409.609545
101481.891211
101558.62306
101604.669734
101603.107883
101601.127959
101600.215081
101597.518423
101596.738449
101593.69281
101592.417578
101589.724148
101578.477402
101527.794116
101467.971029
101289.584403
101311.438424
101322.973699
101351.903788
101401.70823
101466.666493
101538.201223
101599.660077
101605.69618
101603.519207
101602.586197
101599.831455
101599.208614
101595.77686
101594.590682
101591.471043
101589.43179
101574.026583
101523.851944
101466.710878
101289.48017
101330.818946
101351.025402
101391.973385
101448.881816
101515.067845
101582.375693
101606.827277
101604.299624
101603.277432
101600.502583
101600.155112
101596.417235
101595.562996
101591.682192
101589.791477
101586.788457
101570.817563
101522.010557
101466.50083
101298.346321
101366.849764
101382.665162
101422.887602
101481.753116
101547.922258
101602.548114
101603.53857
101602.057921
101599.255786
101599.103802
101594.992828
101594.81665
101587.832218
101578.204068
101581.870268
101584.388336
101572.703615
101527.212182
101469.383607
101320.038981
101406.498597
101407.256611
101436.660312
101495.434694
101562.32414
101599.80703
101597.354518
101594.699339
101594.503651
101590.241733
101590.452206
101573.825849
101554.021528
101565.461347
101578.401098
101585.687468
101581.073561
101542.685074
101477.540107
101340.874225
101402.823155
101404.01976
101425.312938
101486.848995
101555.990716
101586.702413
101584.132947
101584.019338
101580.002458
101580.253233
101550.30523
101518.044489
101536.778237
101559.277293
101572.194878
101582.732532
101587.926025
101562.843737
101493.172858
101330.902807
101360.289216
101351.672758
101375.490715
101445.024595
101520.956815
101559.378216
101561.003594
101558.265057
101538.841382
101495.897488
101463.395953
101485.8745
101523.799593
101547.414011
101558.602352
101571.137015
101585.005061
101581.79562
101516.875843
101264.395992
101252.805769
101242.895733
101266.351748
101338.480468
101422.890301
101471.638723
101478.312739
101450.109925
101398.333841
101367.926357
101393.933696
101454.295841
101503.181625
101529.378221
101540.851765
101554.269726
101574.097287
101586.547898
101544.686376
101175.50777
101152.791173
101150.212489
101164.885494
101212.230326
101279.847164
101330.399018
101337.534979
101304.66183
101271.485802
101274.949754
101327.309405
101405.25574
101473.350124
101510.775875
101521.987797
101533.346672
101559.227685
101578.098645
101571.274071
101129.539173
101129.085268
101130.938202
101130.626833
101148.006408
101185.773848
101228.527357
101243.483256
101228.8102
101209.69786
101213.370602
101258.098366
101337.397548
101428.68861
101490.897181
101505.730724
101513.511205
101540.514575
101571.689672
101574.370705
101127.74183
101131.314334
101130.455227
101131.920735
101132.932057
101158.665368
101195.537972
101210.975429
101202.473058
101184.895695
101179.213279
101208.229054
101278.610087
101380.014181
101466.368143
101492.691711
101500.044959
101524.584029
101568.549167
101570.706164
101130.865339
101130.396812
101132.090889
101131.05659
101132.235225
101155.804088
101191.54443
101204.316456
101194.117749
101177.09749
101176.691362
101188.056211
101245.942731
101345.99036
101442.809946
101483.448963
101494.585424
101517.294596
101563.274673
101569.445333
101128.947817
101132.111995
101131.440171
101132.978457
101133.16677
101160.065827
101195.415202
101206.163264
101194.441929
101177.151441
101176.863269
101182.933188
101234.14958
101331.021992
101430.134864
101480.227591
101494.978357
101515.742802
101557.081201
101569.130598
101132.890828
101134.945894
101133.799751
101133.517138
101142.716161
101178.126361
101211.299102
101215.306913
101199.16705
101177.80585
101177.976784
101183.022465
101233.934956
101330.109218
101429.298904
101482.223817
101497.79574
101517.1549
101554.750597
101570.434857
101132.449649
101148.680974
101137.210553
101140.538539
101166.681433
101212.062443
101242.193382
101238.458683
101212.256958
101181.425532
101178.508625
101186.938711
101241.234404
101337.548915
101435.330231
101487.025191
101502.117585
101520.459139
101555.99134
101572.181355
101134.986265
101167.043905
101153.578679
101163.644772
101202.504881
101254.884299
101281.937608
101272.648064
101235.077023
101195.068788
101186.442018
101204.290629
101266.307553
101361.906454
101452.853238
101496.877246
101509.587641
101526.549817
101559.774748
101574.875738
101133.845126
101185.362085
101176.552345
101195.08055
101243.532898
101301.185495
101324.688333
101311.747353
101267.792878
101225.233471
101218.228305
101244.028369
101312.827841
101406.050497
101483.663511
101512.640039
101520.949781
101536.230904
101566.246533
101578.421445
101133.134452
101205.534997
101201.096313
101228.680668
101287.104471
101348.488451
101367.810797
101353.151351
101310.390996
101273.787085
101273.225703
101304.603429
101376.563488
101462.901802
101519.417904
101531.794887
101536.089922
101549.112769
101574.414376
101582.594623
101136.833112
101232.518281
101229.437148
101263.688694
101329.944698
101394.051288
101411.500942
101735.348675
101734.61069
101734.004437
101733.510147
101733.108544
101732.780866
101732.509935
101732.282518
101732.090085
101731.927093
101731.789607
101731.674721
101731.580364
101731.505252
101731.448674
101731.41014
101731.383041
101737.307965
101736.558053
101735.504955
101734.639351
101733.92747
101733.349784
101732.885754
101732.513853
101732.213264
101731.965926
101731.758738
101731.583388
101731.434477
101731.308255
101731.202038
101731.114014
101731.043249
101730.989478
101730.952412
101730.923995
101734.470912
101734.733496
101733.804315
101733.059181
101732.457994
101731.982262
101731.611174
101731.321817
101731.092656
101730.906163
101730.750408
101730.618095
101730.504668
101730.407145
101730.323549
101730.252734
101730.194472
101730.149298
101730.117489
101730.089606
101728.47674
101731.683235
101731.070041
101730.588124
101730.214703
101729.936198
101729.735524
101729.59165
101729.485291
101729.401838
101729.332208
101729.271377
101729.216637
101729.166566
101729.120516
101729.078516
101729.041458
101729.011068
101728.988603
101728.963562
101716.588257
101727.273217
101727.361551
101727.330184
101727.326134
101727.352581
101727.405314
101727.471616
101727.539223
101727.599789
101727.649306
101727.686628
101727.71209
101727.726721
101727.731893
101727.729338
101727.721474
101727.711558
101727.70224
101727.682443
101695.297908
101721.419404
101723.088467
101723.6572
101724.129152
101724.539192
101724.903991
101725.224993
101725.501107
101725.732961
101725.923366
101726.076275
101726.195949
101726.286514
101726.35185
101726.395756
101726.42243
101726.436848
101726.443323
101726.430853
101663.407976
101713.175593
101718.929544
101720.172857
101721.137859
101721.942968
101722.626913
101723.207045
101723.694677
101724.100043
101724.433073
101724.703007
101724.918141
101725.085775
101725.212343
101725.30374
101725.365919
101725.405484
101725.428441
101725.424603
101625.009953
101699.952809
101715.396114
101717.521785
101718.902941
101720.042045
101720.99578
101721.79515
101722.462158
101723.015156
101723.469991
101723.840272
101724.137619
101724.37195
101724.551819
101724.684857
101724.778444
101724.840446
101724.87827
101724.883282
101586.221952
101679.69082
101712.195392
101716.223317
101717.884092
101719.240455
101720.370465
101721.313853
101722.09959
101722.751202
101723.288204
101723.726863
101724.080811
101724.361563
101724.578983
101724.741787
101724.858211
101724.936805
101724.985814
101724.998753
101551.393417
101653.90302
101708.007368
101716.531083
101718.370942
101719.798157
101720.986989
101721.979592
101722.80724
101723.495022
101724.063397
101724.529227
101724.906569
101725.207283
101725.441549
101725.61836
101725.746125
101725.833399
101725.888528
101725.907512
101523.741969
101627.0572
101701.476955
101718.274644
101720.447957
101721.797544
101722.925919
101723.871226
101724.662149
101725.321753
101725.868797
101726.318754
101726.684572
101726.977248
101727.206303
101727.380203
101727.506859
101727.594192
101727.649908
101727.672455
101505.795947
101603.656188
101692.426336
101720.781748
101723.969883
101725.134872
101726.107219
101726.925965
101727.61419
101728.190654
101728.670675
101729.066973
101729.390291
101729.649862
101729.853784
101730.009367
101730.123475
101730.202896
101730.254084
101730.277574
101496.171163
101585.569083
101682.120618
101723.253974
101728.633572
101729.580385
101730.334204
101730.972693
101731.512092
101731.965959
101732.34543
101732.659837
101732.917159
101733.124356
101733.287651
101733.412786
101733.505235
101733.570332
101733.612858
101733.634896
101490.988715
101571.460581
101671.800478
101725.212089
101734.063008
101734.847333
101735.349838
101735.778483
101736.142469
101736.450126
101736.708363
101736.923023
101737.099175
101737.241335
101737.353662
101737.440129
101737.504452
101737.550467
101737.581329
101737.599943
101486.617769
101558.687071
101661.552148
101726.442937
101739.88051
101740.638494
101740.879054
101741.086547
101741.263856
101741.414508
101741.541499
101741.647375
101741.734402
101741.804685
101741.860125
101741.902855
101741.935251
101741.959499
101741.977055
101741.990865
101481.209601
101545.694894
101650.774527
101726.57622
101745.709746
101746.670382
101746.652457
101746.63891
101746.628411
101746.620113
101746.613459
101746.60796
101746.603256
101746.599116
101746.595329
101746.592438
101746.59143
101746.59285
101746.596368
101746.604421
101474.94127
101532.89424
101639.1077
101724.991642
101751.123369
101752.672626
101752.411092
101752.183851
101751.991229
101751.828256
101751.691096
101751.576444
101751.481488
101751.403937
101751.341749
101751.293831
101751.259421
101751.237687
101751.226852
101751.228429
101466.397944
101519.447334
101625.749035
101721.105368
101755.637389
101758.379041
101757.905109
101757.477609
101757.114445
101756.806556
101756.546991
101756.329791
101756.149831
101756.002892
101755.885591
101755.794719
101755.728203
101755.683986
101755.659081
101755.653781
101459.742756
101505.927917
101610.343745
101714.290611
101758.650889
101763.510138
101762.891305
101762.284873
101761.769865
101761.333177
101760.964908
101760.656635
101760.401129
101760.192224
101760.025122
101759.895473
101759.799747
101759.734822
101759.696795
101759.68456
101459.264223
101494.895719
101593.350725
101703.678947
101759.234899
101767.723988
101767.128232
101766.377565
101765.740287
101765.200077
101764.744562
101764.363229
101764.047064
101763.788353
101763.580633
101763.41883
101763.298606
101763.216129
101763.166834
101763.148082
101457.261632
101486.035935
101575.413851
101688.323047
101756.052979
101770.507192
101770.382913
101769.54485
101768.829742
101768.223808
101767.712998
101767.285361
101766.930643
101766.640053
101766.406153
101766.222883
101766.085641
101765.990492
101765.932841
101765.908627
101453.979795
101475.641319
101553.684698
101665.739919
101746.978331
101770.989437
101772.428155
101771.618953
101770.889824
101770.271077
101769.748938
101769.311397
101768.947983
101768.649629
101768.408597
101768.218589
101768.074932
101767.97416
101767.912436
101767.884619
101449.057174
101460.13748
101524.272903
101631.910292
101728.35709
101767.538957
101772.994671
101772.534797
101771.869565
101771.299473
101770.816652
101770.410912
101770.072921
101769.794363
101769.567978
101769.387848
101769.249911
101769.151891
101769.091379
101769.062611
101443.685658
101440.448588
101488.870983
101586.381793
101696.066825
101757.119178
101771.404455
101772.322562
101771.836335
101771.373513
101770.978536
101770.644746
101770.365173
101770.133184
101769.942715
101769.788764
101769.668347
101769.581001
101769.526648
101769.499615
101437.282263
101431.006438
101449.251999
101532.140692
101649.48781
101735.825798
101765.986132
101770.862394
101770.945433
101770.647549
101770.38134
101770.153362
101769.960038
101769.79724
101769.660735
101769.546859
101769.453941
101769.383624
101769.33884
101769.314741
101432.914637
101422.401555
101422.273329
101484.125118
101596.542131
101702.472945
101754.142152
101767.439993
101769.334804
101769.335678
101769.227422
101769.129774
101769.043266
101768.966593
101768.897712
101768.834559
101768.776763
101768.727865
101768.693942
101768.671049
101435.211624
101412.756109
101413.456784
101450.499968
101548.953526
101662.870297
101734.744605
101760.801702
101766.79665
101767.629189
101767.723822
101767.776666
101767.813866
101767.837084
101767.846796
101767.842925
101767.826573
101767.802837
101767.780501
101767.754431
101450.213355
101403.332516
101403.678929
101426.681051
101512.325467
101625.754148
101710.89265
101750.536755
101762.911095
101765.63248
101766.076612
101766.290779
101766.460231
101766.590001
101766.683465
101766.743158
101766.772457
101766.77805
101766.77084
101766.735038
101479.988726
101398.405087
101395.137437
101407.451894
101484.061788
101594.691208
101687.214563
101738.135367
101757.732669
101763.326223
101764.433874
101764.806918
101765.093727
101765.315839
101765.480238
101765.593989
101765.66111
101765.690593
101765.704791
101765.660147
101515.829586
101406.273815
101386.64215
101388.14971
101459.737269
101568.941205
101666.131859
101725.690753
101752.022809
101760.751037
101762.801046
101763.328726
101763.688764
101763.970993
101764.182862
101764.327519
101764.412571
101764.455972
101764.48816
101764.386509
101547.144065
101427.760665
101379.838735
101380.565027
101439.732673
101546.773831
101647.823304
101714.287136
101746.52378
101758.132684
101761.124156
101761.816764
101762.238627
101762.579616
101762.831262
101763.0094
101763.133791
101763.208942
101763.232055
101763.071022
101568.493845
101460.472475
101373.188137
101374.279548
101422.102315
101525.525226
101629.904919
101702.690993
101740.668016
101755.12217
101758.955978
101759.747608
101760.145571
101760.474596
101760.749337
101760.980216
101761.156911
101761.259671
101761.287168
101761.067658
101569.223737
101496.882995
101375.578474
101367.639542
101403.931133
101500.480721
101607.034018
101686.499897
101731.676514
101750.384953
101755.596577
101756.504844
101756.807848
101757.070539
101757.213873
101757.416497
101758.039948
101758.329045
101758.411557
101758.171614
101568.95206
101527.473608
101395.09274
101362.136602
101382.727142
101465.855099
101570.816001
101657.655675
101713.557567
101740.981405
101750.367283
101752.237562
101752.393997
101750.311987
101737.540188
101723.078924
101742.256543
101752.789845
101753.968154
101753.800613
101570.32384
101549.335212
101431.47086
101357.201494
101362.762554
101419.878438
101513.62469
101604.927765
101673.850418
101716.768451
101738.069521
101745.775295
101745.909687
101730.810532
101612.899479
101477.536325
101577.095982
101703.290635
101746.206737
101749.28451
101571.822956
101565.131577
101475.802715
101370.031794
101345.35075
101365.293697
101430.40167
101513.914783
101590.353715
101648.209338
101687.139486
101714.389947
101709.728655
101631.352774
101387.631858
101339.49874
101341.068984
101420.838743
101665.356456
101750.734778
101575.403058
101571.44439
101521.870904
101408.315467
101325.904318
101312.409067
101318.867456
101355.782663
101412.924475
101470.94689
101522.726739
101537.901489
101486.666347
101368.39566
101341.436758
101343.7636
101342.164171
101344.17865
101443.279664
101753.180171
101579.514867
101576.857898
101554.445288
101449.180741
101315.225767
101315.886194
101312.59711
101315.193678
101313.502447
101314.904742
101314.381684
101315.702851
101315.715458
101345.628539
101381.06439
101347.834562
101349.23058
101348.093024
101368.738305
101750.51222
)
;

boundaryField
{
    emptyPatch
    {
        type            empty;
    }
    minY
    {
        type            zeroGradient;
    }
    maxY
    {
        type            prghTotalPressure;
        U               U.gas;
        p0              nonuniform List<scalar> 0();
        value           nonuniform List<scalar> 0();
    }
    maxX
    {
        type            fixedFluxPressure;
        gradient        uniform 0;
        value           nonuniform List<scalar> 
38
(
101731.383041
101730.923995
101730.089606
101728.963562
101727.682443
101726.430853
101725.424603
101724.883282
101724.998753
101725.907512
101727.672455
101730.277574
101733.634896
101737.599943
101741.990865
101746.604421
101751.228429
101755.653781
101759.68456
101763.148082
101765.908627
101767.884619
101769.062611
101769.499615
101769.314741
101768.671049
101767.754431
101766.735038
101765.660147
101764.386509
101763.071022
101761.067658
101758.171614
101753.800613
101749.28451
101750.734778
101753.180171
101750.51222
)
;
    }
    water_to_heater
    {
        type            fixedFluxPressure;
        gradient        uniform 0;
        value           nonuniform List<scalar> 
60
(
101422.77076
101422.77076
101420.094423
101442.174226
101467.803229
101467.803229
101415.65166
101415.65166
101314.527038
101314.527038
101250.40956
101248.01993
101253.098887
101253.098887
101251.804013
101251.804013
101257.553255
101257.553255
101256.571621
101262.49079
101262.474324
101262.474324
101267.413835
101267.413835
101269.286129
101269.286129
101272.770849
101276.188853
101285.224367
101285.224367
101290.404991
101290.404991
101289.584403
101289.584403
101289.48017
101298.346321
101320.038981
101320.038981
101340.874225
101340.874225
101330.902807
101330.902807
101264.395992
101175.50777
101129.539173
101129.539173
101127.74183
101127.74183
101130.865339
101130.865339
101128.947817
101132.890828
101132.449649
101132.449649
101134.986265
101134.986265
101133.845126
101133.845126
101133.134452
101136.833112
)
;
    }
    procBoundary3to1
    {
        type            processor;
        value           nonuniform List<scalar> 
41
(
101396.988824
101361.523384
101336.426926
101341.891558
101379.8329
101450.889305
101521.54444
101550.806755
101552.050394
101553.638882
101562.973923
101581.052736
101586.654487
101150.960378
101263.23745
101258.968552
101293.460635
101362.319782
101430.232718
101396.988824
101454.031217
101584.395473
101581.854836
101576.053033
101493.528218
101328.068671
101316.793323
101320.011369
101316.03385
101320.097711
101316.748902
101320.601898
101318.857635
101321.410452
101376.056848
101490.241109
101485.455397
101354.844124
101355.127015
101353.979174
101756.552005
)
;
    }
    procBoundary3to2
    {
        type            processor;
        value           nonuniform List<scalar> 
41
(
101428.318284
101494.134243
101522.53031
101549.684961
101574.29931
101597.129194
101610.337826
101608.877046
101608.027848
101606.550759
101605.85147
101603.874111
101601.925066
101571.887678
101562.071787
101561.762413
101570.929885
101613.444513
101683.013821
101730.448425
101735.235424
101734.540173
101733.965332
101733.492549
101733.105313
101732.78778
101732.524738
101732.303677
101732.116402
101731.957753
101731.824053
101731.712559
101731.621264
101731.54884
101731.494453
101731.457696
101731.433415
101738.384022
101737.314501
101736.23964
101736.23964
)
;
    }
}


// ************************************************************************* //
