/*--------------------------------*- C++ -*----------------------------------*\
| =========                 |                                                 |
| \\      /  F ield         | OpenFOAM: The Open Source CFD Toolbox           |
|  \\    /   O peration     | Version:  2312                                  |
|   \\  /    A nd           | Website:  www.openfoam.com                      |
|    \\/     M anipulation  |                                                 |
\*---------------------------------------------------------------------------*/
FoamFile
{
    version     2.0;
    format      ascii;
    arch        "LSB;label=32;scalar=64";
    class       volScalarField;
    location    "0.385/water";
    object      p_rgh;
}
// * * * * * * * * * * * * * * * * * * * * * * * * * * * * * * * * * * * * * //

dimensions      [1 -1 -2 0 0 0 0];

internalField   nonuniform List<scalar> 
1497
(
100850.346158
100921.303983
101010.569523
101114.749445
101212.275369
101250.452663
101249.956681
101249.825408
101249.185461
101249.163811
101248.205995
101247.091583
101241.401318
100649.417235
100823.652387
100813.618685
100813.793481
100816.330693
100837.9456
100882.256451
100945.372933
101025.046707
101118.807237
101211.508136
101258.320704
101259.548896
101259.257053
101258.584211
101258.512038
101257.382435
101253.991145
101241.412805
101241.170327
100650.299012
100906.202646
100897.959886
100903.438846
100911.286988
100943.510223
100999.491002
101072.746993
101156.35845
101232.704376
101267.659458
101268.323137
101268.1204
101267.505383
101267.512705
101266.293352
101258.951835
101240.678295
101238.62717
101247.746958
100652.365326
100997.710086
101002.614438
101021.394644
101038.183627
101078.583637
101142.77103
101214.017456
101263.784837
101276.680643
101275.912658
101276.053271
101275.557226
101275.805516
101274.290807
101259.19184
101242.089525
101240.479459
101245.411352
101257.378471
100655.390505
101077.723448
101104.374633
101143.246136
101173.842579
101217.117077
101265.34402
101283.29436
101282.977319
101282.640357
101283.339991
101282.596822
101283.265843
101275.76453
101255.546887
101245.688495
101245.197484
101246.751501
101255.049046
101266.709075
100703.347608
101102.207643
101147.587773
101198.420977
101244.678931
101288.137608
101289.831444
101289.872767
101289.150488
101290.650055
101288.743907
101289.660035
101268.536798
101243.92754
101243.533679
101250.098346
101252.637082
101257.352899
101266.018056
101274.567999
100802.418685
101080.748029
101140.577953
101193.820894
101244.652913
101289.691171
101294.622541
101293.411342
101294.513371
101291.460458
101270.881929
101243.852807
101221.345515
101229.974395
101250.188941
101261.311616
101266.692783
101271.207532
101276.578748
101282.140063
100836.306411
100980.730097
101047.108812
101104.056409
101163.966346
101213.871678
101235.068549
101235.057494
101222.768618
101196.210986
101171.431404
101166.223104
101190.929266
101229.952765
101261.845243
101276.143177
101281.041409
101283.369976
101286.278532
101289.238468
100789.262432
100809.387738
100848.916708
100896.38667
100945.968188
100984.103883
101005.389281
101006.64191
101010.627705
101019.390004
101044.011779
101095.925271
101162.528832
101224.010814
101267.062186
101284.387546
101288.593732
101290.485579
101292.233495
101292.943639
100706.219894
100682.217007
100705.666008
100729.963798
100745.128583
100753.115193
100760.585363
100768.996337
100807.404051
100869.940227
100943.796222
101029.406681
101121.245675
101207.665776
101267.822252
101288.884557
101291.875236
101293.885128
101295.596854
101296.876481
100620.337117
100636.135552
100664.103865
100672.842527
100671.079538
100669.751449
100671.102499
100683.265853
100726.353964
100800.253573
100888.455683
100983.478704
101085.777214
101190.022801
101271.035719
101294.054598
101296.389328
101298.656055
101300.525875
101301.095969
100589.498216
100636.384814
100655.958157
100660.842762
100657.743248
100659.149188
100662.548449
100677.422495
100718.211997
100788.522096
100876.486076
100973.99816
101080.316079
101190.821574
101278.438224
101300.807643
101303.067485
101305.015875
101307.107785
101293.00682
100590.902747
100642.498628
100654.625578
100657.628846
100656.324886
100658.825017
100666.384373
100685.402783
100727.45998
100796.858199
100884.136196
100982.703742
101091.336955
101204.7976
101292.449721
101308.866112
101310.634448
101312.728166
101308.480465
101272.06119
100595.982185
100653.206268
100657.450602
100658.362631
100658.539185
100661.352022
100678.818527
100712.305015
100762.403357
100831.209169
100915.988454
101015.284464
101127.651854
101242.150857
101312.622095
101317.250967
101318.98743
101320.080619
101292.343326
101251.691478
100616.540317
100667.411949
100666.511408
100661.692597
100661.042074
100666.803475
100700.164134
100759.278711
100828.125559
100902.209288
100986.956669
101087.573633
101201.318231
101299.173378
101324.783258
101325.77128
101326.545256
101324.695201
101267.124669
101243.568258
100627.126864
100693.050744
100687.387961
100670.855121
100664.672634
100675.90283
100723.431747
100810.193785
100905.51545
100994.907779
101088.014687
101193.459249
101293.470871
101332.515793
101332.901699
101333.289346
101334.252427
101313.171409
101253.155517
101243.705086
100629.465825
100754.67118
100723.068935
100690.909967
100677.946302
100691.99595
100749.037458
100856.050525
100976.538763
101088.639788
101199.4784
101301.451997
101340.340997
101340.305754
101340.316841
101340.99092
101340.374963
101295.801659
101250.009135
101246.780532
100631.864177
100833.716095
100772.954226
100729.151605
100710.920371
100725.036947
100787.583894
100904.904404
101041.687815
101175.281546
101298.359746
101348.656959
101348.130464
101347.783663
101348.343315
101347.37794
101347.469193
101278.415176
101252.425313
101251.017155
100633.522839
100902.497356
100833.955615
100793.056462
100774.953003
100790.022903
100854.421117
100971.271608
101112.67596
101256.701583
101352.727453
101356.339811
101355.574785
101356.065298
101354.588475
101355.16518
101339.587882
101267.614359
101257.350168
101256.139028
100653.447375
100926.559768
100891.707226
100877.967881
100873.301036
100894.861992
100959.107419
101066.412898
101199.343608
101330.925955
101364.641358
101363.289907
101363.57823
101361.684697
101362.486702
101359.497518
101317.10932
101266.655208
101265.343332
101264.152403
100725.574691
100941.99415
100939.325803
100956.374607
100979.573914
101023.186476
101092.60339
101188.299824
101299.676751
101370.75016
101369.826292
101369.744575
101367.780762
101368.768276
101365.548285
101364.938954
101276.406773
101269.490561
101278.81289
101277.270174
100827.618626
100968.274243
100968.881569
100988.359302
101032.260015
101108.97926
101197.318063
101285.493948
101363.991312
101372.232237
101372.269087
101370.726695
101372.262694
101368.872369
101369.747944
101299.530499
101247.515523
101270.059265
101294.330608
101293.729804
100897.904067
100958.507546
100959.082737
100970.226384
101015.944823
101101.482341
101200.964978
101289.465398
101359.17463
101367.689857
101366.866679
101368.434848
101364.357248
101321.715767
101250.921072
101189.733044
101219.258971
101265.394747
101299.406255
101308.470487
100883.596902
100904.073727
100894.582229
100899.368023
100940.501719
101025.495596
101127.578894
101218.954955
101288.313336
101316.937055
101313.712197
101273.195699
101184.838062
101085.197699
101039.647803
101079.4381
101163.76172
101239.689018
101295.246622
101318.802925
100793.57281
100775.024952
100778.349356
100781.624911
100800.012278
100844.059229
100910.026298
100979.731929
101046.200304
101101.974537
101097.400796
101025.324891
100940.821874
100905.410462
100919.776929
100995.232805
101091.395727
101193.665599
101285.587048
101327.45041
100649.663977
100662.521104
100695.768939
100696.590591
100686.4584
100679.141583
100690.942252
100712.461618
100745.944639
100802.210661
100849.604207
100867.681483
100873.611869
100887.984627
100917.218
100985.382359
101075.330161
101180.357106
101283.047176
101337.979622
100568.414824
100629.511151
100670.416916
100668.80622
100646.110077
100617.675363
100608.912615
100609.145039
100613.968995
100638.072129
100699.224043
100793.692241
100869.000418
100914.203647
100959.079711
101020.171111
101103.313911
101202.458142
101298.75654
101352.06723
100570.718139
100629.851473
100666.46551
100667.350177
100645.481284
100613.962071
100599.665064
100599.263485
100599.25894
100603.585581
100638.451707
100734.036549
100851.068341
100947.248464
101037.459157
101114.63009
101195.647018
101278.283925
101342.210442
101365.110045
100571.260201
100632.981767
100668.554549
100674.603492
100657.706574
100627.701071
100608.771707
100602.567714
100601.493557
100603.450017
100624.996542
100689.365448
100805.843764
100932.104082
101046.004469
101157.865232
101260.265887
101338.641557
101368.037189
101370.756033
100574.665865
100637.695525
100674.777953
100692.647985
100692.663177
100671.819605
100646.366744
100626.975956
100615.374453
100614.350534
100629.869762
100671.256115
100756.504412
100881.568733
101017.788673
101144.235786
101255.756119
101337.446249
101373.671289
101375.576908
100575.932688
100641.420979
100687.4961
100720.088559
100743.598041
100745.034026
100725.507126
100696.665653
100665.332979
100647.016614
100650.373783
100676.589366
100733.941496
100830.927909
100958.173872
101092.321866
101212.286843
101302.130277
101368.36351
101381.098988
100581.482659
100649.1935
100707.887819
100750.728677
100797.67773
100831.712652
100832.319707
100808.3991
100756.599671
100704.237427
100686.433033
100697.413652
100741.173796
100821.849129
100930.369306
101052.988312
101172.910603
101279.006933
101367.231527
101387.537994
100599.67803
100665.651689
100733.992342
100786.860046
100853.879539
100921.79715
100952.700181
100936.422917
100867.314592
100776.269865
100734.970301
100737.428811
100766.953607
100838.648697
100944.155197
101066.24608
101189.270588
101299.350075
101373.385856
101376.214426
100617.390391
100689.560781
100764.86875
100829.560611
100914.71217
101012.123662
101073.577133
101063.345676
100980.58338
100858.052925
100801.153158
100801.682086
100827.586995
100895.945721
101001.650942
101126.040912
101247.540132
101323.311374
101336.778275
101290.439906
100620.819684
100711.472012
100798.832994
100877.309417
100979.431616
101100.761717
101187.814394
101183.555325
101098.041038
100962.895789
100903.039152
100908.845518
100943.814981
101017.522978
101121.714314
101224.005662
101275.118309
101283.025629
101232.606388
101222.139514
100607.642901
100723.607994
100834.513918
100929.326366
101047.049982
101186.413564
101292.923517
101297.418622
101231.866528
101113.508308
101059.855043
101069.049593
101101.63453
101153.667224
101201.124215
101226.138744
101216.492891
101178.263303
101174.652337
101223.943234
100559.677238
100732.868438
100876.329723
100990.198416
101121.367342
101269.843462
101385.0332
101409.784727
101380.548296
101313.377957
101260.945727
101208.474687
101164.0635
101161.421692
101164.054866
101139.004502
101116.939487
101138.165311
101206.198959
101279.085989
100498.040805
100755.660712
100932.922744
101068.881376
101210.944549
101357.687128
101463.609418
101499.867499
101499.805435
101479.557426
101381.534529
101202.117583
101111.401349
101080.842515
101057.239704
101056.455617
101107.433562
101194.79244
101295.969152
101290.297567
101242.361374
101245.245314
101244.385235
101243.458712
101232.372911
101193.642353
101132.892927
101070.875445
101025.030025
101010.099304
101019.319291
101046.555961
101041.82889
100971.402006
100773.045843
100721.450692
101315.860238
101429.053026
101432.208596
101432.44378
101249.235069
101252.314602
101251.037343
101249.536587
101248.093774
101239.687252
101212.489871
101165.284357
101109.892377
101107.655258
101124.125674
101094.317153
100899.411906
100664.639162
100634.04788
100631.477045
101258.697458
101427.174796
101430.356262
101430.26399
101258.647023
101259.547135
101257.87419
101256.307692
101254.145462
101252.337525
101249.654778
101236.538671
101228.84038
101225.908681
101172.720189
100861.393013
100635.071949
100634.974997
100627.910527
100635.052029
101229.146614
101436.111584
101439.581793
101439.452124
101267.130169
101266.380483
101264.57878
101262.33571
101260.404957
101257.469692
101255.272541
101251.749346
101249.284956
101222.113679
100899.714175
100635.579949
100636.14971
100629.075044
100636.114454
100704.140202
101369.506207
101451.401309
101451.779754
101451.664289
101274.173296
101272.786498
101270.685927
101268.699353
101265.823531
101263.630469
101259.699756
101257.100424
101250.816459
100952.741555
100640.445229
100637.142066
100630.848039
100636.970637
100629.908829
100875.187374
101414.204597
101462.589936
101462.885656
101462.979961
101280.303456
101278.56431
101276.77364
101274.299984
101272.29574
101268.729541
101266.384991
101260.773988
101004.624453
100649.007533
100638.576245
100633.289613
100638.638101
100632.768193
100638.445262
100909.34743
101423.560969
101474.439541
101474.802301
101475.006304
101285.133181
101283.786842
101281.938839
101280.289445
101277.24522
101275.160982
101270.104829
101035.855339
100672.434186
100640.30669
100636.227534
100640.373832
100635.33221
100640.410286
100636.947043
100962.146664
101437.024196
101486.494991
101486.906964
101487.19548
101289.23001
101288.270551
101287.244683
101285.014357
101283.466874
101279.127898
101090.490362
100690.847879
100642.895398
100640.258559
100642.278218
100637.543928
100642.33495
100638.317909
100642.412665
101109.686921
101476.606485
101499.150336
101499.355248
101499.733109
101293.100286
101292.981629
101291.822688
101291.04339
101287.586219
101134.54384
100761.51387
100680.561806
100650.091892
100644.97387
100641.520947
100644.291639
100641.657708
100644.291209
100781.87099
101317.717789
101504.84478
101511.701838
101511.821866
101512.295378
101297.83014
101297.858724
101297.983898
101295.881717
101178.196586
100860.409832
100748.078103
100712.456016
100670.380479
100645.544867
100647.064513
100644.834242
100646.380013
100674.65912
100983.745858
101421.213478
101520.129724
101524.162435
101524.314608
101524.899019
101297.927683
101304.108801
101303.283869
101227.667778
100973.708778
100820.775793
100787.052363
100774.349126
100703.889349
100649.439166
100647.655338
100649.181548
100650.599616
100783.42271
101138.625031
101459.880001
101533.24524
101536.76936
101536.936474
101537.602631
101287.106771
101299.055199
101271.748825
101109.2682
100913.84625
100856.982804
100855.448083
100841.475423
100751.868907
100665.910035
100651.615182
100652.923732
100719.755634
100929.742093
101277.837147
101504.982899
101548.207593
101549.982167
101550.009599
101550.690679
101273.613712
101282.111564
101233.112144
101069.311056
100947.109325
100927.503798
100939.356909
100922.022439
100820.782963
100715.815798
100677.898054
100714.123428
100847.917779
101114.271635
101419.06373
101549.497806
101562.7621
101563.35511
101563.186564
101563.770891
101262.228101
101268.451703
101220.178255
101094.404391
101022.644753
101023.209458
101042.170187
101030.553061
100921.619392
100795.951957
100756.068726
100831.171648
101019.459287
101319.457126
101532.312227
101573.690826
101574.766903
101574.912441
101574.615603
101575.001558
101254.207578
101259.885462
101227.38199
101153.004356
101124.465439
101135.157882
101158.080881
101156.477098
101049.455356
100892.707599
100847.890106
100928.235583
101223.006857
101499.645722
101580.873732
101584.236595
101584.192981
101584.150432
101583.842806
101584.148891
101248.039142
101253.423699
101233.967615
101213.329029
101219.174532
101240.29872
101259.353595
101261.270921
101169.384127
100985.443435
100912.682258
100969.244286
101385.909955
101578.18522
101591.80253
101591.652072
101591.643381
101591.555319
101591.350022
101591.590313
101247.053701
101250.167013
101239.775324
101240.177215
101256.773874
101291.391401
101308.381097
101307.604904
101241.406852
101057.791684
100945.205083
100981.679829
101453.149411
101594.327906
101598.317363
101598.216743
101598.248277
101598.15996
101598.035624
101598.23322
101250.865017
101250.901326
101244.506717
101246.888131
101259.485934
101295.111942
101314.126567
101314.932677
101272.51784
101108.256241
100957.840265
100988.555049
101478.202303
101602.234248
101604.796552
101604.727591
101604.736473
101604.639727
101604.545962
101604.733091
101255.324541
101254.502232
101248.927764
101250.077005
101257.935512
101291.533278
101316.470572
101318.051875
101285.637145
101140.261607
100959.446005
100993.419433
101493.662819
101609.342531
101611.423814
101611.362105
101611.310291
101611.207712
101611.131953
101611.321181
101262.182542
101258.590539
101252.76943
101253.086106
101253.907879
101282.301982
101312.031209
101318.577101
101289.376368
101153.367367
100956.872218
100994.379918
101504.445334
101616.279607
101618.204238
101618.182324
101618.078712
101617.988543
101617.911249
101617.961913
101273.031146
101262.910312
101255.525836
101255.802492
101256.298729
101276.256538
101307.099479
101315.359526
101286.21532
101153.094556
100948.462655
100989.90035
101510.755798
101623.370153
101625.318826
101625.325917
101625.228388
101625.138717
101625.06834
101624.71453
101287.539078
101267.809494
101257.60415
101257.921797
101258.680092
101275.235555
101304.140635
101308.798162
101271.959093
101139.146676
100936.420778
100975.131189
101512.292011
101630.754782
101632.968837
101633.028905
101632.937268
101632.865148
101632.801435
101632.245052
101302.936646
101276.484148
101260.687928
101259.61729
101260.81029
101276.08176
101301.677154
101298.603876
101248.605533
101116.424508
100936.910041
100954.256098
101506.946498
101638.594309
101641.396745
101641.530546
101641.464464
101641.409068
101641.369417
101640.720252
101317.28217
101293.001074
101268.987804
101261.969056
101263.438441
101278.270708
101297.522265
101284.907927
101221.586945
101096.150661
100937.426152
100941.953957
101497.691085
101647.281672
101650.988951
101651.235673
101651.174443
101651.146796
101651.128541
101650.223704
101330.620467
101315.466517
101286.753339
101270.168557
101271.557187
101282.898285
101291.425834
101268.812605
101194.9286
101081.682311
100939.665141
100937.437654
101485.74583
101657.0165
101662.093618
101662.480646
101662.446057
101662.437026
101662.465459
101660.969105
101344.592538
101337.971081
101313.622073
101290.640548
101288.224225
101292.7536
101288.631185
101250.189172
101168.961712
101077.294634
100953.394749
100937.641596
101470.002912
101667.990637
101675.001101
101675.64418
101675.651934
101675.701188
101675.74779
101673.354571
101358.531935
101357.705135
101344.984189
101325.966055
101316.4212
101308.141391
101285.655435
101228.697017
101149.772459
101086.478139
100992.943761
100941.674484
101446.056165
101679.471552
101689.670206
101690.859063
101691.089073
101691.156645
101691.192666
101687.22439
101368.421762
101371.021086
101370.691795
101364.417722
101350.653346
101322.80668
101276.310172
101211.275736
101154.075019
101115.657883
101058.895663
100976.495172
101403.936476
101690.158472
101707.249069
101709.212754
101709.684134
101709.272691
101708.712567
101700.720964
101373.534705
101376.720004
101380.15507
101381.534039
101366.025351
101323.496601
101263.185459
101216.476721
101182.934772
101175.528395
101157.623658
101076.508211
101300.467821
101679.645327
101727.743802
101730.334359
101730.286105
101726.510747
101715.137031
101696.325559
101377.663075
101379.44844
101381.897265
101382.202736
101356.119968
101300.429365
101258.053123
101243.361395
101243.182281
101236.427485
101201.621594
101119.326895
101091.910388
101447.115989
101709.586182
101730.431472
101725.113823
101673.954183
101590.982783
101624.695898
101381.140287
101381.829299
101380.664473
101359.087512
101304.500187
101279.634403
101269.937342
101248.9703
101194.52571
101108.587564
101011.937351
100930.696273
100834.488835
100854.089484
101126.771993
101390.095177
101392.579925
101199.119659
101149.703564
101502.961822
101386.184838
101376.416052
101331.482277
101295.668111
101285.189565
101258.259524
101159.699458
100971.178754
100788.497689
100668.284001
100598.42261
100568.888522
100542.580231
100493.259622
100544.581824
100697.178081
100717.661945
100658.782155
100713.441458
101455.887837
101344.836035
101289.928081
101282.316524
101273.20843
101179.767301
100916.154501
100654.194174
100511.488591
100446.668104
100420.298998
100411.222483
100409.691594
100411.373476
100407.13541
100414.716341
100449.984779
100484.418927
100541.691325
100622.652534
101426.057844
101253.658624
101263.081131
101250.508185
101061.395086
100688.16307
100469.827952
100409.059601
100396.844363
100394.589894
100394.609198
100394.621275
100397.249615
100400.838928
100405.463066
100415.514595
100439.385457
100481.106837
100559.389267
100651.455875
101402.568818
101240.083773
101238.59726
101010.720475
100583.904881
100413.192138
100395.693841
100395.704317
100395.96156
100401.275879
100405.883142
100409.677643
100413.383666
100417.750708
100425.895496
100440.76925
100467.375344
100520.167174
100615.762107
100742.299502
101383.260841
101242.89822
101076.986965
100605.249427
100411.124329
100396.723933
100396.724687
100399.073831
100411.647179
100427.184978
100438.628568
100444.94372
100448.304403
100452.410148
100463.252917
100483.125897
100519.451245
100587.718954
100700.591445
100902.595385
101342.565229
101202.775199
100778.328304
100466.039911
100410.425396
100401.284334
100402.196552
100416.410781
100441.566558
100469.859428
100489.559897
100496.166111
100494.631969
100495.484733
100506.618658
100532.713964
100581.408367
100668.030729
100805.580334
101075.336755
101348.597153
101072.882734
100663.081887
100481.682296
100435.819308
)
;

boundaryField
{
    emptyPatch
    {
        type            empty;
    }
    minY
    {
        type            zeroGradient;
    }
    maxY
    {
        type            prghTotalPressure;
        U               U.gas;
        p0              nonuniform List<scalar> 0();
        value           nonuniform List<scalar> 0();
    }
    maxX
    {
        type            fixedFluxPressure;
        gradient        uniform 0;
        value           nonuniform List<scalar> 
37
(
101432.44378
101430.26399
101439.452124
101451.664289
101462.979961
101475.006304
101487.19548
101499.733109
101512.295378
101524.899019
101537.602631
101550.690679
101563.770891
101575.001558
101584.148891
101591.590313
101598.23322
101604.733091
101611.321181
101617.961913
101624.71453
101632.245052
101640.720252
101650.223704
101660.969105
101673.354571
101687.22439
101700.720964
101696.325559
101624.695898
101502.961822
101455.887837
101426.057844
101402.568818
101383.260841
101342.565229
101348.597153
)
;
    }
    water_to_heater
    {
        type            fixedFluxPressure;
        gradient        uniform 0;
        value           nonuniform List<scalar> 
60
(
100649.417235
100649.417235
100650.299012
100650.299012
100652.365326
100652.365326
100655.390505
100703.347608
100802.418685
100802.418685
100836.306411
100836.306411
100789.262432
100789.262432
100706.219894
100620.337117
100589.498216
100589.498216
100590.902747
100590.902747
100595.982185
100595.982185
100616.540317
100627.126864
100629.465825
100629.465825
100631.864177
100631.864177
100633.522839
100633.522839
100653.447375
100725.574691
100827.618626
100827.618626
100897.904067
100897.904067
100883.596902
100883.596902
100793.57281
100649.663977
100568.414824
100568.414824
100570.718139
100570.718139
100571.260201
100571.260201
100574.665865
100575.932688
100581.482659
100581.482659
100599.67803
100599.67803
100617.390391
100617.390391
100620.819684
100607.642901
100559.677238
100559.677238
100498.040805
100498.040805
)
;
    }
    procBoundary1to0
    {
        type            processor;
        value           nonuniform List<scalar> 
41
(
100489.413519
100808.413321
101009.391334
101170.116223
101319.968672
101451.533519
101522.802157
101535.564424
101533.648747
101515.604418
101338.147687
101074.345538
101006.783474
101003.060189
101014.063959
101069.499154
101168.397413
101289.514888
101347.315699
101283.997973
100426.112954
100426.015049
100443.726227
100479.368749
100529.456545
100563.502014
100570.434215
100554.992795
100547.838549
100555.830945
100590.187825
100653.258784
100757.263276
100920.243045
101224.257098
101402.41467
101018.495029
100701.165693
100549.967597
100426.112954
100494.016135
)
;
    }
    procBoundary1to3
    {
        type            processor;
        value           nonuniform List<scalar> 
41
(
100785.405053
100849.567341
100933.638614
101036.165538
101146.493686
101227.198915
101240.581371
101240.217378
101240.38622
101239.955887
101240.046079
101239.557247
101239.355742
100646.965143
100749.513529
100753.537335
100752.008186
100751.683858
100764.287621
100797.490932
100797.490932
101238.324738
101238.759919
101238.514572
101232.724752
101199.558903
101124.024433
101045.859902
101005.056296
100999.482694
101001.660036
101003.222256
101008.109247
101041.942359
101097.586838
101089.540629
100993.801005
101309.754418
101449.459343
101461.32224
101460.172278
)
;
    }
}


// ************************************************************************* //
