/*--------------------------------*- C++ -*----------------------------------*\
| =========                 |                                                 |
| \\      /  F ield         | OpenFOAM: The Open Source CFD Toolbox           |
|  \\    /   O peration     | Version:  2312                                  |
|   \\  /    A nd           | Website:  www.openfoam.com                      |
|    \\/     M anipulation  |                                                 |
\*---------------------------------------------------------------------------*/
FoamFile
{
    version     2.0;
    format      ascii;
    arch        "LSB;label=32;scalar=64";
    class       volScalarField;
    location    "0.265/water";
    object      p_rgh;
}
// * * * * * * * * * * * * * * * * * * * * * * * * * * * * * * * * * * * * * //

dimensions      [1 -1 -2 0 0 0 0];

internalField   nonuniform List<scalar> 
1496
(
100725.284805
100794.403822
100804.977703
100812.719459
100832.651615
100881.693081
100985.493423
101139.874389
101316.114899
101492.618968
101611.045178
101619.004408
101618.075601
101618.764507
101617.237745
101618.448562
101616.481582
101617.436758
101573.212268
101536.595887
100820.132319
100828.306217
100814.734381
100815.092663
100830.845926
100884.262212
100999.39242
101167.713797
101359.085528
101540.803923
101626.764937
101626.535354
101626.599215
101624.962394
101625.993081
101623.43301
101624.595438
101598.597717
101541.819653
101526.055176
100856.478599
100846.921902
100821.697427
100817.676637
100829.996558
100887.375102
101010.749479
101188.435428
101388.565171
101568.3121
101636.223841
101634.96471
101633.515018
101634.014893
101631.245497
101632.073087
101615.606479
101534.249633
101532.562746
101521.747673
100860.310715
100864.915246
100836.076706
100822.661503
100836.410572
100898.603241
101029.142615
101212.034081
101414.761738
101589.208239
101645.028838
101643.001842
101642.662838
101639.996855
101640.37463
101627.418398
101525.183548
101515.238372
101540.752979
101521.393654
100861.288572
100902.028839
100870.146303
100850.229418
100865.279907
100932.809449
101067.054439
101249.841732
101449.420315
101613.576626
101653.758711
101651.966395
101649.354013
101649.101886
101635.580296
101523.729076
101495.475509
101518.544662
101564.782711
101524.180621
100867.494177
100982.755838
100941.819198
100922.954936
100938.290326
101006.807077
101138.017493
101313.87041
101503.311931
101644.643361
101661.839288
101658.817443
101657.75483
101640.528177
101523.884963
101491.704486
101499.758206
101559.426552
101593.408745
101523.219671
100867.478956
101133.721438
101068.818403
101056.421503
101071.304348
101134.520566
101253.975539
101414.924159
101583.472037
101670.338262
101667.500545
101665.30361
101639.862474
101522.03279
101496.683482
101495.813229
101541.382204
101621.673721
101611.00464
101512.666365
100873.54807
101317.792369
101243.132021
101241.366044
101254.973182
101307.740802
101408.779017
101544.024345
101660.314497
101673.29979
101669.586618
101630.498038
101512.475954
101498.346005
101498.654106
101541.193672
101624.441389
101654.741141
101609.385738
101499.720524
100874.845032
101444.016145
101408.085885
101417.679729
101431.473229
101475.152148
101554.821367
101637.833586
101664.052981
101662.575621
101612.005287
101495.008923
101483.888997
101495.384669
101545.226479
101626.83115
101671.437472
101659.686398
101592.672563
101493.550604
100953.452301
101462.614457
101462.488958
101468.500887
101491.36715
101539.555698
101595.385074
101631.102233
101631.159516
101577.388842
101482.741998
101442.805256
101472.785968
101533.228401
101613.234846
101662.785943
101673.373305
101651.562846
101569.868912
101490.186742
101069.107889
101371.049662
101375.591515
101395.065944
101433.966689
101487.695471
101532.984038
101548.324074
101507.613066
101434.240458
101393.713885
101417.407119
101474.220032
101553.370169
101618.145596
101651.283149
101658.324703
101637.135778
101548.610504
101477.721777
100937.877759
101015.742802
101055.916836
101110.852303
101183.736455
101240.210167
101270.78801
101282.456501
101276.781985
101277.699509
101305.667213
101359.67718
101427.447664
101511.988009
101583.960317
101623.60903
101634.473756
101616.849726
101526.984999
101459.846026
100681.96743
100620.367958
100676.245477
100723.170348
100779.379482
100810.331288
100828.827756
100868.565833
100952.052831
101055.099466
101145.007658
101221.014534
101305.288606
101414.550252
101521.215772
101586.744516
101608.639128
101595.46638
101504.509036
101439.670854
100436.130394
100454.938363
100494.769483
100507.470669
100524.000369
100534.969402
100547.598229
100580.773804
100663.147148
100792.924709
100921.40121
101026.904758
101133.914953
101273.002649
101429.636944
101542.267803
101583.745677
101579.506888
101482.528498
101418.118366
100373.7268
100421.119895
100442.809664
100448.908144
100454.691498
100463.093214
100476.596468
100502.174514
100555.467192
100654.156803
100777.734754
100900.664419
101022.704048
101171.415044
101351.552649
101505.010269
101568.864803
101571.619636
101468.013708
101401.921697
100370.761708
100404.706916
100424.984887
100436.16558
100444.125823
100453.796218
100469.414082
100496.733169
100546.893925
100632.496922
100743.246253
100860.450801
100982.754965
101131.913419
101316.172368
101490.978303
101567.633161
101569.473378
101459.853655
101396.778342
100374.78361
100390.427981
100415.671671
100433.275085
100444.231561
100455.890927
100474.553094
100506.614327
100560.811692
100644.208577
100750.224179
100860.507892
100980.67566
101130.387501
101314.785672
101497.156673
101582.070091
101570.000162
101449.597444
101395.077318
100371.13644
100382.710314
100411.080804
100434.005874
100448.686875
100466.448555
100494.669969
100539.925618
100605.494318
100690.75312
100788.951431
100885.622359
101004.001632
101156.149586
101341.35064
101526.469549
101611.920521
101575.316545
101436.028854
101395.864187
100375.202822
100380.532897
100409.990137
100437.578251
100460.950434
100489.762436
100532.573836
100594.626172
100675.567391
100766.687264
100858.764436
100948.455791
101067.433066
101221.184789
101403.299544
101576.895567
101641.050622
101584.529826
101431.738323
101400.08151
100371.232648
100380.829705
100410.637835
100445.556433
100480.163924
100521.727151
100578.893571
100654.291021
100747.944718
100842.202007
100933.600199
101028.256622
101150.407339
101302.680291
101474.884577
101626.091276
101661.231637
101588.864325
101437.477883
101417.426916
100374.655226
100380.999779
100413.111197
100457.118073
100503.030577
100555.899364
100622.434044
100706.128988
100808.49377
100904.107549
100998.803942
101102.033321
101227.325022
101376.330513
101535.581173
101661.480496
101676.360052
101596.19316
101449.113484
101455.739112
100371.414698
100382.430761
100418.506025
100472.004455
100527.860175
100588.899306
100658.319253
100752.369982
100856.215311
100953.494355
101052.565482
101162.051296
101289.395305
101433.539403
101580.297199
101685.273019
101690.275394
101607.814713
101472.076414
101508.264616
100373.289615
100385.162699
100428.704509
100491.56941
100555.280953
100620.51579
100692.995388
100794.428708
100896.701494
100995.112169
101097.291063
101210.118072
101337.7936
101475.788725
101611.664967
101702.996521
101704.493341
101625.157477
101513.466851
101566.784117
100371.117804
100392.429216
100446.697546
100518.667444
100587.341654
100653.143006
100737.301123
100839.198871
100938.019849
101035.456613
101138.322449
101251.954554
101377.751125
101508.571909
101634.986306
101718.536733
101719.419081
101649.150579
101571.97714
101628.877932
100370.873692
100408.491566
100476.512832
100555.373419
100624.123872
100696.592286
100794.707803
100893.280573
100986.563989
101080.605178
101181.777681
101293.919197
101415.269759
101537.73849
101655.249371
101734.013927
101735.662781
101679.324596
101639.013709
101688.69903
100369.87404
100442.356245
100520.736868
100600.69889
100663.420329
100765.478278
100871.505991
100963.300161
101048.653298
101136.866379
101233.96117
101341.862966
101455.656541
101568.161303
101676.384587
101750.648347
101753.877122
101714.385923
101704.626199
101737.276095
100384.939422
100501.549795
100576.627675
100643.038156
100708.691448
100852.818881
100967.965993
101052.052565
101127.909035
101208.364777
101298.962568
101399.072344
101502.019843
101603.064918
101701.254322
101769.200597
101773.94374
101752.458761
101759.050205
101759.232409
100430.780792
100575.947641
100630.078443
100668.946234
100749.378543
100930.393119
101071.90572
101156.516489
101224.267366
101295.508562
101376.555412
101464.948398
101554.889645
101643.937826
101731.536863
101790.251809
101794.576257
101787.798307
101798.235001
101760.784403
100518.185111
100619.746229
100661.097284
100683.484206
100767.786821
100969.691207
101159.7786
101265.510398
101331.730083
101393.26808
101461.553759
101536.061275
101612.961805
101690.713261
101767.230263
101813.290901
101815.214624
101817.154353
101818.871769
101671.505785
100642.067868
100617.260507
100665.683763
100688.21632
100777.475216
100989.342461
101224.714415
101367.530259
101439.805282
101492.788478
101547.880577
101609.163442
101674.534909
101742.317733
101806.430043
101836.929647
101837.028044
101841.885918
101826.385115
101445.347418
100737.599104
100615.16096
100659.833813
100679.896021
100783.69498
101007.252139
101274.913625
101455.326279
101538.802953
101586.909386
101631.728317
101682.106538
101737.888914
101796.491722
101844.815286
101859.461646
101859.087294
101862.051187
101806.980029
101191.955201
100807.838517
100612.370778
100654.075135
100678.033067
100796.457104
101031.351791
101317.016494
101523.722912
101621.176998
101669.965393
101709.398874
101752.126461
101800.154885
101848.17155
101876.642304
101880.329608
101880.089441
101878.015272
101749.952999
101075.360555
100827.473964
100609.754811
100652.176137
100687.279219
100818.979337
101062.198578
101353.702778
101571.513751
101680.955007
101735.380126
101775.20619
101815.393902
101857.70223
101889.822669
101899.088356
101898.262284
101896.473245
101885.664157
101681.172128
101070.088782
100853.623951
100609.486129
100653.252923
100701.988733
100848.052439
101098.732961
101387.594374
101604.354833
101719.337601
101780.315631
101825.068038
101868.625357
101904.503998
101916.14821
101915.17357
101911.078537
101905.631762
101885.450072
101643.907518
101130.868975
100895.42839
100635.508513
100659.404563
100709.716461
100868.453256
101131.380187
101416.601592
101626.823581
101742.333211
101808.316985
101859.93306
101906.519803
101928.929404
101928.874073
101925.611242
101919.397979
101909.354998
101873.357499
101634.023868
101281.986323
100967.574107
100715.674707
100673.066337
100704.36894
100855.639686
101124.269196
101419.35919
101635.39663
101754.791022
101825.860903
101884.365773
101925.776734
101932.697891
101931.754024
101929.571121
101922.120137
101905.729293
101836.708186
101628.806994
101467.876838
100941.109354
100878.288611
100694.314386
100694.341535
100834.545516
101109.925781
101422.871981
101660.030197
101790.522764
101863.961187
101913.065036
101929.664828
101929.141479
101927.36539
101922.07453
101905.825305
101853.219708
101734.270597
101638.284706
101608.708794
101534.180934
101637.154195
101757.971911
101821.356793
101731.400908
101086.882444
100920.426678
100917.984813
100921.63332
100948.626648
101062.033287
101239.997915
101439.054044
101622.061677
101879.293572
101894.646055
101488.099043
101475.589827
101475.700636
101488.433567
101556.381757
101673.228355
101789.92993
101822.934391
101653.627326
100980.12097
100908.430978
100913.381839
100913.632543
100972.189283
101100.103523
101283.520563
101474.208229
101644.681846
101881.445715
101895.863622
101487.244466
101477.52445
101477.093403
101497.700841
101585.168913
101714.786783
101815.871838
101824.0445
101537.592991
100908.561324
100904.303067
100904.230536
100908.844602
101004.35598
101146.783299
101332.391084
101511.58958
101672.01196
101884.025165
101896.479463
101486.554582
101479.294513
101478.27283
101510.517884
101620.780343
101757.879998
101829.232121
101821.958932
101371.171875
100895.580627
100891.895229
100896.518023
100922.313912
101040.810719
101191.420662
101374.416791
101543.07257
101698.043561
101886.679582
101896.659015
101486.042213
101480.813915
101479.360374
101528.604275
101663.762715
101796.867123
101831.741159
101791.320249
101184.816828
100881.412559
100887.465179
100886.414586
100950.505844
101069.503788
101217.846396
101395.023569
101558.936037
101713.802859
101888.008639
101896.1424
101486.085453
101482.080957
101481.676867
101554.957881
101714.35097
101823.937697
101830.921792
101733.516315
101037.82954
100878.061406
100873.150477
100878.184001
100963.739804
101073.201158
101214.292123
101387.21499
101552.985404
101710.484172
101886.939446
101895.206716
101485.937479
101482.670138
101486.521649
101593.519179
101766.745247
101834.96966
101830.228807
101703.399654
100993.499128
100863.535258
100868.964083
100867.278488
100953.622822
101061.104689
101200.278825
101367.700812
101536.036248
101698.583857
101884.894044
101894.394064
101485.080552
101481.889019
101497.505888
101643.590056
101806.734317
101835.750829
101829.738509
101713.94962
101028.132057
100859.262235
100853.863107
100859.447417
100938.966406
101044.596866
101176.585569
101335.922272
101506.057582
101676.146965
101880.865387
101893.53754
101482.340694
101479.012784
101515.741318
101694.285816
101825.828758
101834.663677
101828.319194
101748.85282
101149.797237
100841.920697
100848.734152
100846.539053
100914.977844
101017.364788
101137.857841
101289.791696
101463.208143
101641.617255
101872.379731
101892.262385
101476.68255
101473.655271
101536.188049
101732.979094
101831.155246
101832.432882
101826.842424
101776.21145
101272.561729
100838.488249
100830.511822
100838.561968
100869.236871
100967.623677
101081.968031
101234.5687
101415.616685
101598.657397
101856.518805
101891.064985
101467.457603
101466.06366
101554.572473
101757.216947
101830.52395
101829.623476
101824.525541
101793.226288
101352.572965
100820.917796
100829.832021
100824.6558
100830.540361
100914.7836
101035.320131
101198.049496
101386.836353
101570.953723
101834.942561
101891.0176
101454.867489
101456.491686
101573.330338
101768.629053
101827.262712
101825.939608
101822.998867
101807.291959
101424.999857
100822.230482
100813.302624
100822.737056
100821.036063
100889.855269
101020.440806
101194.111779
101387.66772
101573.021906
101819.556308
101892.057286
101440.037711
101447.068541
101593.750023
101773.271972
101822.984372
101821.981305
101819.97446
101812.882131
101453.208994
100805.7443
100815.261646
100809.878965
100815.911809
100886.684161
101024.078488
101205.656014
101403.602361
101587.600649
101816.250773
101893.477193
101424.987374
101440.956938
101616.55789
101776.524193
101817.404319
101817.812126
101818.126526
101811.151293
101417.384691
100807.286365
100799.842007
100808.282697
100807.688853
100894.244415
101046.936459
101239.617966
101437.637939
101614.556834
101820.076173
101894.975182
101412.293438
101445.15887
101644.007405
101781.614559
101812.935972
101815.244157
101815.927692
101803.728694
101324.690522
100791.439713
100800.597961
100797.519929
100801.570466
100917.645793
101092.289536
101294.511009
101485.558747
101650.365034
101830.825178
101896.788413
101404.312437
101469.753496
101678.068632
101790.47083
101810.930279
101813.693289
101816.209139
101782.456076
101181.957801
100793.769194
100788.458288
100795.017715
100800.594552
100963.14476
101158.969854
101364.3521
101541.939492
101691.641568
101847.008933
101899.200262
101401.850659
101517.608466
101716.577181
101803.097393
101810.674504
101814.644478
101816.769898
101726.804805
101015.09691
100779.63552
100788.571463
100787.736435
100837.046231
101034.49177
101243.414524
101441.513391
101601.595939
101734.938349
101864.610582
101902.054978
101410.81906
101578.363659
101751.548004
101808.098434
101813.020277
101816.517015
101819.631775
101595.932733
100887.153249
100782.626589
100779.824066
100783.500748
100910.065457
101121.984549
101335.919304
101517.730715
101659.302161
101776.23749
101880.407598
101905.178124
101440.882252
101641.051414
101784.044604
101811.880902
101816.32885
101820.708934
101790.947221
101396.585748
100851.821339
100771.504651
100778.135721
100798.245333
100992.593977
101215.186942
101425.8153
101588.06462
101711.810459
101812.709401
101893.385733
101908.598686
101492.644447
101698.262486
101809.907162
101816.511081
101821.370533
101802.672142
101629.89537
101298.472379
100866.390658
100772.781522
100772.449608
100855.827619
101079.636211
101309.758481
101506.746043
101649.722404
101757.0579
101842.731777
101903.4692
101912.149376
101555.733479
101749.976426
101817.131399
101821.799425
101809.512402
101638.931782
101468.9509
101304.572774
100885.835628
100764.170576
100772.80814
100937.596487
101171.351581
101400.696231
101577.865126
101702.57491
101794.872146
101866.55328
101911.279273
101915.727243
101619.460197
101795.05589
101822.891616
101823.808707
101671.866204
101460.581853
101457.451801
101307.272388
100867.414213
100762.540274
100811.835601
101030.27321
101272.327718
101488.09981
101641.837261
101748.423966
101826.754448
101885.769113
101917.422496
101919.273007
101677.909207
101816.069669
101828.485718
101746.066554
101434.2442
101434.543617
101473.053793
101265.757128
100818.181286
100756.974419
100895.283953
101138.371188
101381.473477
101571.275657
101699.497348
101788.067745
101853.648007
101901.461685
101922.241354
101922.756449
101727.660542
101822.101193
101801.928393
101504.433407
101374.774119
101447.293564
101472.990839
101179.411219
100790.488465
100773.029515
101000.567717
101262.928839
101491.889051
101649.458669
101752.242553
101823.511005
101877.201706
101914.720752
101926.039618
101926.102669
101755.699094
101815.724553
101642.052721
101271.507143
101374.947442
101495.240001
101452.355573
101083.522083
100805.920909
100866.954573
101138.72278
101404.289431
101598.875286
101722.126939
101801.288937
101857.01795
101898.975378
101924.909315
101928.903088
101928.86364
101759.805071
101731.165924
101302.675747
101240.291227
101406.656885
101521.001286
101433.594476
101073.377492
100858.965406
101024.198618
101309.76757
101549.39812
101699.619064
101789.069534
101846.543265
101887.931295
101917.23881
101929.82886
101930.365475
101930.281106
101745.765472
101448.45865
101051.129626
101236.118441
101465.538454
101518.906099
101440.455125
101115.881106
100937.919147
101143.341913
101429.469876
101650.460768
101782.926566
101854.06787
101891.82169
101914.936151
101927.495559
101929.9201
101930.021601
101929.851753
101621.813379
101033.346841
100995.79877
101259.38033
101502.656344
101515.986019
101469.645213
101228.570769
101029.142347
101151.712388
101393.919637
101621.890248
101772.238476
101856.667362
101900.900267
101920.591183
101927.58265
101929.1137
101929.456142
101929.367657
101301.370361
100875.55498
100989.120358
101294.310886
101509.15477
101514.182703
101500.365676
101372.259363
101162.218017
101158.61641
101281.811359
101484.718602
101675.708581
101800.643225
101861.86213
101896.809457
101904.263383
101909.645215
101929.827606
101929.921787
100980.305563
100874.732364
100992.344717
101298.040334
101506.369777
101515.264751
101514.698329
101472.848114
101319.120777
101187.295923
101206.570082
101310.555578
101487.506436
101644.339826
101706.669213
101696.042898
101494.737824
101498.363032
101917.81328
101931.488969
100872.527678
100873.317587
101004.834749
101294.137955
101499.001855
101518.724308
101518.380158
101513.28705
101420.525258
101246.019315
101218.57299
101286.310198
101443.372704
101551.139169
101454.531809
101058.227964
100749.325278
100707.007508
101713.8846
101931.47657
100871.921574
100874.039104
101032.507332
101296.624802
101486.744897
101524.353907
101523.679702
101523.022591
101440.843917
101289.682342
101282.23368
101359.440777
101449.116509
101319.985843
100838.659709
100703.467838
100699.74343
100704.057115
101374.900919
101931.14828
100872.960866
100911.167931
101089.589909
101309.290886
101471.567374
101530.069203
101529.484733
101519.771053
101428.896688
101367.324787
101411.918782
101412.297495
101318.895223
100797.89015
100701.423763
100699.781885
100701.700527
100698.678909
101376.380223
101935.94419
100913.465698
101002.015772
101162.999837
101328.953696
101462.899275
101534.427434
101533.711843
101502.411373
101452.785397
101483.980392
101483.586558
101404.901471
100900.896174
100737.079204
100736.353295
100729.475353
100698.567392
100699.447795
101437.431568
101943.407145
101044.446798
101118.937269
101227.588449
101348.281242
101465.508494
101535.1663
101535.946325
101519.371695
101534.645635
101534.218408
101480.232344
101081.313165
100897.750894
100910.335341
100886.820182
100790.369902
100694.801601
100693.12976
101454.537567
101947.092085
101217.04174
101228.003989
101265.513819
101357.38146
101472.14493
101542.277948
101559.102815
101568.838136
101568.196697
101511.572576
101155.121421
101077.626493
101141.167618
101270.772191
101041.64987
100764.01102
100686.551242
100686.297538
101346.079772
101941.401369
101394.664719
101279.842261
101258.206242
101341.5795
101464.765082
101550.694285
101577.738887
101576.55617
101519.513671
101242.173606
100988.004384
101133.465261
101455.379163
101558.807649
101091.787759
100721.53478
100713.378296
100705.675331
101082.169676
101905.505533
101472.620893
101239.594046
101183.029674
101264.706806
101415.220881
101536.676003
101572.981967
101552.485162
101327.502907
101021.797505
100963.456407
101145.701551
101559.127766
101701.703062
101228.759916
100784.224924
100791.095144
100765.273681
100956.914611
101868.360826
)
;

boundaryField
{
    emptyPatch
    {
        type            empty;
    }
    minY
    {
        type            zeroGradient;
    }
    maxY
    {
        type            prghTotalPressure;
        U               U.gas;
        p0              uniform 100000;
        value           nonuniform List<scalar> 
40
(
100994.217213
100897.549004
100690.935462
100683.797884
100820.196291
101094.13167
101407.510791
101645.672967
101776.854443
101850.788347
101900.573891
101918.398404
101919.097898
101918.168935
101913.611498
101898.039176
101846.405112
101728.783818
101633.050725
101602.98951
101467.843174
101235.698723
101178.647737
101260.163917
101411.224245
101533.575384
101570.669208
101550.871343
101326.196279
101019.948071
100960.631305
101142.630484
101557.099003
101700.530335
101226.827646
100782.083778
100790.077672
100764.866454
100957.174303
101871.272003
)
;
    }
    maxX
    {
        type            fixedFluxPressure;
        gradient        uniform 0;
        value           nonuniform List<scalar> 
38
(
101894.646055
101895.863622
101896.479463
101896.659015
101896.1424
101895.206716
101894.394064
101893.53754
101892.262385
101891.064985
101891.0176
101892.057286
101893.477193
101894.975182
101896.788413
101899.200262
101902.054978
101905.178124
101908.598686
101912.149376
101915.727243
101919.273007
101922.756449
101926.102669
101928.86364
101930.281106
101929.851753
101929.367657
101929.921787
101931.488969
101931.47657
101931.14828
101935.94419
101943.407145
101947.092085
101941.401369
101905.505533
101868.360826
)
;
    }
    water_to_heater
    {
        type            fixedFluxPressure;
        gradient        uniform 0;
        value           nonuniform List<scalar> 
59
(
100725.284805
100725.284805
100820.132319
100856.478599
100860.310715
100860.310715
100861.288572
100861.288572
100867.494177
100867.494177
100867.478956
100873.54807
100874.845032
100874.845032
100953.452301
100953.452301
101069.107889
101069.107889
100937.877759
100681.96743
100436.130394
100436.130394
100373.7268
100373.7268
100370.761708
100370.761708
100374.78361
100371.13644
100375.202822
100375.202822
100371.232648
100371.232648
100374.655226
100374.655226
100371.414698
100373.289615
100371.117804
100371.117804
100370.873692
100370.873692
100369.87404
100369.87404
100384.939422
100430.780792
100518.185111
100518.185111
100642.067868
100642.067868
100737.599104
100737.599104
100807.838517
100827.473964
100853.623951
100853.623951
100895.42839
100895.42839
100967.574107
100967.574107
100941.109354
)
;
    }
    procBoundary0to1
    {
        type            processor;
        value           nonuniform List<scalar> 
41
(
100644.289787
100752.155199
100786.9928
100811.397098
100831.601187
100870.989967
100960.208333
101099.078143
101258.945719
101422.759163
101568.918945
101611.454589
101611.052838
101610.440233
101611.405311
101610.386492
101611.61922
101610.527977
101596.048536
101552.318312
101518.222484
101609.573043
101729.774736
101818.512159
101781.147195
101230.230815
100922.453823
100927.949189
100926.683199
100939.988703
101042.524384
101215.021817
101417.178784
101611.796531
101879.503196
101892.685149
101500.3832
101473.533309
101474.195496
101481.713781
101481.713781
)
;
    }
}


// ************************************************************************* //
