/*--------------------------------*- C++ -*----------------------------------*\
| =========                 |                                                 |
| \\      /  F ield         | OpenFOAM: The Open Source CFD Toolbox           |
|  \\    /   O peration     | Version:  2312                                  |
|   \\  /    A nd           | Website:  www.openfoam.com                      |
|    \\/     M anipulation  |                                                 |
\*---------------------------------------------------------------------------*/
FoamFile
{
    version     2.0;
    format      ascii;
    arch        "LSB;label=32;scalar=64";
    class       volScalarField;
    location    "1/water";
    object      p_rgh;
}
// * * * * * * * * * * * * * * * * * * * * * * * * * * * * * * * * * * * * * //

dimensions      [1 -1 -2 0 0 0 0];

internalField   nonuniform List<scalar> 
1504
(
101069.706761
101078.079516
101081.439102
101083.382475
101088.130013
101109.935967
101160.130372
101214.552186
101261.923239
101301.906406
101325.675812
101328.963859
101331.178695
101333.004758
101319.115727
101278.089844
101274.41085
101284.913347
101344.302176
101425.01933
101069.255744
101079.090642
101079.847749
101081.0071
101085.43654
101104.914851
101150.990769
101207.297403
101260.007081
101304.887285
101330.919138
101333.400309
101335.046419
101336.562872
101327.003324
101285.445878
101274.736008
101282.352821
101333.191282
101412.102369
101073.334123
101080.840196
101080.971068
101081.582147
101086.47266
101107.325951
101153.797359
101211.203433
101266.25863
101313.305052
101338.150833
101339.553551
101340.709938
101341.689801
101334.704777
101294.535361
101276.603962
101282.52108
101325.833598
101400.845392
101072.741136
101083.008347
101083.151859
101083.365699
101089.399293
101113.818341
101162.920938
101222.175168
101280.192087
101328.479238
101346.099905
101346.563934
101347.153695
101347.912211
101341.449585
101302.361208
101279.519203
101283.590434
101319.136169
101389.435312
101076.432884
101085.326956
101085.495556
101085.996223
101095.623892
101127.644849
101181.754883
101243.88127
101303.930784
101347.201006
101353.713617
101353.835945
101354.230547
101354.277117
101347.565139
101308.466402
101283.142385
101283.766117
101311.155552
101376.531913
101076.34358
101087.909102
101087.781598
101090.785052
101106.702901
101147.083303
101206.466415
101271.933807
101331.866583
101360.80296
101361.224652
101361.292591
101361.133157
101361.261223
101352.560437
101313.693425
101286.700482
101284.274835
101302.897436
101363.943616
101080.628712
101091.041889
101091.686113
101099.338352
101122.717415
101170.217932
101234.316314
101302.599942
101357.52379
101369.065238
101368.790142
101368.433983
101368.408833
101367.716312
101357.133793
101318.62874
101291.275104
101288.176664
101299.22207
101355.37503
101080.332697
101095.370994
101099.785074
101112.599897
101143.959108
101198.157823
101266.591928
101335.433825
101375.409949
101376.565043
101376.022844
101376.074745
101375.124236
101374.762445
101360.519239
101323.926898
101297.649375
101292.014791
101299.927995
101351.492205
101084.840992
101101.94461
101112.988188
101133.200012
101173.419255
101234.312615
101305.699502
101368.326257
101384.894549
101383.855119
101383.673959
101382.550938
101382.386317
101380.629679
101363.236225
101329.618712
101305.745144
101295.522057
101301.937482
101349.452174
101083.853403
101112.974084
101134.59455
101166.512782
101216.707506
101283.058802
101352.175937
101391.528284
101391.91327
101391.295708
101389.976043
101389.753902
101387.77227
101387.127559
101363.536729
101335.278031
101313.530807
101299.231106
101303.490873
101346.253831
101088.322096
101133.057847
101169.385414
101216.922804
101276.936244
101343.856437
101393.920005
101400.109451
101398.90313
101397.250945
101396.753275
101394.458938
101393.952518
101388.815782
101363.565802
101341.180446
101320.462655
101303.210364
101301.88217
101337.357058
101086.942708
101169.132042
101221.744517
101284.528783
101348.689283
101398.28886
101407.654781
101405.877912
101403.923953
101403.175108
101400.439365
101399.69449
101396.422802
101388.210013
101364.756027
101348.194428
101327.433558
101305.095843
101293.851696
101318.067904
101091.312935
101225.769795
101291.834228
101360.413661
101405.696908
101413.579893
101411.548077
101409.473549
101408.674165
101405.615905
101404.784102
101401.114018
101399.815782
101383.433111
101368.25822
101357.450937
101334.378721
101304.325317
101284.839129
101293.044715
101091.736488
101304.130204
101369.304734
101414.816212
101417.9672
101415.925427
101413.776226
101413.051097
101409.619326
101408.716355
101404.611761
101402.966169
101396.748688
101380.407106
101375.870171
101368.134009
101341.252941
101302.131135
101278.845456
101276.584747
101127.551039
101382.514776
101419.329449
101422.97984
101421.135056
101418.159494
101417.210514
101412.907517
101411.504273
101406.465515
101404.285519
101399.124431
101389.732073
101381.573069
101382.301668
101376.667948
101348.344225
101300.4357
101272.137552
101266.758583
101228.141197
101398.675363
101422.500821
101428.611255
101423.899468
101420.816338
101414.243065
101411.29287
101404.483816
101401.225815
101395.3839
101389.44798
101380.836973
101380.524828
101381.802654
101379.197725
101355.823485
101303.674885
101265.743302
101256.747353
101229.004302
101300.117042
101326.102295
101353.247072
101373.783047
101381.864439
101385.198547
101383.051828
101380.893465
101377.103693
101374.464823
101369.750413
101368.800247
101369.8792
101371.375025
101372.102513
101362.122486
101316.748818
101265.467382
101245.199675
101058.525439
101034.990514
101074.130313
101115.593132
101165.902784
101212.026477
101260.223542
101301.043776
101324.193296
101335.476581
101342.089363
101346.545003
101349.688088
101350.981321
101353.485589
101357.802958
101359.718778
101336.21644
101276.882537
101233.846659
100896.94086
100874.080012
100897.883591
100914.86337
100940.945723
100976.726543
101043.430678
101145.489795
101239.179019
101290.33117
101313.083894
101325.242929
101331.213695
101333.794062
101337.046172
101342.680366
101348.744792
101347.091015
101297.674679
101230.491477
100813.304171
100833.520901
100841.908135
100845.096184
100850.953266
100864.12055
100898.760558
100982.701352
101116.561789
101232.784873
101291.547398
101313.805119
101321.036404
101325.361792
101328.299565
101332.762088
101339.746722
101344.038758
101319.508224
101241.226494
100809.936957
100826.861741
100828.710056
100831.443977
100834.45559
100842.80029
100865.511687
100920.129225
101029.276919
101164.887351
101264.992802
101311.939767
101318.817257
101323.30882
101326.715983
101329.525927
101335.322018
101339.650647
101334.448889
101260.083915
100812.423045
100822.467576
100824.827791
100829.667162
100833.174423
100841.890608
100864.502039
100914.496054
101008.734479
101132.202733
101243.76787
101314.618464
101321.620023
101325.26897
101328.682774
101331.314793
101335.003355
101338.843744
101341.505807
101279.019086
100811.759936
100818.513308
100824.15225
100830.948188
100835.355738
100845.16815
100869.537132
100920.765446
101012.956
101131.317069
101243.499685
101319.136858
101327.574659
101329.859161
101332.73777
101335.146016
101337.530105
101340.299071
101342.802194
101294.581859
100814.510765
100816.607935
100825.761815
100835.337905
100842.489713
100855.355799
100884.30059
100939.90402
101030.599772
101144.083051
101255.729437
101327.865466
101334.413447
101336.7305
101338.039104
101340.377612
101341.838804
101344.020539
101345.339201
101306.613133
100814.274601
100817.793793
100831.137521
100846.501952
100857.829575
100874.809993
100909.56794
100971.536356
101064.047587
101174.081383
101282.259856
101339.668357
101342.363864
101343.275836
101345.253609
101345.699469
101347.548948
101348.336196
101349.676779
101314.595353
100816.63795
100822.477612
100844.179375
100866.090537
100881.484604
100902.473956
100942.844127
101011.408838
101106.951073
101216.410249
101316.573627
101349.524116
101349.897661
101351.174514
101351.16231
101352.71989
101352.521688
101353.669888
101353.443944
101319.52123
100816.862843
100835.330795
100866.8976
100893.920341
100912.369468
100937.775635
100984.860211
101060.288328
101158.920141
101266.881805
101347.956224
101357.434771
101357.898575
101357.607764
101358.709787
101357.908675
101358.776611
101358.114759
101358.374431
101321.950848
100818.233317
100858.684093
100898.941773
100928.784999
100949.761212
100982.426688
101039.258611
101122.100003
101223.249663
101323.238204
101365.576214
101364.94666
101364.508247
101365.093381
101363.953797
101364.441639
101363.05593
101363.254351
101361.674493
101323.943466
100823.365756
100893.229533
100936.667421
100967.633256
100994.46869
101038.502716
101107.58781
101198.234928
101298.361707
101367.166336
101372.387763
101371.576807
101371.723985
101370.315551
101370.424597
101368.482494
101368.327565
101366.552948
101363.669509
101327.230098
100846.671652
100932.919993
100973.969341
101010.023858
101048.998134
101108.142607
101189.93706
101285.343723
101364.93908
101380.110427
101378.750827
101378.555083
101376.845261
101376.67356
101374.201948
101373.722148
101371.257999
101370.320484
101365.190705
101333.177147
100896.473952
100966.27846
101008.098458
101056.025835
101113.956191
101190.09839
101280.955788
101364.072072
101388.167886
101386.2152
101385.644064
101383.593817
101383.231497
101380.186971
101379.463301
101376.293359
101374.995481
101372.025557
101367.947891
101341.079306
100960.042557
100998.164888
101041.639051
101105.777827
101186.222422
101277.000628
101362.132678
101396.656235
101394.159729
101392.995558
101390.620104
101390.042745
101386.425476
101385.570148
101381.699547
101380.189775
101376.509786
101374.281099
101370.515621
101349.884304
101018.578268
101037.703227
101082.194429
101160.841865
101258.875457
101351.159223
101401.792955
101402.316186
101400.420337
101397.477692
101396.772815
101392.563859
101391.711431
101386.945095
101385.43811
101380.922724
101378.041811
101372.536056
101372.355442
101357.513136
101065.958682
101095.403954
101142.576832
101226.095725
101324.50563
101396.49259
101410.410952
101407.269664
101403.897917
101402.728779
101397.88307
101397.240967
101391.524424
101390.177103
101384.682394
101376.624904
101364.410337
101370.891233
101373.331544
101363.681722
101108.765195
101166.497321
101214.294919
101290.023579
101368.494691
101411.596581
101410.952144
101407.282418
101405.643528
101400.690862
101400.224027
101393.810777
101392.910617
101386.31816
101373.08736
101355.256166
101360.590474
101371.025403
101371.895253
101366.817807
101144.348102
101204.835575
101235.281433
101297.039075
101366.321438
101405.048117
101403.578806
101402.055447
101397.536171
101397.56725
101390.925981
101390.614204
101382.734282
101358.465394
101344.30561
101348.178601
101358.46579
101367.601399
101369.027081
101365.865429
101129.109165
101149.334702
101171.421758
101229.539483
101301.754846
101349.972861
101366.99448
101370.215064
101367.625009
101355.968094
101345.073239
101334.829895
101323.252958
101318.459196
101332.274505
101344.198337
101353.57639
101360.574968
101364.703919
101363.697312
101040.325634
101006.873575
101010.078497
101041.210333
101100.08707
101159.295924
101193.057524
101471.119376
101472.214594
101473.121766
101473.880795
101474.519052
101475.055689
101475.504061
101475.874976
101476.178279
101476.422875
101476.616466
101476.765764
101476.87667
101476.954707
101477.005979
101477.037263
101477.043653
101464.449802
101470.859694
101472.626866
101474.013364
101475.152524
101476.097427
101476.887057
101477.549465
101478.104703
101478.567578
101478.950242
101479.263552
101479.516803
101479.71797
101479.873882
101479.990528
101480.073442
101480.128508
101480.162485
101480.172438
101463.607435
101474.855129
101476.734846
101478.030573
101479.104617
101479.999348
101480.748235
101481.37655
101481.902845
101482.341335
101482.703982
101483.001274
101483.242005
101483.433672
101483.582674
101483.694634
101483.774641
101483.828139
101483.861365
101483.87325
101461.741085
101479.68063
101481.950087
101483.059757
101483.985737
101484.76064
101485.410391
101485.955775
101486.412376
101486.792573
101487.107007
101487.364877
101487.573799
101487.740248
101487.869769
101487.967227
101488.037039
101488.083777
101488.112951
101488.125091
101458.44003
101484.842154
101488.053499
101488.927435
101489.648918
101490.254026
101490.761063
101491.185926
101491.54068
101491.83528
101492.078374
101492.277336
101492.438178
101492.566023
101492.665241
101492.739704
101492.792847
101492.82829
101492.850465
101492.861136
101453.407942
101489.901952
101494.823964
101495.447565
101495.923729
101496.321896
101496.65313
101496.928422
101497.156131
101497.34344
101497.496587
101497.620774
101497.720156
101497.798258
101497.85808
101497.902286
101497.933238
101497.953344
101497.965904
101497.973426
101447.549011
101494.592114
101502.046129
101502.430266
101502.624952
101502.784736
101502.912928
101503.015123
101503.095562
101503.158225
101503.20652
101503.243209
101503.270356
101503.289716
101503.302737
101503.310748
101503.31485
101503.316246
101503.316939
101503.319643
101442.606396
101498.861562
101509.469922
101509.652405
101509.534912
101509.430973
101509.335097
101509.246555
101509.164856
101509.090235
101509.022885
101508.962865
101508.909976
101508.864034
101508.824816
101508.792182
101508.765939
101508.745945
101508.732938
101508.729262
101439.468506
101502.764746
101516.791277
101516.834382
101516.390025
101516.009757
101515.679541
101515.391827
101515.140998
101514.923185
101514.735136
101514.574079
101514.43744
101514.323021
101514.228848
101514.153277
101514.094754
101514.051851
101514.023989
101514.012603
101437.072032
101506.136738
101523.687137
101523.66511
101522.897978
101522.244555
101521.683334
101521.199788
101520.782985
101520.424787
101520.118449
101519.858356
101519.63957
101519.457884
101519.309598
101519.191576
101519.100985
101519.035133
101518.992183
101518.972153
101432.930605
101508.173494
101529.78091
101529.818103
101528.753826
101527.84909
101527.076488
101526.414608
101525.847201
101525.361926
101524.948678
101524.599154
101524.30618
101524.063678
101523.866347
101523.709705
101523.589779
101523.5028
101523.445713
101523.416679
101422.755488
101507.049007
101534.561919
101534.954334
101533.652238
101532.543596
101531.599928
101530.79432
101530.105976
101529.518945
101529.020269
101528.599358
101528.247163
101527.956038
101527.719362
101527.531565
101527.387817
101527.283556
101527.214611
101527.176883
101401.056451
101499.767473
101537.336048
101538.781696
101537.335315
101536.092663
101535.036782
101534.137721
101533.371431
101532.719312
101532.166294
101531.700121
101531.310382
101530.988326
101530.726429
101530.518428
101530.359033
101530.243304
101530.166152
101530.12079
101369.225424
101482.853909
101536.89043
101541.085845
101539.626769
101538.330253
101537.232741
101536.302237
101535.511986
101534.841317
101534.273676
101533.795752
101533.396364
101533.066212
101532.797393
101532.583435
101532.41908
101532.299569
101532.219211
101532.168016
101335.765835
101452.922659
101530.64556
101541.529466
101540.365949
101539.125699
101538.080415
101537.199409
101536.454634
101535.824565
101535.292281
101534.844438
101534.470005
101534.15996
101533.906754
101533.704383
101533.548244
101533.434476
101533.357332
101533.302949
101303.607769
101410.321733
101514.214093
101539.366827
101539.428218
101538.413479
101537.548387
101536.822295
101536.21044
101535.693513
101535.256615
101534.888275
101534.579167
101534.321824
101534.110122
101533.93941
101533.806543
101533.70939
101533.643063
101533.58898
101273.633904
101362.01447
101482.664389
101532.73167
101536.8188
101536.305572
101535.766409
101535.310934
101534.925589
101534.597876
101534.318247
101534.079649
101533.876441
101533.704279
101533.559718
101533.440492
101533.345723
101533.275936
101533.22834
101533.178677
101244.22147
101315.490051
101435.621749
101517.390598
101532.469544
101533.164274
101533.083998
101532.995715
101532.913131
101532.835514
101532.761965
101532.692255
101532.626247
101532.564123
101532.506217
101532.453488
101532.408036
101532.373703
101532.351545
101532.310549
101221.92613
101274.795108
101380.533982
101488.064023
101525.322776
101529.542355
101530.061657
101530.383236
101530.635569
101530.833095
101530.985319
101531.100021
101531.183423
101531.240869
101531.276957
101531.296242
101531.303953
101531.307693
101531.315051
101531.287707
101211.404887
101239.426237
101327.127464
101445.031782
101512.232609
101525.720722
101527.357432
101528.064936
101528.625993
101529.076737
101529.436743
101529.721251
101529.942323
101530.110016
101530.232788
101530.318376
101530.374651
101530.41192
101530.447072
101530.440563
101202.572999
101205.627487
101280.679353
101397.141765
101490.232677
101520.930858
101525.534297
101526.59746
101527.381325
101528.016962
101528.530475
101528.941885
101529.267072
101529.519277
101529.709672
101529.848302
101529.944755
101530.010226
101530.062475
101530.073633
101196.416435
101197.520599
101247.525086
101353.74299
101461.093351
101513.199698
101524.596643
101526.335952
101527.231463
101527.959814
101528.552544
101529.031128
101529.412709
101529.711703
101529.94039
101530.109836
101530.230399
101530.312898
101530.370282
101530.38568
101193.7395
101193.504876
101226.407934
101319.604632
101430.438847
101501.279839
101523.715972
101527.345084
101528.295472
101529.02758
101529.626246
101530.111832
101530.500784
101530.806986
101531.042368
101531.217787
101531.343266
101531.428727
101531.483794
101531.498209
101199.568701
101190.81569
101213.313693
101293.788191
101402.118788
101486.000211
101521.699234
101529.362372
101530.525804
101531.188169
101531.731165
101532.172758
101532.527236
101532.806711
101533.021649
101533.181747
101533.296022
101533.373169
101533.420545
101533.431983
101211.99042
101189.8388
101204.794914
101273.561489
101376.727365
101468.83986
101517.737401
101531.721858
101533.729736
101534.288238
101534.730807
101535.091134
101535.380225
101535.607613
101535.781541
101535.909955
101536.000455
101536.059802
101536.093912
101536.098402
101225.586416
101189.404901
101199.316173
101256.650449
101353.211699
101450.451999
101511.492803
101533.521791
101537.552407
101538.090708
101538.405086
101538.660806
101538.864911
101539.023755
101539.142841
101539.228045
101539.28501
101539.319764
101539.336398
101539.328805
101236.449919
101192.392785
101196.19325
101240.398781
101329.449451
101430.468351
101502.638425
101533.88785
101541.415376
101542.297778
101542.482257
101542.62207
101542.731733
101542.813634
101542.869952
101542.902453
101542.916278
101542.919761
101542.914437
101542.891722
101246.094758
101198.505646
101192.844369
101224.159917
101305.5375
101409.194037
101491.027734
101532.114625
101544.472009
101546.492142
101546.643948
101546.667276
101546.681127
101546.684185
101546.671744
101546.643103
101546.606237
101546.570033
101546.53676
101546.503468
101255.6359
101204.206821
101187.957421
101209.963945
101283.870894
101387.132689
101476.355172
101527.331282
101545.867711
101550.039046
101550.479307
101550.408969
101550.326783
101550.247918
101550.164627
101550.079989
101549.999549
101549.927888
101549.869273
101549.829429
101264.982239
101208.376927
101182.736212
101198.039912
101263.10319
101362.28478
101457.306971
101518.620313
101544.840625
101552.212353
101553.508751
101553.469583
101553.301122
101553.144628
101552.999717
101552.867988
101552.750707
101552.650794
101552.574663
101552.521484
101273.860922
101211.117796
101177.785942
101184.819143
101238.691578
101332.698066
101433.274956
101505.338659
101540.581244
101552.395583
101555.197587
101555.453907
101555.226616
101554.995947
101554.796144
101554.623688
101554.479166
101554.365343
101554.287565
101554.211902
101282.362579
101212.981565
101171.213144
101164.282966
101210.396848
101301.361659
101405.413969
101486.895718
101532.01902
101549.755397
101554.897759
101555.888378
101555.755749
101555.504751
101555.299421
101555.134478
101555.007046
101554.919578
101554.873279
101554.783723
101290.931941
101213.310508
101160.650723
101151.96435
101183.739666
101267.102977
101370.960393
101460.690841
101516.787544
101542.605394
101551.712375
101554.310601
101554.769465
101554.681552
101554.487621
101554.422589
101554.502301
101554.691549
101554.758032
101554.685995
101301.805483
101215.313415
101151.659005
101145.999383
101153.522702
101221.755084
101323.39329
101419.672556
101487.863939
101525.601855
101542.502389
101549.205334
101551.467525
101551.400729
101548.535919
101544.124734
101543.004197
101548.654755
101552.944816
101553.650602
101318.36016
101226.552552
101148.774558
101140.790905
101138.925945
101174.193087
101257.341136
101352.683832
101431.385362
101484.310079
101514.904896
101530.60783
101539.038386
101538.430269
101527.097833
101467.78169
101409.974453
101434.358375
101509.0405
101544.120314
101339.389758
101256.628816
101160.827265
101136.266223
101134.695206
101134.274855
101178.126708
101254.988274
101334.512222
101397.869267
101442.786437
101470.877666
101490.519965
101488.511082
101456.295594
101269.01923
100993.115424
100944.478208
101235.371497
101511.73
101356.251779
101303.615119
101205.222203
101140.629891
101132.171229
101130.788093
101131.893057
101163.209795
101215.726197
101271.616642
101320.003023
101353.262927
101366.282045
101336.000148
101150.080909
100875.065168
100849.95627
100850.637759
100960.83344
101479.111661
101361.697753
101344.749747
101277.347721
101186.903488
101138.590961
101130.738967
101129.742875
101129.255982
101142.10137
101168.209236
101195.539858
101211.222367
101197.062768
101085.921032
100878.502407
100852.067171
100853.64217
100851.15715
100882.310576
101467.768658
)
;

boundaryField
{
    emptyPatch
    {
        type            empty;
    }
    minY
    {
        type            zeroGradient;
    }
    maxY
    {
        type            prghTotalPressure;
        U               U.gas;
        p0              nonuniform List<scalar> 0();
        value           nonuniform List<scalar> 0();
    }
    maxX
    {
        type            fixedFluxPressure;
        gradient        uniform 0;
        value           nonuniform List<scalar> 
38
(
101477.043653
101480.172438
101483.87325
101488.125091
101492.861136
101497.973426
101503.319643
101508.729262
101514.012603
101518.972153
101523.416679
101527.176883
101530.12079
101532.168016
101533.302949
101533.58898
101533.178677
101532.310549
101531.287707
101530.440563
101530.073633
101530.38568
101531.498209
101533.431983
101536.098402
101539.328805
101542.891722
101546.503468
101549.829429
101552.521484
101554.211902
101554.783723
101554.685995
101553.650602
101544.120314
101511.73
101479.111661
101467.768658
)
;
    }
    water_to_heater
    {
        type            fixedFluxPressure;
        gradient        uniform 0;
        value           nonuniform List<scalar> 
60
(
101069.706761
101069.706761
101069.255744
101073.334123
101072.741136
101072.741136
101076.432884
101076.432884
101076.34358
101076.34358
101080.628712
101080.332697
101084.840992
101084.840992
101083.853403
101083.853403
101088.322096
101088.322096
101086.942708
101091.312935
101091.736488
101091.736488
101127.551039
101127.551039
101228.141197
101228.141197
101229.004302
101058.525439
100896.94086
100896.94086
100813.304171
100813.304171
100809.936957
100809.936957
100812.423045
100811.759936
100814.510765
100814.510765
100814.274601
100814.274601
100816.63795
100816.63795
100816.862843
100818.233317
100823.365756
100823.365756
100846.671652
100846.671652
100896.473952
100896.473952
100960.042557
101018.578268
101065.958682
101065.958682
101108.765195
101108.765195
101144.348102
101144.348102
101129.109165
101040.325634
)
;
    }
    procBoundary3to1
    {
        type            processor;
        value           nonuniform List<scalar> 
41
(
101195.704012
101180.203464
101158.566988
101157.663882
101192.329043
101239.2961
101284.531161
101319.471763
101342.166452
101348.281767
101354.522104
101360.572847
101361.73649
100924.988408
100873.037175
100867.759414
100871.913817
100891.722405
100921.013857
101195.704012
100939.093694
101361.612371
101359.808096
101336.263953
101270.588967
101195.859115
101153.207097
101131.676013
101113.700506
101107.434228
101110.278826
101116.751261
101117.25102
101092.355756
100985.156123
100856.49435
100856.71725
100853.052189
100856.679654
100861.67128
101472.878741
)
;
    }
    procBoundary3to2
    {
        type            processor;
        value           nonuniform List<scalar> 
41
(
101066.969277
101080.154845
101088.411798
101092.049484
101101.990838
101135.662334
101189.384277
101235.978146
101273.915861
101305.625137
101323.980887
101328.007659
101330.020667
101329.24873
101312.93204
101276.593209
101276.279578
101293.2178
101363.21082
101439.384116
101469.329029
101470.263595
101471.04139
101471.696342
101472.251412
101472.721617
101473.116932
101473.444856
101473.712921
101473.928467
101474.098212
101474.228108
101474.323496
101474.389533
101474.432043
101474.457464
101474.459064
101464.599992
101468.11607
101469.779629
101469.779629
)
;
    }
}


// ************************************************************************* //
