/*--------------------------------*- C++ -*----------------------------------*\
| =========                 |                                                 |
| \\      /  F ield         | OpenFOAM: The Open Source CFD Toolbox           |
|  \\    /   O peration     | Version:  2312                                  |
|   \\  /    A nd           | Website:  www.openfoam.com                      |
|    \\/     M anipulation  |                                                 |
\*---------------------------------------------------------------------------*/
FoamFile
{
    version     2.0;
    format      ascii;
    arch        "LSB;label=32;scalar=64";
    class       volScalarField;
    location    "0.695/water";
    object      km;
}
// * * * * * * * * * * * * * * * * * * * * * * * * * * * * * * * * * * * * * //

dimensions      [0 2 -2 0 0 0 0];

internalField   nonuniform List<scalar> 
1497
(
0.0953926722674
0.0666675224703
0.0453636109948
0.0302961251113
0.0199852595507
0.0132460939795
0.00884349001098
0.00573705019734
0.00351400686296
0.00210559263281
0.0013635530655
0.00105143850139
0.00100571429405
2.49366153628
1.14711506969
0.595571582938
0.356088688297
0.239740859988
0.174383870671
0.131404020277
0.0988001909973
0.0712791903284
0.0494364706648
0.0334841757081
0.0223305693553
0.0149250430978
0.0100199325371
0.00654213625632
0.00403217837199
0.00240575291092
0.00151652436341
0.00112316012889
0.00104416401429
2.24734795923
1.004376057
0.509327824746
0.306350295812
0.212714611758
0.160475455307
0.124783291604
0.0961006207028
0.0708665263498
0.050067532453
0.0343915760211
0.0232353747586
0.0157472713966
0.0107127268421
0.00706797721914
0.00439268869523
0.00263368238226
0.00164969218854
0.00120167097482
0.00110201071759
2.10932979248
0.901739956915
0.434962639613
0.258479574149
0.183359913834
0.142453278719
0.11353967919
0.0889740770849
0.0664702729567
0.047725114055
0.0332427210055
0.0228039966549
0.0157437627055
0.0108980305596
0.00726978330139
0.00455737114837
0.00276189809739
0.00174454989074
0.00127429014296
0.00116927376186
2.16524367742
0.830344547119
0.365960460831
0.213068627968
0.154499962875
0.123015787108
0.0997627801847
0.0789707387875
0.059609402885
0.0433802281216
0.030665924306
0.0214517048973
0.0151664760476
0.0106963345269
0.00719702013232
0.00455391650795
0.00280730398167
0.00180839374824
0.00134202300819
0.00124169086672
2.55536502641
0.817182344101
0.324771116972
0.180971540565
0.129896072597
0.104497875098
0.0853331605627
0.0678401514435
0.0517793298758
0.0381740021684
0.0274800312606
0.0197432137132
0.0143569025493
0.0102799928912
0.00694633278547
0.00445277892273
0.00281588973257
0.00186556477153
0.00141403071811
0.00131760892706
3.48253409809
0.992823372734
0.348213891128
0.17217662633
0.115162986043
0.0898001710603
0.0724713005417
0.0575270510926
0.0442983363
0.0331759549065
0.0245073157825
0.0182273128122
0.0135993760702
0.00978279834281
0.00662803269621
0.00434136704322
0.0028421564178
0.00194462324833
0.00150136256009
0.00139572707023
4.55408476807
1.31236070761
0.442830582328
0.19025363301
0.112217331191
0.0809050188736
0.0629407712666
0.0494798975356
0.0383789873352
0.0293554880953
0.0224327330396
0.0172444656661
0.0130047089399
0.00929140063168
0.00635404294706
0.00429872155685
0.00292997667175
0.00206822183764
0.00161436909472
0.00147804891198
4.99047345274
1.63740971976
0.574865859372
0.232917523461
0.120328244597
0.0782828551523
0.057748654716
0.0446071965821
0.034833453432
0.0273101368037
0.021522296493
0.0167797791473
0.0125211003469
0.00889413560402
0.00621039940538
0.00436719411844
0.00309644597156
0.00224399608354
0.0017565140772
0.00156708501258
4.90442951576
1.79056861118
0.675412527065
0.275439874198
0.134058336135
0.0810863412308
0.0570337970495
0.0432151705849
0.0338712619876
0.0269909457328
0.0214777870866
0.0165564742942
0.0121537197393
0.00867021084846
0.00622053509876
0.0045238884474
0.00330803903056
0.00244672112326
0.00191001454845
0.00165345471316
4.30555625235
1.67008808823
0.671072603227
0.289433427599
0.144578348408
0.0866573841849
0.0597563214772
0.0446467044097
0.0348763173333
0.0277626714948
0.0218545553956
0.0165259109929
0.0119879530763
0.00863047026121
0.00632214532026
0.00470423053161
0.00353013422874
0.00265539085943
0.00206583545085
0.00174155785147
3.35057262949
1.35549677128
0.584888834382
0.276200388459
0.14870748291
0.0921591413537
0.0638803168392
0.047532701667
0.0369913611526
0.0292421413545
0.0226606200753
0.0167891881569
0.0120310363242
0.00867448003716
0.00640074744867
0.00488020511275
0.00375075447153
0.00286247517333
0.00222185944378
0.00183671289532
2.46533793679
1.05775958974
0.500927746478
0.262050585241
0.151673178372
0.0970730416135
0.0681792439933
0.0511996777246
0.0400598701024
0.0315714747791
0.0240179853249
0.0172693030342
0.0120763668176
0.00860846072026
0.00645441817743
0.00504090956106
0.00395395421041
0.00305478460095
0.00236963281377
0.00193968119838
1.87621548794
0.886684571331
0.463634268597
0.262833868955
0.157222844005
0.101680855163
0.072618023906
0.055807510989
0.0443742022541
0.0348006038024
0.0256419876526
0.0175991412679
0.0118751608189
0.00845817386254
0.00648676094547
0.00517720232192
0.0041399791427
0.00323530657508
0.00251126745743
0.00205324619295
1.58642024698
0.829223160887
0.466321586107
0.268133823444
0.157639819813
0.10380643453
0.0765665524071
0.0606586373369
0.0489901545045
0.0378257443928
0.0264817567219
0.0172149026604
0.011469852663
0.00832063458717
0.00651472239552
0.00531319674556
0.00433304584032
0.00342764353549
0.00266717983496
0.00220162687837
1.54344105889
0.841063073341
0.471128512537
0.251787660056
0.14337102241
0.0962944858714
0.0744771016095
0.0612208038194
0.0498678939825
0.0377306806733
0.0255067119324
0.0163528668354
0.0110636527655
0.00821648124234
0.00658319415716
0.00550054450172
0.00458156360674
0.00367403176219
0.00286996728985
0.00239836359353
1.59708738751
0.900608467716
0.486130897974
0.226708668475
0.11824262523
0.0799612802974
0.0642132943033
0.0544445514352
0.0450742045509
0.0343884588078
0.0233315043167
0.0151947427485
0.0106190158345
0.00816362162598
0.00674322068059
0.00579688102866
0.00494215372358
0.00402450110501
0.00317059665505
0.0025753194897
1.75489519557
1.02939836261
0.580422907215
0.23342152659
0.105242430827
0.0668212823885
0.0525811386107
0.0445308396612
0.0372464628558
0.0289493451821
0.0202526375262
0.013820563463
0.0101896065031
0.00820347037292
0.00703663822416
0.00623079439024
0.00544132265825
0.004499505154
0.00357336450964
0.00268199111133
2.38876500761
1.25589853745
0.759459241862
0.325818372751
0.133650312242
0.0722496721056
0.0487847601834
0.03747860328
0.0301715778945
0.02363553446
0.0173374171227
0.0126450373717
0.00991642268728
0.0083721874254
0.00745500811104
0.00678634586606
0.00606873705035
0.00509552895579
0.00390518131465
0.00270846925764
3.77336335269
1.53642228125
0.888353645481
0.499398083444
0.236771184429
0.115495782098
0.0659620784157
0.0419489003366
0.0291264464368
0.0212679496867
0.0156918251684
0.011975671076
0.00985721612023
0.00866427141987
0.00794545246054
0.00742151856773
0.00679262946511
0.0056879250006
0.0040724465196
0.00264839047309
4.63945904877
1.85598169162
1.01833553703
0.639770395631
0.387890744675
0.214205381672
0.111074848594
0.0632706770001
0.0375586740416
0.0234064141752
0.0157852706119
0.0119027487674
0.00999839688171
0.00900348309855
0.00845647969821
0.00809074248872
0.00748102888466
0.00598343375136
0.00408443265167
0.00251710223518
4.71876919767
2.04548556901
1.10514948193
0.709709256133
0.473635173851
0.308744486038
0.1873266615
0.102122241994
0.0560841027582
0.0306102140778
0.0177591541433
0.012334754661
0.0102274085971
0.00932853793022
0.00893138507659
0.00860144174956
0.0077398088656
0.00603550604006
0.0039629584208
0.0023673108539
4.42858034601
2.05031764938
1.12037196384
0.723580117802
0.504290177372
0.355659822818
0.243496180711
0.15392932104
0.0831657666267
0.0416190175878
0.0210356614525
0.0130387547026
0.0104552308789
0.00955933050828
0.00915471402178
0.00860954205377
0.00767767975065
0.00590935238196
0.003753811705
0.00226383837218
4.02102753494
1.92470196544
1.06502150359
0.69065300469
0.493448779999
0.364584546158
0.266803739806
0.185399316222
0.111757741919
0.0527055340183
0.0238655849951
0.0135302825937
0.0105018264249
0.00949615396838
0.00892627078279
0.00831974493472
0.00746221304044
0.00559975164348
0.00355263032869
0.00224926608919
3.67502521344
1.75814015731
0.973479926447
0.633764151838
0.461418485657
0.353046590678
0.270499520401
0.198379827728
0.127722250338
0.0571194699239
0.0243452106576
0.0132893184409
0.0101805806803
0.00910021793251
0.0084830279527
0.00793534888254
0.00704251831113
0.00520206949401
0.0034299363331
0.00232940278525
3.40978613865
1.61028116666
0.886346581746
0.579030201261
0.42906338211
0.338141111209
0.268859356667
0.204957764214
0.137273496724
0.0553605027624
0.0226555930499
0.0124282009843
0.00961634658581
0.0085923351392
0.00800391053806
0.00744926827822
0.00648689086707
0.00484453490099
0.003411445874
0.00249163015027
3.14532629168
1.49103434835
0.820389305039
0.538000104847
0.405175073098
0.327019138786
0.266507976199
0.206831382769
0.140566881572
0.0506831741518
0.0199688732464
0.0113727929649
0.00902355267125
0.00810216884503
0.00752352744178
0.00692192577303
0.00596194823172
0.00462619977665
0.00350039072084
0.00271695152786
2.85598146519
1.38756831576
0.76999105881
0.507492647082
0.387290622806
0.317589104815
0.260099729415
0.199896878061
0.129487659995
0.0427254019722
0.0169689915476
0.0103660646603
0.00849740199661
0.00767669179161
0.00710226420587
0.00648398974101
0.00562101847038
0.00457924285526
0.00368512368654
0.00298822090152
2.59598878859
1.31726004076
0.737938870374
0.492777810762
0.382928526037
0.312319816731
0.251310353509
0.184900602466
0.101509275176
0.032941335508
0.0142226724468
0.00955131103649
0.00810489154493
0.00738060063362
0.00682887141984
0.00624442593661
0.00551326817395
0.00469585174482
0.00395750297379
0.00328136774419
2.44685899641
1.28432057076
0.735414101241
0.512681725357
0.400714197345
0.311552130508
0.225127062882
0.149811443499
0.0703514277038
0.0244937611237
0.0122356652943
0.00905938460806
0.00792828189823
0.00728161377231
0.00676258797113
0.006232340679
0.00561894006541
0.00495570604626
0.00428792528971
0.0035733981846
2.41080871224
1.3149991115
0.805319478085
0.584938252734
0.459490814366
0.338351496388
0.188056893126
0.105462301477
0.0475695204899
0.0191458785451
0.0112858384403
0.00899487655379
0.00802394659375
0.00740587018556
0.00690381712247
0.0064180485025
0.00589181281258
0.00531875811988
0.00465015628485
0.00386690410563
2.40125756012
1.37207757917
0.903876071106
0.674896045105
0.532861608612
0.383562944655
0.166034016166
0.0806326184935
0.0364756104838
0.0176461627681
0.0116193433057
0.00945700776636
0.00841545263963
0.00774395379377
0.00722500635143
0.00675940420542
0.00628716117628
0.00575926611321
0.00505301525319
0.00418465634571
2.40131106599
1.43567380421
0.976211143424
0.745028042359
0.591673291041
0.430862491675
0.177963033649
0.0794871556725
0.03816332876
0.0210051815657
0.0139035398225
0.0108177111442
0.00927634748385
0.00837224703452
0.00775822339724
0.0072701644362
0.00681811712655
0.00629268437516
0.00551091985175
0.00454159838763
2.71813465452
1.46831641485
0.98228970812
0.759894758668
0.60829534754
0.451291268347
0.220074138051
0.106273556377
0.0549006592706
0.0313763666361
0.0199859397205
0.0142603928226
0.011266164335
0.00962594056113
0.00866452514446
0.0080295684832
0.00752474826554
0.00689205452309
0.00596314757112
0.00491165537379
3.81756799885
1.64848694553
0.976935870466
0.740491698875
0.593152864715
0.450147499187
0.265795654608
0.149287205833
0.0856897497609
0.0512901942038
0.0324572453812
0.0217994030335
0.0157164720473
0.0122662254505
0.010330220377
0.0092005901378
0.00835434288327
0.00739052824509
0.00630504679043
0.00524068114068
5.18345549063
1.88926956328
0.994274873845
0.715050165205
0.566446412255
0.439916876535
0.30186011671
0.195650256952
0.124800879582
0.0802889355689
0.0525842485362
0.0351943836675
0.0242148236492
0.0173915755546
0.013321513284
0.0108543212132
0.00911129126519
0.0077163117508
0.00655128045764
0.0055141281454
5.9232262857
2.18526751765
1.07214102386
0.711946796307
0.545206099448
0.427523403607
0.320201210347
0.231441668966
0.162974184381
0.112655256898
0.0776054229667
0.0535818279909
0.0368940595168
0.0253539432437
0.0177168686242
0.0128915666293
0.00992820186025
0.00809743635766
0.00682169214337
0.00576757628784
5.91681678006
2.39283794826
1.16724683568
0.727159073454
0.531381075475
0.412617408484
0.320584511979
0.245970702635
0.186014153442
0.138302162704
0.100637000209
0.0718423885801
0.0500711907894
0.0337921959112
0.0223499715337
0.0151100827298
0.0109537279664
0.00861606087368
0.00713398913748
0.00599406817457
0.00118211445235
0.00160885950128
0.00233471168789
0.00335014648115
0.00456322859283
0.005861812384
0.00686607483948
0.00752528046699
0.00794471361254
0.00855535770034
0.0101715108892
0.013258341629
0.0164027621701
0.0170038393437
0.0146001797706
0.0168236762652
0.0243679306743
0.0248269643353
0.0223157566957
0.0312447621168
0.00121815569269
0.00164538624966
0.00232740351676
0.0032421583434
0.00433582855147
0.00558481035197
0.00688904287413
0.00777371624456
0.00885595596496
0.0114865459582
0.0150170366726
0.0152971917191
0.0135454479704
0.0148038189558
0.0160981060394
0.0176041194857
0.0197828080021
0.0203316435181
0.02581525976
0.0288954345636
0.00128186022451
0.00171990916792
0.00237786805631
0.00322807039816
0.00425057940464
0.0054212751641
0.0066951036415
0.00872100407537
0.0121467570968
0.0124769130624
0.0115134796111
0.0121722796168
0.0147078694136
0.0158609697171
0.0166184340397
0.0178941476812
0.0191096074639
0.0181347785289
0.014427446888
0.0196259171322
0.00136051314701
0.00180904064546
0.00243892479132
0.00321552450298
0.00414553561056
0.00524788964515
0.00697509601082
0.00993235680311
0.00896439451442
0.00851344757121
0.0113783245663
0.0125584327812
0.014197964691
0.0155010982871
0.0162533589349
0.0173291516153
0.0184863470837
0.0171645935065
0.00830163243225
0.0133236337904
0.00144172571711
0.0018871991231
0.00246618775658
0.00313360543672
0.00391902947147
0.00491500252211
0.00655147281847
0.00668605709879
0.00613304133438
0.00969519298426
0.00947593708666
0.00907406253178
0.0120257916434
0.0140779872362
0.0155053245656
0.0167143922912
0.0179351507581
0.0169331897483
0.00790853820605
0.0117152524305
0.00151305685237
0.00192749635867
0.0024217275055
0.00293893915878
0.00349608169638
0.0041334447193
0.00456774775215
0.00389776513013
0.00591024938183
0.0101154529793
0.00720067842987
0.00552595177482
0.00786492988501
0.0123413796111
0.0149533995461
0.0168878021695
0.0184916837988
0.0179230751778
0.00736202503898
0.0107253470757
0.00156254366911
0.00191011874624
0.00228694930692
0.00262580082664
0.00290320193506
0.00307134483433
0.00294127028814
0.00318951796401
0.00559348905993
0.00929926888813
0.00606618787139
0.00470885356046
0.00520172946613
0.00881094101948
0.0137308631842
0.0168771706703
0.0191993662315
0.0188849856267
0.00681587779977
0.00991495743511
0.00158645327463
0.00183479388664
0.00208019721983
0.00225242182341
0.00232301220238
0.00231398970011
0.00233013687483
0.00306290477608
0.00536428190005
0.00799875425061
0.00590121280286
0.00491112151877
0.00508614518171
0.00638078181097
0.00999672922877
0.0148205040604
0.0186945295473
0.018963808357
0.00636094383644
0.0092268207781
0.0015911756973
0.00172962718673
0.00186771082084
0.00194329911061
0.00195180094712
0.00194300112135
0.00212152669357
0.00297715475531
0.00509848880965
0.00743095702286
0.00637134513332
0.00546555753286
0.00547189863018
0.00610586618967
0.00763259049959
0.0111644751073
0.0156643819363
0.0173061089722
0.00600848325677
0.00859977321128
0.00159415098802
0.00164367183764
0.00171184995912
0.00174453129267
0.00174820094707
0.00177886192716
0.0020013987747
0.00281137953125
0.00472976755578
0.00723314584084
0.00715149003317
0.00613821462281
0.00578792605431
0.00590405039102
0.00669633960704
0.00839056891978
0.0114643442961
0.0137811105039
0.0057290230745
0.00804305206456
0.00161368018056
0.00160207339782
0.00162377476373
0.00162616245214
0.0016283129654
0.00168743511718
0.00189669749614
0.00257782488703
0.0042552341816
0.00695415512212
0.00786835294043
0.00678518138374
0.00601081255716
0.00547337745062
0.00548131029576
0.00624046694172
0.00797002386835
0.00950981486254
0.00537799563608
0.00766505668963
0.00165952022653
0.00160799666059
0.00158037569861
0.00153538413703
0.00153255409417
0.00160485494391
0.00178543416541
0.00231323927364
0.00377333666659
0.00651875175464
0.0082196007897
0.00713926893114
0.00606665351022
0.00509220256736
0.0045798508232
0.00464731339768
0.0053632805095
0.00620673665176
0.00503580387369
0.00750350958218
0.00173892288625
0.00164844971961
0.00153500814723
0.00143904446504
0.00143374012722
0.0015100033686
0.00166844961429
0.00209500689372
0.00338934880721
0.00606914444069
0.00809664908449
0.00697953548033
0.00572021627589
0.00464668373063
0.00409622903043
0.0039707190276
0.0041995775882
0.00464975213291
0.00490048251414
0.00749631818499
0.00185647278731
0.00165892058999
0.00144754813663
0.00132928232812
0.0013242490627
0.00140129916537
0.00154904077006
0.00194060774792
0.00317639953674
0.00572628810737
0.0075599440943
0.00631530206811
0.00496528992282
0.00412011576843
0.00375981366913
0.00362639208796
0.00376547732886
0.00411437896338
0.00491841902592
0.00761190147836
0.00195088006898
0.00161668390283
0.0013354968642
0.00120638162331
0.0012073755212
0.00128468722609
0.00143294311666
0.00186036317884
0.00317483263931
0.0054649443979
0.00669544315593
0.00528260787156
0.00405108813857
0.00362493371608
0.00341005384187
0.00333291557752
0.003500877938
0.0039389862822
0.00504237095245
0.00784678137572
0.00198742818328
0.0015256361105
0.00120733749962
0.00108014145996
0.0010908323094
0.00116772396119
0.00133731991919
0.00190851218503
0.00333765433481
0.00510889614501
0.00559678488621
0.00407187904072
0.00327759913662
0.0031467244289
0.0031265334332
0.00310077064219
0.00330146474384
0.00391646799384
0.00524968925522
0.00819382166469
0.0019605597105
0.00140071818125
0.00107838839231
0.000965562618709
0.000984103454849
0.0010612784864
0.00128423719348
0.00206114878046
0.00345770646632
0.00455744585284
0.00438280464876
0.00297282412336
0.00265266056887
0.00280607369539
0.00292606259998
0.00295646312438
0.0032063715438
0.00398909215334
0.00549997456032
0.00860730479781
0.00187824896005
0.00126758885575
0.000963815260905
0.000872621992558
0.000892480047944
0.000980694607912
0.00131898239371
0.00220490555225
0.00335806160788
0.00379037641051
0.00316787101543
0.00219426914704
0.00223434916152
0.00259769336366
0.00282046475411
0.00292226253262
0.00322719054129
0.00414678699856
0.00574822606315
0.00901698017718
0.0017584505934
0.00115152164395
0.000872942898236
0.000802419637917
0.000820526118283
0.000937307786435
0.00137260914046
0.00222026100622
0.00300343400887
0.00290703186118
0.00216599821469
0.00167880086117
0.00200916368678
0.00250555985652
0.00278694736916
0.00298146310102
0.00335714003442
0.00431473872923
0.00589925665374
0.00933672228728
0.00162495025235
0.00105724728692
0.000812194023347
0.000753216261943
0.000775382545141
0.000942959208411
0.00139562891445
0.00207379579408
0.00243412915837
0.00206485927111
0.00145994792148
0.0013749015946
0.00188965424512
0.00245888977981
0.0027737547272
0.00308889209649
0.00357265478358
0.0044185159825
0.00586236093044
0.00947686030301
0.00150833418555
0.00099909881693
0.000786563079271
0.000729298199839
0.000758514193163
0.000941385774088
0.00134190350429
0.00176293825293
0.00180933306833
0.00141994963781
0.00101110849968
0.00115869484397
0.00173087397821
0.00233360629535
0.00271461597126
0.00317682706111
0.00379075692705
0.00445105807047
0.00563440903407
0.00938249631939
0.00144225331285
0.000991711375061
0.000797902352237
0.000737198039894
0.000771748104202
0.000931205533213
0.00122919160743
0.00139535226124
0.00128969964563
0.000954491387339
0.000753388520786
0.000980550342092
0.00145821043009
0.00205842333682
0.00257249633956
0.00319403185458
0.00392511874222
0.00440032500813
0.00521676748716
0.00918398407257
0.00145027079322
0.00104219897178
0.000851378183645
0.00077824406894
0.000788062576726
0.000900111991972
0.00107682355289
0.00107356661836
0.000930137233001
0.000667371054812
0.000610248495032
0.000839229351895
0.00113147882864
0.00167136143175
0.00235916255777
0.0031542458151
0.00399876346106
0.00433992334709
0.00493539882258
0.00899111667301
0.00153775037088
0.00114982777813
0.00094661361327
0.00084801250746
0.000806165894142
0.000866071582677
0.000927646748904
0.000842167872325
0.000677308792429
0.000517192921841
0.000536776664789
0.000725105684599
0.000842790235277
0.00127638601937
0.00212794630697
0.00310316406613
0.00405838610124
0.00428988592637
0.00475406850807
0.00880381098556
0.00169438672393
0.00130698231279
0.00107436060163
0.000920719812012
0.000824253913796
0.000831781905431
0.000808057040039
0.000695592116583
0.000534920023612
0.000448048026106
0.000499473454763
0.000623402175155
0.00061520727723
0.00096956172909
0.00194311423337
0.00308330014716
0.00411933963273
0.00420493771061
0.0045865467069
0.00858792775095
0.00190311291408
0.00149931709914
0.00121438811439
0.000987588476177
0.000849013341704
0.000806006073721
0.000727818446523
0.000595222255726
0.000463582310018
0.00042132168843
0.000474454600869
0.000522232775093
0.00044584498327
0.000779648357991
0.00184199727425
0.00312682137279
0.00417466792346
0.00401979504621
0.0044270905725
0.00833718555277
0.00214418739334
0.00170239595873
0.00133977511818
0.00105160438173
0.000884001996685
0.000793987381838
0.000686027273385
0.000534306974473
0.000432378467355
0.000412234607548
0.000444842084724
0.000419278995197
0.000329588782587
0.000703539709516
0.00183941781129
0.00322466977686
0.00415397582121
0.0037014236195
0.00429069740534
0.00808009131494
0.00239685948038
0.00188777356514
0.00144847296427
0.00112169303719
0.000926818935723
0.00079915500098
0.000658421447506
0.000502519045563
0.000422551672987
0.000405162341901
0.000401375459134
0.000321750621658
0.000269392843928
0.000735336618874
0.00193435943146
0.00328251376951
0.00385346873838
0.0033306463485
0.00422879540351
0.00786163058889
0.00263553727507
0.00204784725158
0.00155424928449
0.00120199838212
0.00097763420398
0.000822216637586
0.000641130228683
0.00049207965035
0.000422308320762
0.000391136154457
0.000344348097538
0.000250682292925
0.00027315739608
0.000880613505186
0.00211984442876
0.00313246291506
0.00307017179643
0.00305729418794
0.00423866295463
0.00769613513721
0.00285238354275
0.00219745370384
0.00167268475501
0.00129213020086
0.00103881497961
0.000850213614979
0.000639236907037
0.000496462414305
0.000424026738146
0.000368377954808
0.000292340900065
0.000230136849891
0.000358824479768
0.00118023768176
0.0022839767004
0.00255404801778
0.00243251521149
0.00292534701814
0.00425011007651
0.00757319689197
0.00306488302352
0.00236373523539
0.00181130512876
0.0013958611298
0.00111095313521
0.000875291417367
0.000652047018919
0.000511737463878
0.000426972373432
0.000348378428415
0.000275455213593
0.000282513521028
0.000599513705797
0.00161487189976
0.00181905719482
0.00182618731042
0.00211788375643
0.00283249687531
0.00423659731558
0.00749468379842
0.00330826924982
0.00256890427918
0.00197763745215
0.00151824093129
0.00118964833636
0.000907994430575
0.000679628702698
0.000537739610338
0.000439313060611
0.000356177272415
0.000328042138642
0.000477376711519
0.00105101053236
0.00126209565235
0.00124960557185
0.00152182829003
0.00198426194605
0.00272950291171
0.00418927190563
0.00744960855387
0.00360540922921
0.00282461832818
0.00217790717289
0.00165916412947
0.00126835808799
0.000954439382027
0.000723915939524
0.000579783609213
0.00047949872804
0.000428997804682
0.000521198766108
0.000873922779617
0.000938953418326
0.00084525742391
0.000984360825431
0.00141195723102
0.00191894264142
0.00263116813624
0.00414174365123
0.00744621209583
0.00394377529091
0.00312182294373
0.00240900658777
0.00181266163748
0.00135984872086
0.00102268593677
0.000792977223647
0.000648931847149
0.000575311593447
0.000627793773763
0.000896736374921
0.00085540277347
0.000718667975693
0.000635097129728
0.000893385815689
0.00138838417825
0.00188787079965
0.00258190043137
0.00416081351893
0.00753311978455
0.00428098355404
0.0034299385054
0.00265416897472
0.00197874261997
0.00147009489973
0.00112054493505
0.000898758981858
0.000764555415172
0.000768643522644
0.000993160274478
0.000978605397839
0.000742929939149
0.00059118627562
0.000573643369871
0.000890007587595
0.00141257021829
0.00192793383178
0.00262761840035
0.00430223455326
0.00774741821706
0.0045769976793
0.00370991229804
0.00288426599305
0.00214752673773
0.00160056763885
0.00126024352986
0.00106341380057
0.000962367167177
0.00111212067435
0.00127425721755
0.000883225418124
0.000709567823826
0.000536687962008
0.000588804402155
0.000939951468411
0.00147980911364
0.00203822922458
0.00276460480374
0.00452670989155
0.00795621548666
0.0048205635038
0.00392889167564
0.00306995062615
0.00230485392383
0.00175853284988
0.00147411665155
0.0013423068222
0.00130786277583
0.00156594421464
0.00122004540163
0.000848023727373
0.000658060649225
0.00052159053719
0.000640209119722
0.00102713228871
0.00158984951406
0.00220390649932
0.00297953716491
0.00474621673519
0.00802969776677
0.00499857309254
0.00407320353117
0.00320216327792
0.00245798672554
)
;

boundaryField
{
    emptyPatch
    {
        type            empty;
    }
    minY
    {
        type            fixedValue;
        value           nonuniform List<scalar> 0();
    }
    maxY
    {
        type            inletOutlet;
        inletValue      nonuniform List<scalar> 0();
        value           nonuniform List<scalar> 0();
    }
    maxX
    {
        type            kqRWallFunction;
        value           nonuniform List<scalar> 
37
(
0.0312447621168
0.0288954345636
0.0196259171322
0.0133236337904
0.0117152524305
0.0107253470757
0.00991495743511
0.0092268207781
0.00859977321128
0.00804305206456
0.00766505668963
0.00750350958218
0.00749631818499
0.00761190147836
0.00784678137572
0.00819382166469
0.00860730479781
0.00901698017718
0.00933672228728
0.00947686030301
0.00938249631939
0.00918398407257
0.00899111667301
0.00880381098556
0.00858792775095
0.00833718555277
0.00808009131494
0.00786163058889
0.00769613513721
0.00757319689197
0.00749468379842
0.00744960855387
0.00744621209583
0.00753311978455
0.00774741821706
0.00795621548666
0.00802969776677
)
;
    }
    water_to_heater
    {
        type            kqRWallFunction;
        value           nonuniform List<scalar> 
60
(
2.49366153628
2.49366153628
2.24734795923
2.24734795923
2.10932979248
2.10932979248
2.16524367742
2.55536502641
3.48253409809
3.48253409809
4.55408476807
4.55408476807
4.99047345274
4.99047345274
4.90442951576
4.30555625235
3.35057262949
3.35057262949
2.46533793679
2.46533793679
1.87621548794
1.87621548794
1.58642024698
1.54344105889
1.59708738751
1.59708738751
1.75489519557
1.75489519557
2.38876500761
2.38876500761
3.77336335269
4.63945904877
4.71876919767
4.71876919767
4.42858034601
4.42858034601
4.02102753494
4.02102753494
3.67502521344
3.40978613865
3.14532629168
3.14532629168
2.85598146519
2.85598146519
2.59598878859
2.59598878859
2.44685899641
2.41080871224
2.40125756012
2.40125756012
2.40131106599
2.40131106599
2.71813465452
2.71813465452
3.81756799885
5.18345549063
5.9232262857
5.9232262857
5.91681678006
5.91681678006
)
;
    }
    procBoundary1to0
    {
        type            processor;
        value           nonuniform List<scalar> 
41
(
5.50369534549
2.3950139041
1.1986817691
0.725476424548
0.510349211108
0.388763644212
0.304399837352
0.239262792463
0.186919362762
0.144208176667
0.108974662993
0.0799361405459
0.0563134118698
0.0378546910929
0.0246325698742
0.0162874776399
0.0116003070021
0.00898758246656
0.00734908636169
0.00612519891279
0.00198304508798
0.00185461811491
0.00187643737195
0.0018637534981
0.00169304519798
0.00117795287993
0.00081421723991
0.000587517876425
0.000528707194148
0.000722127190286
0.00115890089262
0.00177392291682
0.00247998518553
0.00329597673833
0.00495625413385
0.00808469734269
0.00508590348347
0.00414957886858
0.00331071955526
0.00198304508798
0.00266536693852
)
;
    }
    procBoundary1to3
    {
        type            processor;
        value           nonuniform List<scalar> 
41
(
0.085335093003
0.0573975386022
0.0382892552892
0.0252596393706
0.0165930040973
0.0110327378761
0.0074150890851
0.00481440331139
0.00294760842523
0.00180446226887
0.00123368361988
0.00101136572383
0.00100338472991
2.8335599981
1.32461102589
0.691081419952
0.404096841616
0.260711141614
0.181086950842
0.13112592171
0.13112592171
0.00118933516822
0.00163421060278
0.0024539826751
0.00366987012115
0.00507643391874
0.0061488532275
0.00684738213177
0.00733380136932
0.00765064506146
0.00774669063595
0.00787509858273
0.00854884657976
0.0101596373425
0.0129540165852
0.0162122735873
0.0194745939057
0.0232762727865
0.022773662758
0.0199663330097
0.027760638218
)
;
    }
}


// ************************************************************************* //
