/*--------------------------------*- C++ -*----------------------------------*\
| =========                 |                                                 |
| \\      /  F ield         | OpenFOAM: The Open Source CFD Toolbox           |
|  \\    /   O peration     | Version:  2312                                  |
|   \\  /    A nd           | Website:  www.openfoam.com                      |
|    \\/     M anipulation  |                                                 |
\*---------------------------------------------------------------------------*/
FoamFile
{
    version     2.0;
    format      ascii;
    arch        "LSB;label=32;scalar=64";
    class       surfaceScalarField;
    location    "0.985/water";
    object      phi;
}
// * * * * * * * * * * * * * * * * * * * * * * * * * * * * * * * * * * * * * //

dimensions      [0 3 -1 0 0 0 0];

oriented        oriented;

internalField   nonuniform List<scalar> 
2929
(
1.72276338274e-07
5.11139091417e-07
1.39174458236e-07
4.40449109973e-07
1.04447849178e-07
4.69350800065e-07
6.88507972688e-08
4.98724897522e-07
4.08731410137e-08
5.13144119756e-07
1.92801986551e-08
5.19253399999e-07
1.04932750172e-09
5.25698594352e-07
-1.46155910295e-08
5.3136378467e-07
-2.64132536038e-08
5.3140824525e-07
-3.480928562e-08
5.27533104004e-07
-4.03231836413e-08
5.22892356568e-07
-4.16097950913e-08
5.18393118856e-07
-3.80886614508e-08
5.133007187e-07
-3.16799541805e-08
5.10425069371e-07
-2.71528104184e-08
5.14502463792e-07
-3.10753709884e-08
5.26125763738e-07
-3.80352886577e-08
5.15660244923e-07
-6.23125054164e-08
4.80490244769e-07
-8.32912033587e-08
3.96858762283e-07
3.31796875692e-07
-8.74354706099e-08
1.54360893803e-07
5.07928266413e-07
9.42317039427e-08
4.8745664472e-07
3.2261923432e-08
5.26907601557e-07
-2.66102170001e-08
5.56458029843e-07
-6.33919407482e-08
5.49751479633e-07
-8.5484183139e-08
5.41294260529e-07
-1.00158894464e-07
5.40330738713e-07
-1.08400393106e-07
5.39556429118e-07
-1.10793346164e-07
5.33749737212e-07
-1.09228998554e-07
5.25914033078e-07
-1.06077552423e-07
5.19683352387e-07
-1.01357779432e-07
5.13611687958e-07
-9.43479479158e-08
5.06222998718e-07
-8.37222748786e-08
4.99722693921e-07
-7.1711373923e-08
5.02400370458e-07
-6.42663906646e-08
5.18574338011e-07
-6.209785647e-08
5.13372973485e-07
-7.00428812089e-08
4.88308791208e-07
-8.71831779233e-08
4.13910682692e-07
3.39994195226e-07
-9.54044794505e-08
1.26643758985e-07
5.34801666028e-07
2.86949689987e-08
5.74591993405e-07
-6.57698662354e-08
6.1872022764e-07
-1.47234088361e-07
6.37951529625e-07
-1.93025765965e-07
5.95657849847e-07
-2.13445009157e-07
5.61740274439e-07
-2.16477363985e-07
5.43352424825e-07
-2.08775271924e-07
5.31824610249e-07
-1.96419996161e-07
5.21353869739e-07
-1.82585359065e-07
5.1203307988e-07
-1.69267992239e-07
5.06315523138e-07
-1.57234566306e-07
5.01523067997e-07
-1.45291002495e-07
4.94218677323e-07
-1.3148685753e-07
4.8585087028e-07
-1.13827223192e-07
4.84660144486e-07
-9.48025932429e-08
4.9944745151e-07
-8.48199756454e-08
5.03277364345e-07
-7.88280084841e-08
4.82194968853e-07
-8.82358871023e-08
4.23213700345e-07
3.5000296135e-07
-9.82861272454e-08
1.10990698675e-07
5.83750740339e-07
-1.39941349793e-08
6.9250989772e-07
-1.04785535312e-07
7.12774083775e-07
-1.85694164684e-07
7.21198323612e-07
-2.45174983259e-07
6.55829347349e-07
-2.76452652919e-07
5.93170529134e-07
-2.78890919751e-07
5.45819609368e-07
-2.64135081178e-07
5.17062072118e-07
-2.435203305e-07
5.00715990756e-07
-2.21912882701e-07
4.90393748685e-07
-2.01460120285e-07
4.85825708362e-07
-1.83545130854e-07
4.83565438801e-07
-1.67782851654e-07
4.78407476334e-07
-1.52585434926e-07
4.70597994388e-07
-1.34170666649e-07
4.66181384329e-07
-1.09449834309e-07
4.74645012117e-07
-9.27186629365e-08
4.86450698868e-07
-8.17274579066e-08
4.71095527812e-07
-8.49630569611e-08
4.2635073607e-07
3.59167588669e-07
-9.41827826329e-08
1.47655610935e-07
5.87853556999e-07
6.96818473864e-08
7.56067748923e-07
-8.68178943625e-09
7.88521494464e-07
-7.9963293089e-08
7.92618946457e-07
-1.59553380636e-07
7.35941559724e-07
-2.14984808373e-07
6.48937356409e-07
-2.33453062592e-07
5.64380761584e-07
-2.28600557864e-07
5.12229057362e-07
-2.13861783264e-07
4.85973395144e-07
-1.95951596787e-07
4.724690916e-07
-1.77185356885e-07
4.67038978002e-07
-1.60780087813e-07
4.67133400612e-07
-1.47134487119e-07
4.64728218154e-07
-1.35102215093e-07
4.58525030131e-07
-1.223569606e-07
4.53389110402e-07
-1.02414156352e-07
4.54643005075e-07
-8.29183315408e-08
4.66877186627e-07
-7.30163508443e-08
4.61109400323e-07
-7.42927178961e-08
4.2753681641e-07
3.67676845208e-07
-8.28640263967e-08
1.88673257231e-07
5.34013486624e-07
2.12257426632e-07
7.10286935919e-07
2.15945101717e-07
7.74938410869e-07
1.93226471889e-07
8.12109076188e-07
1.06491544726e-07
8.21866268377e-07
-4.51909751892e-08
8.00519693384e-07
-9.59348209515e-08
6.15174329084e-07
-1.14817319435e-07
5.31141645005e-07
-1.17017307915e-07
4.88180889761e-07
-1.12646396441e-07
4.6809376259e-07
-1.04948045346e-07
4.59330123364e-07
-9.73238147366e-08
4.59493356139e-07
-9.14859128668e-08
4.58868439894e-07
-8.68348506728e-08
4.53845588931e-07
-8.27486490306e-08
4.49268532869e-07
-7.44346144633e-08
4.4628761442e-07
-5.94824621045e-08
4.51866239065e-07
-5.34542597251e-08
4.55006536812e-07
-5.6417599967e-08
4.30422742489e-07
3.77602709905e-07
-6.64054121682e-08
1.76511194536e-07
4.94001669406e-07
1.87365403867e-07
6.7783383348e-07
1.92843044296e-07
7.59251128672e-07
1.90103665153e-07
8.10881887082e-07
1.65585531218e-07
8.45054035583e-07
1.18952102829e-07
8.46786887992e-07
3.80216299362e-08
6.96038140044e-07
6.62549226112e-09
5.6252501045e-07
-7.50734246832e-09
5.02308258098e-07
-1.46429417463e-08
4.75222160064e-07
-1.83523903603e-08
4.63030086664e-07
-2.06469410574e-08
4.61775670131e-07
-2.34855825225e-08
4.61690978363e-07
-2.67539494625e-08
4.57093566049e-07
-3.03836630398e-08
4.52873446735e-07
-3.30416245919e-08
4.48915297695e-07
-2.83546853659e-08
4.47137989583e-07
-2.67651231169e-08
4.53361008635e-07
-3.3838593641e-08
4.37432358006e-07
3.9076712434e-07
-4.70607454415e-08
1.63143371072e-07
4.68360938532e-07
1.68888334249e-07
6.51718080508e-07
1.80269633263e-07
7.38137328155e-07
1.91596017181e-07
7.95373873375e-07
1.94966901521e-07
8.40068524951e-07
1.8613536694e-07
8.5506997463e-07
1.17012997975e-07
7.65017796799e-07
9.3560448505e-08
5.85935857881e-07
7.82759214959e-08
5.17574665992e-07
6.68175931797e-08
4.86668287879e-07
5.70714137409e-08
4.72765362244e-07
4.81567224859e-08
4.70678877178e-07
3.93716448606e-08
4.70462345804e-07
3.04159614192e-08
4.66033273271e-07
2.12429512688e-08
4.62025920379e-07
1.15879914779e-08
4.58546714924e-07
5.90291519207e-09
4.52791895305e-07
1.94950687875e-09
4.57270127796e-07
-1.00762371017e-08
4.494042854e-07
4.07624404337e-07
-2.69859537508e-08
1.49578918182e-07
4.5937750133e-07
1.43088368177e-07
6.39878932534e-07
1.44017908879e-07
7.28666301614e-07
1.46071437181e-07
7.89674681954e-07
1.43827168415e-07
8.40909007056e-07
1.35258109918e-07
8.63165254483e-07
1.5828690992e-07
7.41837764855e-07
1.49377248437e-07
5.94786203511e-07
1.37723250188e-07
5.2920071865e-07
1.26101564867e-07
4.98272137021e-07
1.1429749871e-07
4.84555391446e-07
1.01872472359e-07
4.83090694466e-07
8.97856871428e-08
4.82536409151e-07
7.76445826479e-08
4.78157848771e-07
6.51776666812e-08
4.74476466932e-07
5.18569628367e-08
4.71846199382e-07
3.90389757512e-08
4.65583719634e-07
2.85412307256e-08
4.67733585073e-07
1.22952863321e-08
4.65604309818e-07
4.27748654084e-07
-7.87613889916e-09
1.41481408833e-07
4.58124666153e-07
1.28217867588e-07
6.35841233025e-07
1.22532795025e-07
7.26592930918e-07
1.20426124456e-07
7.88581663058e-07
1.20282394597e-07
8.39852397904e-07
1.31096422558e-07
8.51946742303e-07
1.80186059953e-07
6.92607572144e-07
1.84345912029e-07
5.90563082221e-07
1.78118979618e-07
5.35395133775e-07
1.6838516042e-07
5.07985578817e-07
1.55995492214e-07
4.96929997912e-07
1.41701119921e-07
4.97372693606e-07
1.27800087173e-07
4.96421631443e-07
1.1381900849e-07
4.9212509466e-07
9.95187890304e-08
4.88760829313e-07
8.43160894039e-08
4.8703196662e-07
6.77474266235e-08
4.82136556519e-07
5.14644041533e-08
4.83986992118e-07
3.17291907529e-08
4.85299398286e-07
4.50714439404e-07
8.72102098366e-09
1.36582692462e-07
4.64167054081e-07
1.17393644238e-07
6.39860139973e-07
1.05269943595e-07
7.32761348735e-07
9.91066715879e-08
7.92709666529e-07
1.03119169903e-07
8.35237785222e-07
1.59029109308e-07
7.95858003031e-07
1.96503935404e-07
6.55022205542e-07
2.07453979744e-07
5.79551840872e-07
2.05775137859e-07
5.37039602114e-07
1.97962429191e-07
5.1577610587e-07
1.84721260381e-07
5.10154756558e-07
1.69766002949e-07
5.12310826166e-07
1.55083071065e-07
5.11092174572e-07
1.40245853078e-07
5.06949042687e-07
1.24965898918e-07
5.04029963766e-07
1.08814703583e-07
5.03169801012e-07
9.0613610363e-08
5.00313710423e-07
7.04769396685e-08
5.04096752965e-07
4.77964132153e-08
5.07945033883e-07
4.76386425842e-07
2.20864599347e-08
1.24280247829e-07
4.82397249308e-07
9.3631221544e-08
6.57525219283e-07
7.11749896521e-08
7.5107224014e-07
5.995012967e-08
8.0291060972e-07
7.85655709664e-08
8.16387546941e-07
1.80084028829e-07
6.94174426364e-07
2.14656010016e-07
6.20338008373e-07
2.26549542738e-07
5.67594870345e-07
2.26183962693e-07
5.37368822838e-07
2.18103042751e-07
5.23833088641e-07
2.03608650848e-07
5.24630404207e-07
1.88664045071e-07
5.2724252913e-07
1.73851962024e-07
5.25887550525e-07
1.5873839858e-07
5.22049295986e-07
1.4314543523e-07
5.19607215198e-07
1.26719006536e-07
5.19578296659e-07
1.08148556448e-07
5.1887343122e-07
8.60813310786e-08
5.26138597583e-07
6.12683061836e-08
5.32727247945e-07
5.0479105769e-07
3.28294894686e-08
1.13406690254e-07
5.14623352898e-07
7.23120320246e-08
6.89594172114e-07
4.83392634512e-08
7.73778624027e-07
5.15113075356e-08
7.99913520882e-07
1.54734147939e-07
7.1304188712e-07
2.04683430475e-07
6.44018917369e-07
2.32610075693e-07
5.92283195035e-07
2.42470218022e-07
5.57665958174e-07
2.41066575162e-07
5.38734888289e-07
2.30402047526e-07
5.344737473e-07
2.15497019289e-07
5.39519290241e-07
2.00764020225e-07
5.41955179125e-07
1.86073994036e-07
5.40563260259e-07
1.7104033625e-07
5.37067667784e-07
1.55561304136e-07
5.35072101016e-07
1.39450190042e-07
5.35679055194e-07
1.21030155768e-07
5.37272296626e-07
9.86099383848e-08
5.48540891654e-07
7.27813125566e-08
5.58529087264e-07
5.35743168574e-07
4.17983091171e-08
9.87372584068e-08
5.62018259222e-07
5.07797538318e-08
7.32783482732e-07
4.22255605925e-08
7.83870692298e-07
1.26172108815e-07
7.16074668915e-07
1.88013117447e-07
6.50731264781e-07
2.26916419905e-07
6.04795630715e-07
2.47689430276e-07
5.71346706653e-07
2.54323031835e-07
5.50954601166e-07
2.49722483779e-07
5.43295792435e-07
2.36096606482e-07
5.48074738723e-07
2.21405700002e-07
5.54184260313e-07
2.06927385209e-07
5.56416875486e-07
1.92492011337e-07
5.5497887152e-07
1.7767438606e-07
5.51868109467e-07
1.62550837232e-07
5.50182234813e-07
1.47140673917e-07
5.5107664852e-07
1.29562809242e-07
5.54851443572e-07
1.0821336661e-07
5.69871208412e-07
8.27100344155e-08
5.8400753601e-07
5.68708877535e-07
4.97150255264e-08
9.36258120327e-08
6.16462290653e-07
5.16813856327e-08
7.70887153847e-07
1.17192198703e-07
7.17896163107e-07
1.75025575859e-07
6.56831679075e-07
2.15296038701e-07
6.09517582013e-07
2.43430915229e-07
5.76191654068e-07
2.5804925144e-07
5.56525101392e-07
2.60195834271e-07
5.48721008719e-07
2.50159238494e-07
5.53290151618e-07
2.35457372218e-07
5.62743565628e-07
2.20935624291e-07
5.68687473082e-07
2.06769318117e-07
5.70560825882e-07
1.92584091519e-07
5.69147959128e-07
1.78047278112e-07
5.66394031157e-07
1.63368358552e-07
5.64853503097e-07
1.48823796519e-07
5.65625607171e-07
1.32494190216e-07
5.71165417579e-07
1.13385055381e-07
5.88964410364e-07
8.96829592893e-08
6.07686745096e-07
6.01809342029e-07
5.65540622958e-08
1.02103069332e-07
6.60559557381e-07
1.33320122124e-07
7.31267658228e-07
1.73871743918e-07
6.72148808726e-07
2.09002653263e-07
6.18727885333e-07
2.37931579877e-07
5.79160782763e-07
2.56871171858e-07
5.5665757011e-07
2.64144074629e-07
5.49022708295e-07
2.58025452012e-07
5.54748814479e-07
2.43482340894e-07
5.67784271553e-07
2.28338717688e-07
5.77863186183e-07
2.13794058944e-07
5.83206708741e-07
1.99683701579e-07
5.84654295908e-07
1.85568202705e-07
5.83249608382e-07
1.71128639129e-07
5.80822640292e-07
1.56793043018e-07
5.79189658032e-07
1.4299800742e-07
5.79412323326e-07
1.28262714757e-07
5.85903666774e-07
1.11858161836e-07
6.05352837328e-07
9.08381609188e-08
6.28684667772e-07
6.32098760107e-07
6.0520703502e-08
1.33475930397e-07
6.70431402241e-07
1.7338044524e-07
6.74849586378e-07
2.05082400977e-07
6.31463526114e-07
2.33271385311e-07
5.86279351286e-07
2.53582472082e-07
5.57082007752e-07
2.63526613207e-07
5.46053437666e-07
2.60087165624e-07
5.52228353121e-07
2.45602393311e-07
5.69139119823e-07
2.29101987891e-07
5.84245737809e-07
2.13414404211e-07
5.935190954e-07
1.98627210993e-07
5.97976092834e-07
1.8440008964e-07
5.98865499021e-07
1.7009367134e-07
5.97544881258e-07
1.55620806493e-07
5.95298312366e-07
1.41412429883e-07
5.93394361818e-07
1.28122245749e-07
5.92712465452e-07
1.15078800427e-07
5.98935282126e-07
1.01945218723e-07
6.1847228264e-07
8.43482626531e-08
6.46261070629e-07
6.5792692935e-07
5.84933414482e-08
1.5105996374e-07
6.60891150629e-07
1.84328745529e-07
6.20985892304e-07
2.17479788133e-07
5.87521430835e-07
2.42384951266e-07
5.56632493542e-07
2.55333893217e-07
5.42314478321e-07
2.5395445864e-07
5.46805678857e-07
2.39440003917e-07
5.66524184246e-07
2.21167532332e-07
5.87329593296e-07
2.03811652491e-07
6.01554600222e-07
1.87790508619e-07
6.09518670486e-07
1.72976504573e-07
6.12771561119e-07
1.58642126806e-07
6.13188027801e-07
1.44268901893e-07
6.11920457688e-07
1.29767657953e-07
6.09795787939e-07
1.15714607828e-07
6.07457091858e-07
1.02797932825e-07
6.05622425969e-07
9.16363793209e-08
6.10099240839e-07
8.26511231687e-08
6.27443967088e-07
6.97088886657e-08
6.59183778894e-07
6.78992101659e-07
4.8618130718e-08
1.39534673299e-07
6.65451589371e-07
1.77642953445e-07
5.62878107204e-07
2.11593965276e-07
5.4327393558e-07
2.31859356527e-07
5.3209368071e-07
2.34270592964e-07
5.38364000841e-07
2.20653412563e-07
5.5990600392e-07
2.00940431069e-07
5.86052999596e-07
1.81841328721e-07
6.0634949169e-07
1.64293830869e-07
6.19072318117e-07
1.48644319631e-07
6.25146569117e-07
1.34155920284e-07
6.27249337094e-07
1.20125309045e-07
6.27221826978e-07
1.05961140714e-07
6.26083333385e-07
9.180130574e-08
6.23970540474e-07
7.81754389077e-08
6.21081207545e-07
6.58837556756e-08
6.17928321855e-07
5.70999126321e-08
6.18876435453e-07
5.30178375539e-08
6.31513340411e-07
4.6919505171e-08
6.65263301379e-07
6.93523436945e-07
3.23637507421e-08
1.3680352697e-07
6.66536141631e-07
1.67538455033e-07
5.14776932008e-07
1.90945689019e-07
5.11834833509e-07
1.97307215972e-07
5.22669694576e-07
1.85907041143e-07
5.48678612866e-07
1.65802741925e-07
5.79626334375e-07
1.45344270478e-07
6.06374142695e-07
1.26053903375e-07
6.25596546534e-07
1.09124224756e-07
6.35978793702e-07
9.41675180404e-08
6.40095481178e-07
8.05043855775e-08
6.40917906743e-07
6.71315692867e-08
6.40595546051e-07
5.37097947491e-08
6.39523982213e-07
4.02929619722e-08
6.37391375388e-07
2.75341124436e-08
6.33861417481e-07
1.67698439967e-08
6.28688229523e-07
1.0901979636e-08
6.24737382168e-07
1.17074034734e-08
6.30695765307e-07
1.57494500897e-08
6.61203070754e-07
6.96963935743e-07
1.22861116428e-08
1.59300995663e-07
6.58359965632e-07
1.62767970658e-07
4.96541436816e-07
1.58841098382e-07
5.09792206883e-07
1.43749034806e-07
5.35586113587e-07
1.20932000455e-07
5.70745543022e-07
9.76486886352e-08
6.02677934927e-07
7.51547286959e-08
6.28806423263e-07
5.50473649263e-08
6.45686287575e-07
3.77712098373e-08
6.53252662459e-07
2.32534091538e-08
6.54624052568e-07
1.03398966329e-08
6.53839503076e-07
-1.6940199493e-09
6.52662559711e-07
-1.41934769754e-08
6.5202803576e-07
-2.58984306659e-08
6.49114726128e-07
-3.57961298938e-08
6.43749083468e-07
-4.29357562865e-08
6.35819530092e-07
-4.58654863733e-08
6.27657046477e-07
-4.1090793736e-08
6.25907697631e-07
-2.64949736309e-08
6.46588970624e-07
6.86182240985e-07
-1.57357600461e-08
1.72510340873e-07
6.42399375962e-07
1.36170853982e-07
5.19343464372e-07
9.83092403386e-08
5.42645826278e-07
6.07864824629e-08
5.71528361739e-07
2.9773253123e-08
6.01335621212e-07
2.03559416082e-09
6.30330732482e-07
-2.31019081477e-08
6.53945510135e-07
-4.45428710857e-08
6.67138496638e-07
-6.12394035296e-08
6.69969063994e-07
-7.36320712304e-08
6.67034192299e-07
-8.35726624612e-08
6.63815197894e-07
-9.25798689622e-08
6.6165426751e-07
-9.97481921072e-08
6.59194517225e-07
-1.0495887432e-07
6.54311141373e-07
-1.07864199984e-07
6.46649593058e-07
-1.08653504841e-07
6.36601111298e-07
-1.07333373257e-07
6.26326753968e-07
-9.93749007523e-08
6.17936718263e-07
-7.78223868485e-08
6.25019626612e-07
6.60195344639e-07
-5.18563930473e-08
1.54862734169e-07
6.39766990025e-07
7.65741993388e-08
5.84743475858e-07
-6.06520083417e-10
6.15830582704e-07
-7.07632758214e-08
6.40896371415e-07
-1.18153942635e-07
6.48686454236e-07
-1.51248931397e-07
6.63466127903e-07
-1.76092222638e-07
6.78823929092e-07
-1.94039870426e-07
6.85112168713e-07
-2.04122797481e-07
6.80066181926e-07
-2.08136591163e-07
6.71060880873e-07
-2.07701459222e-07
6.6336120435e-07
-2.04087012094e-07
6.58035964062e-07
-1.96830350085e-07
6.51933841202e-07
-1.88199962435e-07
6.45681130212e-07
-1.79339324837e-07
6.37784373579e-07
-1.70967040574e-07
6.28220678427e-07
-1.62633327224e-07
6.1798275909e-07
-1.51538230402e-07
6.06830077393e-07
-1.27961159731e-07
6.01428717575e-07
6.23127949765e-07
-9.09115221797e-08
1.44283201812e-07
6.54186132128e-07
4.81546159275e-08
6.69959743313e-07
-4.79521624035e-08
7.09670047416e-07
-1.42835424383e-07
7.36311832881e-07
-2.16802354731e-07
7.23220353366e-07
-2.71553809225e-07
7.18402632797e-07
-3.1408720771e-07
7.21439462808e-07
-3.422116635e-07
7.13265435457e-07
-3.52715920351e-07
6.90610502551e-07
-3.45914871174e-07
6.64265368633e-07
-3.28176448277e-07
6.45639243524e-07
-3.03590895823e-07
6.33458776722e-07
-2.7824834935e-07
6.26593507701e-07
-2.54225793325e-07
6.21657149875e-07
-2.32836761729e-07
6.16390803569e-07
-2.14421881727e-07
6.0979889852e-07
-1.98493783845e-07
6.02046510086e-07
-1.83904707345e-07
5.9223226923e-07
-1.6250929305e-07
5.80024263086e-07
5.84479813989e-07
-1.23872622071e-07
1.76084012393e-07
6.35081615669e-07
1.11552478734e-07
7.13389391693e-07
4.50390099521e-08
7.69275112843e-07
-2.99081897748e-08
8.10208827438e-07
-1.19177846998e-07
8.12782727648e-07
-2.0981978589e-07
8.09511005703e-07
-2.9304609187e-07
8.0497545639e-07
-3.57825551141e-07
7.78226792162e-07
-3.90034507398e-07
7.22922073617e-07
-3.87285365559e-07
6.61591291869e-07
-3.6412691063e-07
6.22528285516e-07
-3.3318099954e-07
6.02541861879e-07
-3.00685288021e-07
5.94117280188e-07
-2.70430796695e-07
5.91415966851e-07
-2.43638338739e-07
5.89606745275e-07
-2.20720719288e-07
5.8688552805e-07
-2.01688858758e-07
5.83016153292e-07
-1.85971451597e-07
5.76514808414e-07
-1.69973270874e-07
5.64024840193e-07
5.53158560326e-07
-1.38653300278e-07
2.47362157125e-07
5.23880760583e-07
2.34918647067e-07
6.98283893896e-07
2.17719362601e-07
7.74078047715e-07
1.94986358386e-07
8.28104845066e-07
1.41300839997e-07
8.64878366398e-07
5.42698612178e-08
8.96201130774e-07
-6.3826617042e-08
9.23135023088e-07
-1.85444076778e-07
8.99991947565e-07
-2.66915571159e-07
8.0457529895e-07
-2.90222304909e-07
6.85028746562e-07
-2.8647932936e-07
6.18869520029e-07
-2.70309949049e-07
5.86427229031e-07
-2.48199795784e-07
5.72046426637e-07
-2.25107415392e-07
5.68354532236e-07
-2.03967135562e-07
5.68491502117e-07
-1.8545921512e-07
5.68397480542e-07
-1.70176605083e-07
5.67749243317e-07
-1.58128828138e-07
5.64480251246e-07
-1.48349261441e-07
5.5425762293e-07
5.34695103059e-07
-1.29876191745e-07
1.88428975526e-07
4.73739270517e-07
1.97468381743e-07
6.65198092788e-07
2.06487988684e-07
7.53308160628e-07
2.15937787166e-07
8.13537814661e-07
2.14722505257e-07
8.63971846966e-07
1.99963367819e-07
9.10219573341e-07
1.69234770255e-07
9.5368469001e-07
8.79562867732e-08
9.81310029229e-07
-6.48842867817e-08
9.57533153744e-07
-1.23559060302e-07
7.43828460309e-07
-1.47099006064e-07
6.42513918265e-07
-1.52531497093e-07
5.91935115195e-07
-1.48937031096e-07
5.68504631157e-07
-1.40541132396e-07
5.59998837904e-07
-1.31528894883e-07
5.59514226334e-07
-1.2300850004e-07
5.59908335053e-07
-1.15916134113e-07
5.60684316851e-07
-1.10996692086e-07
5.5958477212e-07
-1.07865797995e-07
5.51146517908e-07
5.2926588338e-07
-1.02415862095e-07
1.68233211064e-07
4.48433130986e-07
1.69223547762e-07
6.42279545773e-07
1.78458081762e-07
7.33903952682e-07
1.89554461987e-07
7.97729362658e-07
1.97110413371e-07
8.54483728935e-07
1.96861999658e-07
9.09704901176e-07
1.86468723915e-07
9.63857508953e-07
1.56700280714e-07
1.01107588983e-06
9.75298583873e-08
1.01679116469e-06
2.50386216577e-08
8.16426586523e-07
-1.11179299425e-08
6.78769042198e-07
-3.05925168829e-08
6.11488707719e-07
-4.15412162723e-08
5.79512792058e-07
-4.71632076262e-08
5.6566457362e-07
-5.03976856051e-08
5.62786970568e-07
-5.25671255334e-08
5.62114419389e-07
-5.45082888712e-08
5.62660378546e-07
-5.74622510682e-08
5.62570825515e-07
-6.15821144113e-08
5.55297860227e-07
5.33590773048e-07
-6.58785772385e-08
1.58098144105e-07
4.32946769958e-07
1.55235664917e-07
6.24608596451e-07
1.62322296384e-07
7.17281125705e-07
1.73087971282e-07
7.82873263925e-07
1.83458467663e-07
8.42337663423e-07
1.91419132373e-07
9.01072013536e-07
1.95439201049e-07
9.59616703493e-07
1.93043209269e-07
1.01345456083e-06
1.76753533156e-07
1.03315032271e-06
1.17002600586e-07
8.76274007689e-07
8.75556492582e-08
7.08309627322e-07
6.60098291431e-08
6.33113371388e-07
4.92152869625e-08
5.96368652225e-07
3.54292736641e-08
5.79495968248e-07
2.3588780285e-08
5.74667334153e-07
1.31084678983e-08
5.72635006036e-07
3.61896995357e-09
5.72191044956e-07
-6.11181153359e-09
5.72342825158e-07
-1.6627492899e-08
5.65850295245e-07
5.44978324408e-07
-2.79793844223e-08
1.54367628879e-07
4.23521595627e-07
1.46821923903e-07
6.12177342859e-07
1.50116149782e-07
7.05396545637e-07
1.57349015338e-07
7.719277026e-07
1.64786139676e-07
8.33447405792e-07
1.70524593805e-07
8.94763669757e-07
1.73044947475e-07
9.56930718339e-07
1.70814222741e-07
1.01567904508e-06
1.63737411512e-07
1.04029369685e-06
1.70959713497e-07
8.69138941763e-07
1.53670088964e-07
7.25684650831e-07
1.35249628561e-07
6.51607169885e-07
1.17641085455e-07
6.14034983954e-07
1.00661293074e-07
5.9651932809e-07
8.40969111678e-08
5.91271415891e-07
6.86016946751e-08
5.88172092732e-07
5.41039835758e-08
5.86732543738e-07
3.96163793941e-08
5.86874185167e-07
2.42156835297e-08
5.81296248065e-07
5.61746773932e-07
7.49364297508e-09
1.51523409866e-07
4.16377986895e-07
1.41620380971e-07
6.02814471757e-07
1.42883434772e-07
6.96111596272e-07
1.47719953376e-07
7.64060115603e-07
1.53017235288e-07
8.26989498989e-07
1.57170649753e-07
8.90228430152e-07
1.60483818555e-07
9.53519762677e-07
1.63967778283e-07
1.01222006621e-06
1.80917699616e-07
1.02341989164e-06
2.02650955734e-07
8.47493295579e-07
1.98154658713e-07
7.30262734292e-07
1.85273919488e-07
6.6455765699e-07
1.6936975762e-07
6.29994230746e-07
1.51394283267e-07
6.14536714456e-07
1.3224912337e-07
6.1045690064e-07
1.13958394441e-07
6.065075455e-07
9.64664005374e-08
6.04272532532e-07
7.91209424692e-08
6.04270392089e-07
6.05764580451e-08
5.99890661375e-07
5.81870855846e-07
4.05040665436e-08
1.50976764144e-07
4.11675260188e-07
1.42365498424e-07
5.92541428219e-07
1.42580138364e-07
6.88594950738e-07
1.4469041688e-07
7.59369441893e-07
1.45616067974e-07
8.25274564727e-07
1.4545495995e-07
8.90170505042e-07
1.44699622695e-07
9.542656265e-07
1.48637487422e-07
1.0083450451e-06
1.96535500549e-07
9.75613658498e-07
2.243785815e-07
8.19736007717e-07
2.28739244106e-07
7.25978820062e-07
2.21502908758e-07
6.71858280095e-07
2.08228448691e-07
6.43318390148e-07
1.89870719181e-07
6.32932917155e-07
1.69923902951e-07
6.30445737058e-07
1.50609038178e-07
6.25868280104e-07
1.31913056348e-07
6.23018402623e-07
1.13212040346e-07
6.23026186057e-07
9.35522570612e-08
6.1960909019e-07
6.02964887422e-07
7.25152943621e-08
1.50765462471e-07
4.06922572868e-07
1.54140817204e-07
5.69459594698e-07
1.5780481685e-07
6.75885564792e-07
1.54922444451e-07
7.59058301357e-07
1.48261825982e-07
8.30973641038e-07
1.38744017396e-07
8.99477791802e-07
1.29913720436e-07
9.63102382727e-07
1.34981217395e-07
1.00335190581e-06
2.174711765e-07
8.93209410476e-07
2.45866255834e-07
7.91419150743e-07
2.53346416861e-07
7.18567074038e-07
2.49064617306e-07
6.76195831049e-07
2.36981046634e-07
6.55443584683e-07
2.18274512057e-07
6.51675871048e-07
1.98870519552e-07
6.49889012401e-07
1.7985966566e-07
6.44925437956e-07
1.61543966252e-07
6.41385986232e-07
1.42883573328e-07
6.41742923784e-07
1.24044032529e-07
6.38508141498e-07
6.22775108016e-07
1.04291026588e-07
1.65694260236e-07
3.85816296673e-07
1.90726261339e-07
5.20373157587e-07
2.02583396444e-07
6.52373510733e-07
1.92386097971e-07
7.64294201838e-07
1.74735715076e-07
8.47068118503e-07
1.57943470183e-07
9.15907710077e-07
1.49773650026e-07
9.71265140156e-07
1.94236395897e-07
9.58961184938e-07
2.40624174055e-07
8.46894657906e-07
2.65657628527e-07
7.66452926759e-07
2.73093519558e-07
7.11190126128e-07
2.69526177761e-07
6.79810031667e-07
2.56920681652e-07
6.68083688535e-07
2.38782875099e-07
6.69847353728e-07
2.20496085982e-07
6.68218861422e-07
2.02644853211e-07
6.62824923242e-07
1.85590119235e-07
6.58493059392e-07
1.68223218528e-07
6.59173548644e-07
1.52032236984e-07
6.54763886306e-07
6.39218328493e-07
1.35650818654e-07
1.10641834503e-07
4.24337961713e-07
1.15423784549e-07
5.00609417793e-07
1.59549024371e-07
6.00804728091e-07
1.64977443197e-07
7.55145253261e-07
1.49257078991e-07
8.6140038211e-07
1.31790212442e-07
9.33035063722e-07
1.39173764101e-07
9.63875908394e-07
2.18375744828e-07
8.79807080875e-07
2.5799279547e-07
8.07337041145e-07
2.78918805685e-07
7.45585467175e-07
2.85425482694e-07
7.04734948187e-07
2.81533574966e-07
6.83741739084e-07
2.67829818485e-07
6.81819241785e-07
2.5121213969e-07
6.86505182364e-07
2.34441884712e-07
6.85032209811e-07
2.18268877086e-07
6.79046824844e-07
2.02046781766e-07
6.74773713552e-07
1.86830760214e-07
6.74453839755e-07
1.74751552888e-07
6.66909935673e-07
6.50671897354e-07
1.63359055222e-07
8.98297438594e-08
4.89194699815e-07
8.43555277247e-08
4.94242029663e-07
9.8750388616e-08
5.81635184326e-07
1.26899493717e-07
7.24533539123e-07
1.12194512463e-07
8.75056484893e-07
1.13365291856e-07
9.31597210266e-07
1.84656274514e-07
8.92546984378e-07
2.30832109586e-07
8.33655560749e-07
2.64174961835e-07
7.74041175377e-07
2.82136113698e-07
7.27674850546e-07
2.87980227101e-07
6.98935829398e-07
2.8320021674e-07
6.88556353834e-07
2.69743841441e-07
6.95311547602e-07
2.54936414908e-07
7.01348749282e-07
2.39908092016e-07
7.00103140156e-07
2.25318915823e-07
6.9368681817e-07
2.07807022046e-07
6.92339287291e-07
1.9556183785e-07
6.8677028618e-07
1.88507519558e-07
6.74032911699e-07
6.57108153521e-07
1.82132530614e-07
1.22905726846e-07
5.22498226979e-07
9.27382742442e-08
5.09664749716e-07
8.49230123094e-08
5.84455835073e-07
7.93704265018e-08
7.2811818709e-07
8.60652441704e-08
8.67522847545e-07
1.3693541007e-07
8.80463838471e-07
1.87263144352e-07
8.42172291019e-07
2.29598613095e-07
2.58003773407e-07
2.73842099866e-07
2.79114209402e-07
2.73357272914e-07
2.62378946059e-07
2.50084243781e-07
2.36838491471e-07
2.19028653352e-07
2.00956603473e-07
1.9306688249e-07
1.91644450607e-07
1.90008517915e-07
1.41604259289e-07
9.97648217649e-08
6.96403018268e-08
4.12930609351e-08
5.74385192958e-08
1.08633569821e-07
-5.94164719612e-08
2.65083967513e-07
-5.5724732288e-08
2.51000190777e-07
-5.20496194952e-08
2.37193055235e-07
-4.82161335536e-08
2.23117806832e-07
-4.40311445367e-08
2.08098988805e-07
-3.94123531955e-08
1.91610940376e-07
-3.45017411149e-08
1.73748085875e-07
-2.9572846623e-08
1.55283558933e-07
-2.48436907569e-08
1.37093621495e-07
-2.04294671822e-08
1.19728491914e-07
-1.63798093813e-08
1.03421442172e-07
-1.27109122746e-08
8.82066574539e-08
-9.42392152062e-09
7.40004298322e-08
-6.51232268225e-09
6.06559744779e-08
-3.96145805635e-09
4.80577654446e-08
-1.76475014958e-09
3.63620311299e-08
2.61493190972e-08
-8.18069323165e-08
3.07301690375e-07
-7.60161807778e-08
2.89766928734e-07
-7.07263477313e-08
2.7454293524e-07
-6.58240753678e-08
2.60181710608e-07
-6.11969036893e-08
2.46373016854e-07
-5.66838583735e-08
2.32680022771e-07
-5.20722341152e-08
2.18506178271e-07
-4.71665157467e-08
2.0319328254e-07
-4.1925272488e-08
1.8636969249e-07
-3.65252428627e-08
1.68348068006e-07
-3.12225000514e-08
1.49980811605e-07
-2.61966230047e-08
1.32067755808e-07
-2.15362302076e-08
1.15068095332e-07
-1.72756022286e-08
9.91608248895e-08
-1.3421818827e-08
8.43528706678e-08
-9.97000774546e-09
7.05486366755e-08
-6.91035574951e-09
5.75963101114e-08
-4.22514084497e-09
4.53725610739e-08
-1.89745616834e-09
3.40343559498e-08
2.42518627729e-08
-8.96923230624e-08
3.01588379536e-07
-8.26565217513e-08
2.82731143137e-07
-7.63174415868e-08
2.68203857665e-07
-7.05399960592e-08
2.5440428246e-07
-6.51606410429e-08
2.40993661174e-07
-5.99700444576e-08
2.27489440847e-07
-5.47245160246e-08
2.13260648779e-07
-4.92393542824e-08
1.97708133715e-07
-4.35184686685e-08
1.80648807024e-07
-3.77616505048e-08
1.62591260153e-07
-3.21997084208e-08
1.44418872059e-07
-2.69776372739e-08
1.26845691905e-07
-2.21618158235e-08
1.10252278761e-07
-1.77738595477e-08
9.47728718772e-08
-1.38130219379e-08
8.03920377391e-08
-1.02692202346e-08
6.70048249855e-08
-7.12955826428e-09
5.44566612072e-08
-4.37468332037e-09
4.26176802242e-08
-1.97809726867e-09
3.16377655121e-08
2.22737656267e-08
-9.41335063192e-08
2.97431929181e-07
-8.63145855789e-08
2.7491218751e-07
-7.92580698607e-08
2.61147343829e-07
-7.29155199408e-08
2.48061748558e-07
-6.70599288939e-08
2.35138067428e-07
-6.14324460921e-08
2.21861970613e-07
-5.576842298e-08
2.07596621948e-07
-4.99079594448e-08
1.91847680696e-07
-4.39021156215e-08
1.74642959786e-07
-3.79628254694e-08
1.56651978786e-07
-3.22928557617e-08
1.38748900366e-07
-2.70080302256e-08
1.21560873695e-07
-2.21572162745e-08
1.05401464077e-07
-1.77522752585e-08
9.03679369835e-08
-1.37865342202e-08
7.64262963408e-08
-1.02457118488e-08
6.34640146761e-08
-7.11466836079e-09
5.13256080202e-08
-4.37378839438e-09
3.98768048849e-08
-1.98924818548e-09
2.92532287376e-08
2.02845173387e-08
-9.35121185685e-08
2.96751674038e-07
-8.60020570818e-08
2.67401836171e-07
-7.88127885519e-08
2.5395807657e-07
-7.23815173199e-08
2.41630493964e-07
-6.64434873775e-08
2.29200034604e-07
-6.07074525227e-08
2.16125948124e-07
-5.49096247949e-08
2.01798790261e-07
-4.89334666436e-08
1.85871532515e-07
-4.28790978623e-08
1.68588587876e-07
-3.69634794244e-08
1.50736367893e-07
-3.13635013671e-08
1.33148921273e-07
-2.61727043137e-08
1.1637008179e-07
-2.14276156151e-08
1.00656376681e-07
-1.71338024689e-08
8.6074126139e-08
-1.32809993183e-08
7.25734949405e-08
-9.8523125274e-09
6.00353206495e-08
-6.83113451614e-09
4.83044387719e-08
-4.19924980692e-09
3.72449162537e-08
-1.91857372044e-09
2.69725498074e-08
1.83659437356e-08
-8.66671619775e-08
3.00537017004e-07
-8.11565204338e-08
2.61889999236e-07
-7.46302853747e-08
2.47431832801e-07
-6.86977462424e-08
2.35697972204e-07
-6.31426564421e-08
2.2364494169e-07
-5.767536685e-08
2.10658670918e-07
-5.20646155721e-08
1.96188034159e-07
-4.62584664892e-08
1.80065393377e-07
-4.04079772421e-08
1.6273809393e-07
-3.47321857126e-08
1.4506058454e-07
-2.93878609312e-08
1.27804593097e-07
-2.44538244587e-08
1.11436052105e-07
-1.99596922143e-08
9.61622423175e-08
-1.59084310603e-08
8.20228705971e-08
-1.22888529186e-08
6.89539152397e-08
-9.08321448777e-09
5.68296912171e-08
-6.27455606141e-09
4.54957732219e-08
-3.84723348299e-09
3.48175978474e-08
-1.76280711232e-09
2.48881267864e-08
1.66031365729e-08
-7.43237505614e-08
3.08429899092e-07
-7.22666817922e-08
2.5982968885e-07
-6.71477804049e-08
2.42312859811e-07
-6.22188081873e-08
2.30769019699e-07
-5.74518643642e-08
2.18877995877e-07
-5.25865116447e-08
2.05793331991e-07
-4.74512458302e-08
1.91052764547e-07
-4.2073662125e-08
1.74687820564e-07
-3.66534574396e-08
1.57317886077e-07
-3.14102444003e-08
1.39817379828e-07
-2.64870316375e-08
1.22881378989e-07
-2.19546262423e-08
1.06903652611e-07
-1.78404253886e-08
9.20480421372e-08
-1.41480998844e-08
7.83305482733e-08
-1.08679483188e-08
6.56737645861e-08
-7.98312590344e-09
5.39448637861e-08
-5.47707446478e-09
4.29897285026e-08
-3.33762832147e-09
3.26781494994e-08
-1.52995605894e-09
2.30804531841e-08
1.50731806225e-08
-5.84472178059e-08
3.19785809221e-07
-6.04660405465e-08
2.61842265612e-07
-5.7353898541e-08
2.39200425521e-07
-5.37606669029e-08
2.27175808573e-07
-5.00490902493e-08
2.15166417642e-07
-4.60114553277e-08
2.01755711528e-07
-4.15557797463e-08
1.86597084825e-07
-3.67947667825e-08
1.69926818848e-07
-3.19694750173e-08
1.52492590125e-07
-2.72985291516e-08
1.35146442995e-07
-2.29163128232e-08
1.18499159615e-07
-1.88904824014e-08
1.02877829451e-07
-1.52495902682e-08
8.84071481428e-08
-1.20003539915e-08
7.50813177318e-08
-9.13635455047e-09
6.28097638916e-08
-6.64290168966e-09
5.14514183347e-08
-4.50440319424e-09
4.08512249133e-08
-2.71214863341e-09
3.08858985962e-08
-1.23849916904e-09
2.1606806854e-08
1.3834681437e-08
-4.13243361493e-08
3.34091247865e-07
-4.7211797528e-08
2.67720324415e-07
-4.64847804734e-08
2.38472649179e-07
-4.43760838641e-08
2.25067129002e-07
-4.18258060982e-08
2.12616139481e-07
-3.87105735482e-08
1.98640495168e-07
-3.50311031412e-08
1.82917611211e-07
-3.09818597772e-08
1.65877587896e-07
-2.68345976564e-08
1.48345325154e-07
-2.2805116426e-08
1.31116971225e-07
-1.90224895902e-08
1.14716531566e-07
-1.5554123974e-08
9.94094706321e-08
-1.24315703704e-08
8.5284595205e-08
-9.66583736704e-09
7.23155887539e-08
-7.25472475588e-09
6.03986520167e-08
-5.18643287394e-09
4.93831236193e-08
-3.44629110115e-09
3.91110880174e-08
-2.02839263403e-09
2.94679991375e-08
-9.1481416879e-10
2.04932280161e-08
1.29198673629e-08
-2.49501363057e-08
3.51132005241e-07
-3.41249036429e-08
2.768831162e-07
-3.58519341444e-08
2.40198226567e-07
-3.52001456753e-08
2.24415338724e-07
-3.37519061173e-08
2.11167899959e-07
-3.15172332704e-08
1.96405839447e-07
-2.85959807945e-08
1.79996355234e-07
-2.52530176999e-08
1.62534637756e-07
-2.17783473581e-08
1.44870651171e-07
-1.83825464748e-08
1.27721180529e-07
-1.5190703513e-08
1.11524686102e-07
-1.2270938709e-08
9.64897137473e-08
-9.65818183575e-09
8.26718370077e-08
-7.3678128864e-09
7.00252257337e-08
-5.40193230973e-09
5.84327708458e-08
-3.751690245e-09
4.77328872751e-08
-2.40297015278e-09
3.77623651344e-08
-1.35121228634e-09
2.84162442446e-08
-5.89012189817e-10
1.97310307052e-08
1.23308552032e-08
-1.10712788098e-08
3.70892039298e-07
-2.29446951935e-08
2.88742833473e-07
-2.68055082852e-08
2.44056782655e-07
-2.73628908532e-08
2.24972676632e-07
-2.67776558546e-08
2.10582665198e-07
-2.52407561425e-08
1.94868958007e-07
-2.29439219992e-08
1.77699517407e-07
-2.02016407598e-08
1.5979237021e-07
-1.73076546095e-08
1.41976661416e-07
-1.44632567868e-08
1.24876793209e-07
-1.17884478319e-08
1.08849875091e-07
-9.35103661136e-09
9.40523102872e-08
-7.18820148142e-09
8.05090017923e-08
-5.31866561945e-09
6.81556949253e-08
-3.74803249376e-09
5.68621377263e-08
-2.46990890911e-09
4.64547631633e-08
-1.46989185729e-09
3.67623509512e-08
-7.42460017936e-10
2.7688812975e-08
-2.91159435221e-10
1.92797311028e-08
1.20396958636e-08
-7.24055614658e-10
3.93671866693e-07
-1.49635867172e-08
3.02967622877e-07
-2.04191895115e-08
2.49509325586e-07
-2.1746902357e-08
2.26300274748e-07
-2.16421372804e-08
2.10477900286e-07
-2.05112449706e-08
1.93738085111e-07
-1.86150891725e-08
1.75803357668e-07
-1.62898474497e-08
1.57467143051e-07
-1.38175149415e-08
1.39504324803e-07
-1.13844428438e-08
1.22443732566e-07
-9.10244327736e-09
1.0656787269e-07
-7.0364184185e-09
9.19862942736e-08
-5.22354545868e-09
7.86961273547e-08
-3.68400890212e-09
6.66161648307e-08
-2.42550966712e-09
5.56036380327e-08
-1.44316788159e-09
4.54724255624e-08
-7.21419506171e-10
3.60406020435e-08
-2.50938598482e-10
2.72183347889e-08
-4.61646276258e-11
1.90749600026e-08
1.19935313172e-08
6.46398314178e-09
4.20008164485e-07
-1.0281734787e-08
3.19697836346e-07
-1.70054275299e-08
2.56229178544e-07
-1.86669496539e-08
2.2796158716e-07
-1.86498783344e-08
2.10460827714e-07
-1.7616568719e-08
1.92704795827e-07
-1.58739611816e-08
1.74060745309e-07
-1.37549576377e-08
1.55348154783e-07
-1.15182302616e-08
1.37267592653e-07
-9.33072376363e-09
1.20256238038e-07
-7.2930733686e-09
1.04530219196e-07
-5.4646435499e-09
9.01578736101e-08
-3.88030440904e-09
7.7111787336e-08
-2.55979703811e-09
6.52956638818e-08
-1.51145675158e-09
5.45552969861e-08
-7.31009530281e-10
4.469198006e-08
-2.00823833163e-10
3.55104174278e-08
9.2686396472e-11
2.6924826781e-08
1.30511197893e-10
1.90371376744e-08
1.21240426183e-08
1.16266334873e-08
4.50151658352e-07
-8.1820117952e-09
3.39490146672e-07
-1.62853957038e-08
2.64327897747e-07
-1.7993921118e-08
2.29669779975e-07
-1.77525706432e-08
2.10219474577e-07
-1.6556338823e-08
1.91508585818e-07
-1.47472612279e-08
1.72251662834e-07
-1.26379648093e-08
1.53238874847e-07
-1.04578245128e-08
1.35087447448e-07
-8.35248248724e-09
1.181509091e-07
-6.40984568576e-09
1.02587579014e-07
-4.68211377234e-09
8.843015182e-08
-3.20030209899e-09
7.56299739027e-08
-1.98234068252e-09
6.40777097658e-08
-1.03615095489e-09
5.36091068174e-08
-3.57454866435e-10
4.40132869453e-08
7.34824916132e-11
3.50794815793e-08
2.75995863147e-10
2.67223160909e-08
2.32233833649e-10
1.90809028536e-08
1.23562765837e-08
1.57404292377e-08
4.84098094065e-07
-7.73832937351e-09
3.62951261357e-07
-1.77884947758e-08
2.74372347324e-07
-1.94639331524e-08
2.31344704891e-07
-1.87733273605e-08
2.09528862152e-07
-1.72067914976e-08
1.89942072811e-07
-1.51480057337e-08
1.70192871059e-07
-1.28783931281e-08
1.50969279553e-07
-1.05953907541e-08
1.3280443912e-07
-8.42303261278e-09
1.15978564765e-07
-6.43609607611e-09
1.00600638365e-07
-4.67897293252e-09
8.6673039493e-08
-3.17810700063e-09
7.4129106362e-08
-1.94895116898e-09
6.28485618796e-08
-9.98461208999e-10
5.26586153733e-08
-3.22154046183e-10
4.33369836126e-08
1.01620299325e-10
3.46557067564e-08
3.00177627381e-10
2.65237625967e-08
2.58296803982e-10
1.91227876217e-08
1.26145734992e-08
1.95660020769e-08
5.2105753355e-07
-7.80780833812e-09
3.90305420618e-07
-2.06655275179e-08
2.87222807855e-07
-2.26191637014e-08
2.33297525201e-07
-2.14148493288e-08
2.08324534711e-07
-1.93583410792e-08
1.8788558936e-07
-1.69240865358e-08
1.67758610708e-07
-1.4364353535e-08
1.48409565391e-07
-1.1848137595e-08
1.30288217444e-07
-9.48086884419e-09
1.1361131107e-07
-7.3259585796e-09
9.84457241507e-08
-5.42090000285e-09
8.47679925774e-08
-3.78798646493e-09
7.24961907884e-08
-2.44033683143e-09
6.15009205807e-08
-1.38398786907e-09
5.16022660371e-08
-6.14443093244e-10
4.25674408323e-08
-1.08355744817e-10
3.41496228484e-08
1.70076923082e-10
2.62453326011e-08
2.0997839447e-10
1.90828896003e-08
1.28245520751e-08
2.2332512801e-08
5.59216259165e-07
-8.26473040085e-09
4.208802372e-07
-2.43381110981e-08
3.03286722013e-07
-2.71809338798e-08
2.36139016353e-07
-2.55238371143e-08
2.06667407244e-07
-2.29133216128e-08
1.85275099996e-07
-2.00102074973e-08
1.64855489517e-07
-1.7051609368e-08
1.45450987117e-07
-1.41859988887e-08
1.2742259997e-07
-1.15054680151e-08
1.10930796206e-07
-9.06531092275e-09
9.600556213e-08
-6.89806021652e-09
8.26007545912e-08
-5.02300269462e-09
7.06211311683e-08
-3.4515537893e-09
5.99294812737e-08
-2.18912532593e-09
5.03398355736e-08
-1.23152036276e-09
4.16098418708e-08
-5.54669593136e-10
3.34727701322e-08
-1.14151988878e-10
2.58048204243e-08
8.69068958566e-11
1.88818361137e-08
1.29114590907e-08
2.21277976161e-08
5.955517647e-07
-9.89155122277e-09
4.52874242862e-07
-2.8936367392e-08
3.22319312182e-07
-3.33993775394e-08
2.40599852953e-07
-3.1365711452e-08
2.04633666116e-07
-2.80844886637e-08
1.81993905533e-07
-2.45655521119e-08
1.61336546319e-07
-2.1057701225e-08
1.41943157763e-07
-1.76956001019e-08
1.24060492342e-07
-1.45606472584e-08
1.07795860591e-07
-1.17011596002e-08
9.31460700469e-08
-9.14510203885e-09
8.00447103572e-08
-6.9087383214e-09
6.83847652291e-08
-5.001495593e-09
5.80222479887e-08
-3.42769518508e-09
4.87660349013e-08
-2.18313803797e-09
4.03652857622e-08
-1.24363772472e-09
3.25332751733e-08
-5.57214991149e-10
2.51184003449e-08
-1.14263902588e-10
1.8438888774e-08
1.27971954239e-08
1.84447293616e-08
6.25694696207e-07
-1.37036460968e-08
4.84995305839e-07
-3.52321813024e-08
3.43832488262e-07
-4.1822727037e-08
2.47186863492e-07
-3.94171205022e-08
2.02227861139e-07
-3.52111677034e-08
1.77787981246e-07
-3.08137031521e-08
1.56939073551e-07
-2.65242951684e-08
1.37653772118e-07
-2.24626317555e-08
1.19998820627e-07
-1.86943909331e-08
1.04027637844e-07
-1.52565735492e-08
8.97082466185e-08
-1.2169161527e-08
7.69573128453e-08
-9.44271584742e-09
6.56583166961e-08
-7.08248841459e-09
5.5662031747e-08
-5.08983582157e-09
4.67733795902e-08
-3.45918265252e-09
3.873464067e-08
-2.1661863672e-09
3.12402755517e-08
-1.15233327757e-09
2.41045543954e-08
-3.91348930586e-10
1.76779114145e-08
1.24058466238e-08
1.10370375312e-08
6.4699319539e-07
-2.02732664895e-08
5.16277744582e-07
-4.33079405041e-08
3.66848078413e-07
-5.22445486065e-08
2.56117776536e-07
-4.96211417624e-08
1.99603954019e-07
-4.42099137921e-08
1.7237677752e-07
-3.86282752027e-08
1.51357427676e-07
-3.33016796171e-08
1.323272007e-07
-2.83292390703e-08
1.15026372676e-07
-2.37509435893e-08
9.94493616248e-08
-1.95844477452e-08
8.55417456409e-08
-1.58358918497e-08
7.32087718458e-08
-1.25057996221e-08
6.23282218635e-08
-9.59191237151e-09
5.27481550239e-08
-7.09001323425e-09
4.42714801717e-08
-4.99128905423e-09
3.66359167009e-08
-3.27077069854e-09
2.95197643283e-08
-1.86507896366e-09
2.26988653906e-08
-7.27989245289e-10
1.65408258161e-08
1.1677857664e-08
5.32305550372e-11
6.59199491465e-07
-2.73632643841e-08
5.4366472768e-07
-5.0680353409e-08
3.90141344235e-07
-6.24506368007e-08
2.67879027461e-07
-6.06406274828e-08
1.97792742901e-07
-5.41328476853e-08
1.65868986373e-07
-4.72575313529e-08
1.44482102777e-07
-4.07718574117e-08
1.25841552006e-07
-3.47797861939e-08
1.09034292571e-07
-2.92975545963e-08
9.3967150296e-08
-2.4321501728e-08
8.05656861613e-08
-1.98417122409e-08
6.87289986486e-08
-1.58466611497e-08
5.83331675958e-08
-1.23247888176e-08
4.92262953934e-08
-9.2647835419e-09
4.12114718049e-08
-6.65346584644e-09
3.4024609121e-08
-4.46540907353e-09
2.73317029648e-08
-2.63505947733e-09
2.08685245098e-08
-1.09501024357e-09
1.50007850178e-08
1.05828475575e-08
-1.8492340505e-08
6.619308998e-07
-3.45605874853e-08
5.59703792118e-07
-5.61300934262e-08
4.11683616071e-07
-7.02141495968e-08
2.81949499977e-07
-7.08240788986e-08
1.98399957005e-07
-6.38746947057e-08
1.5891944167e-07
-5.5843509876e-08
1.3645090671e-07
-4.82294094051e-08
1.18227478746e-07
-4.12292824203e-08
1.02034158023e-07
-3.48486641382e-08
8.75865532713e-08
-2.90662479282e-08
7.47832645767e-08
-2.38572390022e-08
6.3520006005e-08
-1.91982943715e-08
5.36742202807e-08
-1.50681949183e-08
4.50962073477e-08
-1.14481481928e-08
3.75914249427e-08
-8.32050201632e-09
3.08969622872e-08
-5.66017409985e-09
2.46713838902e-08
-3.40345056016e-09
1.86118036651e-08
-1.46345108823e-09
1.30607899134e-08
9.11939680123e-09
-4.30915197701e-08
6.53144046867e-07
-4.47155861138e-08
5.61302127784e-07
-6.17986146486e-08
4.28738963604e-07
-7.52848190657e-08
2.95417288127e-07
-7.89257610456e-08
2.02035483406e-07
-7.26140776648e-08
1.52607135096e-07
-6.37646430863e-08
1.2760142865e-07
-5.51432553917e-08
1.09606119114e-07
-4.72251966028e-08
9.41160902583e-08
-4.00257124885e-08
8.0387091384e-08
-3.35084233354e-08
6.82659683452e-08
-2.7633357829e-08
5.76449582258e-08
-2.23646524603e-08
4.84055113469e-08
-1.76709897027e-08
4.04025585191e-08
-1.35259111608e-08
3.34463428742e-08
-9.9080773789e-09
2.72791405228e-08
-6.79528366224e-09
2.15585843293e-08
-4.13084577209e-09
1.5947375984e-08
-1.81313570323e-09
1.07430896287e-08
7.30626123695e-09
-6.69871551813e-08
6.29201489565e-07
-5.68859332354e-08
5.51179723969e-07
-6.7497048721e-08
4.39324772653e-07
-7.80648674192e-08
3.05964012312e-07
-8.34917445905e-08
2.07453658218e-07
-7.91310201995e-08
1.48244772001e-07
-7.02331473139e-08
1.18703382055e-07
-6.09471808659e-08
1.00320177366e-07
-5.23332837431e-08
8.5502186147e-08
-4.45022793979e-08
7.2556110197e-08
-3.74101073606e-08
6.11737909145e-08
-3.10030723086e-08
5.12379405672e-08
-2.5233136523e-08
4.26355728891e-08
-2.00593820518e-08
3.52288160794e-08
-1.54493781279e-08
2.88363390586e-08
-1.1381831173e-08
2.32115919876e-08
-7.84406242595e-09
1.80208261247e-08
-4.79728004189e-09
1.2900596129e-08
-2.13004866502e-09
8.07586271546e-09
5.17621294023e-09
-8.6721252607e-08
5.92038634133e-07
-6.95419014938e-08
5.33987260128e-07
-6.9627112148e-08
4.39390639288e-07
-7.75302946575e-08
3.13848501576e-07
-8.33090324694e-08
2.13222146225e-07
-8.19290707626e-08
1.46861876479e-07
-7.4337375839e-08
1.11111204021e-07
-6.51340349088e-08
9.11168279794e-08
-5.62638313825e-08
7.66319742362e-08
-4.81355281669e-08
6.44278314274e-08
-4.07353382329e-08
5.37735942391e-08
-3.40048165493e-08
4.4507437947e-08
-2.78883401569e-08
3.65190930447e-08
-2.23390484775e-08
2.96795393692e-08
-1.73229802192e-08
2.38202672111e-08
-1.2825011171e-08
1.87136369703e-08
-8.85388854903e-09
1.40496962478e-08
-5.41744581039e-09
9.46416484362e-09
-2.42224263578e-09
5.08067036451e-09
2.75397043294e-09
-9.79778975431e-08
5.51363154775e-07
-7.82180684886e-08
5.14227106068e-07
-6.88416084937e-08
4.30011475966e-07
-7.43680922819e-08
3.19366968244e-07
-7.97906212077e-08
2.18637373878e-07
-8.11773423514e-08
1.48245516371e-07
-7.60900107576e-08
1.06023100465e-07
-6.79321090166e-08
8.2958845344e-08
-5.93914210863e-08
6.80912745886e-08
-5.13623287227e-08
5.63987643459e-08
-4.39626536566e-08
4.63739146078e-08
-3.71384086685e-08
3.76832112317e-08
-3.08293414308e-08
3.02100236193e-08
-2.49854817597e-08
2.38356919947e-08
-1.95737362806e-08
1.84085223634e-08
-1.45873308441e-08
1.3727228655e-08
-1.00616160814e-08
9.52399391286e-09
-6.09310458955e-09
5.49565534224e-09
-2.7769579929e-09
1.76452796848e-09
-2.2987158606e-11
-9.62881638743e-08
5.17787815658e-07
-7.62304607211e-08
4.94185863774e-07
-6.46182128859e-08
4.18409028744e-07
-6.92600258047e-08
3.24011572643e-07
-7.52171911074e-08
2.24593851142e-07
-7.85080892967e-08
1.51535680258e-07
-7.63303777055e-08
1.03845059021e-07
-7.01026318924e-08
7.67310552087e-08
-6.25687149274e-08
6.05573404717e-08
-5.50802923909e-08
4.89103683631e-08
-4.80000683291e-08
3.92936845747e-08
-4.1307330201e-08
3.09904933608e-08
-3.49393034788e-08
2.38419935452e-08
-2.88454695619e-08
1.77418739245e-08
-2.29926769869e-08
1.25557260468e-08
-1.73816904848e-08
8.11625839893e-09
-1.20619354818e-08
4.20422985009e-09
-7.21080068777e-09
6.44533239068e-10
-3.21935927638e-09
-2.2269016562e-09
-3.24234632463e-09
-8.1971410971e-08
4.97366671211e-07
-6.44426262742e-08
4.76685884042e-07
-5.56144927387e-08
4.09605949836e-07
-6.11336289898e-08
3.2955108994e-07
-6.97698019608e-08
2.33241411804e-07
-7.50292561297e-08
1.56800525503e-07
-7.58538500724e-08
1.04671585307e-07
-7.23291572827e-08
7.3206905974e-08
-6.65920360002e-08
5.48203050538e-08
-6.02017296613e-08
4.25200969065e-08
-5.37686726892e-08
3.28606245871e-08
-4.73786102079e-08
2.46004501897e-08
-4.09780804736e-08
1.74414624167e-08
-3.45193807564e-08
1.12831867323e-08
-2.79727241396e-08
6.00907090418e-09
-2.13084690144e-08
1.45199872465e-09
-1.46820823223e-08
-2.4221420065e-09
-8.5721138937e-09
-5.46543403162e-09
-3.67178627741e-09
-7.12722554428e-09
-6.91413215772e-09
-5.90318933241e-08
4.90550452862e-07
-4.75250562044e-08
4.65225341507e-07
-4.48493997957e-08
4.06973495145e-07
-5.06545688057e-08
3.35393873522e-07
-6.30707536003e-08
2.45684052931e-07
-7.14382408747e-08
1.65182765411e-07
-7.55992721317e-08
1.08839086554e-07
-7.53668835599e-08
7.29766956191e-08
-7.21257666752e-08
5.15796969794e-08
-6.73326478972e-08
3.77270808682e-08
-6.17204182024e-08
2.72483931266e-08
-5.55220083224e-08
1.84020621723e-08
-4.87289578339e-08
1.06484087495e-08
-4.13013600902e-08
3.85560600058e-09
-3.32567797634e-08
-2.03551334123e-09
-2.49118466947e-08
-6.89291527685e-09
-1.68839436919e-08
-1.04500564381e-08
-9.94916137303e-09
-1.24002022116e-08
-4.40671936116e-09
-1.26696546066e-08
-1.13208514301e-08
-3.24841683636e-08
4.95098391517e-07
-2.85875652907e-08
4.61384984415e-07
-3.35964139498e-08
4.12040753828e-07
-4.17602723268e-08
3.43611033268e-07
-5.73487182117e-08
2.61313734206e-07
-6.93688482741e-08
1.77228655304e-07
-7.69650304839e-08
1.16448002243e-07
-8.00463222834e-08
7.60629196523e-08
-7.93947563111e-08
5.0929555686e-08
-7.61468007816e-08
3.44794424566e-08
-7.10267945169e-08
2.21284111829e-08
-6.43860045788e-08
1.17612930838e-08
-5.63619876946e-08
2.62439134073e-09
-4.71487830903e-08
-5.35758588231e-09
-3.73455648915e-08
-1.18387292936e-08
-2.78123072283e-08
-1.64261796537e-08
-1.92258198649e-08
-1.90365262039e-08
-1.17856131983e-08
-1.98404087319e-08
-5.35325572655e-09
-1.91020089343e-08
-1.66741066641e-08
-5.28494055423e-09
5.0792228601e-07
-8.14689805005e-09
4.64314053518e-07
-1.93017102817e-08
4.23268332561e-07
-3.31543827766e-08
3.57529904278e-07
-5.25335923247e-08
2.80749614421e-07
-6.91555841416e-08
1.9388820533e-07
-8.08171619096e-08
1.28129437989e-07
-8.75438053563e-08
8.27980038894e-08
-8.97817381299e-08
5.31702780735e-08
-8.84333087947e-08
3.31317344745e-08
-8.42666800145e-08
1.7961875193e-08
-7.77937614489e-08
5.28840171089e-09
-6.93668617789e-08
-5.80251158262e-09
-5.95056998738e-08
-1.52187296461e-08
-4.89050386727e-08
-2.24393948491e-08
-3.80742132378e-08
-2.72569827037e-08
-2.73946004928e-08
-2.9716153348e-08
-1.71920600197e-08
-3.00429332947e-08
-7.88366655071e-09
-2.84103881349e-08
-2.45577731675e-08
2.18555071943e-08
5.26627824954e-07
1.34586400178e-08
4.7278003152e-07
-8.88407493769e-10
4.37698613199e-07
-1.97485341751e-08
3.76468247608e-07
-4.33534711038e-08
3.04422730255e-07
-6.58174593033e-08
2.16400261245e-07
-8.28122647744e-08
1.45151243701e-07
-9.40528796507e-08
9.40509997073e-08
-9.97402866749e-08
5.88622274559e-08
-1.00772048809e-07
3.41648211757e-08
-9.81292170777e-08
1.53192874652e-08
-9.25068866288e-08
-3.33888208959e-10
-8.44243133879e-08
-1.38850840499e-08
-7.44638044339e-08
-2.51792259545e-08
-6.30529595363e-08
-3.3850235956e-08
-5.05943160104e-08
-3.97156358379e-08
-3.74813679923e-08
-4.28290795939e-08
-2.41791724474e-08
-4.334513044e-08
-1.13988536682e-08
-4.11907048788e-08
-3.59566262758e-08
5.05932211317e-08
5.48603310765e-07
3.82731014689e-08
4.85170092582e-07
2.4998214102e-08
4.51062227454e-07
4.03086179327e-09
3.97522848434e-07
-2.22208642632e-08
3.30754087836e-07
-5.03298716751e-08
2.44567947332e-07
-7.3423725703e-08
1.68279995864e-07
-9.01168746989e-08
1.10761425379e-07
-1.00061357153e-07
6.88137343619e-08
-1.03979522762e-07
3.80853126562e-08
-1.03105521141e-07
1.4445832654e-08
-9.84613249254e-08
-4.97798560309e-09
-9.08367055649e-08
-2.1509702627e-08
-8.09048580115e-08
-3.51110530982e-08
-6.93120643587e-08
-4.54430317329e-08
-5.66576236657e-08
-5.23700456906e-08
-4.31628346254e-08
-5.63238860466e-08
-2.87037526054e-08
-5.78041931639e-08
-1.38607039614e-08
-5.60337373786e-08
-4.98173302289e-08
8.31652991289e-08
5.69788111643e-07
6.83208347616e-08
5.00081552213e-07
5.9749767074e-08
4.59724449504e-07
4.16296958686e-08
4.15737719988e-07
1.86576241897e-08
3.53815328759e-07
-1.16600815677e-08
2.7495547532e-07
-3.9969007972e-08
1.96633465142e-07
-6.22846837485e-08
1.33101416747e-07
-7.72916389319e-08
8.38320169557e-08
-8.49376487024e-08
4.5735789929e-08
-8.61682237576e-08
1.56778116505e-08
-8.23443182936e-08
-8.80154106134e-09
-7.48290994114e-08
-2.90248562584e-08
-6.50139824903e-08
-4.49261083177e-08
-5.43064836902e-08
-5.61503613443e-08
-4.49908408746e-08
-6.16853876597e-08
-3.79955729421e-08
-6.33187666094e-08
-2.84471331498e-08
-6.7352475094e-08
-1.42143174607e-08
-7.02665440419e-08
-6.4031646378e-08
1.18542543988e-07
5.8695468517e-07
1.05586013875e-07
5.13100633865e-07
1.0136686914e-07
4.64027531376e-07
9.21445527324e-08
4.25058791835e-07
7.85965974618e-08
3.67453974407e-07
5.41737821096e-08
2.99454653533e-07
2.57336034455e-08
2.25129327268e-07
5.78525319126e-10
1.58291488317e-07
-1.86169117963e-08
1.03047009987e-07
-3.06858506459e-08
5.7814582731e-08
-3.55039134648e-08
2.05003129202e-08
-3.38997649858e-08
-1.04038146783e-08
-2.76139414602e-08
-3.53098386645e-08
-1.90974252943e-08
-5.34416710129e-08
-1.00248481201e-08
-6.52209451164e-08
-6.04280357254e-09
-6.56621845113e-08
-1.89324593921e-08
-5.04198531702e-08
-2.93211310512e-08
-5.69562285543e-08
-1.65665874966e-08
-8.30199444397e-08
-8.05982268777e-08
1.5095441226e-07
5.99419489607e-07
1.42496981106e-07
5.21617280886e-07
1.43201594494e-07
4.63395458174e-07
1.46373307653e-07
4.21975565033e-07
1.43385331178e-07
3.70529885985e-07
1.32877918992e-07
3.10047415176e-07
1.12818716928e-07
2.45259289078e-07
9.04589396756e-08
1.80703573842e-07
6.99907229943e-08
1.23550576654e-07
5.35527511463e-08
7.42753499367e-08
4.17259353198e-08
3.23416365928e-08
3.43116014902e-08
-2.97989645948e-09
3.08588487334e-08
-3.1850525969e-08
2.9459963051e-08
-5.203636225e-08
2.84699148979e-08
-6.42228226754e-08
1.95545090492e-08
-5.67278489763e-08
-8.50424654951e-10
-2.99642343569e-08
-1.84257037478e-08
-3.93301806357e-08
-1.30296254965e-08
-8.83981558858e-08
-9.36276210127e-08
1.74950667588e-07
6.0665887406e-07
1.69460890532e-07
5.27161257512e-07
1.7325838775e-07
4.59658051531e-07
1.85618439087e-07
4.09692605514e-07
1.92574078006e-07
3.63662574945e-07
1.94180832083e-07
3.08525453069e-07
1.89509869338e-07
2.50009093256e-07
1.76948046884e-07
1.93334802261e-07
1.60025708591e-07
1.40530460793e-07
1.41285127399e-07
9.30622867442e-08
1.22209508571e-07
5.14546009804e-08
1.03812460995e-07
1.54476201389e-08
8.68578762122e-08
-1.48714485635e-08
7.16330067538e-08
-3.67883421628e-08
5.59786617853e-08
-4.8542491313e-08
3.69137735634e-08
-3.76080906566e-08
2.89818381626e-08
-2.19581473249e-08
6.38794375348e-09
-1.66657469205e-08
-2.01726101145e-09
-7.99480981837e-08
-9.56434067976e-08
1.87652456166e-07
1.84911805435e-07
1.87178248581e-07
1.99394450173e-07
2.12685508503e-07
2.18269082219e-07
2.19533187019e-07
2.16145633822e-07
2.07111178747e-07
1.9283448937e-07
1.74458704659e-07
1.53528889006e-07
1.31149421913e-07
1.08939823875e-07
8.56992836971e-08
6.28099225505e-08
4.48216813509e-08
2.5255292946e-08
5.96341753251e-09
)
;

boundaryField
{
    emptyPatch
    {
        type            empty;
        value           nonuniform List<scalar> 0();
    }
    minY
    {
        type            calculated;
        value           nonuniform List<scalar> 0();
    }
    maxY
    {
        type            calculated;
        value           nonuniform List<scalar> 0();
    }
    maxX
    {
        type            calculated;
        value           uniform 0;
    }
    water_to_heater
    {
        type            calculated;
        value           uniform 0;
    }
    procBoundary3to1
    {
        type            processor;
        value           nonuniform List<scalar> 
41
(
7.9134419043e-07
7.45683067277e-07
7.11884684628e-07
6.93703649875e-07
6.94344396454e-07
7.06319358242e-07
7.13681105363e-07
7.13394507673e-07
7.11542608203e-07
7.10484750925e-07
6.94737376866e-07
6.75522151348e-07
6.58802090966e-07
5.37749287626e-07
5.36657927863e-07
6.09680222707e-07
7.54797465808e-07
8.50774560584e-07
8.29106922883e-07
1.64169936771e-07
7.86626226511e-07
6.0907289333e-07
5.29954702739e-07
4.57442543309e-07
3.97538287769e-07
3.50449376598e-07
3.03024547272e-07
2.48823143094e-07
1.9679622592e-07
1.49634118647e-07
1.0740343422e-07
6.98895349716e-08
3.64308216881e-08
7.55593472899e-09
-1.45325970725e-08
-2.52503974949e-08
-1.4647347563e-08
-3.89546869169e-09
2.97144820926e-09
-6.06019388235e-08
-8.96766950179e-08
)
;
    }
    procBoundary3to2
    {
        type            processor;
        value           nonuniform List<scalar> 
41
(
-5.28013900911e-07
-4.20939671533e-07
-4.39580451806e-07
-4.64750468591e-07
-4.85656555571e-07
-4.97816693805e-07
-5.07545428117e-07
-5.15761743081e-07
-5.19683102586e-07
-5.19205380304e-07
-5.17448486354e-07
-5.17180739361e-07
-5.16902159473e-07
-5.16923617699e-07
-5.19132210331e-07
-5.22324877913e-07
-5.08826234099e-07
-4.56335892596e-07
-3.75949043701e-07
-3.2766491576e-07
-2.68905163247e-07
-2.54691906791e-07
-2.40868186858e-07
-2.2695127537e-07
-2.12283996032e-07
-1.96229715809e-07
-1.78658714423e-07
-1.60212437613e-07
-1.41822791318e-07
-1.24142698453e-07
-1.07471113021e-07
-9.18755396386e-08
-7.7287431855e-08
-6.35675452333e-08
-5.06086130884e-08
-3.85587203677e-08
-2.7914069111e-08
-3.12930535284e-07
-2.95557652555e-07
6.32376288933e-08
-2.79832769576e-07
)
;
    }
}


// ************************************************************************* //
