/*--------------------------------*- C++ -*----------------------------------*\
| =========                 |                                                 |
| \\      /  F ield         | OpenFOAM: The Open Source CFD Toolbox           |
|  \\    /   O peration     | Version:  2312                                  |
|   \\  /    A nd           | Website:  www.openfoam.com                      |
|    \\/     M anipulation  |                                                 |
\*---------------------------------------------------------------------------*/
FoamFile
{
    version     2.0;
    format      ascii;
    arch        "LSB;label=32;scalar=64";
    class       volVectorField;
    location    "81";
    object      U;
}
// * * * * * * * * * * * * * * * * * * * * * * * * * * * * * * * * * * * * * //

dimensions      [0 1 -1 0 0 0 0];

internalField   nonuniform List<vector> 
1875
(
(0.0181203 -0.0200844 0)
(0.0454894 -0.0363204 0)
(0.0868573 -0.0437391 0)
(0.12544 -0.0437709 0)
(0.16314 -0.0404034 0)
(0.197282 -0.0356063 0)
(0.227491 -0.0283448 0)
(0.252964 -0.0208001 0)
(0.273455 -0.0134832 0)
(0.288484 -0.00617392 0)
(0.297971 0.00151863 0)
(0.30135 0.0092207 0)
(0.298708 0.0162461 0)
(0.28962 0.022987 0)
(0.274489 0.0309243 0)
(0.253388 0.0388957 0)
(0.227012 0.0463078 0)
(0.196581 0.0508356 0)
(0.163987 0.0512383 0)
(0.131378 0.0472976 0)
(0.10174 0.0388944 0)
(0.0761423 0.0293103 0)
(0.0553932 0.0224601 0)
(0.0328391 0.0253018 0)
(0.0142457 0.0336192 0)
(0.0241712 -0.0274363 0)
(0.0572155 -0.0373916 0)
(0.0918032 -0.0413106 0)
(0.121574 -0.0383906 0)
(0.149572 -0.0298203 0)
(0.174814 -0.0184003 0)
(0.197381 -0.00532235 0)
(0.216774 0.00948411 0)
(0.232569 0.025782 0)
(0.24447 0.0433444 0)
(0.252206 0.0619577 0)
(0.255458 0.0815267 0)
(0.25417 0.101832 0)
(0.24803 0.122375 0)
(0.236955 0.141738 0)
(0.221092 0.158786 0)
(0.201387 0.17244 0)
(0.178099 0.182231 0)
(0.152134 0.186758 0)
(0.125335 0.184485 0)
(0.0988222 0.176476 0)
(0.0733137 0.167286 0)
(0.0498392 0.162728 0)
(0.0259347 0.162927 0)
(0.0104777 0.155253 0)
(0.0188855 -0.152717 0)
(0.04827 -0.150264 0)
(0.0747579 -0.142391 0)
(0.0968258 -0.131423 0)
(0.116903 -0.117572 0)
(0.134847 -0.100961 0)
(0.150353 -0.0819587 0)
(0.163065 -0.0606492 0)
(0.172843 -0.03737 0)
(0.179576 -0.012539 0)
(0.183289 0.0136976 0)
(0.183927 0.0412563 0)
(0.18139 0.069799 0)
(0.175496 0.0990232 0)
(0.166368 0.128198 0)
(0.153808 0.155673 0)
(0.137904 0.17875 0)
(0.119323 0.196854 0)
(0.0993025 0.204209 0)
(0.079109 0.202199 0)
(0.0594577 0.19119 0)
(0.0417181 0.175791 0)
(0.0272058 0.164196 0)
(0.0146561 0.157855 0)
(0.00670202 0.153127 0)
(0.00728787 -0.198227 0)
(0.0285382 -0.185441 0)
(0.0425933 -0.168354 0)
(0.0561767 -0.152803 0)
(0.0686987 -0.134605 0)
(0.0794894 -0.112887 0)
(0.0880297 -0.0877611 0)
(0.0939275 -0.0598209 0)
(0.0970206 -0.0300137 0)
(0.0975783 0.00111666 0)
(0.095861 0.0333986 0)
(0.092069 0.0668267 0)
(0.0863098 0.101509 0)
(0.0786494 0.136197 0)
(0.0695086 0.170187 0)
(0.0592582 0.202377 0)
(0.0481923 0.229551 0)
(0.037686 0.249019 0)
(0.0286227 0.256613 0)
(0.020601 0.253492 0)
(0.0143443 0.240024 0)
(0.00883949 0.219576 0)
(0.00504117 0.201505 0)
(0.00260136 0.189553 0)
(0.000906427 0.18148 0)
(-0.000830879 -0.22778 0)
(0.00961573 -0.213135 0)
(0.01181 -0.195593 0)
(0.0155684 -0.180133 0)
(0.0184851 -0.159739 0)
(0.0196121 -0.134215 0)
(0.018645 -0.104227 0)
(0.0156467 -0.0706477 0)
(0.010718 -0.0354085 0)
(0.00421104 9.29644e-05 0)
(-0.00338594 0.0360158 0)
(-0.0117493 0.0725885 0)
(-0.0204525 0.109859 0)
(-0.0289986 0.146745 0)
(-0.0367455 0.181808 0)
(-0.0426141 0.213345 0)
(-0.0456225 0.237766 0)
(-0.0451112 0.250382 0)
(-0.0415316 0.2527 0)
(-0.0353561 0.244423 0)
(-0.0274469 0.227101 0)
(-0.0186948 0.20616 0)
(-0.0109756 0.189073 0)
(-0.00415352 0.177252 0)
(-0.000325089 0.171573 0)
(-0.00903686 -0.225647 0)
(-0.00553793 -0.207671 0)
(-0.015211 -0.188555 0)
(-0.021865 -0.171663 0)
(-0.0300987 -0.147615 0)
(-0.0407606 -0.117444 0)
(-0.0532978 -0.0833144 0)
(-0.0668844 -0.0466379 0)
(-0.0807784 -0.0090923 0)
(-0.0943658 0.0279076 0)
(-0.107065 0.0643602 0)
(-0.11818 0.100512 0)
(-0.126897 0.135637 0)
(-0.132383 0.168393 0)
(-0.133779 0.196742 0)
(-0.130406 0.218228 0)
(-0.122028 0.230941 0)
(-0.109577 0.235718 0)
(-0.0939036 0.230921 0)
(-0.0759656 0.217792 0)
(-0.0575217 0.198696 0)
(-0.0402285 0.179131 0)
(-0.0253404 0.165575 0)
(-0.0116706 0.159205 0)
(-0.00406599 0.168603 0)
(-0.0172784 -0.203577 0)
(-0.0182309 -0.182394 0)
(-0.0395454 -0.163283 0)
(-0.0564518 -0.145594 0)
(-0.0760323 -0.115389 0)
(-0.0982397 -0.0803921 0)
(-0.121152 -0.0437003 0)
(-0.143363 -0.00681759 0)
(-0.163441 0.0286435 0)
(-0.18025 0.0618365 0)
(-0.192897 0.0925236 0)
(-0.200947 0.120111 0)
(-0.203977 0.144827 0)
(-0.201439 0.16537 0)
(-0.193336 0.180565 0)
(-0.179964 0.190228 0)
(-0.162118 0.193804 0)
(-0.140737 0.190507 0)
(-0.116951 0.18025 0)
(-0.0925742 0.165735 0)
(-0.0694706 0.149717 0)
(-0.049026 0.136468 0)
(-0.0320148 0.129049 0)
(-0.016083 0.128548 0)
(-0.00791498 0.141395 0)
(-0.0220217 -0.161985 0)
(-0.0266439 -0.13608 0)
(-0.057231 -0.113803 0)
(-0.082713 -0.0912945 0)
(-0.111621 -0.0547061 0)
(-0.141083 -0.0178994 0)
(-0.168953 0.0166364 0)
(-0.193549 0.0470333 0)
(-0.213311 0.0724737 0)
(-0.22763 0.0925444 0)
(-0.236187 0.108678 0)
(-0.238743 0.123731 0)
(-0.235002 0.135521 0)
(-0.225313 0.143505 0)
(-0.210338 0.147841 0)
(-0.190824 0.147486 0)
(-0.167847 0.142842 0)
(-0.142533 0.134167 0)
(-0.116595 0.122806 0)
(-0.0916588 0.111071 0)
(-0.0690096 0.101023 0)
(-0.0491589 0.0948836 0)
(-0.0325123 0.0939023 0)
(-0.0165105 0.10006 0)
(-0.00860504 0.117562 0)
(-0.0241024 -0.111908 0)
(-0.0316275 -0.0765169 0)
(-0.0684418 -0.0500149 0)
(-0.0975277 -0.0217172 0)
(-0.129786 0.0152841 0)
(-0.159402 0.047607 0)
(-0.185839 0.0737288 0)
(-0.207321 0.0923828 0)
(-0.223125 0.104768 0)
(-0.23313 0.113469 0)
(-0.236583 0.11823 0)
(-0.234943 0.119382 0)
(-0.227397 0.116081 0)
(-0.214518 0.111072 0)
(-0.197273 0.104327 0)
(-0.176779 0.0962824 0)
(-0.154103 0.0868114 0)
(-0.130622 0.0768242 0)
(-0.107587 0.0675613 0)
(-0.0858998 0.0602539 0)
(-0.0661061 0.0559138 0)
(-0.0481637 0.0554077 0)
(-0.0324987 0.0592953 0)
(-0.0166398 0.070755 0)
(-0.00896296 0.0894788 0)
(-0.0243653 -0.0575048 0)
(-0.0346459 -0.00796039 0)
(-0.073101 0.0179908 0)
(-0.100299 0.0483158 0)
(-0.129873 0.0808892 0)
(-0.155366 0.105968 0)
(-0.177746 0.122194 0)
(-0.195421 0.129222 0)
(-0.208007 0.129127 0)
(-0.214773 0.122687 0)
(-0.215681 0.113551 0)
(-0.21112 0.102215 0)
(-0.201732 0.0894234 0)
(-0.189223 0.076339 0)
(-0.173945 0.0635099 0)
(-0.15678 0.0511048 0)
(-0.13857 0.0398704 0)
(-0.120097 0.030382 0)
(-0.101891 0.02314 0)
(-0.0842262 0.0185939 0)
(-0.0672345 0.0172028 0)
(-0.0507441 0.0195135 0)
(-0.0353237 0.0261592 0)
(-0.0187447 0.0419891 0)
(-0.00996873 0.0640172 0)
(-0.0235763 0.000831629 0)
(-0.0334504 0.0636231 0)
(-0.0680044 0.0803869 0)
(-0.0916069 0.108357 0)
(-0.115992 0.135559 0)
(-0.136709 0.154099 0)
(-0.154741 0.162201 0)
(-0.168852 0.159692 0)
(-0.178391 0.147924 0)
(-0.182973 0.129637 0)
(-0.18305 0.10861 0)
(-0.179066 0.0873929 0)
(-0.172114 0.0675482 0)
(-0.162866 0.0490412 0)
(-0.151905 0.0322712 0)
(-0.13979 0.0176746 0)
(-0.126904 0.00537702 0)
(-0.113473 -0.00452914 0)
(-0.0996019 -0.0119156 0)
(-0.0853069 -0.0165396 0)
(-0.0706044 -0.0180177 0)
(-0.0553079 -0.0157591 0)
(-0.0400514 -0.00893998 0)
(-0.0222912 0.00869529 0)
(-0.0119798 0.0299009 0)
(-0.0214151 0.0552595 0)
(-0.0281662 0.11472 0)
(-0.0562297 0.135978 0)
(-0.075829 0.157425 0)
(-0.0950828 0.179976 0)
(-0.111402 0.192571 0)
(-0.12543 0.193671 0)
(-0.136234 0.182584 0)
(-0.143268 0.160834 0)
(-0.14678 0.133797 0)
(-0.147416 0.105466 0)
(-0.14565 0.0783984 0)
(-0.141961 0.0536818 0)
(-0.136694 0.0316356 0)
(-0.130192 0.0123375 0)
(-0.122628 -0.0043296 0)
(-0.11409 -0.0184948 0)
(-0.10462 -0.0302078 0)
(-0.0942358 -0.0394072 0)
(-0.0829327 -0.0458961 0)
(-0.070705 -0.0493193 0)
(-0.0572947 -0.0490771 0)
(-0.0432443 -0.044285 0)
(-0.02523 -0.0276921 0)
(-0.0134337 -0.00799259 0)
(-0.0172069 0.100161 0)
(-0.0214163 0.157411 0)
(-0.0426473 0.179046 0)
(-0.0566771 0.196051 0)
(-0.0708964 0.213873 0)
(-0.0826378 0.221547 0)
(-0.0927296 0.217601 0)
(-0.100392 0.199574 0)
(-0.105604 0.171437 0)
(-0.109012 0.139088 0)
(-0.110896 0.106352 0)
(-0.11146 0.0756132 0)
(-0.110796 0.0477774 0)
(-0.108947 0.023001 0)
(-0.105945 0.00114724 0)
(-0.101805 -0.0179949 0)
(-0.0965569 -0.0345619 0)
(-0.0902478 -0.0486043 0)
(-0.0829304 -0.0600778 0)
(-0.0746247 -0.0688502 0)
(-0.0653332 -0.0747416 0)
(-0.0548944 -0.0774599 0)
(-0.0436895 -0.0763942 0)
(-0.0276919 -0.0655013 0)
(-0.0141565 -0.0506038 0)
(-0.0108619 0.132179 0)
(-0.0130705 0.186873 0)
(-0.0262888 0.207401 0)
(-0.0345889 0.222547 0)
(-0.0434439 0.237267 0)
(-0.0504509 0.241373 0)
(-0.0567533 0.233644 0)
(-0.0618816 0.211162 0)
(-0.0662484 0.180278 0)
(-0.0701036 0.145772 0)
(-0.0733817 0.111107 0)
(-0.0759699 0.0783374 0)
(-0.077696 0.0482324 0)
(-0.0784228 0.0209864 0)
(-0.0780638 -0.00343448 0)
(-0.0765858 -0.0251136 0)
(-0.0739989 -0.0441143 0)
(-0.0703388 -0.0604364 0)
(-0.0656591 -0.0740514 0)
(-0.0599775 -0.0849668 0)
(-0.053404 -0.0930034 0)
(-0.0460422 -0.0978923 0)
(-0.0382473 -0.100912 0)
(-0.026917 -0.100405 0)
(-0.0121673 -0.0963786 0)
(-0.00409911 0.147416 0)
(-0.00424773 0.201604 0)
(-0.00924225 0.221744 0)
(-0.0119568 0.236101 0)
(-0.0150055 0.248818 0)
(-0.0172924 0.251463 0)
(-0.019783 0.243166 0)
(-0.0227138 0.220907 0)
(-0.0263343 0.190101 0)
(-0.0304199 0.155262 0)
(-0.034658 0.119689 0)
(-0.0386967 0.0854465 0)
(-0.0422215 0.0534323 0)
(-0.0450019 0.0239898 0)
(-0.0468819 -0.00278906 0)
(-0.0477676 -0.0268913 0)
(-0.0476091 -0.048313 0)
(-0.0463833 -0.0670148 0)
(-0.0440893 -0.0829342 0)
(-0.0407444 -0.0960184 0)
(-0.0364599 -0.105565 0)
(-0.0312898 -0.111731 0)
(-0.0258104 -0.116611 0)
(-0.0197629 -0.125789 0)
(-0.00732306 -0.137112 0)
(0.00102153 0.148577 0)
(0.00336814 0.20253 0)
(0.00608208 0.222506 0)
(0.0087417 0.23655 0)
(0.011213 0.248805 0)
(0.0136474 0.252336 0)
(0.0151254 0.245901 0)
(0.0149903 0.226236 0)
(0.0129139 0.197824 0)
(0.00941084 0.164658 0)
(0.00494086 0.129819 0)
(2.02141e-05 0.0953846 0)
(-0.00490581 0.0624271 0)
(-0.00949346 0.0314848 0)
(-0.0134875 0.00282591 0)
(-0.0167054 -0.0234044 0)
(-0.0190218 -0.047107 0)
(-0.0203475 -0.0681914 0)
(-0.0206178 -0.0865158 0)
(-0.0198358 -0.101887 0)
(-0.0180131 -0.113872 0)
(-0.0149563 -0.122081 0)
(-0.0112282 -0.126839 0)
(-0.00953279 -0.13779 0)
(-0.00211764 -0.160196 0)
(0.00464349 0.139686 0)
(0.00937525 0.189225 0)
(0.0193835 0.210634 0)
(0.0264371 0.225386 0)
(0.0337321 0.237755 0)
(0.0405254 0.243264 0)
(0.0460534 0.240089 0)
(0.0492923 0.226308 0)
(0.0495624 0.202708 0)
(0.0473334 0.173183 0)
(0.0432591 0.14073 0)
(0.0380025 0.107476 0)
(0.0321165 0.0747092 0)
(0.0260478 0.0431817 0)
(0.0201481 0.0133472 0)
(0.0146881 -0.0144976 0)
(0.00987246 -0.0401294 0)
(0.00585094 -0.0633759 0)
(0.00273676 -0.0840169 0)
(0.000597403 -0.101691 0)
(-0.000597187 -0.11608 0)
(-0.000668519 -0.127055 0)
(0.000199417 -0.130948 0)
(-0.00173314 -0.139373 0)
(0.00142068 -0.166745 0)
(0.00617789 0.121877 0)
(0.0132987 0.162481 0)
(0.0283275 0.188282 0)
(0.0393386 0.204645 0)
(0.0505588 0.21751 0)
(0.0611279 0.22542 0)
(0.0702782 0.226307 0)
(0.077121 0.218859 0)
(0.0806806 0.202586 0)
(0.0807239 0.178998 0)
(0.0778598 0.1508 0)
(0.0728828 0.12034 0)
(0.0665334 0.0891668 0)
(0.0593896 0.0582368 0)
(0.0519086 0.0282106 0)
(0.0444552 -0.000445891 0)
(0.0373087 -0.0273653 0)
(0.0306734 -0.0522393 0)
(0.0246903 -0.0747616 0)
(0.0194763 -0.0944656 0)
(0.0150496 -0.110737 0)
(0.0113927 -0.123655 0)
(0.0088313 -0.127756 0)
(0.00330448 -0.133348 0)
(0.00500272 -0.16439 0)
(0.00364628 0.101359 0)
(0.0121591 0.129846 0)
(0.0302226 0.15665 0)
(0.0455091 0.175355 0)
(0.0601912 0.189302 0)
(0.0739272 0.199448 0)
(0.0862156 0.204661 0)
(0.0962051 0.203167 0)
(0.10312 0.19503 0)
(0.106309 0.179774 0)
(0.105762 0.158441 0)
(0.102057 0.132843 0)
(0.0959241 0.104818 0)
(0.0881829 0.0757865 0)
(0.0795228 0.0466286 0)
(0.070441 0.0180417 0)
(0.0613141 -0.00941253 0)
(0.0524083 -0.0352494 0)
(0.0438911 -0.0590239 0)
(0.0358844 -0.0802187 0)
(0.0284554 -0.098045 0)
(0.0215429 -0.112407 0)
(0.0158646 -0.117281 0)
(0.00702114 -0.121971 0)
(0.00803633 -0.153428 0)
(0.0046507 0.0935623 0)
(0.0137801 0.0960432 0)
(0.0322373 0.117267 0)
(0.0501926 0.138598 0)
(0.066919 0.154931 0)
(0.082249 0.167817 0)
(0.0960991 0.177111 0)
(0.107807 0.181539 0)
(0.116778 0.180328 0)
(0.122457 0.173416 0)
(0.124437 0.160323 0)
(0.122726 0.14233 0)
(0.117772 0.120267 0)
(0.11026 0.0948241 0)
(0.101054 0.0677383 0)
(0.0908831 0.0400907 0)
(0.0802794 0.0127671 0)
(0.0696266 -0.0134795 0)
(0.0591569 -0.0379822 0)
(0.0490146 -0.0601302 0)
(0.0392591 -0.0789708 0)
(0.0298013 -0.0946568 0)
(0.0217076 -0.100648 0)
(0.0100753 -0.105527 0)
(0.0101039 -0.13743 0)
(0.00960694 0.0661517 0)
(0.017093 0.0625348 0)
(0.0345224 0.076811 0)
(0.0522364 0.0986892 0)
(0.0696503 0.118483 0)
(0.0854265 0.134762 0)
(0.0995725 0.147887 0)
(0.111787 0.157448 0)
(0.121527 0.162464 0)
(0.128493 0.162982 0)
(0.13205 0.157923 0)
(0.132156 0.147559 0)
(0.128894 0.132608 0)
(0.122816 0.113153 0)
(0.114274 0.0898175 0)
(0.104022 0.0643043 0)
(0.0927879 0.0378905 0)
(0.0811316 0.0117265 0)
(0.0694316 -0.0131681 0)
(0.0579244 -0.0359766 0)
(0.0467197 -0.0554585 0)
(0.0356418 -0.0721278 0)
(0.0260113 -0.0792443 0)
(0.0121766 -0.0840415 0)
(0.0112162 -0.11578 0)
(0.00967283 0.0389273 0)
(0.0162465 0.0325389 0)
(0.0315867 0.0408858 0)
(0.0472018 0.0596798 0)
(0.0641193 0.0814121 0)
(0.0799782 0.101412 0)
(0.0941287 0.118589 0)
(0.106331 0.13283 0)
(0.116244 0.143471 0)
(0.123635 0.150107 0)
(0.128336 0.153358 0)
(0.129896 0.150375 0)
(0.12867 0.140993 0)
(0.12441 0.127424 0)
(0.117605 0.109711 0)
(0.108551 0.0879759 0)
(0.0978783 0.0637418 0)
(0.0862716 0.0384703 0)
(0.0742688 0.0136231 0)
(0.0622473 -0.00967424 0)
(0.050476 -0.0297154 0)
(0.0387132 -0.0472691 0)
(0.0284796 -0.0552099 0)
(0.013207 -0.0589151 0)
(0.0115939 -0.0938608 0)
(0.00840515 0.014612 0)
(0.0143294 0.0060896 0)
(0.026631 0.0116156 0)
(0.038786 0.025509 0)
(0.0530905 0.0459099 0)
(0.0676593 0.0683366 0)
(0.0811724 0.0895703 0)
(0.0929209 0.108408 0)
(0.102671 0.124155 0)
(0.110014 0.136233 0)
(0.11535 0.143627 0)
(0.118353 0.14731 0)
(0.118518 0.145609 0)
(0.116162 0.137738 0)
(0.11114 0.125118 0)
(0.104008 0.108336 0)
(0.0949805 0.0875544 0)
(0.084557 0.0643175 0)
(0.0732968 0.0403174 0)
(0.0616464 0.0170164 0)
(0.0500613 -0.00343615 0)
(0.0383498 -0.0216003 0)
(0.0279037 -0.0298333 0)
(0.0127774 -0.0309393 0)
(0.0112726 -0.069621 0)
(0.00673473 -0.00710675 0)
(0.0120488 -0.0149299 0)
(0.021282 -0.0101205 0)
(0.0298461 0.000155206 0)
(0.0401847 0.017037 0)
(0.0517408 0.0389697 0)
(0.0633959 0.0625778 0)
(0.0740374 0.085246 0)
(0.0830824 0.105469 0)
(0.0902246 0.122302 0)
(0.0953489 0.134546 0)
(0.0985176 0.142111 0)
(0.0997597 0.145882 0)
(0.0989981 0.144316 0)
(0.0962255 0.136733 0)
(0.0913212 0.123912 0)
(0.084673 0.107045 0)
(0.0763989 0.0867472 0)
(0.0669236 0.0645772 0)
(0.0566408 0.042122 0)
(0.0460669 0.0216838 0)
(0.0352641 0.00328035 0)
(0.0249928 -0.00479384 0)
(0.0112499 -0.00831204 0)
(0.0104018 -0.048458 0)
(0.00502098 -0.0239204 0)
(0.0100276 -0.0309534 0)
(0.0160959 -0.0254958 0)
(0.0214895 -0.0164413 0)
(0.0279852 -0.00271375 0)
(0.0358222 0.0166665 0)
(0.0445485 0.0401292 0)
(0.0532273 0.0648476 0)
(0.0610236 0.0883926 0)
(0.0674531 0.109094 0)
(0.0723105 0.12572 0)
(0.0755087 0.137676 0)
(0.0771948 0.144231 0)
(0.0774871 0.145727 0)
(0.0764125 0.142564 0)
(0.0737531 0.134066 0)
(0.0695335 0.120872 0)
(0.0638116 0.103886 0)
(0.0567121 0.0842861 0)
(0.0485307 0.0635341 0)
(0.0397029 0.0438308 0)
(0.0304624 0.025747 0)
(0.0214248 0.0195211 0)
(0.00962746 0.0113379 0)
(0.00880685 -0.0278572 0)
(0.00399202 -0.0391185 0)
(0.00957154 -0.0416262 0)
(0.0111969 -0.0347506 0)
(0.0130467 -0.0262818 0)
(0.016812 -0.014676 0)
(0.0215037 0.00211293 0)
(0.0271638 0.0239212 0)
(0.0333751 0.0487259 0)
(0.0394195 0.0740815 0)
(0.0447176 0.0974203 0)
(0.0490166 0.116994 0)
(0.0522366 0.131892 0)
(0.0543506 0.141696 0)
(0.0553862 0.146001 0)
(0.0554665 0.145186 0)
(0.0545089 0.139393 0)
(0.0523373 0.129187 0)
(0.0489289 0.115401 0)
(0.0442291 0.0986465 0)
(0.0383319 0.0801148 0)
(0.0315764 0.0618105 0)
(0.0240672 0.0443958 0)
(0.0171396 0.0387744 0)
(0.00798829 0.0278909 0)
(0.00716649 -0.0124283 0)
(0.00254462 -0.0557123 0)
(0.00878164 -0.0458752 0)
(0.00649164 -0.0315829 0)
(0.00576656 -0.0302535 0)
(0.00767521 -0.0212437 0)
(0.0100464 -0.00624879 0)
(0.01302 0.0137259 0)
(0.0165346 0.0375366 0)
(0.0204022 0.0633054 0)
(0.0242987 0.0878951 0)
(0.0278072 0.109209 0)
(0.0307746 0.125923 0)
(0.0331307 0.137635 0)
(0.0348391 0.143467 0)
(0.0359053 0.144567 0)
(0.0361957 0.141233 0)
(0.0356185 0.133412 0)
(0.0340718 0.122014 0)
(0.0314767 0.107937 0)
(0.0277497 0.0918048 0)
(0.0231283 0.0753374 0)
(0.0175332 0.0588751 0)
(0.012703 0.0518583 0)
(0.00625594 0.0406041 0)
(0.00536728 0.00149573 0)
(6.05308e-05 -0.0687533 0)
(0.00587168 -0.0448554 0)
(0.00193636 -0.0260633 0)
(0.00126015 -0.0305163 0)
(0.00139108 -0.0237923 0)
(0.00175956 -0.00944899 0)
(0.00250659 0.00964214 0)
(0.00370025 0.0325744 0)
(0.00546338 0.0568696 0)
(0.0077298 0.0810926 0)
(0.0102007 0.102813 0)
(0.0127203 0.12021 0)
(0.0151149 0.132866 0)
(0.0172231 0.139927 0)
(0.0189658 0.142275 0)
(0.0202279 0.140189 0)
(0.0208997 0.134104 0)
(0.0207988 0.124714 0)
(0.0198807 0.112788 0)
(0.0180261 0.0988663 0)
(0.0153616 0.084256 0)
(0.0117398 0.0689302 0)
(0.0086171 0.0606511 0)
(0.00431824 0.0499305 0)
(0.00370492 0.0101092 0)
(-0.00223908 -0.0760075 0)
(0.00229316 -0.0399958 0)
(-0.00238608 -0.0244361 0)
(-0.00261344 -0.0292432 0)
(-0.00385365 -0.0223188 0)
(-0.00499533 -0.00863116 0)
(-0.00578422 0.00950155 0)
(-0.00610687 0.0312423 0)
(-0.00583968 0.054405 0)
(-0.00495349 0.0775492 0)
(-0.0034457 0.0982841 0)
(-0.00145897 0.115166 0)
(0.000802316 0.127815 0)
(0.0031395 0.135197 0)
(0.00535763 0.138115 0)
(0.00730852 0.136999 0)
(0.00883224 0.132297 0)
(0.00978627 0.124452 0)
(0.0101053 0.114175 0)
(0.00970617 0.102089 0)
(0.00863831 0.0891148 0)
(0.00672717 0.0750165 0)
(0.00501851 0.0661723 0)
(0.0025878 0.0556257 0)
(0.00220398 0.017041 0)
(-0.00355563 -0.0762217 0)
(-0.000917606 -0.0330626 0)
(-0.00574346 -0.0209726 0)
(-0.0065465 -0.026386 0)
(-0.00859424 -0.0183863 0)
(-0.0106216 -0.00522722 0)
(-0.012383 0.012175 0)
(-0.0137389 0.0327034 0)
(-0.0144562 0.0544286 0)
(-0.01441 0.0759215 0)
(-0.0135321 0.0951414 0)
(-0.0119683 0.110945 0)
(-0.00986274 0.122772 0)
(-0.00743695 0.129971 0)
(-0.00496598 0.133161 0)
(-0.00261115 0.132617 0)
(-0.000525073 0.128753 0)
(0.00115945 0.122059 0)
(0.00235694 0.113078 0)
(0.00300482 0.102309 0)
(0.00307811 0.0907736 0)
(0.00245768 0.0777923 0)
(0.0018929 0.0685895 0)
(0.00104508 0.0585737 0)
(0.000943961 0.0194879 0)
(-0.00441432 -0.0714953 0)
(-0.00280353 -0.0252072 0)
(-0.00764509 -0.0166006 0)
(-0.00923345 -0.0218091 0)
(-0.0120019 -0.0129785 0)
(-0.0146852 -0.000217818 0)
(-0.017151 0.0166333 0)
(-0.0192064 0.0359451 0)
(-0.0205542 0.0560697 0)
(-0.0210264 0.075613 0)
(-0.0205329 0.0929803 0)
(-0.0192318 0.107226 0)
(-0.0172716 0.117849 0)
(-0.0148763 0.124504 0)
(-0.0123146 0.127594 0)
(-0.00975142 0.12734 0)
(-0.0073407 0.124077 0)
(-0.00520532 0.118215 0)
(-0.00342066 0.110207 0)
(-0.00206521 0.100581 0)
(-0.00134019 0.090366 0)
(-0.00111869 0.0781453 0)
(-0.000843554 0.0688134 0)
(-0.000261487 0.058576 0)
(-4.98819e-05 0.0209462 0)
(-0.00494519 -0.0648665 0)
(-0.00345363 -0.0173529 0)
(-0.00854841 -0.0111015 0)
(-0.0108385 -0.0155434 0)
(-0.0141843 -0.00616848 0)
(-0.0173664 0.00618228 0)
(-0.0203256 0.0224093 0)
(-0.0227833 0.0403449 0)
(-0.024451 0.0586375 0)
(-0.0251715 0.0758821 0)
(-0.0248873 0.0910828 0)
(-0.0237719 0.103894 0)
(-0.021957 0.113183 0)
(-0.0196703 0.119132 0)
(-0.0171527 0.121923 0)
(-0.0145588 0.121727 0)
(-0.0120307 0.118818 0)
(-0.00967792 0.113523 0)
(-0.00759133 0.106236 0)
(-0.0058868 0.0977068 0)
(-0.00475608 0.0890517 0)
(-0.0039651 0.0768166 0)
(-0.00315096 0.0671208 0)
(-0.00135772 0.0562772 0)
(-0.000795337 0.0193687 0)
(-0.00513798 -0.0574805 0)
(-0.00377471 -0.00933341 0)
(-0.00926607 -0.00440239 0)
(-0.0120581 -0.00813498 0)
(-0.0156556 0.00150186 0)
(-0.0190699 0.0134778 0)
(-0.0222319 0.0288423 0)
(-0.0247696 0.0451952 0)
(-0.0264593 0.0615488 0)
(-0.0272264 0.0767642 0)
(-0.0271237 0.0899865 0)
(-0.0261297 0.100865 0)
(-0.0244474 0.108826 0)
(-0.0223065 0.114001 0)
(-0.0199115 0.116392 0)
(-0.0173989 0.11612 0)
(-0.0148958 0.113399 0)
(-0.0125068 0.108497 0)
(-0.0103627 0.101893 0)
(-0.00864498 0.0943547 0)
(-0.00719885 0.0864538 0)
(-0.00596076 0.0745883 0)
(-0.00494521 0.0641564 0)
(-0.00211624 0.0515048 0)
(-0.00123168 0.0177008 0)
(-0.00507388 -0.0494386 0)
(-0.00375338 -0.000707126 0)
(-0.00997717 0.00346822 0)
(-0.0131271 -0.000395264 0)
(-0.0166727 0.00929444 0)
(-0.020036 0.0209636 0)
(-0.023096 0.0352032 0)
(-0.0254559 0.0498566 0)
(-0.0269809 0.0642258 0)
(-0.0276591 0.0775314 0)
(-0.027533 0.089375 0)
(-0.0266032 0.0980643 0)
(-0.0250468 0.104821 0)
(-0.0230981 0.109233 0)
(-0.0208812 0.111179 0)
(-0.0185229 0.110746 0)
(-0.0161341 0.108105 0)
(-0.0138379 0.103562 0)
(-0.0117983 0.0977321 0)
(-0.0100942 0.0910217 0)
(-0.0084273 0.0829419 0)
(-0.00703724 0.0719988 0)
(-0.00589039 0.0602083 0)
(-0.00250967 0.044415 0)
(-0.00145989 0.0140029 0)
(-0.00494005 -0.0423714 0)
(-0.00329821 0.00909447 0)
(-0.0099987 0.0130918 0)
(-0.0135452 0.00727926 0)
(-0.0169286 0.0167067 0)
(-0.0201293 0.0279813 0)
(-0.0229006 0.0409494 0)
(-0.02498 0.0539733 0)
(-0.0263047 0.066513 0)
(-0.0268126 0.0781068 0)
(-0.0265472 0.0878251 0)
(-0.0255586 0.0954244 0)
(-0.0242034 0.101202 0)
(-0.022442 0.104901 0)
(-0.0204304 0.106384 0)
(-0.0182571 0.10573 0)
(-0.0160375 0.10312 0)
(-0.0139145 0.0989682 0)
(-0.011991 0.0937365 0)
(-0.0102303 0.0871698 0)
(-0.008445 0.0793454 0)
(-0.00703302 0.0694139 0)
(-0.00565808 0.055552 0)
(-0.00214526 0.0377093 0)
(-0.00124055 0.0110875 0)
(-0.00468779 -0.0349425 0)
(-0.00316759 0.0171614 0)
(-0.00892574 0.0244363 0)
(-0.0122682 0.0151331 0)
(-0.0157791 0.0240534 0)
(-0.0188614 0.0344698 0)
(-0.0213742 0.0460682 0)
(-0.0232191 0.0575615 0)
(-0.0243471 0.0684629 0)
(-0.0247709 0.0782684 0)
(-0.0244187 0.0861242 0)
(-0.0236052 0.0930889 0)
(-0.0223788 0.0979787 0)
(-0.0208017 0.101013 0)
(-0.0189803 0.102022 0)
(-0.0169961 0.10113 0)
(-0.0149775 0.0985709 0)
(-0.0130552 0.0947326 0)
(-0.0112432 0.0897188 0)
(-0.00952362 0.0833571 0)
(-0.00781351 0.0756181 0)
(-0.00635951 0.0665476 0)
(-0.00473949 0.0504368 0)
(-0.00148824 0.0313912 0)
(-0.000810235 0.00895702 0)
(-0.00425092 -0.0283374 0)
(-0.00312768 0.0241081 0)
(-0.00759145 0.0308337 0)
(-0.0103795 0.0230734 0)
(-0.0139365 0.0313755 0)
(-0.0167696 0.0405087 0)
(-0.0190191 0.0507048 0)
(-0.0206331 0.0607186 0)
(-0.021589 0.0700727 0)
(-0.0219118 0.0781672 0)
(-0.0216883 0.0853981 0)
(-0.0210084 0.0910464 0)
(-0.0198953 0.0951008 0)
(-0.0184841 0.0975196 0)
(-0.0168357 0.0980666 0)
(-0.0150398 0.0969689 0)
(-0.013227 0.0944883 0)
(-0.0114871 0.0908605 0)
(-0.00981489 0.0859883 0)
(-0.00820877 0.0797591 0)
(-0.00664538 0.0721934 0)
(-0.00524597 0.0631941 0)
(-0.00356763 0.0453717 0)
(-0.000875792 0.0262847 0)
(-0.000396117 0.00806581 0)
(-0.00366999 -0.0216895 0)
(-0.00276484 0.0300644 0)
(-0.00652256 0.0370999 0)
(-0.00895007 0.0305624 0)
(-0.0121475 0.0380626 0)
(-0.0145551 0.0458219 0)
(-0.0164625 0.0547382 0)
(-0.0178132 0.0633991 0)
(-0.01859 0.0714187 0)
(-0.0188449 0.078488 0)
(-0.0186333 0.0844917 0)
(-0.0179998 0.0892158 0)
(-0.0170105 0.0925267 0)
(-0.0157454 0.0943798 0)
(-0.0142613 0.0945031 0)
(-0.0126529 0.0932426 0)
(-0.0110325 0.0908245 0)
(-0.00945424 0.0873153 0)
(-0.00791981 0.0825533 0)
(-0.00644915 0.0764669 0)
(-0.00502828 0.0690351 0)
(-0.00370839 0.0601685 0)
(-0.00238865 0.0409868 0)
(-0.000564156 0.0224325 0)
(-0.00014815 0.0077034 0)
(-0.00314544 -0.0166505 0)
(-0.00236689 0.0354 0)
(-0.00555459 0.0417856 0)
(-0.00761334 0.0369972 0)
(-0.0103382 0.043663 0)
(-0.0123003 0.0502049 0)
(-0.0138613 0.0580682 0)
(-0.0149515 0.0655727 0)
(-0.0155569 0.0724717 0)
(-0.0157235 0.0785473 0)
(-0.0154928 0.0836395 0)
(-0.0149015 0.0875722 0)
(-0.0140099 0.0902325 0)
(-0.0128692 0.0915588 0)
(-0.0115363 0.0913191 0)
(-0.0101082 0.0899299 0)
(-0.00866687 0.0875307 0)
(-0.0072478 0.084092 0)
(-0.00587168 0.0794373 0)
(-0.00456161 0.0734991 0)
(-0.00331959 0.0661939 0)
(-0.00211436 0.0575341 0)
(-0.00134325 0.0388468 0)
(-0.000541799 0.0200879 0)
(-0.000118757 0.00756959 0)
(-0.00263763 -0.011721 0)
(-0.00199953 0.0396151 0)
(-0.00465707 0.0462562 0)
(-0.00635478 0.0424529 0)
(-0.0085879 0.0482641 0)
(-0.0101457 0.0537494 0)
(-0.0113869 0.0607483 0)
(-0.0122282 0.0672793 0)
(-0.0126694 0.0732494 0)
(-0.012745 0.0784809 0)
(-0.0124853 0.082801 0)
(-0.0119208 0.0860591 0)
(-0.0111025 0.0881635 0)
(-0.010069 0.0890232 0)
(-0.00887682 0.0884994 0)
(-0.00761703 0.0870168 0)
(-0.00634659 0.0846214 0)
(-0.00509346 0.081255 0)
(-0.00389122 0.0767375 0)
(-0.00279199 0.070984 0)
(-0.00169716 0.0638368 0)
(-0.000523923 0.0556251 0)
(-0.000394701 0.0382612 0)
(-0.000581067 0.0191845 0)
(-0.000111307 0.00668616 0)
(-0.00218915 -0.00823115 0)
(-0.00164653 0.0434146 0)
(-0.00383224 0.0494221 0)
(-0.0051814 0.0468419 0)
(-0.00695367 0.0519007 0)
(-0.00816328 0.0565565 0)
(-0.00912506 0.0628172 0)
(-0.00974512 0.0685372 0)
(-0.0100356 0.0737477 0)
(-0.0100216 0.0782738 0)
(-0.00972489 0.0819475 0)
(-0.00917684 0.084632 0)
(-0.00841382 0.0862713 0)
(-0.00746688 0.0867391 0)
(-0.00639698 0.086003 0)
(-0.0052758 0.0844491 0)
(-0.00414147 0.082059 0)
(-0.00302378 0.0787614 0)
(-0.00192649 0.0744325 0)
(-0.000875505 0.0688371 0)
(0.000102717 0.0610941 0)
(0.0013112 0.0536699 0)
(0.000556737 0.0400893 0)
(-0.000717321 0.0189619 0)
(-4.12438e-05 0.00582635 0)
(-0.00177542 -0.00476527 0)
(-0.00133041 0.0462138 0)
(-0.00307785 0.0524396 0)
(-0.00412824 0.0503293 0)
(-0.00549977 0.054722 0)
(-0.00642041 0.0587309 0)
(-0.00713908 0.0643753 0)
(-0.00755251 0.0694279 0)
(-0.00770846 0.0739906 0)
(-0.00761674 0.0779264 0)
(-0.00729402 0.0810543 0)
(-0.00675313 0.0832878 0)
(-0.0060275 0.0845044 0)
(-0.00516321 0.0846719 0)
(-0.00420704 0.0837675 0)
(-0.00320753 0.0821475 0)
(-0.00220303 0.0797461 0)
(-0.00123204 0.0764893 0)
(-0.000280712 0.0719405 0)
(0.000644957 0.0664711 0)
(0.00139025 0.0595568 0)
(0.00231559 0.0531811 0)
(0.00131675 0.0453746 0)
(-0.000590439 0.0199754 0)
(5.89528e-05 0.0047489 0)
(-0.00142519 -0.00257417 0)
(-0.0010574 0.0487287 0)
(-0.00240777 0.0542972 0)
(-0.00320072 0.0530401 0)
(-0.00426001 0.0568668 0)
(-0.00492866 0.0604125 0)
(-0.00542834 0.0653992 0)
(-0.00565835 0.0698776 0)
(-0.00570493 0.0740414 0)
(-0.00556544 0.0774879 0)
(-0.00521857 0.0801853 0)
(-0.00466603 0.08182 0)
(-0.00398889 0.0828796 0)
(-0.00324185 0.0828232 0)
(-0.00239587 0.0818008 0)
(-0.00153915 0.0801337 0)
(-0.000676896 0.0778193 0)
(0.000172507 0.0746722 0)
(0.000900177 0.0703939 0)
(0.00142095 0.0652341 0)
(0.00178826 0.0581615 0)
(0.0022735 0.0525251 0)
(0.00188317 0.0492884 0)
(-3.13124e-05 0.0220072 0)
(0.00027486 0.00397246 0)
(-0.0011169 -0.000273683 0)
(-0.000771084 0.0503106 0)
(-0.00182899 0.0559807 0)
(-0.00244314 0.0551545 0)
(-0.00319167 0.0584139 0)
(-0.00362196 0.0614328 0)
(-0.00394901 0.0659432 0)
(-0.00414247 0.0700373 0)
(-0.00412639 0.0739197 0)
(-0.00388953 0.0769646 0)
(-0.00347851 0.0790685 0)
(-0.0029698 0.0806078 0)
(-0.0024156 0.0815516 0)
(-0.00168478 0.0812675 0)
(-0.000953246 0.0801118 0)
(-0.000208313 0.078519 0)
(0.000541134 0.0759356 0)
(0.00122329 0.0729663 0)
(0.00178251 0.0698125 0)
(0.00220675 0.0650236 0)
(0.00240126 0.0575362 0)
(0.00228827 0.0523295 0)
(0.00237915 0.0504282 0)
(0.000513476 0.0253234 0)
(0.000460874 0.00371605 0)
(-0.000861065 0.000882561 0)
(-0.000587328 0.0516636 0)
(-0.00141136 0.0576022 0)
(-0.00180297 0.0564913 0)
(-0.00228875 0.0594873 0)
(-0.00259626 0.0621085 0)
(-0.00283581 0.0669899 0)
(-0.00288445 0.0707082 0)
(-0.00276922 0.0735662 0)
(-0.00244936 0.0760862 0)
(-0.00205711 0.0781971 0)
(-0.00163425 0.0801352 0)
(-0.00109104 0.0800236 0)
(-0.000411253 0.0795387 0)
(0.000260447 0.0787223 0)
(0.000953398 0.0767309 0)
(0.00156179 0.074745 0)
(0.00200215 0.0719525 0)
(0.00244085 0.0682599 0)
(0.00294121 0.063733 0)
(0.00314246 0.0584384 0)
(0.00293511 0.0534176 0)
(0.00314394 0.0513059 0)
(0.0010666 0.0297913 0)
(0.000781908 0.00395623 0)
(-0.000659781 0.00231121 0)
(-0.000444258 0.0531746 0)
(-0.000996457 0.0582014 0)
(-0.00125212 0.0574782 0)
(-0.00168617 0.06012 0)
(-0.00186424 0.0631788 0)
(-0.00197445 0.0668065 0)
(-0.00182225 0.0700778 0)
(-0.0015705 0.0729737 0)
(-0.00132909 0.0754595 0)
(-0.00101044 0.0778768 0)
(-0.000516747 0.0785008 0)
(0.000103419 0.0787816 0)
(0.000561879 0.0784044 0)
(0.00115504 0.0770294 0)
(0.00173783 0.0756686 0)
(0.00223158 0.0742094 0)
(0.00276895 0.0715663 0)
(0.00320316 0.0672911 0)
(0.00348488 0.0630067 0)
(0.00368176 0.0577608 0)
(0.00361722 0.0530469 0)
(0.00396906 0.0524104 0)
(0.00157479 0.0346809 0)
(0.00102035 0.0054623 0)
(-0.000499084 0.00277382 0)
(-0.000265571 0.0535094 0)
(-0.000616457 0.0583588 0)
(-0.000846813 0.0588659 0)
(-0.00114693 0.0605783 0)
(-0.00123062 0.0629913 0)
(-0.0011625 0.0664314 0)
(-0.00110473 0.069529 0)
(-0.000940516 0.0725949 0)
(-0.000696522 0.0753863 0)
(-0.000302577 0.0764544 0)
(0.000214405 0.0771327 0)
(0.000656559 0.0782749 0)
(0.00117543 0.0778328 0)
(0.00164828 0.0761059 0)
(0.00208643 0.0751559 0)
(0.00260826 0.072458 0)
(0.00322583 0.0698914 0)
(0.00365957 0.0673523 0)
(0.00392405 0.0632986 0)
(0.00409384 0.0575395 0)
(0.00385919 0.0534158 0)
(0.00434917 0.0535958 0)
(0.00166507 0.0408999 0)
(0.000950037 0.00709576 0)
(-0.000373007 0.00389206 0)
(-0.000220509 0.053665 0)
(-0.000516286 0.0597014 0)
(-0.000575432 0.0589885 0)
(-0.000697536 0.0614406 0)
(-0.00077236 0.0628586 0)
(-0.000766009 0.0671573 0)
(-0.000647345 0.0700946 0)
(-0.00045019 0.0726001 0)
(-0.00015344 0.0741927 0)
(0.000242216 0.0753838 0)
(0.000532677 0.0771343 0)
(0.000954054 0.0767552 0)
(0.00151771 0.0761743 0)
(0.00194932 0.0757228 0)
(0.00238004 0.0735002 0)
(0.00280067 0.0712957 0)
(0.00300779 0.0688494 0)
(0.00329026 0.0659691 0)
(0.00355431 0.0622496 0)
(0.00355704 0.0584188 0)
(0.00318544 0.0539737 0)
(0.00345425 0.0544403 0)
(0.00139597 0.0486794 0)
(0.00100848 0.00828908 0)
(-0.000285314 0.00386956 0)
(-0.000149005 0.0549059 0)
(-0.000305292 0.0590529 0)
(-0.000355843 0.0590888 0)
(-0.000506025 0.0612045 0)
(-0.000495717 0.0636875 0)
(-0.000452964 0.0663142 0)
(-0.000205491 0.0689945 0)
(7.04318e-05 0.0715803 0)
(0.000340294 0.0733707 0)
(0.000549604 0.0756225 0)
(0.000906284 0.0756945 0)
(0.00133593 0.0757124 0)
(0.00159363 0.0751732 0)
(0.00197886 0.0742827 0)
(0.00232186 0.072692 0)
(0.00254427 0.0717027 0)
(0.00272234 0.0693813 0)
(0.00280505 0.0656794 0)
(0.00269029 0.0622572 0)
(0.00255606 0.0583224 0)
(0.00216831 0.0544281 0)
(0.0019238 0.0550106 0)
(0.000885769 0.0504613 0)
(0.000979848 0.0101104 0)
(-0.000216461 0.00440247 0)
(-3.72759e-05 0.0543479 0)
(-9.74443e-05 0.0592306 0)
(-0.000195783 0.0602754 0)
(-0.000305461 0.0611077 0)
(-0.000247369 0.0630154 0)
(-7.79202e-05 0.0659599 0)
(2.3432e-05 0.0685535 0)
(0.000171766 0.0709686 0)
(0.000371491 0.0737114 0)
(0.000694812 0.0743243 0)
(0.00104431 0.074876 0)
(0.00127427 0.0756833 0)
(0.00151659 0.0754891 0)
(0.00176938 0.0735982 0)
(0.00197376 0.0730222 0)
(0.00216363 0.0705874 0)
(0.00244247 0.0684666 0)
(0.0025035 0.0666156 0)
(0.00240304 0.0635356 0)
(0.00210076 0.0590667 0)
(0.0016694 0.0553658 0)
(0.00137525 0.0566425 0)
(0.000608303 0.0517173 0)
(0.000770381 0.0114593 0)
(-0.000167391 0.00457275 0)
(-6.46338e-05 0.0544094 0)
(-0.000165132 0.0599884 0)
(-0.000104958 0.0597946 0)
(-9.67213e-05 0.0619327 0)
(-9.45379e-05 0.062775 0)
(-3.55084e-05 0.0662608 0)
(8.671e-05 0.0691023 0)
(0.000235396 0.0713944 0)
(0.000497034 0.0725329 0)
(0.000778494 0.0735977 0)
(0.000953596 0.075201 0)
(0.00115096 0.0748982 0)
(0.00143193 0.0742894 0)
(0.00165792 0.0736322 0)
(0.0018549 0.0721283 0)
(0.00201103 0.0701803 0)
(0.00196242 0.0682125 0)
(0.00197799 0.0659554 0)
(0.00201681 0.0632272 0)
(0.00178151 0.0606905 0)
(0.00133757 0.0564906 0)
(0.0010758 0.0572041 0)
(0.000488998 0.0529174 0)
(0.000631731 0.0128285 0)
(-0.000138514 0.00482342 0)
(-3.54746e-05 0.0552786 0)
(-4.35239e-05 0.059364 0)
(-4.27071e-05 0.0597725 0)
(-9.42142e-05 0.0613039 0)
(-2.10036e-05 0.0634745 0)
(3.01826e-06 0.0658123 0)
(0.000152184 0.0680921 0)
(0.000415811 0.0703127 0)
(0.000600492 0.071975 0)
(0.000702362 0.0740516 0)
(0.000936144 0.0741302 0)
(0.00120888 0.0748267 0)
(0.00137502 0.0737815 0)
(0.0014888 0.0731404 0)
(0.00164941 0.0717712 0)
(0.00178519 0.0710185 0)
(0.00178946 0.0691726 0)
(0.00173597 0.0660521 0)
(0.00157669 0.0634508 0)
(0.00143463 0.0607713 0)
(0.0010969 0.0572091 0)
(0.000821527 0.0580595 0)
(0.000383621 0.0537093 0)
(0.000518287 0.0135129 0)
(-0.000124787 0.00458366 0)
(1.6822e-05 0.0546612 0)
(4.03135e-05 0.059177 0)
(-2.05405e-05 0.0608222 0)
(-0.000113125 0.0612143 0)
(-2.21149e-05 0.0627604 0)
(0.000140095 0.065943 0)
(0.000235763 0.0677551 0)
(0.000307639 0.0699319 0)
(0.000410643 0.0725195 0)
(0.000623929 0.0730557 0)
(0.000806266 0.0735925 0)
(0.000990571 0.0739708 0)
(0.00117996 0.0743306 0)
(0.00130861 0.0732189 0)
(0.00136822 0.0716632 0)
(0.00144583 0.0701265 0)
(0.00160738 0.0685107 0)
(0.00159794 0.0670649 0)
(0.00149665 0.0646138 0)
(0.00130511 0.0612505 0)
(0.000951837 0.0582713 0)
(0.00069279 0.0584752 0)
(0.000284518 0.0543691 0)
(0.000425438 0.0144539 0)
(-0.000111101 0.00530382 0)
(-3.33478e-05 0.0545635 0)
(-8.96588e-05 0.0600973 0)
(-2.61645e-05 0.0603029 0)
(-1.30932e-05 0.0620328 0)
(-3.00168e-05 0.0624806 0)
(8.50805e-05 0.0653395 0)
(0.000217038 0.0683905 0)
(0.00027629 0.0705339 0)
(0.000455455 0.0715743 0)
(0.000639201 0.0725944 0)
(0.000725938 0.0742023 0)
(0.000797155 0.0735718 0)
(0.000928192 0.0733662 0)
(0.00116198 0.072555 0)
(0.00125288 0.0718698 0)
(0.0012504 0.0699769 0)
(0.0011782 0.0684232 0)
(0.00116091 0.0664778 0)
(0.00121266 0.0641993 0)
(0.00107595 0.062601 0)
(0.000792836 0.0588966 0)
(0.000610817 0.0595937 0)
(0.000271129 0.0550022 0)
(0.000385092 0.0148866 0)
(-0.000100375 0.00485077 0)
(-1.26785e-05 0.055448 0)
(8.85685e-06 0.0592531 0)
(1.75335e-05 0.0602654 0)
(-3.15286e-05 0.0614217 0)
(5.13107e-05 0.0631783 0)
(4.32852e-05 0.0650765 0)
(0.000123556 0.0675299 0)
(0.000332414 0.0696287 0)
(0.000454074 0.0711879 0)
(0.000495347 0.0732144 0)
(0.000682595 0.0732794 0)
(0.000828696 0.0742592 0)
(0.000853996 0.0730784 0)
(0.00086538 0.0722684 0)
(0.000977143 0.0716197 0)
(0.0010512 0.0708749 0)
(0.0010424 0.0693641 0)
(0.00101894 0.0666184 0)
(0.000895498 0.0642945 0)
(0.000823926 0.0623882 0)
(0.000585377 0.0592126 0)
(0.000442646 0.0594692 0)
(0.00024385 0.0555687 0)
(0.000327593 0.0157277 0)
(-0.000106623 0.00521029 0)
(3.16023e-05 0.0547588 0)
(6.20159e-05 0.059231 0)
(3.97401e-06 0.0613147 0)
(-9.25932e-05 0.0613384 0)
(-1.18402e-06 0.06246 0)
(0.000112336 0.0657987 0)
(0.000141339 0.0673049 0)
(0.000174779 0.069362 0)
(0.000235228 0.0718344 0)
(0.000394441 0.0723251 0)
(0.000532375 0.072878 0)
(0.00059514 0.0735073 0)
(0.000661311 0.0738156 0)
(0.000709494 0.0730309 0)
(0.000730091 0.0712521 0)
(0.000805265 0.0701029 0)
(0.000956035 0.0686453 0)
(0.000973378 0.0672445 0)
(0.000886002 0.0653622 0)
(0.000781257 0.0626898 0)
(0.000544523 0.0605547 0)
(0.000380427 0.0596595 0)
(0.000157748 0.0558908 0)
(0.000266054 0.0158782 0)
(-0.00011114 0.00522599 0)
(-4.12049e-05 0.0546887 0)
(-0.000108355 0.0599892 0)
(-4.71094e-05 0.060772 0)
(-3.6253e-05 0.0621844 0)
(-9.25342e-05 0.062242 0)
(-3.76708e-06 0.0650387 0)
(0.00010106 0.0680192 0)
(0.000127211 0.0700457 0)
(0.00027319 0.0709786 0)
(0.000406624 0.0720121 0)
(0.000414244 0.0736329 0)
(0.000372902 0.0735598 0)
(0.000431825 0.0729839 0)
(0.000655345 0.0722288 0)
(0.000725567 0.071754 0)
(0.000696953 0.0699879 0)
(0.000659764 0.0685104 0)
(0.000621532 0.0671343 0)
(0.000650477 0.0648221 0)
(0.000604005 0.063786 0)
(0.000445829 0.0604158 0)
(0.000355175 0.0606903 0)
(0.000150783 0.0562489 0)
(0.00024792 0.0166905 0)
(-0.000119588 0.00553457 0)
(-3.74016e-05 0.0554604 0)
(-4.15666e-05 0.0593366 0)
(-4.39603e-05 0.0607416 0)
(-8.85555e-05 0.0616175 0)
(-4.83884e-05 0.0630579 0)
(-0.000103054 0.0648507 0)
(-3.9925e-05 0.0672208 0)
(0.000154236 0.0691859 0)
(0.000272693 0.0706662 0)
(0.000263678 0.0727645 0)
(0.000323123 0.0729624 0)
(0.000378042 0.0740931 0)
(0.000409987 0.0727091 0)
(0.000450868 0.0719418 0)
(0.000505407 0.0714965 0)
(0.000549892 0.0708146 0)
(0.000577319 0.0693838 0)
(0.000591474 0.0673149 0)
(0.000511129 0.0648313 0)
(0.000484156 0.063386 0)
(0.000338063 0.0606684 0)
(0.000246963 0.0602758 0)
(0.000151462 0.0564511 0)
(0.00022429 0.0166207 0)
(-0.000143332 0.00533843 0)
(5.54996e-06 0.0551994 0)
(-2.68786e-05 0.0592419 0)
(-9.83237e-05 0.0617967 0)
(-0.000212831 0.0615657 0)
(-0.000166287 0.0624707 0)
(-0.000118064 0.0656438 0)
(-9.00775e-05 0.067038 0)
(-4.75655e-05 0.0689156 0)
(9.42996e-06 0.0713378 0)
(0.000106633 0.0721209 0)
(9.85387e-05 0.0729232 0)
(0.000132185 0.0736985 0)
(0.00023865 0.0734197 0)
(0.000291288 0.0726738 0)
(0.000374416 0.0717009 0)
(0.000486083 0.0700138 0)
(0.000647028 0.0686172 0)
(0.000691232 0.0673726 0)
(0.000618929 0.0658447 0)
(0.000552149 0.0635744 0)
(0.000389001 0.0619092 0)
(0.000276259 0.0603699 0)
(0.000117879 0.0568426 0)
(0.000213776 0.0171728 0)
(-0.000183989 0.00588366 0)
(-7.80099e-05 0.0550616 0)
(-0.000232352 0.0600617 0)
(-0.00023605 0.0613319 0)
(-0.000264568 0.0624979 0)
(-0.000372097 0.0624036 0)
(-0.000336586 0.0649756 0)
(-0.000270865 0.0674938 0)
(-0.000282198 0.0696397 0)
(-0.000143951 0.0705345 0)
(-8.29517e-05 0.0721625 0)
(-0.000109611 0.0737346 0)
(1.03915e-05 0.0737866 0)
(0.000166456 0.0725717 0)
(0.00033688 0.071806 0)
(0.000523018 0.0710468 0)
(0.000596585 0.0698487 0)
(0.000525515 0.068518 0)
(0.000538527 0.0676906 0)
(0.000599482 0.0653403 0)
(0.000554246 0.0642845 0)
(0.000417496 0.0616268 0)
(0.00032844 0.0611613 0)
(0.000134892 0.0569026 0)
(0.000236896 0.017361 0)
(-0.000234868 0.00587847 0)
(-0.000137742 0.0554858 0)
(-0.00026166 0.0597984 0)
(-0.000358574 0.0614257 0)
(-0.000457953 0.0620068 0)
(-0.000505172 0.06329 0)
(-0.000609537 0.0648823 0)
(-0.000618111 0.0671955 0)
(-0.000496754 0.0688518 0)
(-0.000394405 0.070281 0)
(-0.00035215 0.0728126 0)
(-0.000175095 0.0727658 0)
(0.00015539 0.0730247 0)
(0.000304578 0.0722957 0)
(0.000335096 0.0715192 0)
(0.000422022 0.0707883 0)
(0.000515363 0.070647 0)
(0.000561407 0.0693557 0)
(0.000663403 0.0671393 0)
(0.000723993 0.0652987 0)
(0.000625755 0.0643191 0)
(0.000432945 0.0619148 0)
(0.000286909 0.0611433 0)
(0.000120436 0.0574939 0)
(0.000238058 0.0179872 0)
(-0.000323284 0.00653006 0)
(-0.000166485 0.0560111 0)
(-0.000382991 0.0600714 0)
(-0.000554825 0.0627219 0)
(-0.00084063 0.0621815 0)
(-0.000894473 0.0630511 0)
(-0.000950736 0.0657569 0)
(-0.000922207 0.0674482 0)
(-0.000864111 0.0686221 0)
(-0.000820517 0.0709045 0)
(-0.00056174 0.0718736 0)
(-0.000257489 0.0721808 0)
(-4.38462e-05 0.0724435 0)
(0.000140756 0.0729658 0)
(0.000268608 0.0721055 0)
(0.000429614 0.0713179 0)
(0.000614311 0.0696992 0)
(0.000863031 0.0684634 0)
(0.000945034 0.066993 0)
(0.000864979 0.0662271 0)
(0.00080003 0.0649402 0)
(0.000568903 0.063234 0)
(0.000405737 0.0617311 0)
(0.000181263 0.0576135 0)
(0.000305125 0.0180011 0)
(-0.000471888 0.00670916 0)
(-0.000309643 0.0561567 0)
(-0.000730759 0.0605803 0)
(-0.000921228 0.0627807 0)
(-0.00125793 0.0632476 0)
(-0.0014885 0.0632256 0)
(-0.00154731 0.0651844 0)
(-0.00146007 0.0669433 0)
(-0.00141053 0.0692842 0)
(-0.00126414 0.0699532 0)
(-0.000938164 0.0711166 0)
(-0.000569313 0.0724271 0)
(-0.000249961 0.0726699 0)
(0.00012042 0.0718681 0)
(0.000475028 0.0709654 0)
(0.000781505 0.0701991 0)
(0.00103235 0.0692406 0)
(0.00113142 0.0682049 0)
(0.00117539 0.0678166 0)
(0.00113572 0.0657522 0)
(0.00109199 0.0648573 0)
(0.000829675 0.0632422 0)
(0.00068742 0.0616602 0)
(0.000351873 0.0581327 0)
(0.000450438 0.0188953 0)
(-0.000693755 0.00797521 0)
(-0.000630254 0.0568385 0)
(-0.00127063 0.0612232 0)
(-0.00160734 0.0636888 0)
(-0.00192343 0.0637062 0)
(-0.00215224 0.0639738 0)
(-0.00231307 0.065417 0)
(-0.0022986 0.0668547 0)
(-0.00204741 0.0683769 0)
(-0.00179158 0.0695123 0)
(-0.00144277 0.0704216 0)
(-0.000938138 0.0707906 0)
(-0.000323711 0.071002 0)
(0.000234388 0.0708997 0)
(0.000655247 0.0703626 0)
(0.0010229 0.0696771 0)
(0.00133448 0.069413 0)
(0.00155372 0.0685077 0)
(0.00172366 0.0671036 0)
(0.00182905 0.0660006 0)
(0.00168899 0.0654247 0)
(0.00145428 0.0640021 0)
(0.00124324 0.0621215 0)
(0.000635945 0.0590053 0)
(0.000697642 0.0193443 0)
(-0.00115292 0.00936818 0)
(-0.00137196 0.0584176 0)
(-0.00230089 0.0624682 0)
(-0.00264873 0.0648006 0)
(-0.00297195 0.0643558 0)
(-0.00320749 0.064383 0)
(-0.00325466 0.065845 0)
(-0.00311338 0.0670363 0)
(-0.00284444 0.0678603 0)
(-0.00238186 0.069203 0)
(-0.00187072 0.0695535 0)
(-0.00127402 0.0697099 0)
(-0.000638212 0.0698535 0)
(2.00473e-05 0.0703049 0)
(0.00063079 0.0698486 0)
(0.0011866 0.0692363 0)
(0.00171293 0.0685308 0)
(0.00217254 0.0678308 0)
(0.00250103 0.0668831 0)
(0.00249202 0.0665629 0)
(0.00248391 0.06604 0)
(0.00248952 0.0648319 0)
(0.00243185 0.0633392 0)
(0.00146311 0.0603899 0)
(0.00120954 0.0213877 0)
(-0.00244243 0.0149335 0)
(-0.00268184 0.0623077 0)
(-0.00387931 0.0655918 0)
(-0.00391788 0.0670526 0)
(-0.00409864 0.0666668 0)
(-0.00422336 0.0664251 0)
(-0.00414751 0.0669019 0)
(-0.00388642 0.0676281 0)
(-0.00349066 0.0686936 0)
(-0.00293059 0.0690575 0)
(-0.00225214 0.0696894 0)
(-0.00155877 0.0700023 0)
(-0.000877782 0.0700731 0)
(-0.000146465 0.0697819 0)
(0.000601094 0.0694068 0)
(0.0012796 0.068935 0)
(0.00190856 0.0685909 0)
(0.00246729 0.0681467 0)
(0.00286806 0.0682332 0)
(0.00282959 0.0679361 0)
(0.00303821 0.0669129 0)
(0.00352558 0.0660077 0)
(0.00408162 0.0655339 0)
(0.00289926 0.0649785 0)
(0.00251034 0.0264248 0)
(-0.00547955 0.0168057 0)
(-0.00757314 0.0592388 0)
(-0.0068191 0.0604672 0)
(-0.00565396 0.0616467 0)
(-0.00514869 0.0615469 0)
(-0.00500368 0.0610901 0)
(-0.00480223 0.0615578 0)
(-0.00438948 0.0621086 0)
(-0.00385403 0.0625613 0)
(-0.00324107 0.063009 0)
(-0.00254898 0.0633003 0)
(-0.00182154 0.0635252 0)
(-0.00115933 0.0636323 0)
(-0.000621263 0.0636094 0)
(-6.41704e-05 0.0634109 0)
(0.000717503 0.0631133 0)
(0.00161871 0.0627417 0)
(0.00233271 0.062454 0)
(0.00257103 0.0627576 0)
(0.00223921 0.0635555 0)
(0.00236886 0.0606374 0)
(0.00425556 0.0598553 0)
(0.00703159 0.0596887 0)
(0.00771328 0.0634088 0)
(0.00555365 0.0287787 0)
(-0.00798958 0.0458204 0)
(-0.0137966 0.0682133 0)
(-0.00826552 0.0676642 0)
(-0.00602572 0.070854 0)
(-0.00432162 0.072776 0)
(-0.00370748 0.0729978 0)
(-0.00344978 0.0726894 0)
(-0.00319632 0.0726587 0)
(-0.0029174 0.0729957 0)
(-0.00256472 0.0731813 0)
(-0.00216211 0.0733479 0)
(-0.00173493 0.0736452 0)
(-0.00130391 0.0741237 0)
(-0.00087826 0.0743391 0)
(-0.000434826 0.0733622 0)
(2.31204e-06 0.0720755 0)
(0.00039801 0.0718667 0)
(0.000726001 0.0728885 0)
(0.000964019 0.0754043 0)
(0.00138648 0.076024 0)
(0.00276678 0.0696626 0)
(0.0038689 0.0631265 0)
(0.00556398 0.0631923 0)
(0.0115505 0.072538 0)
(0.0070278 0.0577293 0)
(0.00999067 0.0274851 0)
(-0.00807731 0.0103474 0)
(-0.004887 0.0067893 0)
(-0.00268999 0.0122766 0)
(-0.00224525 0.0175717 0)
(-0.00297714 0.019839 0)
(-0.00363844 0.0199961 0)
(-0.0037931 0.0199509 0)
(-0.00358128 0.0200577 0)
(-0.00313925 0.0200738 0)
(-0.00249961 0.0200304 0)
(-0.00173436 0.0201932 0)
(-0.00103837 0.0206641 0)
(-0.000561759 0.020969 0)
(-0.000110218 0.020102 0)
(0.000649288 0.0188626 0)
(0.0015413 0.018746 0)
(0.00198172 0.019882 0)
(0.0015208 0.0218308 0)
(0.000175725 0.021382 0)
(-0.00142243 0.0146549 0)
(0.000120435 0.00479402 0)
(0.00370593 0.00350326 0)
(0.00646799 0.0118794 0)
(-0.0115565 0.031154 0)
(0.0594719 0.0442948 0)
(0.00675102 0.0316362 0)
(0.00628267 0.0339468 0)
(0.0016999 0.0436833 0)
(-0.0010617 0.0502657 0)
(-0.00287883 0.0519509 0)
(-0.00388388 0.051125 0)
(-0.00420637 0.0505052 0)
(-0.00393529 0.0504054 0)
(-0.00329477 0.0503507 0)
(-0.00252718 0.0502776 0)
(-0.00171654 0.0504041 0)
(-0.000796167 0.0509276 0)
(0.000307841 0.05134 0)
(0.00136439 0.0504574 0)
(0.00199459 0.0490605 0)
(0.00221861 0.0489365 0)
(0.00225018 0.050329 0)
(0.00226287 0.053034 0)
(0.00202834 0.0541279 0)
(0.000341042 0.0500085 0)
(-0.00436974 0.0373542 0)
(-0.011119 0.0339408 0)
(-0.011445 0.0341991 0)
(-0.0626491 0.0455475 0)
(0.00255712 0.0833723 0)
(-0.014754 0.130545 0)
(-0.0107988 0.101823 0)
(-0.0117048 0.0950588 0)
(-0.0114832 0.0992188 0)
(-0.00903747 0.0978675 0)
(-0.00596177 0.0928799 0)
(-0.00341477 0.0885182 0)
(-0.000903508 0.0857453 0)
(0.00160454 0.0841265 0)
(0.00360033 0.0833043 0)
(0.00417848 0.0831983 0)
(0.00359241 0.0838355 0)
(0.0033062 0.0846269 0)
(0.00334241 0.0843935 0)
(0.00282575 0.0841444 0)
(0.00172153 0.0860766 0)
(0.000751962 0.0908382 0)
(0.00129285 0.097529 0)
(0.00393266 0.102698 0)
(0.00723098 0.101807 0)
(0.0081248 0.0919093 0)
(0.00761378 0.105074 0)
(0.0138149 0.131042 0)
(-0.00224614 0.075966 0)
(-0.0133452 0.0823156 0)
(-0.0152196 0.12029 0)
(-0.0476037 0.166831 0)
(-0.0733172 0.1849 0)
(-0.0773814 0.186851 0)
(-0.0614596 0.184222 0)
(-0.0365846 0.180334 0)
(-0.0111366 0.176275 0)
(0.0134171 0.172366 0)
(0.0355171 0.169505 0)
(0.0516233 0.167816 0)
(0.0560415 0.166758 0)
(0.0498988 0.16614 0)
(0.0368521 0.16597 0)
(0.0229768 0.165872 0)
(0.00963247 0.166483 0)
(-0.00156641 0.168852 0)
(-0.006592 0.173058 0)
(0.000721704 0.178064 0)
(0.0193196 0.184311 0)
(0.0391491 0.189035 0)
(0.0451657 0.182819 0)
(0.0313043 0.158935 0)
(0.00988892 0.110006 0)
(0.0106616 0.0729117 0)
(-0.0369379 0.115204 0)
(-0.0369489 0.13415 0)
(-0.065417 0.142846 0)
(-0.082707 0.11103 0)
(-0.0763335 0.0379535 0)
(-0.0665888 -0.0194881 0)
(-0.0543519 -0.0414071 0)
(-0.0351494 -0.047118 0)
(-0.0169649 -0.0495971 0)
(0.00175499 -0.0327892 0)
(0.0204839 0.00760851 0)
(0.035692 0.0628785 0)
(0.0396464 0.0974254 0)
(0.0345232 0.112693 0)
(0.0255427 0.116114 0)
(0.0168891 0.112562 0)
(0.0103672 0.102566 0)
(0.00779654 0.0790424 0)
(0.0133506 0.0244178 0)
(0.0280918 -0.00411335 0)
(0.0407684 0.00935054 0)
(0.0550051 0.0623969 0)
(0.0493337 0.105774 0)
(0.0297905 0.109322 0)
(0.0335989 0.0967882 0)
(-0.0561056 0.174194 0)
(-0.0513206 0.180219 0)
(-0.0770275 0.158045 0)
(-0.0792922 0.0674809 0)
(-0.0730747 -0.0180128 0)
(-0.0759105 -0.0531755 0)
(-0.0527308 -0.0702913 0)
(-0.0404128 -0.0755961 0)
(-0.0330364 -0.0750479 0)
(-0.0268623 -0.0629022 0)
(-0.0239295 -0.0367046 0)
(-0.0168156 0.0124876 0)
(-0.00530744 0.0538672 0)
(0.00276171 0.0744808 0)
(0.0101841 0.0789279 0)
(0.0167773 0.0706764 0)
(0.0238125 0.0526546 0)
(0.0335363 0.0214103 0)
(0.0410088 -0.0210596 0)
(0.0523283 -0.0376152 0)
(0.0578922 -0.0321108 0)
(0.068184 0.00427341 0)
(0.0697063 0.103297 0)
(0.0469767 0.14596 0)
(0.0539345 0.150019 0)
(-0.0442147 0.310736 0)
(-0.0393007 0.282694 0)
(-0.0599604 0.200508 0)
(-0.060528 0.0782437 0)
(-0.0508065 0.000612831 0)
(-0.0334091 -0.0332134 0)
(-0.0190221 -0.0571085 0)
(-0.0159179 -0.0658233 0)
(-0.0116249 -0.065131 0)
(-0.00937153 -0.0535963 0)
(-0.00822592 -0.0253682 0)
(-0.00895806 0.0198974 0)
(-0.00577301 0.0608351 0)
(-0.00100741 0.0825846 0)
(0.00438022 0.0864721 0)
(0.0092258 0.0767514 0)
(0.0151528 0.0510188 0)
(0.0208431 0.0121115 0)
(0.0287558 -0.0136388 0)
(0.033569 -0.0202522 0)
(0.0383274 -0.0143945 0)
(0.0509546 0.020782 0)
(0.0543861 0.13162 0)
(0.035274 0.237157 0)
(0.0422182 0.278093 0)
)
;

boundaryField
{
    inlet
    {
        type            calculated;
        value           uniform (0 0.05 0);
    }
    outlet
    {
        type            calculated;
        value           nonuniform List<vector> 
25
(
(-0.0442147 0.310736 0)
(-0.0393007 0.282694 0)
(-0.0599604 0.200508 0)
(-0.060528 0.0782437 0)
(0 0.000612831 0)
(0 -0.0332134 0)
(0 -0.0571085 0)
(0 -0.0658233 0)
(0 -0.065131 0)
(0 -0.0535963 0)
(0 -0.0253682 0)
(-0.00895806 0.0198974 0)
(-0.00577301 0.0608351 0)
(-0.00100741 0.0825846 0)
(0.00438022 0.0864721 0)
(0.0092258 0.0767514 0)
(0.0151528 0.0510188 0)
(0.0208431 0.0121115 0)
(0 -0.0136388 0)
(0 -0.0202522 0)
(0 -0.0143945 0)
(0.0509546 0.020782 0)
(0.0543861 0.13162 0)
(0.035274 0.237157 0)
(0.0422182 0.278093 0)
)
;
    }
    walls
    {
        type            calculated;
        value           uniform (0 0 0);
    }
    defaultFaces
    {
        type            empty;
    }
}


// ************************************************************************* //
