/*--------------------------------*- C++ -*----------------------------------*\
| =========                 |                                                 |
| \\      /  F ield         | OpenFOAM: The Open Source CFD Toolbox           |
|  \\    /   O peration     | Version:  2312                                  |
|   \\  /    A nd           | Website:  www.openfoam.com                      |
|    \\/     M anipulation  |                                                 |
\*---------------------------------------------------------------------------*/
FoamFile
{
    version     2.0;
    format      ascii;
    arch        "LSB;label=32;scalar=64";
    class       volScalarField;
    location    "0.585/heater";
    object      T;
}
// * * * * * * * * * * * * * * * * * * * * * * * * * * * * * * * * * * * * * //

dimensions      [0 0 0 1 0 0 0];

internalField   nonuniform List<scalar> 
150
(
792.547238578
792.423197286
792.175749955
791.80624588
791.316895189
792.410318811
792.275901827
792.006613389
791.601469117
791.058770909
792.30712979
792.170839245
791.898185197
791.489044844
790.943297764
792.255361003
792.119075796
791.84650127
791.437642177
790.892546957
792.240469293
792.104843259
791.833638528
791.42696822
790.885041708
792.240596796
792.105373223
791.834992848
791.429559196
790.889013704
792.243031258
792.107908147
791.837730434
791.432560048
790.892136549
792.243323787
792.108227599
791.838136114
791.43316989
790.893004698
792.239463651
792.104258184
791.833976384
791.428878417
790.88881656
792.231565272
792.096113276
791.825309778
791.419485215
790.878896933
792.22155227
792.085832879
791.814438363
791.40767561
790.866233233
792.211331912
792.07539732
791.803521569
791.395932493
790.853752968
792.201743006
792.065609557
791.793288918
791.38475911
790.841142072
792.193476608
792.057169895
791.78451356
791.375325702
790.829684821
792.187009363
792.050555237
791.777637027
791.368097366
790.821407284
792.182651243
792.046117021
791.773064712
791.363393529
790.816595503
792.179921886
792.043347216
791.770240462
791.360546948
790.813785446
792.178024273
792.041371259
791.768128818
791.358300301
790.811473016
792.176900252
792.040154372
791.766739967
791.356724689
790.809791304
792.176802915
792.040017539
791.766541436
791.35651811
790.809686352
792.177194204
792.040384641
791.76687581
791.356934159
790.810434122
792.177307672
792.040430253
791.766770262
791.356672738
790.810306625
792.177390097
792.040434221
791.766555887
791.35606342
790.8096229
792.178078416
792.04110719
791.767120335
791.356284344
790.810006497
792.179182597
792.042238898
791.768254471
791.357101934
790.809715325
792.180221239
792.043266063
791.769258806
791.357947456
790.809054823
792.181960826
792.045002002
791.770994998
791.359706024
790.81066904
792.185571822
792.048712436
791.774884372
791.363814616
790.815038056
792.19182889
792.055231244
791.781855885
791.371291626
790.822907426
792.201056078
792.064763326
791.791892269
791.381853352
790.833832347
)
;

boundaryField
{
    emptyPatch
    {
        type            empty;
    }
    minY
    {
        type            zeroGradient;
    }
    maxY
    {
        type            zeroGradient;
    }
    minX
    {
        type            zeroGradient;
    }
    heater_to_water
    {
        type            compressible::turbulentTemperatureTwoPhaseRadCoupledMixed;
        refValue        nonuniform List<scalar> 
60
(
304.764951171
325.678373052
325.680933626
326.699815829
326.701041668
326.428800986
326.429371402
324.914619362
322.768168631
321.966118079
321.966149903
321.761219143
321.761257911
321.791082937
321.791140171
321.734033691
321.857252375
321.806045807
321.806193042
321.883768511
321.883938636
321.792599169
321.792767425
321.543041563
320.448134932
320.513606663
320.513760007
323.361739276
323.361875039
325.631019631
325.631128942
326.09447233
326.042320932
326.29736075
326.297447731
326.078693343
326.078774577
326.241267559
326.241333207
325.981613472
326.071230302
325.883147969
325.883213841
325.877526712
325.877597678
325.301150694
325.301211546
322.681998739
320.419583184
321.825089388
321.825156976
327.346404082
327.346449708
329.170649959
329.170667679
329.213149719
329.74723418
329.462487515
329.462437444
329.936408216
)
;
        refGradient     uniform 0;
        valueFraction   nonuniform List<scalar> 
60
(
0.000602625091112
0.000734464793587
0.000734391428371
0.00073462595434
0.000734592115034
0.000734625148108
0.000734609216237
0.000730541191657
0.00072323068497
0.000721378227413
0.000721377172369
0.000721216431873
0.000721215133475
0.000721787852939
0.000721785935592
0.000721220612592
0.000721926722906
0.000721214004493
0.000721209069478
0.000721731880201
0.00072172619167
0.000721180540762
0.000721174892477
0.000720526352917
0.000715559829275
0.000716308793682
0.000716303345436
0.00072896094434
0.000728956638969
0.000736486303833
0.000736483113636
0.000737308537342
0.000736536359528
0.000737594435008
0.000737591955025
0.000736543467937
0.000736541134946
0.000737506968471
0.000737505092315
0.000736489044347
0.000737180201711
0.000736481611267
0.000736479704157
0.000736687472699
0.000736685416711
0.000735419848702
0.000735418047514
0.000726246669236
0.000716329742911
0.000723966537103
0.00072396424192
0.000742505777202
0.000742504513584
0.000744763824988
0.000744763363672
0.000744099440643
0.000744994617557
0.000744109217681
0.000744110508361
0.000745013091028
)
;
        source          uniform 0;
        value           nonuniform List<scalar> 
60
(
791.025055257
790.976268386
790.718376623
790.719015976
790.60365185
790.60343652
790.552738293
790.553521158
790.547884359
790.548172946
790.552160207
790.552087782
790.555215151
790.554967997
790.555839149
790.556063158
790.551640011
790.551937369
790.542016469
790.541827221
790.529164548
790.529354577
790.5168747
790.516998972
790.505897095
790.505591684
790.494160177
790.490283155
790.482074023
790.480225392
790.475434466
790.475392117
790.472900576
790.472596928
790.470288937
790.470614853
790.468933842
790.468604827
790.468500408
790.468781152
790.469281034
790.469467178
790.469339631
790.469238844
790.468554055
790.46871853
790.469064659
790.471431834
790.474088864
790.471514121
790.470919084
790.466322935
790.467988315
790.4682998
790.47265989
790.472997998
790.480848745
790.4810451
790.491960468
790.491897155
)
;
        kappaMethod     solidThermo;
        Tnbr            T.liquid;
        region          solid;
        otherPhase      gas;
    }
    procBoundary2to3
    {
        type            processor;
        value           nonuniform List<scalar> 5(792.214942448 792.079030279 791.806779207 791.397367185 790.849742542);
    }
}


// ************************************************************************* //
