/*--------------------------------*- C++ -*----------------------------------*\
| =========                 |                                                 |
| \\      /  F ield         | OpenFOAM: The Open Source CFD Toolbox           |
|  \\    /   O peration     | Version:  2312                                  |
|   \\  /    A nd           | Website:  www.openfoam.com                      |
|    \\/     M anipulation  |                                                 |
\*---------------------------------------------------------------------------*/
FoamFile
{
    version     2.0;
    format      ascii;
    arch        "LSB;label=32;scalar=64";
    class       volScalarField;
    location    "0.85/water";
    object      p;
}
// * * * * * * * * * * * * * * * * * * * * * * * * * * * * * * * * * * * * * //

dimensions      [1 -1 -2 0 0 0 0];

internalField   nonuniform List<scalar> 
6000
(
101174.627706
101170.81258
101169.804858
101169.034271
101168.383161
101167.806435
101167.283018
101166.812645
101166.398791
101166.039226
101165.731607
101165.472407
101165.256674
101165.079685
101164.93745
101164.826629
101164.744438
101164.688633
101164.657492
101164.649686
101155.422278
101153.593001
101153.762991
101153.790649
101153.532303
101153.300376
101153.081181
101152.869058
101152.657017
101152.451545
101152.265773
101152.104582
101151.965831
101151.847098
101151.747451
101151.666924
101151.605897
101151.564794
101151.544021
101151.543884
101138.245685
101136.388288
101137.184563
101137.802843
101137.999577
101138.161773
101138.288884
101138.369268
101138.407199
101138.410337
101138.391784
101138.366922
101138.34403
101138.324679
101138.308949
101138.297621
101138.292277
101138.294922
101138.307667
101138.33233
101123.784786
101122.526152
101123.368901
101123.782623
101123.826837
101123.927585
101124.077384
101124.228433
101124.359628
101124.465334
101124.546301
101124.610459
101124.667058
101124.720763
101124.772543
101124.822567
101124.8715
101124.920664
101124.971828
101125.02668
101109.379768
101108.588149
101109.722485
101110.167651
101110.178347
101110.223558
101110.347333
101110.50355
101110.655243
101110.790415
101110.906632
101111.006757
101111.097716
101111.18508
101111.270793
101111.354857
101111.437026
101111.51747
101111.596831
101111.675776
101096.185163
101095.371774
101096.46535
101096.927284
101096.959725
101096.950085
101097.000946
101097.111932
101097.243056
101097.367446
101097.478331
101097.576458
101097.667463
101097.75723
101097.84851
101097.941518
101098.035574
101098.130018
101098.224467
101098.318503
101083.52475
101082.392223
101083.305863
101083.749248
101083.85051
101083.871056
101083.890005
101083.945422
101084.030949
101084.118413
101084.196761
101084.267299
101084.335539
101084.407625
101084.486802
101084.573413
101084.666449
101084.76457
101084.866468
101084.970663
101071.350879
101069.735127
101070.240689
101070.565962
101070.664018
101070.735593
101070.787324
101070.827621
101070.870724
101070.910616
101070.941888
101070.972088
101071.009026
101071.05848
101071.123132
101071.202741
101071.295547
101071.399254
101071.511437
101071.629373
101058.465208
101056.52553
101057.029165
101057.277212
101057.326774
101057.407077
101057.477003
101057.518949
101057.539196
101057.544756
101057.537493
101057.536231
101057.556428
101057.602027
101057.672359
101057.764981
101057.876556
101058.00332
101058.141477
101058.287161
101044.495827
101042.137482
101042.713715
101043.053995
101043.185813
101043.334666
101043.472441
101043.571116
101043.638769
101043.690105
101043.725298
101043.762898
101043.829992
101043.930955
101044.06009
101044.211859
101044.381388
101044.563989
101044.755157
101044.950417
101028.653895
101026.081826
101026.974845
101027.54686
101027.846796
101028.11982
101028.385938
101028.63783
101028.880898
101029.117074
101029.342041
101029.554481
101029.780687
101030.030261
101030.294998
101030.567455
101030.843312
101031.119138
101031.391546
101031.657096
101011.530423
101009.317479
101010.641569
101011.42001
101011.856523
101012.256642
101012.682084
101013.144439
101013.631745
101014.132817
101014.64511
101015.146801
101015.630083
101016.101415
101016.555724
101016.987398
101017.395665
101017.781246
101018.144271
101018.484186
100995.712703
100994.614841
100995.934634
100996.699552
100997.154427
100997.594002
100998.090341
100998.648635
100999.251343
100999.882273
101000.54155
101001.234546
101001.924232
101002.577345
101003.183019
101003.738921
101004.247396
101004.71297
101005.139205
101005.528369
100985.105019
100984.206119
100985.197754
100985.53195
100985.635856
100985.806293
100986.081144
100986.441525
100986.876132
100987.362043
100987.891621
100988.492501
100989.167485
100989.844952
100990.475059
100991.049398
100991.57133
100992.04503
100992.474327
100992.862122
100973.638574
100972.929761
100974.332401
100974.861433
100975.046312
100975.212668
100975.405436
100975.631612
100975.886837
100976.175977
100976.50934
100976.903221
100977.39792
100977.952792
100978.483817
100978.965937
100979.405322
100979.805793
100980.169164
100980.497221
100965.563947
100964.513382
100965.442418
100965.664648
100965.590063
100965.531044
100965.523485
100965.525541
100965.545942
100965.638033
100965.818517
100966.070088
100966.378269
100966.737934
100967.084875
100967.390092
100967.667354
100967.925042
100968.162692
100968.380143
100955.91443
100954.417746
100955.396263
100955.764531
100955.76928
100955.733786
100955.681017
100955.57425
100955.43396
100955.356956
100955.43662
100955.623421
100955.809954
100955.963674
100956.074698
100956.139134
100956.195153
100956.259402
100956.32978
100956.403051
100948.182925
100946.061959
100946.367141
100946.499535
100946.357035
100946.182784
100945.959221
100945.631152
100945.247973
100945.014191
100944.999748
100945.141055
100945.256329
100945.240518
100945.116633
100944.921305
100944.738063
100944.595526
100944.490183
100944.415322
100936.996825
100934.721454
100935.620063
100935.957818
100935.87952
100935.685405
100935.324422
100934.73869
100934.213823
100933.950731
100933.901584
100934.040531
100934.145028
100934.047963
100933.753756
100933.353169
100932.979933
100932.675794
100932.435253
100932.24914
100925.73093
100923.36267
100924.329768
100924.541085
100924.258512
100923.81609
100923.150806
100922.470364
100922.089797
100921.768125
100921.672188
100921.838353
100922.001006
100921.929854
100921.5792
100921.088879
100920.635984
100920.272679
100919.986301
100919.765697
100912.91909
100910.195873
100911.168169
100911.277809
100910.844896
100910.282782
100909.626441
100909.065719
100908.504579
100908.026064
100908.013901
100908.2533
100908.525712
100908.595054
100908.357554
100907.941759
100907.556586
100907.26891
100907.056306
100906.902839
100898.993334
100896.089492
100896.808288
100896.843314
100896.390647
100895.803054
100895.01321
100894.127293
100893.364815
100893.086544
100893.215809
100893.498396
100893.817356
100894.040888
100894.08865
100893.949676
100893.791045
100893.711482
100893.690615
100893.705085
100885.24721
100881.752858
100881.720855
100881.558561
100880.962509
100880.163977
100879.193097
100878.344149
100877.942423
100877.999275
100878.192826
100878.41042
100878.625757
100878.899984
100879.188756
100879.439332
100879.615139
100879.825828
100880.071369
100880.322206
100868.017704
100864.134105
100864.171339
100863.975745
100863.522167
100863.060811
100862.611113
100862.451057
100862.670565
100863.002412
100863.252296
100863.448826
100863.710064
100863.974735
100864.3209
100864.850752
100865.392187
100865.918639
100866.451257
100866.96118
100846.837229
100843.046117
100843.856405
100844.320024
100844.653821
100845.107971
100845.626833
100846.307486
100847.082597
100847.772104
100848.344479
100848.823985
100849.234019
100849.619071
100850.069
100850.652648
100851.46092
100852.281221
100853.081761
100853.833078
100827.348461
100824.554081
100826.161327
100827.015296
100827.67209
100828.544734
100829.6028
100830.776153
100831.965151
100833.062309
100833.973978
100834.73679
100835.391835
100836.057911
100836.671085
100837.287243
100838.161702
100839.183145
100840.189871
100841.127916
100812.959509
100811.533136
100813.070608
100813.736274
100814.18538
100814.870547
100815.887088
100817.111041
100818.407743
100819.640257
100820.671658
100821.625482
100822.53632
100823.388936
100824.214019
100824.938148
100825.759734
100826.837929
100827.949934
100828.991756
100802.112786
100801.697115
100802.777478
100803.223732
100803.469633
100803.881329
100804.644938
100805.680169
100806.825256
100807.906536
100808.867709
100809.875
100810.892041
100811.852667
100812.751707
100813.538157
100814.323167
100815.347161
100816.455918
100817.507044
100792.548838
100792.989496
100794.170514
100794.546569
100794.690311
100794.922016
100795.451317
100796.236684
100797.136276
100797.951106
100798.742656
100799.638085
100800.537521
100801.406164
100802.212835
100803.006454
100803.784418
100804.70048
100805.71769
100806.689099
100784.725827
100785.472144
100786.749982
100787.120506
100787.224651
100787.36336
100787.736481
100788.341204
100789.021072
100789.532156
100790.077047
100790.741707
100791.392071
100792.002375
100792.59315
100793.287832
100794.019609
100794.813964
100795.680922
100796.500698
100778.661688
100779.437497
100780.663322
100780.994128
100781.046913
100781.096711
100781.338006
100781.777969
100782.150003
100782.283694
100782.549219
100782.914972
100783.246198
100783.516637
100783.788524
100784.256617
100784.932695
100785.60981
100786.278525
100786.883558
100773.846468
100774.487299
100775.519485
100775.784817
100775.787806
100775.765434
100775.885289
100776.082009
100776.017291
100775.762329
100775.742311
100775.80346
100775.76885
100775.644337
100775.522363
100775.779895
100776.458753
100777.008886
100777.432787
100777.762941
100768.645393
100769.26129
100770.196688
100770.485599
100770.497889
100770.459851
100770.488883
100770.423493
100769.935758
100769.412289
100769.21006
100768.966471
100768.600446
100768.091319
100767.617798
100767.936177
100768.574983
100768.922038
100769.038971
100769.024178
100763.71054
100764.350761
100765.499157
100765.667439
100765.494915
100765.263596
100765.042231
100764.570186
100763.667131
100763.038824
100762.570442
100762.138738
100761.510022
100760.604333
100760.042901
100760.373976
100760.765931
100760.965521
100760.81502
100760.430863
100757.416624
100758.089054
100759.718494
100759.932168
100759.680232
100759.346052
100758.928734
100758.056343
100756.987943
100756.219209
100755.675725
100755.00195
100754.04675
100752.841965
100752.331014
100752.530944
100752.726976
100752.824306
100752.435116
100751.687522
100752.169218
100752.584652
100754.225151
100754.254306
100753.753498
100753.151877
100752.322966
100750.966671
100749.717321
100748.975775
100748.149426
100747.258532
100746.087726
100744.575293
100744.179614
100744.120609
100744.204264
100744.170792
100743.566643
100742.492356
100746.49414
100746.166697
100747.761939
100747.725802
100747.051474
100746.147849
100744.764431
100743.091226
100742.068282
100741.005111
100739.946286
100738.773731
100737.008657
100735.651731
100735.291524
100735.008213
100734.87621
100734.680492
100733.912275
100732.579523
100741.809739
100740.418663
100741.298903
100740.917145
100739.815739
100738.330399
100736.389209
100734.912352
100733.532177
100732.205997
100730.7733
100729.220476
100727.294462
100725.91579
100725.408814
100724.812213
100724.408394
100724.022086
100723.190241
100721.703934
100736.318248
100733.252291
100734.249589
100733.486791
100731.706142
100729.537918
100727.58105
100725.820682
100724.196579
100722.46628
100720.724662
100718.664524
100716.184991
100715.128882
100714.210027
100713.195211
100712.345221
100711.81413
100711.069321
100709.578989
100731.247261
100726.185386
100726.364996
100724.856523
100722.39359
100720.106686
100717.927775
100715.974775
100713.843629
100711.573831
100709.357658
100706.45707
100704.41327
100702.928619
100701.330617
100699.640283
100698.406411
100697.74546
100697.167928
100695.860743
100725.982443
100718.52837
100716.706199
100714.78107
100712.195414
100709.513337
100706.872633
100703.99377
100700.793968
100698.130151
100695.290269
100692.743209
100690.485989
100688.248368
100685.832412
100683.683196
100682.339014
100681.602333
100681.178099
100680.149388
100717.690582
100706.739347
100703.463674
100701.296436
100698.144454
100694.360446
100690.329756
100686.584299
100683.492613
100680.543346
100677.678561
100674.886799
100672.162224
100669.381314
100666.748042
100664.701845
100663.489135
100662.906387
100662.565441
100661.897579
100680.934495
100666.126732
100664.97501
100665.535462
100664.641532
100662.470241
100660.06759
100657.906589
100655.798045
100653.607039
100651.363866
100649.221346
100647.246294
100645.410161
100643.750711
100642.498179
100641.760236
100641.568286
100641.454286
100641.298793
100587.468991
100578.680749
100587.077955
100592.632869
100597.559202
100602.52161
100606.924182
100609.97274
100611.905685
100613.165982
100614.115763
100614.974809
100615.830331
100616.654261
100617.385863
100617.983173
100618.352867
100618.80116
100619.158922
100619.710338
100523.848105
100524.638133
100527.146356
100530.599106
100534.115786
100538.934771
100546.441882
100555.226668
100562.966301
100569.27402
100574.574295
100579.22531
100583.393832
100587.173265
100590.591147
100593.541665
100595.589232
100596.948535
100598.192628
100599.293839
100521.805347
100521.783311
100521.729638
100521.681749
100521.65762
100521.784801
100522.829753
100526.48954
100532.922764
100540.086221
100546.782617
100552.802434
100558.281224
100563.342907
100567.987498
100572.225651
100575.686469
100578.006095
100579.843351
100581.256822
100520.360315
100520.35284
100520.343684
100520.330452
100520.30931
100520.277798
100520.261986
100520.766319
100523.042731
100527.240222
100532.390675
100537.592456
100542.579308
100547.296826
100551.777672
100555.913746
100559.714125
100562.478777
100564.5494
100566.251598
100519.209264
100519.204217
100519.197987
100519.192684
100519.187589
100519.181691
100519.171579
100519.241977
100520.144894
100522.413899
100525.748617
100529.52367
100533.31159
100537.139185
100540.824933
100544.422237
100547.679286
100550.41831
100552.399145
100554.144615
100518.154676
100518.149747
100518.146286
100518.144628
100518.143376
100518.141525
100518.137962
100518.134578
100518.599316
100520.052542
100522.303141
100524.899522
100527.710645
100530.557417
100533.496512
100536.278401
100538.87405
100541.071767
100542.712519
100544.502611
100517.143849
100517.140803
100517.140524
100517.142777
100517.147075
100517.154487
100517.165957
100517.168628
100517.445827
100518.516176
100520.140998
100522.000982
100523.959295
100526.137127
100528.271116
100530.457994
100532.37885
100533.71743
100535.080166
100536.702309
100516.163457
100516.159672
100516.157799
100516.157418
100516.157228
100516.156122
100516.194595
100516.259911
100516.573314
100517.488795
100518.572051
100519.666205
100521.184493
100522.708399
100524.347297
100525.881638
100527.241962
100528.138635
100528.795785
100530.219566
100515.219767
100515.217098
100515.216718
100515.217845
100515.218883
100515.218059
100515.327355
100515.398956
100515.73857
100516.402507
100516.878388
100517.665646
100518.648182
100519.853744
100520.968546
100522.158484
100523.112491
100522.969134
100523.506689
100524.651359
100514.315583
100514.314103
100514.317221
100514.323914
100514.332568
100514.344016
100514.46919
100514.503812
100514.805856
100515.071517
100515.171758
100515.599331
100516.409368
100517.097312
100517.9131
100518.594336
100519.04923
100519.024497
100518.755571
100519.618573
100513.386974
100513.387078
100513.391961
100513.398767
100513.405612
100513.456624
100513.531318
100513.619643
100513.832229
100513.61769
100513.395952
100513.793417
100514.119309
100514.62545
100514.980542
100515.311554
100515.487053
100514.47108
100514.274378
100514.792015
100512.42621
100512.427291
100512.435621
100512.44847
100512.485244
100512.612211
100512.655954
100512.768508
100512.673986
100511.957158
100511.724117
100511.722381
100511.871
100511.803298
100511.746067
100511.603131
100511.172582
100510.504035
100509.645016
100509.802092
100511.326455
100511.331304
100511.343683
100511.451314
100511.553048
100511.600883
100511.673359
100511.700109
100510.934579
100510.02343
100509.631585
100509.438499
100508.97362
100508.531084
100508.100063
100507.57804
100507.044212
100505.471624
100504.619546
100504.348591
100509.996488
100510.00385
100510.558166
100510.922823
100510.998908
100510.93874
100510.845101
100510.119662
100508.629229
100507.57307
100507.08092
100506.294863
100505.44865
100504.633879
100503.783894
100502.91949
100501.479867
100500.110782
100498.850938
100498.232983
100508.374591
100507.494712
100509.095051
100509.806019
100509.821276
100509.552724
100508.664344
100506.739763
100505.027814
100504.260843
100503.204067
100502.194758
100501.079329
100499.772551
100498.460868
100496.926399
100495.496179
100493.666377
100492.136714
100491.228203
100506.788631
100503.820631
100506.901859
100507.877967
100507.433291
100506.013846
100503.693459
100501.595911
100500.642263
100499.382866
100498.257447
100496.865147
100495.281457
100493.711843
100491.849546
100490.160358
100488.097685
100486.087474
100484.17819
100482.91689
100505.302664
100499.214146
100503.322295
100504.02482
100501.908037
100499.306473
100497.142746
100496.079688
100494.612541
100493.400871
100491.798626
100490.005
100488.210069
100486.041789
100484.109211
100481.758313
100479.560702
100477.168657
100474.871422
100473.173629
100504.021247
100495.682497
100498.738784
100497.516391
100494.718673
100492.46768
100491.152386
100489.275651
100487.847988
100485.995357
100483.886653
100481.797672
100479.247165
100477.012123
100474.300323
100471.916419
100469.385087
100466.695918
100463.963579
100461.804975
100502.76382
100493.671632
100493.23444
100491.673027
100489.052704
100486.996197
100484.236067
100481.996257
100479.505106
100476.72449
100474.058238
100470.802287
100468.029178
100464.803287
100462.127517
100459.411373
100456.761364
100453.91718
100450.990921
100448.661315
100504.019145
100490.5887
100488.181117
100485.870222
100482.362583
100477.998432
100473.520932
100469.523226
100465.568027
100462.101604
100457.957651
100454.584745
100450.876869
100447.941695
100445.16749
100442.70861
100440.397133
100437.997842
100435.643914
100433.741825
100445.263146
100430.191236
100432.181263
100434.933161
100436.034564
100435.53149
100435.182497
100434.442159
100433.701374
100431.382456
100429.214249
100426.661198
100424.685723
100422.932806
100421.581943
100420.493352
100419.523013
100418.591474
100417.712728
100417.029127
100342.818831
100334.92133
100339.311535
100342.793125
100346.308509
100350.890509
100356.787522
100364.73323
100372.800114
100379.872312
100384.222433
100387.20386
100389.447318
100391.348431
100392.98672
100394.493296
100395.819386
100397.030533
100398.118786
100399.260274
100323.76065
100323.68978
100323.651019
100323.619015
100323.577792
100323.473505
100323.797269
100324.953683
100328.175831
100335.091722
100344.029588
100351.588024
100357.542288
100362.525526
100366.776886
100370.463639
100373.717847
100376.669889
100379.376394
100381.861265
100322.746884
100322.735706
100322.727603
100322.712911
100322.691647
100322.666607
100322.640948
100322.618714
100322.60827
100322.931561
100326.038668
100332.007909
100338.024277
100343.356598
100348.181631
100352.558944
100356.497229
100360.096742
100363.440633
100366.578652
100322.051834
100322.044264
100322.039697
100322.035076
100322.028165
100322.018769
100322.006252
100321.990911
100321.973871
100321.938234
100322.222133
100324.60053
100328.523206
100332.672495
100336.698195
100340.583467
100344.280817
100347.696093
100350.93148
100353.956441
100321.411633
100321.405752
100321.402345
100321.398739
100321.39356
100321.386351
100321.376886
100321.364836
100321.351182
100321.334642
100321.174007
100322.00536
100324.105363
100326.856299
100329.709651
100332.672583
100335.637796
100338.51553
100341.18668
100343.794483
100320.809848
100320.804677
100320.801733
100320.798585
100320.79442
100320.789182
100320.783081
100320.775898
100320.76747
100320.756893
100320.610193
100320.938089
100322.084137
100323.710258
100325.513742
100327.480012
100329.578853
100331.666545
100333.742773
100335.652179
100320.259294
100320.254339
100320.251025
100320.247707
100320.243537
100320.23859
100320.232847
100320.226103
100320.217926
100320.207074
100320.118755
100320.257849
100320.874968
100321.691285
100322.635008
100323.926749
100325.245301
100326.584481
100327.867192
100329.213605
100319.759781
100319.755353
100319.752303
100319.74885
100319.74456
100319.73962
100319.734087
100319.727801
100319.72076
100319.710329
100319.684689
100319.752373
100320.042349
100320.26223
100320.648219
100321.248687
100321.994338
100322.682024
100323.341146
100323.82503
100319.31283
100319.308967
100319.306094
100319.30234
100319.297465
100319.292467
100319.287447
100319.282839
100319.27758
100319.268041
100319.320455
100319.387351
100319.482901
100319.28948
100319.060768
100319.341471
100319.528216
100319.700005
100319.788912
100319.83102
100318.902288
100318.899653
100318.89772
100318.895216
100318.891266
100318.887156
100318.883634
100318.880594
100318.875959
100318.869185
100319.033784
100319.140512
100319.130413
100318.601131
100318.117644
100317.880878
100317.786857
100317.507259
100317.150358
100316.682276
100318.506178
100318.501125
100318.503026
100318.505092
100318.50525
100318.504675
100318.50409
100318.50324
100318.499857
100318.556468
100318.792501
100318.995401
100318.924748
100318.109587
100317.241146
100317.026862
100316.541672
100316.034365
100315.417195
100314.633717
100318.193576
100317.935157
100318.099934
100318.10508
100318.11007
100318.1143
100318.117617
100318.119583
100318.126907
100318.34049
100318.655888
100318.914717
100318.611556
100317.468053
100316.814546
100316.243494
100315.75629
100315.029887
100314.030396
100312.940059
100317.739455
100316.625601
100317.484666
100317.673176
100317.66647
100317.665757
100317.67163
100317.679415
100317.738117
100318.033594
100318.436281
100318.649812
100317.779665
100316.626373
100315.888829
100315.518121
100314.745922
100313.807972
100312.471042
100310.952158
100316.773742
100315.251903
100316.126039
100316.313877
100316.269429
100316.197147
100316.181104
100316.323374
100316.619693
100317.086694
100317.519859
100317.143725
100315.846744
100314.839507
100314.630094
100314.036571
100313.227402
100311.612705
100309.859914
100309.861186
100314.583275
100313.66151
100314.438981
100314.234519
100313.930081
100314.020367
100314.246839
100314.495905
100314.778455
100315.058549
100314.73509
100313.453058
100312.289768
100312.24246
100311.90662
100311.384909
100309.75496
100307.396874
100307.648991
100307.988346
100307.937235
100307.865052
100308.934307
100308.617666
100307.867766
100307.726046
100308.318428
100308.939345
100309.230377
100308.907245
100308.044513
100307.290533
100307.537713
100307.535288
100307.415139
100305.734296
100302.649589
100303.046193
100304.180691
100304.579059
100298.735944
100299.191298
100300.093896
100300.057033
100299.338359
100298.746235
100299.149472
100299.987709
100300.416497
100300.328497
100300.266685
100300.720364
100300.858345
100300.237108
100297.716683
100294.772218
100296.003317
100298.04157
100299.264598
100299.905479
100294.010174
100294.39391
100294.878522
100294.794132
100294.129559
100292.91453
100292.429346
100292.936946
100293.62953
100294.060394
100294.290863
100293.991572
100292.001208
100288.473977
100287.393019
100289.552221
100291.7212
100293.37145
100294.582728
100295.634767
100290.991173
100291.394065
100291.748961
100291.695807
100291.280236
100290.315366
100288.920307
100288.092393
100288.135762
100288.366648
100287.951803
100286.444133
100284.503353
100285.181206
100287.295647
100288.737349
100289.770499
100290.755211
100291.794402
100292.888597
100289.485501
100289.728611
100290.122958
100290.052783
100289.729503
100289.270992
100288.511856
100287.381257
100286.31892
100285.507297
100284.68686
100284.257591
100285.115854
100286.690978
100287.789874
100288.459134
100288.995381
100289.686458
100290.496263
100291.346243
100288.251047
100288.450257
100288.911266
100288.957054
100288.782863
100288.492897
100288.173867
100287.749138
100287.163583
100286.587224
100286.170818
100286.203938
100286.788875
100287.398029
100287.779156
100288.114418
100288.542316
100289.094209
100289.726495
100290.419445
100287.778876
100287.714483
100288.086916
100288.121303
100287.985418
100287.798583
100287.603134
100287.425896
100287.22618
100287.039995
100286.846211
100286.765157
100286.922371
100287.130954
100287.355866
100287.662422
100288.038812
100288.574067
100289.180434
100289.756265
100286.73431
100286.503011
100286.826836
100286.892795
100286.815614
100286.668577
100286.533529
100286.410431
100286.299866
100286.190524
100286.009331
100285.89956
100286.013637
100286.265657
100286.575197
100286.909762
100287.407753
100288.03828
100288.617813
100288.939764
100285.896434
100285.444929
100285.61741
100285.635983
100285.5365
100285.409526
100285.276107
100285.172034
100285.067515
100284.938813
100284.757942
100284.698054
100284.88072
100285.179008
100285.518603
100285.992026
100286.640103
100287.305417
100287.650781
100287.550468
100284.539553
100284.009696
100284.266403
100284.293162
100284.215408
100284.098017
100284.012531
100283.936825
100283.872626
100283.730581
100283.532229
100283.481697
100283.663031
100283.982056
100284.411398
100285.007312
100285.6944
100286.133007
100285.911207
100285.487178
100282.909518
100282.254694
100282.653599
100282.712351
100282.654255
100282.583533
100282.506623
100282.465256
100282.414038
100282.227022
100282.018145
100281.968876
100282.173053
100282.579493
100283.108035
100283.744559
100284.220136
100284.020931
100283.26471
100282.83122
100280.608074
100279.647396
100280.291315
100280.387924
100280.390947
100280.327729
100280.267702
100280.259017
100280.164929
100279.92106
100279.709352
100279.66566
100279.920304
100280.405074
100280.966654
100281.438157
100281.317645
100280.405562
100279.63351
100279.37584
100275.876272
100274.613236
100275.534774
100275.769615
100275.903469
100276.029099
100276.160549
100276.145673
100275.986041
100275.726041
100275.555196
100275.565272
100275.865719
100276.316416
100276.685628
100276.6381
100275.879892
100275.077464
100274.827405
100274.863094
100265.077855
100264.014104
100265.069861
100265.507848
100265.787242
100266.219817
100266.755159
100266.909462
100266.839149
100266.909025
100267.123898
100267.522278
100268.000246
100268.407172
100268.579764
100268.423347
100268.236772
100268.38464
100268.772535
100269.349933
100248.562873
100248.573923
100249.899959
100250.582344
100250.942176
100251.348426
100252.430429
100253.449969
100254.189215
100254.90909
100255.696406
100256.487566
100257.220167
100257.907173
100258.596289
100259.306675
100260.112385
100261.0111
100262.016316
100263.176693
100239.72133
100239.678501
100239.671799
100239.868614
100240.032176
100239.769842
100240.334088
100241.640897
100243.09145
100244.331342
100245.43643
100246.410581
100247.422137
100248.523363
100249.710461
100250.92941
100252.204405
100253.613696
100255.173019
100256.901509
100238.17794
100238.16161
100238.144257
100238.1073
100237.937595
100237.111836
100236.003986
100235.317558
100235.333502
100235.913408
100236.773984
100237.775361
100238.863463
100240.084157
100241.412625
100242.891987
100244.61559
100246.571687
100248.704836
100251.011915
100237.242171
100237.23631
100237.224673
100237.198777
100237.157208
100237.106658
100236.928515
100236.37309
100235.624582
100234.877118
100234.354481
100234.230902
100234.538886
100235.199086
100236.15243
100237.425925
100239.078875
100241.091199
100243.396732
100245.965834
100236.683568
100236.680769
100236.674774
100236.662121
100236.642025
100236.61651
100236.585779
100236.552108
100236.51917
100236.377132
100236.097584
100235.81221
100235.64328
100235.6642
100235.926973
100236.476224
100237.343143
100238.513919
100240.014094
100241.951902
100236.272885
100236.272309
100236.271943
100236.269541
100236.263383
100236.253967
100236.241902
100236.227368
100236.209901
100236.189329
100236.157072
100236.154633
100236.177678
100236.216765
100236.27955
100236.392369
100236.588505
100236.846646
100237.200713
100237.812018
100235.919635
100235.920006
100235.922311
100235.924497
100235.924944
100235.92363
100235.920619
100235.915798
100235.905846
100235.89665
100235.905919
100235.932307
100235.954217
100235.942438
100235.885377
100235.788826
100235.625617
100235.168425
100234.176707
100233.113414
100235.558052
100235.560683
100235.567758
100235.579369
100235.587414
100235.59092
100235.589229
100235.582477
100235.562363
100235.570585
100235.635985
100235.738079
100235.84602
100235.922509
100235.920022
100235.72525
100234.995885
100233.265681
100230.951469
100228.681079
100235.106054
100235.108804
100235.113949
100235.146499
100235.129778
100235.077652
100235.030462
100235.041387
100235.130522
100235.300917
100235.549665
100235.843041
100236.114637
100236.240671
100235.996201
100234.898287
100232.720228
100230.070449
100227.463897
100225.022416
100234.535398
100234.537275
100234.638284
100234.790887
100234.847511
100234.843965
100234.825661
100234.8641
100235.021937
100235.291823
100235.601669
100235.81967
100235.724226
100234.940542
100233.278625
100230.913084
100228.631898
100226.367696
100224.176836
100220.936212
100233.892904
100233.895767
100234.377457
100234.535906
100234.437862
100234.275817
100234.166299
100234.18548
100234.281242
100234.281372
100233.941997
100233.090465
100231.635638
100229.794763
100227.886802
100226.383579
100224.599933
100222.811717
100220.116521
100213.533198
100233.170447
100232.028244
100233.121306
100233.363756
100233.121638
100232.783202
100232.515308
100232.156969
100231.408423
100230.240653
100228.857933
100227.347412
100226.14051
100224.82688
100223.693274
100222.046333
100220.2416
100217.383627
100210.048277
100201.918438
100232.486153
100230.052229
100231.491933
100231.745621
100231.295173
100230.736901
100229.912513
100228.558782
100227.028358
100225.938576
100224.763807
100223.819094
100222.526841
100221.232635
100219.395706
100217.280027
100213.722789
100206.003689
100201.495565
100201.900579
100231.931369
100229.626679
100230.884148
100230.835075
100230.004779
100228.924745
100227.395049
100225.861061
100224.928078
100223.688353
100222.568825
100221.010007
100219.381651
100217.223235
100214.700236
100210.553661
100203.545629
100201.802771
100202.580814
100202.540106
100231.577986
100229.812076
100230.332813
100229.804265
100228.520751
100226.995648
100225.386092
100224.385322
100222.992509
100221.700506
100219.963783
100218.072107
100215.731376
100212.868278
100208.636614
100202.884077
100202.253389
100202.972106
100202.83866
100202.137109
100231.305563
100226.629211
100227.180043
100227.420556
100226.481386
100225.01652
100224.015748
100222.560857
100221.138109
100219.31648
100217.215111
100214.803924
100211.745792
100207.818157
100203.116851
100202.324652
100202.66447
100202.522493
100202.023196
100201.446745
100239.142887
100230.545053
100230.149622
100230.190151
100228.437716
100226.245872
100223.788277
100221.453103
100219.069139
100216.530295
100213.905273
100210.584441
100207.199214
100203.315107
100201.612928
100201.102382
100200.824027
100200.508156
100200.2107
100200.075577
100231.570417
100219.368111
100220.318117
100221.427042
100220.220175
100217.80642
100215.231821
100212.898639
100210.347496
100207.871875
100204.78282
100202.530196
100200.171357
100198.409062
100197.259478
100196.719558
100196.502836
100196.442598
100196.539781
100196.991419
100176.177832
100166.462877
100171.271908
100175.205137
100178.122878
100180.874113
100183.499037
100185.303793
100186.626905
100187.044956
100187.495438
100187.783895
100188.16444
100188.512369
100188.894477
100189.277773
100189.620939
100189.949093
100190.409936
100191.271137
100142.569895
100142.470446
100142.696252
100143.358896
100144.264726
100145.630787
100148.130181
100152.052325
100156.806014
100161.5546
100165.482526
100168.652078
100171.40768
100174.203141
100176.979698
100179.246604
100180.77455
100181.768299
100182.578055
100183.537434
100141.355349
100141.341281
100141.324568
100141.301286
100141.279199
100141.262292
100141.22787
100141.32649
100142.231089
100144.536044
100148.15019
100152.176492
100155.927853
100159.502439
100163.31991
100167.316414
100170.721841
100173.047548
100174.494134
100175.60494
100140.749691
100140.746775
100140.744789
100140.740396
100140.731442
100140.717252
100140.697282
100140.677841
100140.664419
100140.61678
100141.114156
100142.813999
100145.579951
100148.833314
100152.288973
100156.14752
100160.374019
100164.214483
100166.875621
100168.416977
100140.263837
100140.26248
100140.262614
100140.26294
100140.261876
100140.25912
100140.254275
100140.246781
100140.235758
100140.216739
100140.128192
100140.337679
100141.212857
100143.00255
100145.611592
100148.706819
100152.254847
100156.190548
100159.836769
100162.156723
100139.792738
100139.792968
100139.795842
100139.800887
100139.806614
100139.811722
100139.815422
100139.817042
100139.816331
100139.812694
100139.767223
100139.855969
100140.240207
100141.082276
100142.579963
100144.772905
100147.441163
100150.519949
100153.919703
100156.791305
100139.308685
100139.309971
100139.314736
100139.324629
100139.33802
100139.353716
100139.370291
100139.387531
100139.396305
100139.39989
100139.385782
100139.482637
100139.815158
100140.458599
100141.504754
100142.969538
100144.802439
100147.038967
100149.624387
100152.33821
100138.721433
100138.724146
100138.731618
100138.748096
100138.774603
100138.811122
100138.834486
100138.852745
100138.845828
100138.80362
100138.761333
100138.833273
100139.126516
100139.695084
100140.551763
100141.571533
100142.789421
100144.392458
100146.272279
100148.50435
100137.918153
100137.921941
100137.930318
100137.947104
100137.978316
100137.972012
100137.858101
100137.798554
100137.837513
100137.876638
100137.921554
100138.078261
100138.425579
100139.002952
100139.686904
100140.182077
100140.694571
100141.583666
100142.593925
100144.353416
100136.870712
100136.875863
100136.885935
100136.90612
100136.992397
100136.946371
100136.868523
100136.806015
100136.837695
100136.958001
100137.162854
100137.492254
100137.930944
100138.299961
100138.261393
100137.895698
100137.849045
100137.908685
100138.346536
100139.680623
100135.567176
100135.567808
100135.560306
100135.764888
100135.77549
100135.596089
100135.375431
100135.239774
100135.296121
100135.549876
100135.906795
100136.149173
100136.055645
100135.50805
100134.782558
100134.446285
100134.091322
100133.973202
100134.40576
100135.000945
100134.18872
100134.19301
100134.193797
100134.64861
100134.516638
100134.175882
100133.79715
100133.50615
100133.445271
100133.467598
100133.206623
100132.562071
100131.820199
100131.194932
100130.994373
100130.59915
100130.23167
100130.266592
100130.302804
100129.85763
100132.655137
100132.654799
100133.453356
100134.07729
100133.803328
100133.225114
100132.620315
100132.085923
100131.528175
100130.612841
100129.531152
100128.832427
100128.258175
100127.966958
100127.521078
100126.608065
100126.183235
100125.839029
100125.491846
100124.415168
100130.841084
100131.222823
100133.211622
100133.879292
100133.485308
100132.727983
100131.880673
100130.874585
100129.433845
100127.954846
100127.054387
100126.180238
100125.493188
100124.637979
100123.142752
100122.129568
100121.669957
100121.311877
100120.172023
100116.61379
100130.958573
100130.654557
100133.419001
100133.921413
100133.436465
100132.539658
100131.257291
100129.335978
100127.184181
100125.694236
100124.317937
100123.115048
100121.76251
100120.246906
100118.703323
100117.291506
100116.485564
100115.213219
100112.530255
100108.021701
100133.485566
100129.246006
100131.784788
100132.38788
100131.94335
100131.0089
100129.205026
100126.459651
100123.962731
100122.009669
100120.390482
100118.660704
100116.862562
100114.933662
100112.556122
100111.247455
100109.924549
100107.515883
100104.038617
100100.805272
100133.513101
100125.478227
100126.710991
100127.340029
100127.023377
100126.125009
100123.833462
100120.522919
100117.696312
100115.639368
100113.534566
100111.496107
100109.434249
100106.944681
100105.121637
100103.660165
100101.400348
100098.538042
100095.447767
100093.650542
100124.341255
100114.36891
100116.660848
100117.121918
100116.959275
100115.965815
100113.174453
100109.790555
100107.292062
100105.051451
100103.009146
100101.001441
100098.772774
100096.816974
100094.876611
100092.844491
100090.4162
100088.01876
100085.826141
100084.971924
100103.557338
100093.245379
100096.106943
100097.215852
100097.91475
100097.377349
100095.212877
100092.752209
100090.702457
100089.013688
100087.408804
100085.352195
100083.584288
100081.961207
100080.586213
100078.966702
100077.321307
100075.721934
100074.474102
100073.89874
100061.277399
100052.148836
100055.284781
100057.969709
100059.929665
100060.982984
100061.150104
100061.192412
100061.420756
100061.681325
100061.790876
100062.135432
100062.588669
100062.960212
100062.994084
100062.752196
100062.413928
100061.989505
100061.54181
100061.02812
100028.273988
100024.224745
100025.848376
100026.969802
100027.556092
100027.721874
100028.032624
100028.860309
100030.17371
100032.052879
100034.632649
100037.658722
100040.601378
100043.062485
100044.968379
100046.439344
100047.534333
100048.219047
100048.490777
100048.286149
100027.444951
100027.394236
100027.364987
100027.331879
100027.288976
100026.998516
100026.498865
100026.0903
100025.91325
100026.028866
100026.503233
100027.456424
100028.862548
100030.56755
100032.441112
100034.283771
100035.819816
100036.907641
100037.519917
100037.645006
100026.842956
100026.836029
100026.831959
100026.821247
100026.806409
100026.789099
100026.768372
100026.74639
100026.724822
100026.704593
100026.685971
100026.664612
100026.780271
100027.104133
100027.662385
100028.436349
100029.265936
100029.944617
100030.309669
100030.304571
100026.458152
100026.454614
100026.452113
100026.4477
100026.441704
100026.434268
100026.425552
100026.415619
100026.404557
100026.39239
100026.378791
100026.363296
100026.378979
100026.474762
100026.586012
100026.698647
100026.772843
100026.753402
100026.573516
100026.149792
100026.130475
100026.128251
100026.126458
100026.123981
100026.120928
100026.117226
100026.112765
100026.107515
100026.10143
100026.094302
100026.085465
100026.0735
100026.095215
100026.161447
100026.200752
100026.161562
100025.966483
100025.528113
100024.891463
100024.134156
100025.840097
100025.838247
100025.836892
100025.835364
100025.833431
100025.831002
100025.827971
100025.824199
100025.819488
100025.813438
100025.805201
100025.793116
100025.815511
100025.863329
100025.878808
100025.794546
100025.506318
100024.887957
100024.009713
100023.005161
100025.582597
100025.580974
100025.579964
100025.578936
100025.577558
100025.575772
100025.573458
100025.570447
100025.566504
100025.561195
100025.553517
100025.541573
100025.567422
100025.599177
100025.590714
100025.471482
100025.125155
100024.414902
100023.425084
100022.375093
100025.353592
100025.352184
100025.351452
100025.350783
100025.34996
100025.348925
100025.347544
100025.345647
100025.342981
100025.338967
100025.332223
100025.3207
100025.369448
100025.413915
100025.411606
100025.289088
100024.920771
100024.169477
100023.110615
100021.974111
100025.14666
100025.14559
100025.145261
100025.145229
100025.145189
100025.144998
100025.144493
100025.143458
100025.141466
100025.137582
100025.130005
100025.145702
100025.221968
100025.307683
100025.343768
100025.240958
100024.837512
100023.995624
100022.82941
100021.673829
100024.954339
100024.953611
100024.953896
100024.95469
100024.955383
100024.955792
100024.955734
100024.954893
100024.952504
100024.947138
100024.954469
100025.013777
100025.124717
100025.241638
100025.299535
100025.171119
100024.612981
100023.515698
100022.208268
100020.982712
100024.765646
100024.765577
100024.76668
100024.768416
100024.769872
100024.770841
100024.771195
100024.770474
100024.766563
100024.763453
100024.784946
100024.861006
100024.984619
100025.111457
100025.144013
100024.854101
100023.941583
100022.553923
100021.246283
100019.957615
100024.564192
100024.565379
100024.568689
100024.574446
100024.577439
100024.578564
100024.578013
100024.549372
100024.489583
100024.46327
100024.474719
100024.549963
100024.678593
100024.791471
100024.712155
100024.063719
100022.707582
100021.278751
100019.972909
100018.98162
100024.291572
100024.296005
100024.305546
100024.279705
100024.202838
100024.130284
100024.053697
100023.978103
100023.904337
100023.851461
100023.857392
100023.945916
100024.082885
100024.132886
100023.7199
100022.544868
100021.080299
100019.820933
100018.778675
100018.082231
100023.861602
100023.878646
100023.929373
100023.779719
100023.585199
100023.38808
100023.214793
100023.070939
100022.950398
100022.878185
100022.895607
100023.003451
100023.084217
100022.794464
100021.805783
100020.396244
100019.226452
100018.059582
100017.337252
100016.772719
100022.813461
100021.256842
100021.928924
100022.21373
100022.105713
100021.887485
100021.706257
100021.594704
100021.514727
100021.485111
100021.53153
100021.52058
100021.188334
100020.242586
100018.983909
100017.96502
100016.974866
100016.067262
100015.664619
100015.239487
100021.081426
100019.479308
100020.407392
100020.84401
100020.746188
100020.413106
100020.147639
100019.999213
100019.838855
100019.644982
100019.341276
100018.738023
100017.749991
100016.693587
100015.883771
100015.13114
100014.157001
100013.651239
100013.594655
100013.360508
100018.892564
100018.150169
100018.630112
100018.387095
100018.160404
100017.904284
100017.480237
100016.998643
100016.403237
100015.687699
100014.869186
100014.005222
100013.245104
100012.658553
100012.05473
100011.176398
100010.340375
100010.58634
100010.87709
100010.639112
100014.827943
100014.268213
100015.364813
100014.668106
100013.503552
100012.651296
100011.853841
100010.998099
100010.193621
100009.540737
100009.022637
100008.553113
100008.11442
100007.433798
100006.396913
100005.340889
100005.707012
100006.732213
100007.258568
100007.314362
100006.758844
100006.710919
100008.725407
100008.523386
100007.422331
100006.212539
100005.186647
100004.396359
100003.836751
100003.475998
100003.16603
100002.844367
100002.341755
100001.541687
100001.021764
100001.3757
100002.274431
100002.846028
100003.187107
100003.461063
101164.663765
101164.696788
101164.745375
101164.807303
101164.881084
101164.965818
101165.061093
101165.166887
101165.283498
101165.411491
101165.55169
101165.705265
101165.873958
101166.060446
101166.268328
101166.499684
101166.751441
101167.02913
101167.403084
101171.155706
101151.56365
101151.600782
101151.652228
101151.715737
101151.789636
101151.872628
101151.963701
101152.062022
101152.166885
101152.277742
101152.394325
101152.516859
101152.646218
101152.783474
101152.92774
101153.073243
101153.212913
101153.348777
101153.498933
101153.507392
101138.368581
101138.414559
101138.468654
101138.529408
101138.595339
101138.665013
101138.737132
101138.810551
101138.884336
101138.957872
101139.03096
101139.103792
101139.176482
101139.247756
101139.313203
101139.366228
101139.403638
101139.43088
101139.458772
101139.356722
101125.08412
101125.142143
101125.200526
101125.259071
101125.317085
101125.373783
101125.428478
101125.480678
101125.530173
101125.577091
101125.621849
101125.664853
101125.705827
101125.742883
101125.772523
101125.792538
101125.806451
101125.824112
101125.845655
101125.756516
101111.751788
101111.821926
101111.886611
101111.946588
101112.001928
101112.052655
101112.098876
101112.14087
101112.179133
101112.214353
101112.24724
101112.278149
101112.306524
101112.330527
101112.347912
101112.358916
101112.368851
101112.383371
101112.391892
101112.314894
101098.408117
101098.48911
101098.561677
101098.626727
101098.684733
101098.736213
101098.781779
101098.822182
101098.858292
101098.891005
101098.921021
101098.948495
101098.972671
101098.991917
101099.005041
101099.013973
101099.02463
101099.0371
101099.038898
101098.979891
101085.071751
101085.164092
101085.246861
101085.320579
101085.385769
101085.443128
101085.493499
101085.537849
101085.577189
101085.61244
101085.644203
101085.672481
101085.696498
101085.715021
101085.727927
101085.738446
101085.751346
101085.761261
101085.759489
101085.714834
101071.746373
101071.854887
101071.952601
101072.039727
101072.116751
101072.184462
101072.243852
101072.296018
101072.34205
101072.382865
101072.419006
101072.450443
101072.476534
101072.496566
101072.511425
101072.525099
101072.539641
101072.546953
101072.544405
101072.510594
101058.43209
101058.56643
101058.68686
101058.793742
101058.887847
101058.970282
101059.042328
101059.105315
101059.160486
101059.208846
101059.250995
101059.287005
101059.3165
101059.339379
101059.357464
101059.374797
101059.390034
101059.395531
101059.39373
101059.367766
101045.140105
101045.312626
101045.46471
101045.597887
101045.713903
101045.814645
101045.902002
101045.977761
101046.04349
101046.10043
101046.149375
101046.190628
101046.224188
101046.250629
101046.272572
101046.293236
101046.308392
101046.313108
101046.312604
101046.292362
101031.905836
101032.125717
101032.315142
101032.478046
101032.617937
101032.737993
101032.841048
101032.929567
101033.005608
101033.070771
101033.12615
101033.172357
101033.209832
101033.239841
101033.26555
101033.288552
101033.303129
101033.307837
101033.308584
101033.292541
101018.792143
101019.057176
101019.280641
101019.469553
101019.629563
101019.765345
101019.880782
101019.979073
101020.062793
101020.133916
101020.193838
101020.243482
101020.283725
101020.316477
101020.345034
101020.368914
101020.382534
101020.38747
101020.389127
101020.376148
101005.873125
101006.164291
101006.406067
101006.607933
101006.777199
101006.91966
101007.039945
101007.141748
101007.227967
101007.300797
101007.361815
101007.412153
101007.453062
101007.486945
101007.516664
101007.539731
101007.551966
101007.556845
101007.558909
101007.548092
100993.201915
100993.4861
100993.720258
100993.914549
100994.076683
100994.212656
100994.327167
100994.423893
100994.50567
100994.574621
100994.632271
100994.6798
100994.7187
100994.751621
100994.780364
100994.800974
100994.811284
100994.815504
100994.817402
100994.807983
100980.784077
100981.023611
100981.221025
100981.385028
100981.522189
100981.637579
100981.735128
100981.817871
100981.888113
100981.947548
100981.997394
100982.038691
100982.073025
100982.102927
100982.128615
100982.145474
100982.153309
100982.156208
100982.157394
100982.148715
100968.57245
100968.735044
100968.871112
100968.985979
100969.083652
100969.167222
100969.23907
100969.301007
100969.354383
100969.40016
100969.439032
100969.471767
100969.499877
100969.525334
100969.546518
100969.558963
100969.563965
100969.565071
100969.565147
100969.556658
100956.474945
100956.541795
100956.603087
100956.659216
100956.710531
100956.757361
100956.799974
100956.838572
100956.873281
100956.90416
100956.931291
100956.955117
100956.976923
100956.997666
100957.013987
100957.022196
100957.024441
100957.023655
100957.022484
100957.013784
100944.366618
100944.340047
100944.330102
100944.331561
100944.340686
100944.354772
100944.371834
100944.390402
100944.409382
100944.427979
100944.445742
100944.46285
100944.480223
100944.497448
100944.509881
100944.514961
100944.515128
100944.512839
100944.510612
100944.501497
100932.112949
100932.021373
100931.963939
100931.93059
100931.914114
100931.909282
100931.912283
100931.920356
100931.931525
100931.944451
100931.958429
100931.97353
100931.990215
100932.006573
100932.017372
100932.021276
100932.020673
100932.017758
100932.015005
100932.005498
100919.60664
100919.502401
100919.439243
100919.40467
100919.389722
100919.387948
100919.394727
100919.406815
100919.422012
100919.438981
100919.457182
100919.476811
100919.497836
100919.517027
100919.529349
100919.534599
100919.535005
100919.532706
100919.53022
100919.520573
100906.804441
100906.753551
100906.736263
100906.741176
100906.760096
100906.7872
100906.818462
100906.851231
100906.883931
100906.915886
100906.947196
100906.978425
100907.0091
100907.035138
100907.052403
100907.061645
100907.064994
100907.064687
100907.063371
100907.054013
100893.749172
100893.815319
100893.893028
100893.975716
100894.058583
100894.138352
100894.213016
100894.281596
100894.343958
100894.400694
100894.452949
100894.50185
100894.546609
100894.582941
100894.608099
100894.623584
100894.631559
100894.634464
100894.635137
100894.62658
100880.565795
100880.793516
100881.000491
100881.187485
100881.354976
100881.503637
100881.634526
100881.749115
100881.849285
100881.937293
100882.01556
100882.08587
100882.147299
100882.19603
100882.230918
100882.254043
100882.267716
100882.274627
100882.277845
100882.270565
100867.425437
100867.83154
100868.180562
100868.481491
100868.740861
100868.963918
100869.155248
100869.319102
100869.459591
100869.580754
100869.686307
100869.778667
100869.856962
100869.918386
100869.963354
100869.994375
100870.013976
100870.02509
100870.031022
100870.025361
100854.504725
100855.078385
100855.560361
100855.96743
100856.311991
100856.603736
100856.850665
100857.059691
100857.237022
100857.388317
100857.518431
100857.63026
100857.72315
100857.795641
100857.849461
100857.88743
100857.912283
100857.92715
100857.935542
100857.931635
100841.961957
100842.667294
100843.253501
100843.743374
100844.154012
100844.498726
100844.788293
100845.031774
100845.23704
100845.411005
100845.559336
100845.685167
100845.788187
100845.86836
100845.928372
100845.971235
100845.999834
100846.01741
100846.027618
100846.025374
100829.918694
100830.70046
100831.347043
100831.884398
100832.332394
100832.706569
100833.019442
100833.281417
100833.501387
100833.68701
100833.844331
100833.976407
100834.083343
100834.166377
100834.228757
100834.273563
100834.303721
100834.322481
100834.333543
100834.332657
100818.445764
100819.238418
100819.892939
100820.43532
100820.886001
100821.261142
100821.573791
100821.834762
100822.053246
100822.237061
100822.392119
100822.521095
100822.624503
100822.704533
100822.764615
100822.807757
100822.836793
100822.854858
100822.86558
100822.865567
100807.560102
100808.29713
100808.905219
100809.407889
100809.824258
100810.169642
100810.456483
100810.695108
100810.894305
100811.061471
100811.201859
100811.317491
100811.40921
100811.479727
100811.532324
100811.569778
100811.594693
100811.609951
100811.618982
100811.619214
100797.234073
100797.853686
100798.363216
100798.782344
100799.127556
100799.412212
100799.647213
100799.841642
100800.003259
100800.138483
100800.251398
100800.343166
100800.41478
100800.469007
100800.508702
100800.536247
100800.553877
100800.564092
100800.569987
100800.569715
100787.41402
100787.857125
100788.217768
100788.510752
100788.748819
100788.942394
100789.100005
100789.2288
100789.334925
100789.423244
100789.496183
100789.553863
100789.597148
100789.628409
100789.649843
100789.66328
100789.670455
100789.673364
100789.674649
100789.673023
100778.022434
100778.228615
100778.390244
100778.515535
100778.611879
100778.685556
100778.74178
100778.785028
100778.819184
100778.846914
100778.868506
100778.882851
100778.890325
100778.892503
100778.89074
100778.886168
100778.879912
100778.873369
100778.868623
100778.864722
100768.938694
100768.847491
100768.762632
100768.682515
100768.606683
100768.535675
100768.470308
100768.411581
100768.3604
100768.316529
100768.277691
100768.241359
100768.207033
100768.175194
100768.146209
100768.120411
100768.098234
100768.080409
100768.068393
100768.061278
100759.95676
100759.529487
100759.166391
100758.855462
100758.587086
100758.355077
100758.155148
100757.98422
100757.839565
100757.717437
100757.612729
100757.521355
100757.441624
100757.372738
100757.314012
100757.264916
100757.225163
100757.194802
100757.174625
100757.163431
100750.819109
100750.047081
100749.39696
100748.847521
100748.380464
100747.982912
100747.645364
100747.360349
100747.121009
100746.919697
100746.748455
100746.601591
100746.476026
100746.369647
100746.280714
100746.207846
100746.150047
100746.106725
100746.078016
100746.062066
100741.258131
100740.159987
100739.237021
100738.459842
100737.803235
100737.248553
100736.781405
100736.389786
100736.062368
100735.7875
100735.55458
100735.356349
100735.188306
100735.047094
100734.929993
100734.834836
100734.760001
100734.704344
100734.667404
100734.646326
100731.026599
100729.637794
100728.474333
100727.496711
100726.674361
100725.984033
100725.40678
100724.925885
100724.525346
100724.189688
100723.906025
100723.665659
100723.462767
100723.292918
100723.152559
100723.038865
100722.949722
100722.88359
100722.839518
100722.813302
100719.889718
100718.259031
100716.904479
100715.770906
100714.822564
100714.032511
100713.377347
100712.835399
100712.386005
100712.010329
100711.69368
100711.42615
100711.200852
100711.012541
100710.857059
100710.731126
100710.632338
100710.558986
100710.509817
100710.479074
100707.591929
100705.795433
100704.324894
100703.104081
100702.090873
100701.255505
100700.570288
100700.008633
100699.5457
100699.16013
100698.836088
100698.562901
100698.333053
100698.140892
100697.981993
100697.852931
100697.751292
100697.675506
100697.624286
100697.590219
100693.856527
100692.015769
100690.542751
100689.337623
100688.349471
100687.546879
100686.898684
100686.374253
100685.945866
100685.591016
100685.293745
100685.043396
100684.832545
100684.655727
100684.508768
100684.38853
100684.292978
100684.221074
100684.171864
100684.136254
100678.389743
100676.703128
100675.398438
100674.358545
100673.522018
100672.858384
100672.335718
100671.921903
100671.588961
100671.315479
100671.087007
100670.894193
100670.730774
100670.592347
100670.475696
100670.378563
100670.29979
100670.239329
100670.197048
100670.1624
100660.85117
100659.684694
100658.814538
100658.151143
100657.63393
100657.242532
100656.951856
100656.734134
100656.565824
100656.430079
100656.31641
100656.218631
100656.13308
100656.057534
100655.990627
100655.931691
100655.881
100655.839986
100655.809881
100655.779123
100641.287382
100641.10612
100640.983123
100640.928145
100640.906438
100640.921294
100640.965786
100641.024633
100641.084641
100641.137578
100641.17969
100641.209986
100641.228901
100641.237523
100641.237213
100641.229573
100641.216818
100641.202252
100641.188961
100641.165033
100620.586773
100621.668712
100622.519275
100623.230011
100623.819722
100624.325834
100624.768728
100625.152198
100625.47786
100625.748956
100625.970348
100626.147558
100626.286072
100626.390992
100626.466945
100626.518212
100626.549224
100626.565314
100626.571699
100626.55695
100600.57537
100602.58748
100604.387655
100605.854976
100607.049547
100608.040231
100608.874519
100609.57612
100610.161896
100610.646597
100611.043607
100611.364857
100611.62078
100611.820415
100611.971588
100612.081204
100612.155819
100612.202603
100612.228838
100612.224449
100582.809816
100585.100489
100587.550429
100589.604966
100591.277362
100592.6541
100593.801648
100594.759194
100595.555457
100596.214031
100596.754804
100597.194597
100597.547647
100597.826045
100598.040139
100598.19892
100598.310598
100598.383675
100598.427033
100598.432718
100567.974081
100570.119083
100572.724098
100575.077816
100577.020163
100578.622386
100579.956459
100581.069076
100581.995029
100582.762442
100583.394523
100583.910613
100584.326948
100584.657283
100584.913394
100585.10549
100585.242715
100585.334194
100585.38966
100585.403752
100555.919849
100557.837522
100560.208879
100562.544793
100564.529779
100566.180658
100567.560457
100568.714913
100569.678884
100570.480596
100571.143309
100571.686418
100572.126268
100572.476789
100572.749994
100572.956344
100573.105127
100573.205347
100573.266736
100573.286617
100546.190185
100547.88151
100549.865448
100551.950349
100553.788749
100555.337165
100556.639638
100557.73489
100558.653528
100559.420656
100560.057143
100560.580553
100561.005836
100561.345873
100561.611898
100561.813788
100561.96027
100562.059598
100562.120736
100562.14341
100538.237425
100539.711955
100541.300293
100543.020154
100544.589944
100545.931272
100547.06787
100548.028693
100548.838143
100549.516657
100550.081447
100550.54719
100550.926538
100551.230536
100551.468951
100551.650468
100551.782744
100551.872826
100551.928368
100551.950947
100531.582011
100532.840606
100534.075772
100535.40351
100536.643502
100537.716072
100538.631754
100539.409333
100540.066652
100540.619151
100541.080025
100541.460674
100541.771058
100542.019994
100542.215396
100542.364393
100542.473251
100542.547542
100542.593298
100542.613266
100525.816611
100526.869293
100527.802357
100528.7548
100529.643923
100530.415518
100531.079349
100531.645068
100532.124141
100532.527185
100532.863448
100533.141024
100533.367082
100533.548062
100533.689853
100533.797842
100533.876733
100533.93049
100533.963405
100533.978684
100520.573868
100521.439125
100522.131712
100522.746978
100523.289715
100523.746556
100524.1432
100524.482412
100524.769355
100525.010074
100525.210048
100525.374164
100525.506829
100525.61209
100525.693753
100525.755398
100525.8001
100525.830177
100525.84817
100525.857096
100515.509479
100516.204067
100516.72463
100517.059814
100517.279285
100517.423127
100517.549099
100517.657682
100517.747959
100517.821685
100517.880804
100517.927151
100517.962462
100517.98844
100518.006835
100518.019423
100518.027676
100518.032289
100518.034088
100518.035334
100510.256519
100510.840426
100511.277145
100511.397447
100511.322201
100511.164384
100511.024473
100510.905903
100510.802049
100510.710567
100510.630036
100510.559347
100510.497656
100510.444389
100510.399291
100510.362402
100510.333673
100510.312264
100510.297321
100510.289816
100504.579988
100505.132037
100505.522003
100505.466577
100505.125374
100504.686349
100504.29377
100503.95936
100503.671334
100503.42331
100503.210545
100503.029035
100502.875412
100502.746895
100502.641311
100502.557076
100502.492782
100502.44622
100502.41487
100502.397836
100498.342776
100498.802855
100499.099471
100498.911259
100498.360148
100497.683264
100497.068545
100496.544114
100496.094249
100495.70895
100495.380427
100495.101983
100494.867909
100494.673404
100494.514571
100494.388433
100494.292518
100494.223556
100494.177378
100494.150483
100491.099848
100491.310337
100491.520554
100491.313863
100490.67053
100489.840977
100489.06415
100488.39777
100487.825971
100487.336795
100486.920514
100486.568458
100486.273107
100486.028076
100485.82814
100485.66934
100485.548646
100485.46226
100485.404403
100485.367886
100482.418935
100482.34357
100482.493655
100482.381692
100481.782159
100480.90705
100480.050557
100479.30925
100478.670906
100478.12389
100477.658301
100477.264617
100476.934287
100476.659952
100476.435608
100476.256883
100476.120944
100476.024435
100475.960052
100475.914845
100472.233453
100471.921714
100471.995795
100471.989084
100471.522043
100470.720923
100469.878851
100469.14079
100468.502359
100467.953271
100467.485133
100467.088831
100466.755651
100466.477943
100466.249515
100466.066216
100465.926395
100465.829179
100465.767247
100465.716425
100460.509802
100460.027368
100459.96324
100460.032721
100459.7573
100459.165949
100458.460972
100457.821578
100457.264303
100456.780826
100456.366349
100456.014035
100455.716235
100455.465844
100455.257106
100455.086571
100454.954307
100454.863995
100454.815681
100454.768271
100447.196905
100446.692008
100446.526887
100446.680838
100446.606063
100446.279476
100445.825988
100445.387772
100445.000978
100444.65847
100444.360413
100444.104422
100443.885446
100443.697885
100443.536977
100443.400183
100443.288817
100443.209886
100443.178142
100443.138336
100432.536748
100432.031931
100432.117132
100432.271633
100432.341966
100432.256479
100432.1206
100431.978707
100431.849397
100431.726045
100431.610721
100431.507386
100431.415519
100431.332464
100431.25545
100431.183549
100431.120054
100431.071389
100431.046169
100431.011478
100416.542355
100416.308122
100416.522597
100416.7004
100417.085335
100417.338518
100417.576635
100417.816977
100418.033007
100418.205199
100418.336481
100418.437622
100418.514852
100418.569798
100418.602738
100418.613256
100418.602951
100418.580891
100418.558714
100418.519904
100400.019284
100400.296771
100400.871431
100401.300955
100401.852577
100402.383903
100402.901474
100403.468438
100404.022122
100404.504483
100404.903344
100405.228794
100405.491411
100405.697019
100405.843974
100405.932022
100405.970324
100405.97442
100405.957983
100405.920636
100383.999945
100385.23527
100385.985696
100386.781711
100387.376449
100388.088049
100388.802428
100389.564717
100390.345723
100391.068149
100391.688588
100392.205329
100392.625954
100392.951107
100393.18473
100393.34015
100393.431514
100393.46739
100393.4582
100393.422096
100369.437746
100371.209757
100372.311064
100373.20823
100373.981622
100374.905491
100375.7611
100376.595918
100377.450186
100378.276398
100379.018658
100379.654503
100380.176161
100380.583427
100380.889384
100381.107687
100381.247612
100381.313109
100381.313417
100381.275696
100356.721359
100358.800552
100359.881177
100361.037436
100362.045371
100362.927218
100363.857263
100364.69908
100365.522527
100366.328791
100367.07745
100367.730822
100368.273809
100368.709513
100369.045127
100369.290682
100369.455397
100369.542972
100369.560572
100369.515521
100346.014599
100347.747458
100348.923598
100349.94063
100350.857531
100351.889754
100352.778601
100353.550816
100354.267835
100354.953963
100355.589873
100356.157096
100356.6511
100357.0712
100357.415994
100357.688899
100357.894165
100358.027888
100358.087369
100358.039941
100337.40279
100338.426369
100338.92405
100340.009935
100340.85011
100341.52568
100342.282871
100342.898947
100343.436724
100343.928826
100344.373895
100344.792783
100345.198697
100345.582467
100345.922269
100346.195144
100346.455699
100346.722095
100346.887146
100346.857328
100330.155785
100330.128338
100330.639656
100331.113403
100331.530187
100332.168222
100332.653928
100333.032143
100333.344614
100333.626689
100333.895149
100334.173311
100334.450359
100334.689918
100334.782665
100334.570564
100334.352207
100334.514915
100334.97052
100335.14514
100324.208273
100323.759162
100323.133553
100323.506803
100323.861628
100324.0214
100324.330763
100324.561483
100324.753026
100324.953531
100325.179216
100325.414948
100325.560767
100325.395208
100324.764048
100324.114811
100323.725408
100323.421285
100323.520709
100323.864071
100319.591344
100318.260398
100317.539177
100317.361159
100317.453652
100317.697447
100317.856289
100318.014985
100318.191938
100318.433654
100318.731397
100318.943146
100318.638555
100317.627549
100317.092862
100317.551256
100317.715252
100317.584722
100317.316964
100317.208175
100316.040748
100314.703596
100313.062305
100312.918561
100313.041355
100313.067834
100313.267919
100313.476568
100313.711894
100313.97644
100314.095197
100313.653139
100312.674268
100312.846452
100314.112646
100314.538494
100314.699957
100314.71064
100314.487819
100314.10849
100313.751064
100311.786369
100310.290919
100309.921095
100310.017829
100310.127056
100310.234635
100310.390088
100310.369569
100310.097799
100309.929487
100309.495836
100310.785982
100311.618372
100312.014537
100312.292883
100312.537658
100312.685969
100312.595293
100312.162679
100311.429478
100310.129943
100308.745156
100308.183914
100308.190716
100308.231143
100308.102586
100307.701149
100307.566572
100308.42576
100309.006455
100309.767554
100310.402724
100310.731925
100311.060696
100311.363449
100311.643023
100311.864021
100311.854547
100311.393819
100310.343077
100309.409544
100308.348445
100307.707546
100307.644894
100307.668967
100307.412092
100307.484369
100308.404602
100308.802976
100309.145774
100309.51184
100309.787395
100310.146125
100310.442212
100310.772004
100311.050972
100311.286468
100311.346276
100310.846038
100309.513025
100308.78774
100308.094173
100307.634601
100307.498834
100307.333311
100306.956068
100307.487497
100307.828234
100308.146574
100308.419166
100308.638276
100308.934992
100309.179495
100309.521217
100309.859074
100310.143243
100310.38946
100310.449578
100309.994291
100307.706902
100307.275718
100306.944248
100306.726564
100306.609997
100306.329657
100305.932692
100306.048953
100306.650286
100306.919356
100307.164146
100307.418056
100307.585614
100307.876209
100308.176385
100308.51239
100308.782919
100309.008877
100309.044634
100308.727131
100304.511457
100304.464262
100304.47829
100304.542207
100304.616921
100304.550444
100304.209723
100304.513262
100304.843139
100305.256182
100305.508538
100305.686262
100305.929988
100306.136316
100306.443239
100306.778189
100307.036815
100307.230809
100307.26284
100307.030473
100300.395514
100300.858437
100301.242833
100301.595896
100301.978939
100302.261238
100302.283434
100302.264637
100302.772549
100303.161491
100303.438725
100303.706849
100303.883709
100304.137609
100304.455241
100304.785481
100305.033643
100305.19127
100305.209075
100305.034639
100296.625369
100297.453146
100298.13018
100298.766009
100299.326883
100299.852679
100300.101097
100300.093807
100300.455093
100301.053658
100301.35968
100301.558425
100301.788445
100302.020153
100302.347011
100302.65459
100302.870531
100302.975435
100302.996481
100302.885339
100293.917441
100294.825507
100295.62367
100296.339182
100297.018164
100297.545549
100297.936128
100297.923013
100298.453051
100298.916349
100299.20265
100299.444669
100299.612239
100299.87553
100300.20102
100300.488057
100300.658789
100300.721473
100300.745398
100300.677939
100292.218147
100293.037466
100293.761262
100294.481953
100295.078796
100295.640685
100295.997646
100295.940334
100296.410229
100296.940449
100297.233723
100297.39865
100297.589606
100297.863184
100298.165298
100298.420686
100298.52325
100298.550708
100298.579592
100298.538405
100291.137148
100291.750496
100292.362914
100292.9313
100293.47695
100293.894496
100294.163788
100294.13566
100294.696737
100295.118845
100295.333583
100295.532591
100295.740328
100296.008109
100296.274241
100296.452392
100296.488107
100296.516547
100296.55587
100296.523683
100290.21693
100290.613414
100291.062772
100291.545415
100291.933611
100292.284047
100292.436536
100292.424127
100293.019571
100293.359185
100293.592307
100293.78144
100294.009387
100294.256395
100294.477876
100294.577691
100294.60534
100294.641575
100294.685822
100294.658375
100289.079345
100289.324583
100289.693033
100290.025542
100290.326959
100290.566994
100290.590864
100290.923749
100291.493183
100291.805431
100291.998715
100292.191879
100292.393076
100292.587473
100292.745319
100292.805431
100292.830861
100292.868663
100292.897439
100292.863825
100287.502544
100287.695373
100287.934209
100288.160042
100288.388698
100288.534908
100288.7968
100289.312002
100289.812785
100290.128332
100290.320541
100290.476233
100290.649784
100290.82554
100290.935255
100290.981348
100290.988156
100291.011704
100290.986597
100290.940447
100285.420012
100285.511882
100285.660433
100285.84393
100286.042721
100286.313737
100286.747886
100287.268893
100287.710213
100288.007121
100288.168137
100288.385388
100288.633824
100288.863572
100288.992219
100289.05532
100289.072992
100289.109871
100289.069928
100288.873734
100282.737774
100282.792427
100282.946075
100283.164153
100283.459064
100283.868456
100284.369827
100284.86217
100285.239913
100285.447813
100285.624226
100286.028491
100286.452555
100286.715711
100286.872776
100286.954344
100286.965931
100286.981084
100286.882355
100286.612186
100279.350867
100279.520146
100279.791975
100280.146708
100280.590807
100281.112714
100281.655782
100282.149569
100282.444152
100282.525462
100282.971201
100283.647956
100284.145707
100284.423978
100284.620444
100284.715377
100284.698683
100284.634353
100284.590094
100284.264388
100275.148176
100275.589491
100276.100329
100276.680653
100277.319281
100277.984441
100278.631847
100279.149337
100279.316675
100279.46865
100280.38309
100281.297121
100281.797042
100282.107201
100282.34416
100282.464811
100282.442054
100282.263157
100282.129745
100281.840985
100270.105655
100270.935529
100271.807993
100272.719814
100273.650476
100274.566824
100275.384689
100275.923049
100275.989639
100276.630803
100278.053992
100279.048566
100279.555345
100279.909678
100280.188087
100280.315366
100280.198048
100279.594076
100279.699572
100279.510802
100264.462271
100265.800004
100267.157473
100268.521251
100269.860318
100271.126347
100272.183481
100272.733077
100272.878145
100274.374666
100276.26895
100277.286584
100277.842332
100278.266077
100278.582691
100278.702604
100278.319887
100277.618595
100278.099782
100277.883237
100258.778014
100260.700736
100262.627666
100264.536223
100266.379735
100268.090874
100269.487587
100270.13439
100270.662476
100273.106145
100275.370445
100276.440458
100277.071792
100277.574055
100277.960864
100278.063078
100276.090873
100275.512672
100276.505319
100276.426479
100253.483057
100256.014529
100258.560903
100261.100579
100263.573236
100265.897637
100267.866757
100268.913804
100269.998338
100273.326006
100275.871311
100276.924921
100277.501712
100277.909998
100278.07148
100275.744627
100273.587849
100275.231164
100276.373462
100276.10751
100248.781002
100251.76374
100254.87049
100258.092487
100261.368291
100264.610497
100267.657243
100269.848472
100271.714866
100275.932202
100278.682107
100279.534088
100279.910782
100279.975683
100275.654997
100271.976769
100273.068349
100274.511881
100274.945243
100274.428951
100244.366997
100247.197331
100250.40023
100253.976752
100257.915889
100262.191247
100266.643642
100270.58716
100273.604364
100279.632794
100283.092
100282.517324
100280.40147
100271.342532
100266.823888
100268.055457
100268.99546
100269.24259
100268.7862
100268.44998
100238.939903
100240.529414
100242.527176
100244.84444
100247.640959
100250.458543
100252.192361
100252.630997
100251.950031
100254.825549
100262.188297
100261.271162
100254.781002
100253.278485
100255.75765
100256.541798
100256.390036
100255.487024
100254.762218
100254.436236
100232.329275
100231.709332
100230.701764
100229.393694
100225.900188
100218.804225
100214.90145
100213.647886
100212.84636
100210.896749
100210.619196
100215.401277
100221.988717
100227.427907
100230.752744
100232.599799
100233.648427
100234.12148
100234.087883
100233.964674
100226.583435
100223.694823
100219.956556
100211.561355
100203.453692
100205.244324
100205.666277
100205.68128
100205.706001
100205.717568
100205.71915
100205.86925
100207.935491
100210.640979
100212.96314
100214.945656
100216.633199
100217.934275
100218.359196
100218.35361
100221.618868
100217.019043
100205.917611
100202.335465
100204.977753
100204.999049
100205.042597
100205.072537
100205.096185
100205.114552
100205.130711
100205.15702
100205.778339
100206.545103
100207.483144
100208.447689
100209.348607
100210.16833
100210.480402
100210.348125
100215.462573
100203.810605
100202.920543
100204.377479
100204.405739
100204.42481
100204.438587
100204.453062
100204.467661
100204.479655
100204.487142
100204.473543
100204.830712
100205.192139
100205.625172
100206.034501
100206.404582
100206.775505
100206.957346
100206.779413
100202.951011
100202.591672
100203.791276
100203.814236
100203.823416
100203.832259
100203.843279
100203.857375
100203.87417
100203.89717
100203.924375
100204.022156
100204.20889
100204.437952
100204.661691
100204.834944
100204.987473
100205.164537
100205.260169
100205.070376
100201.913302
100203.251261
100203.260572
100203.261482
100203.262638
100203.265627
100203.272489
100203.28108
100203.291902
100203.300949
100203.327433
100203.529382
100203.667059
100203.847077
100203.974973
100204.063217
100204.140334
100204.241138
100204.297146
100204.108322
100202.608897
100202.781796
100202.760473
100202.746305
100202.739172
100202.739564
100202.744055
100202.753318
100202.764561
100202.775027
100202.79012
100202.931544
100203.122696
100203.307369
100203.422647
100203.511062
100203.573223
100203.640628
100203.723026
100203.490628
100202.231193
100202.270309
100202.256557
100202.246722
100202.245125
100202.249351
100202.261799
100202.279522
100202.303218
100202.33552
100202.533882
100202.653133
100202.853749
100203.012454
100203.134023
100203.241835
100203.316409
100203.375943
100203.460834
100203.204208
100201.72408
100201.790791
100201.780112
100201.775796
100201.776357
100201.784663
100201.797488
100201.816092
100201.836104
100201.811613
100201.952173
100202.197606
100202.480041
100202.700387
100202.893013
100203.060715
100203.181894
100203.249756
100203.301427
100203.167793
100201.293025
100201.363132
100201.352795
100201.346522
100201.348368
100201.357288
100201.373258
100201.389344
100201.418138
100201.598658
100201.730219
100201.998654
100202.268763
100202.503705
100202.723238
100202.920554
100203.051314
100203.072386
100203.020207
100203.021051
100200.403061
100200.882025
100200.936313
100200.946421
100200.95055
100200.965998
100200.989354
100201.009806
100200.992781
100201.03584
100201.243695
100201.580179
100201.893287
100202.189234
100202.477601
100202.746819
100202.898914
100202.822589
100202.775089
100202.959362
100198.064496
100199.377805
100200.096164
100200.408987
100200.505376
100200.530951
100200.506159
100200.377996
100200.262251
100200.194935
100200.401153
100200.751105
100201.130986
100201.569978
100202.079114
100202.617322
100203.018046
100202.752317
100203.41738
100203.699028
100192.875206
100194.932502
100196.540625
100197.332504
100197.677132
100197.846619
100197.901189
100197.871022
100197.641165
100197.652045
100197.986627
100198.438915
100198.970925
100199.650774
100200.502274
100201.394536
100201.98448
100201.326285
100203.074186
100203.126538
100185.147093
100187.570821
100189.902238
100191.512622
100192.494328
100193.002035
100193.15953
100193.084845
100192.94078
100193.15555
100193.638942
100194.1483
100194.743151
100195.499699
100196.378555
100197.042463
100195.099408
100195.975893
100197.389798
100197.147179
100176.895908
100178.901981
100181.419304
100183.564352
100185.054773
100185.940044
100186.403967
100186.616695
100186.851184
100187.383251
100187.966807
100188.516301
100189.118948
100189.795304
100190.261489
100187.502553
100187.085556
100189.053033
100189.795954
100189.567149
100169.632813
100171.098294
100173.130847
100175.31541
100177.013682
100178.112671
100178.9151
100179.663903
100180.43915
100181.216709
100181.862003
100182.435651
100182.966051
100183.217927
100179.606382
100177.839816
100180.561566
100181.219181
100181.615541
100181.51221
100163.537387
100164.83811
100166.37156
100168.20044
100169.771155
100170.795722
100171.855875
100173.272081
100174.470321
100175.318478
100175.980705
100176.469786
100176.557844
100171.851449
100168.615811
100172.412523
100173.094305
100173.293256
100173.396489
100173.361855
100158.608718
100159.979307
100161.376347
100163.030486
100164.53472
100165.486
100166.57352
100168.149749
100169.386092
100170.209302
100170.721827
100170.684595
100163.820103
100159.592347
100164.338171
100165.120495
100165.30503
100165.397854
100165.241738
100165.163423
100154.608967
100156.268635
100157.831308
100159.614128
100161.282049
100162.426416
100163.499815
100164.881834
100165.73572
100166.111351
100165.68913
100154.499154
100150.915362
100155.800701
100156.710255
100156.903682
100157.06584
100157.199791
100156.886417
100156.732128
100151.028193
100153.091567
100155.052922
100156.991456
100158.799626
100159.894377
100160.689017
100161.581697
100161.349384
100158.950824
100143.310408
100142.598072
100146.824205
100147.825176
100148.053795
100148.161311
100148.146437
100148.216972
100147.888368
100147.741722
100146.668266
100148.58984
100149.909339
100150.660274
100150.313061
100149.239291
100148.883111
100148.813254
100144.742364
100133.608266
100135.283965
100138.682171
100139.718957
100140.059361
100140.24523
100140.275385
100140.243547
100140.193656
100139.851155
100139.631118
100140.90922
100140.766003
100138.864788
100134.462951
100131.816514
100131.451474
100130.727992
100129.599522
100127.316985
100129.522518
100132.507466
100133.400454
100133.751291
100134.006605
100134.151794
100134.260428
100134.245015
100134.169848
100133.794348
100133.419566
100134.323331
100131.11188
100125.350836
100124.572192
100125.555501
100125.754164
100125.519515
100125.535576
100126.254064
100128.098772
100128.860369
100129.13901
100129.346194
100129.506688
100129.730997
100129.850359
100130.005738
100130.029343
100129.755004
100129.239458
100127.471363
100121.709372
100121.677535
100123.293443
100123.932658
100124.027091
100123.88964
100124.290067
100124.524815
100124.959604
100125.250378
100125.406378
100125.562359
100125.86102
100126.113111
100126.509977
100126.856972
100127.039845
100126.923478
100126.28105
100119.411583
100117.686953
100119.703471
100120.869805
100121.446456
100121.458504
100121.072674
100121.068677
100120.941692
100120.809448
100120.902719
100121.171408
100121.62125
100122.016487
100122.573158
100123.232569
100123.773175
100124.103162
100124.039344
100123.408824
100112.507409
100114.04488
100115.565945
100116.36821
100116.758777
100116.685086
100115.682527
100115.704684
100115.263068
100115.230667
100115.597139
100116.18297
100116.856092
100117.583551
100118.362342
100119.123865
100119.638996
100119.960718
100119.844781
100119.295342
100106.957736
100108.468847
100109.01463
100108.713698
100107.992292
100107.287573
100105.326357
100105.371863
100106.706952
100107.588317
100108.616425
100109.455093
100110.640782
100111.709614
100112.515078
100113.08155
100113.385718
100113.505831
100113.344928
100112.894875
100101.010011
100101.504108
100100.980729
100099.862703
100098.578814
100097.598255
100095.402005
100093.169048
100095.616813
100097.345815
100098.828401
100099.864488
100101.229469
100102.409381
100103.133981
100103.505225
100103.912045
100103.345769
100103.795706
100103.182923
100093.839419
100093.693196
100092.97137
100092.223118
100091.478737
100090.989518
100089.350913
100086.554334
100086.079943
100086.75008
100087.36568
100087.744335
100088.229809
100088.232223
100088.426665
100088.499829
100086.628135
100087.023575
100087.771717
100087.068652
100084.959967
100084.614368
100084.387953
100084.484533
100084.902538
100085.785674
100085.73545
100083.018229
100078.636417
100074.859205
100072.116314
100070.63499
100068.875925
100066.141367
100062.172118
100056.495957
100056.374176
100058.359048
100058.923415
100058.72908
100073.460125
100073.010431
100072.797528
100072.764297
100073.006131
100073.547266
100074.502536
100069.519675
100059.798806
100049.659175
100041.465732
100035.65975
100031.027345
100026.421309
100022.080003
100022.873753
100022.886467
100023.269078
100024.253172
100025.233058
100060.307171
100059.546546
100058.641237
100057.508628
100056.179305
100054.30602
100052.792117
100043.206905
100029.001135
100022.067304
100020.941068
100021.482424
100021.46897
100021.44583
100021.451349
100021.478549
100021.485476
100020.951388
100020.78962
100020.895632
100047.742264
100046.924525
100045.627225
100043.925383
100041.739108
100038.282356
100032.972727
100022.91072
100020.172616
100020.529888
100020.526807
100020.540598
100020.552266
100020.558747
100020.559029
100020.553613
100020.550508
100020.072383
100019.788351
100019.694871
100037.304644
100036.55868
100035.347972
100033.78893
100031.696167
100028.114452
100022.497247
100018.594299
100019.628954
100019.645783
100019.658117
100019.664231
100019.666063
100019.664971
100019.663134
100019.662925
100019.662006
100019.203804
100018.920903
100018.735747
100029.858547
100029.080537
100028.071988
100026.923046
100025.37486
100022.871331
100018.921353
100018.731989
100018.760437
100018.780292
100018.789982
100018.795684
100018.798352
100018.799919
100018.802224
100018.805626
100018.808376
100018.412527
100018.175509
100017.875773
100025.499106
100024.621821
100023.659185
100022.742369
100021.589746
100019.521942
100017.387361
100018.0184
100018.003301
100017.987476
100017.976577
100017.969125
100017.965662
100017.966454
100017.972785
100017.987532
100018.012095
100017.782879
100017.575249
100017.178554
100023.206186
100022.234916
100021.247907
100020.341195
100019.37174
100017.705587
100016.594463
100017.231059
100017.203943
100017.170909
100017.140677
100017.11635
100017.096341
100017.080974
100017.06992
100017.062392
100016.905722
100016.755806
100016.605495
100016.181285
100022.003628
100020.920995
100019.940408
100019.062655
100018.153261
100016.827783
100015.796522
100016.471642
100016.381544
100016.313915
100016.266498
100016.230013
100016.20375
100016.185899
100016.174818
100016.169303
100015.939554
100015.850392
100015.72369
100015.29392
100021.270462
100020.220339
100019.191446
100018.245225
100017.386361
100016.162893
100014.7311
100015.308266
100015.318051
100015.284922
100015.257447
100015.237881
100015.226364
100015.222968
100015.230469
100015.244538
100015.018242
100014.947071
100014.845069
100014.420073
100020.936775
100019.82737
100018.751549
100017.748497
100016.840332
100015.932921
100014.272166
100013.732465
100014.192782
100014.16168
100014.141345
100014.128276
100014.122337
100014.123285
100014.128662
100014.130392
100013.992224
100013.946489
100013.867345
100013.452064
100020.516503
100019.278489
100018.136204
100017.225951
100016.665684
100015.954096
100014.152801
100011.799975
100012.962255
100012.93754
100012.922328
100012.916155
100012.91987
100012.937306
100012.966275
100012.92702
100012.821329
100012.813912
100012.757645
100012.375308
100019.717124
100018.517415
100017.557539
100016.91446
100016.406822
100015.549745
100013.879033
100009.967633
100011.602033
100011.5822
100011.567918
100011.559257
100011.556528
100011.556438
100011.501227
100011.459873
100011.482323
100011.519719
100011.470717
100011.135285
100018.839592
100017.921196
100017.155345
100016.501858
100015.629892
100014.583007
100012.815709
100008.255578
100010.134979
100010.128633
100010.125236
100010.130744
100010.15157
100010.191859
100010.19613
100010.171801
100010.250212
100010.307291
100010.248424
100009.900673
100018.196617
100017.384223
100016.639172
100015.671495
100014.413908
100013.072989
100010.938093
100006.094525
100008.567791
100008.567407
100008.560268
100008.553599
100008.54809
100008.492184
100008.518707
100008.663323
100008.830679
100008.938591
100008.898249
100008.442033
100017.252733
100016.565182
100015.659999
100014.358408
100012.96175
100011.805108
100007.693395
100005.555421
100006.976382
100006.994714
100007.000431
100007.000999
100007.000584
100006.923192
100006.988338
100007.210241
100007.405568
100007.518374
100007.475604
100007.022935
100016.149321
100015.393171
100014.119331
100012.584879
100011.287782
100009.345761
100003.181192
100005.413096
100005.486695
100005.525307
100005.544124
100005.551565
100005.550707
100005.375165
100005.478465
100005.746258
100005.949653
100006.069417
100006.027932
100005.641483
100014.731042
100013.591151
100012.070786
100010.769954
100009.072017
100004.894355
100003.002255
100004.301361
100004.312058
100004.307501
100004.302609
100004.295645
100004.287696
100004.030977
100004.148957
100004.386485
100004.563647
100004.681568
100004.639729
100004.340617
100012.540192
100011.170299
100009.999532
100008.348901
100006.119031
100001.251505
100003.098698
100003.146239
100003.17238
100003.179878
100003.178194
100003.172872
100003.164128
100002.913783
100003.032324
100003.22721
100003.380014
100003.485903
100003.462053
100003.237578
100009.756352
100008.917337
100007.717199
100006.187462
100002.13998
100001.298069
100002.25102
100002.236733
100002.219056
100002.203951
100002.192385
100002.182647
100002.175352
100002.022675
100002.147482
100002.313184
100002.437905
100002.505583
100002.516817
100002.345723
100007.049972
100006.488621
100005.500167
100003.298048
100000.000587
100001.036321
100001.334255
100001.318604
100001.301976
100001.287985
100001.276582
100001.268878
100001.263688
100001.194428
100001.374117
100001.557401
100001.684157
100001.719297
100001.75957
100001.655005
100003.59186
100003.239987
100002.495574
100000.832243
99999.8826944
100000.300492
100000.448959
100000.433282
100000.422344
100000.413383
100000.407204
100000.402202
100000.399197
100000.384703
100000.615947
100000.82798
100000.97048
100001.007299
100001.034968
100000.967758
)
;

boundaryField
{
    emptyPatch
    {
        type            empty;
    }
    minY
    {
        type            calculated;
        value           nonuniform List<scalar> 
40
(
101180.067094
101176.686575
101176.15487
101175.525519
101174.913595
101174.344872
101173.822811
101173.352629
101172.93879
101172.579226
101172.271607
101172.012407
101171.796674
101171.619685
101171.47745
101171.366629
101171.284438
101171.228633
101171.197492
101171.189686
101171.203765
101171.236788
101171.285375
101171.347303
101171.421084
101171.505818
101171.601093
101171.706887
101171.823498
101171.951491
101172.09169
101172.245265
101172.413958
101172.600446
101172.808328
101173.039684
101173.291441
101173.56913
101173.943084
101177.695706
)
;
    }
    maxY
    {
        type            calculated;
        value           uniform 100000;
    }
    water_to_cooler
    {
        type            calculated;
        value           nonuniform List<scalar> 
150
(
101171.155706
101153.507392
101139.356722
101125.756516
101112.314894
101098.979891
101085.714834
101072.510594
101059.367766
101046.292362
101033.292541
101020.376148
101007.548092
100994.807983
100982.148715
100969.556658
100957.013784
100944.501497
100932.005498
100919.520573
100907.054013
100894.62658
100882.270565
100870.025361
100857.931635
100846.025374
100834.332657
100822.865567
100811.619214
100800.569715
100789.673023
100778.864722
100768.061278
100757.163431
100746.062066
100734.646326
100722.813302
100710.479074
100697.590219
100684.136254
100670.1624
100655.779123
100641.165033
100626.55695
100612.224449
100598.432718
100585.403752
100573.286617
100562.14341
100551.950947
100542.613266
100533.978684
100525.857096
100518.035334
100510.289816
100502.397836
100494.150483
100485.367886
100475.914845
100465.716425
100454.768271
100443.138336
100431.011478
100418.519904
100405.920636
100393.422096
100381.275696
100369.515521
100358.039941
100346.857328
100335.14514
100323.864071
100317.208175
100314.10849
100312.162679
100311.393819
100310.846038
100309.994291
100308.727131
100307.030473
100305.034639
100302.885339
100300.677939
100298.538405
100296.523683
100294.658375
100292.863825
100290.940447
100288.873734
100286.612186
100284.264388
100281.840985
100279.510802
100277.883237
100276.426479
100276.10751
100274.428951
100268.44998
100254.436236
100233.964674
100218.35361
100210.348125
100206.779412
100205.070375
100204.108321
100203.490627
100203.204207
100203.167792
100203.021049
100202.95936
100203.699027
100203.126538
100197.147179
100189.567149
100181.51221
100173.361855
100165.163423
100156.732128
100147.741722
100139.631118
100133.419566
100129.239456
100126.281042
100123.408801
100119.295303
100112.89484
100103.182905
100087.06865
100058.729079
100025.233057
100020.89563
100019.694866
100018.735735
100017.875747
100017.178507
100016.181212
100015.293819
100014.419939
100013.451892
100012.375104
100011.135039
100009.900298
100008.441479
100007.02256
100005.64149
100004.341096
100003.238551
100002.347138
100001.656659
100000.969146
)
;
    }
    water_to_heater
    {
        type            calculated;
        value           nonuniform List<scalar> 
240
(
101174.62808
101157.346396
101154.785237
101139.516083
101136.985971
101124.424832
101121.894723
101109.38937
101096.196681
101085.710884
101082.8139
101072.841129
101069.891416
101059.240132
101056.209333
101044.514656
101028.674445
101013.879214
101010.778248
100997.089322
100994.390087
100985.783629
100983.187234
100973.670057
100965.597775
100957.905083
100955.298537
100949.512474
100946.929618
100937.68889
100935.080973
100925.773386
100912.963595
100900.996238
100898.388127
100886.637333
100883.954351
100868.786357
100865.908575
100846.887632
100827.401529
100815.083029
100812.327609
100803.422157
100800.926034
100793.184824
100790.900434
100784.793671
100778.731677
100775.466822
100773.402702
100769.75293
100767.686697
100764.295925
100762.2632
100757.49557
100752.251017
100748.124478
100746.061816
100742.910678
100740.880785
100736.922175
100734.855951
100731.337205
100726.073967
100720.04459
100717.018079
100682.797386
100679.225453
100588.388713
100585.04538
100523.947554
100521.894028
100521.245726
100520.162284
100519.817499
100518.735268
100518.486009
100517.425549
100517.210365
100516.231046
100516.093171
100515.020259
100514.91614
100513.855691
100513.728101
100512.651884
100512.500768
100511.403304
100510.874199
100509.808336
100508.996659
100507.910476
100507.136538
100506.062743
100505.38329
100504.118805
100504.288345
100502.420872
100505.540021
100502.746424
100446.182366
100442.997174
100342.953471
100323.897091
100323.745866
100322.55433
100322.712892
100321.575866
100321.782915
100320.657728
100320.899451
100320.349101
100320.699466
100319.566335
100319.966616
100318.839363
100319.276463
100318.142597
100318.598768
100318.292306
100318.768937
100317.550506
100317.688582
100316.150151
100315.241695
100313.262047
100308.112825
100298.918612
100295.74552
100293.680597
100292.218906
100290.139679
100290.190764
100288.131037
100288.441733
100287.971525
100288.499096
100286.403262
100287.131502
100285.052363
100285.260727
100283.164906
100283.109764
100280.811461
100277.788442
100275.512364
100266.456635
100264.114982
100249.343924
100247.067423
100239.932922
100238.342721
100237.990657
100237.152052
100237.172524
100236.395317
100236.563045
100235.782282
100236.015479
100235.658306
100235.790951
100235.016109
100235.031232
100234.248755
100234.191011
100233.414094
100233.27259
100232.58541
100232.638477
100231.831101
100232.254041
100231.176143
100231.920062
100230.281055
100239.36934
100231.790738
100178.490858
100175.716538
100143.788047
100141.820436
100141.775384
100140.738756
100140.873144
100140.378094
100140.485597
100139.717099
100139.815607
100139.055706
100139.050701
100138.282215
100138.060472
100137.015088
100136.284813
100135.518442
100134.73102
100133.93138
100133.075335
100132.032717
100131.055997
100131.201726
100135.899712
100133.013857
100135.309739
100132.225567
100125.398418
100122.190626
100103.807443
100061.533518
100030.515838
100027.90348
100028.511514
100026.89082
100027.287625
100026.202313
100026.598032
100026.259414
100026.602765
100025.751871
100026.12443
100025.284403
100025.677853
100024.858044
100025.262677
100025.068748
100025.489916
100024.679356
100025.096719
100024.28591
100024.63798
100023.8261
100024.039354
100023.012197
100022.261158
100020.991547
100020.037485
100018.30424
100015.68665
100013.466431
100007.075634
)
;
    }
}


// ************************************************************************* //
