/*--------------------------------*- C++ -*----------------------------------*\
| =========                 |                                                 |
| \\      /  F ield         | OpenFOAM: The Open Source CFD Toolbox           |
|  \\    /   O peration     | Version:  2312                                  |
|   \\  /    A nd           | Website:  www.openfoam.com                      |
|    \\/     M anipulation  |                                                 |
\*---------------------------------------------------------------------------*/
FoamFile
{
    version     2.0;
    format      ascii;
    arch        "LSB;label=32;scalar=64";
    class       volScalarField;
    location    "0.8/water";
    object      p_rgh;
}
// * * * * * * * * * * * * * * * * * * * * * * * * * * * * * * * * * * * * * //

dimensions      [1 -1 -2 0 0 0 0];

internalField   nonuniform List<scalar> 
1497
(
101049.618252
101158.847589
101268.548955
101314.978083
101313.490635
101312.786473
101311.089334
101310.491548
101308.133538
101307.322771
101304.582596
101303.393535
101300.668161
100751.452512
101074.690554
101019.325301
101005.99304
101000.705424
101017.61628
101067.381897
101149.717826
101249.765581
101319.048762
101322.033385
101321.014234
101319.314397
101318.576239
101316.164413
101315.18964
101308.407692
101299.1967
101298.901577
101305.365397
100755.024271
101152.28294
101131.521191
101139.803318
101141.916664
101160.426094
101206.787366
101274.5893
101325.155095
101328.316001
101327.256501
101325.397745
101324.753999
101321.959171
101313.825355
101301.930021
101293.279072
101291.951047
101298.917852
101306.07494
100800.008732
101173.620424
101201.614545
101247.604471
101276.144706
101302.016875
101325.657497
101333.669912
101331.64634
101331.117629
101328.990553
101328.901018
101321.224921
101300.005339
101290.978579
101290.06461
101291.262556
101294.503596
101301.702836
101305.934425
100910.41135
101159.826536
101202.864357
101259.690219
101309.987472
101337.325799
101335.704797
101332.819083
101333.365324
101329.530012
101329.882139
101309.94617
101281.346386
101276.595368
101285.454948
101290.387322
101293.361217
101297.508293
101302.526331
101305.420971
100960.963976
101074.658327
101132.89035
101203.587505
101266.64411
101308.60265
101316.062426
101313.5278
101300.200746
101281.258745
101257.614006
101238.595342
101245.767329
101267.654342
101284.138495
101292.628632
101296.998128
101299.470779
101301.646807
101303.75115
100880.46797
100891.576125
100939.602971
101012.662103
101085.557134
101132.908945
101144.776719
101121.945073
101082.15278
101055.892792
101078.143067
101138.083463
101203.996172
101250.272679
101278.153964
101292.607338
101297.49119
101299.211958
101300.486971
101302.097682
100772.631358
100743.600677
100766.258798
100803.012991
100837.352996
100853.825338
100849.591879
100819.233043
100788.370653
100787.104782
100864.376636
100992.890358
101121.146083
101212.589668
101265.580457
101289.894554
101294.765016
101297.545302
101299.738013
101301.627534
100695.237755
100695.930049
100709.266369
100711.222702
100705.49461
100693.557063
100680.640908
100668.646788
100663.051677
100676.916844
100742.740803
100863.690722
101012.568324
101147.840002
101247.53911
101290.257346
101293.741993
101296.888857
101299.792594
101302.3755
100696.439763
100704.762537
100711.370894
100699.190996
100679.392068
100662.300566
100651.93226
100651.597211
100652.790236
100670.987264
100727.278716
100832.576177
100970.642236
101111.362731
101237.062538
101294.551354
101297.178382
101299.895
101302.316794
101304.730239
100730.813159
100742.622575
100726.742941
100700.479759
100679.135959
100664.094167
100656.235364
100657.974646
100665.552687
100689.32349
100745.398177
100847.398758
100979.881012
101119.19375
101247.324205
101301.36686
101303.535466
101305.195889
101307.448754
101309.040967
100810.153055
100797.567401
100749.974801
100704.133593
100685.632207
100678.766062
100679.139554
100690.627743
100714.693354
100752.84025
100813.368805
100909.125235
101029.162623
101162.696173
101280.999474
101309.44667
101310.482436
101312.539243
101313.271447
101315.122614
100848.962958
100836.855736
100766.647398
100708.371007
100700.209833
100712.606249
100737.553887
100777.256733
100818.470162
100866.909131
100934.739945
101027.113944
101137.409194
101253.958863
101315.601039
101316.888655
101318.570385
101318.801921
101320.845347
101286.527486
100849.619279
100848.09808
100771.44684
100708.769319
100711.427482
100750.292247
100840.566662
100923.332798
100967.625042
101017.690887
101090.354412
101178.377249
101269.274199
101320.420588
101323.133155
101324.382904
101324.54219
101326.463411
101314.470085
101164.748972
100846.341416
100848.199843
100758.815004
100706.980666
100712.655552
100764.080875
100944.146777
101101.058123
101146.757265
101186.711523
101248.572179
101304.050769
101327.985137
101328.50922
101329.604639
101329.74503
101331.637572
101328.415411
101187.291379
101087.658966
100848.730001
100814.238178
100730.159016
100702.015302
100710.113326
100756.101971
100931.574566
101173.414338
101273.135015
101313.373384
101329.948046
101332.670923
101332.952983
101334.160311
101334.212693
101336.038147
101329.398951
101192.782116
101047.978644
101082.657005
100802.951507
100731.099733
100699.244037
100692.460805
100702.908188
100740.196926
100866.398873
101119.842044
101269.558646
101329.744634
101336.923311
101337.385049
101338.807082
101338.488625
101339.888156
101305.190774
101163.540999
101003.5813
101013.033439
101089.504257
100698.054773
100681.791521
100678.056815
100680.140366
100689.344459
100714.721498
100783.478903
100954.820948
101156.368052
101281.723273
101330.698219
101339.384824
101335.415345
101312.254004
101235.984266
101085.216695
100939.493708
100925.184202
101003.829826
101094.318693
100671.596257
100672.477603
100672.075523
100672.242043
100676.168029
100688.509386
100717.364942
100788.538394
100930.613222
101099.614884
101217.095042
101242.441389
101218.713376
101124.874629
100973.546841
100864.559376
100843.808701
100899.031729
100994.428323
101095.03064
100673.370549
100673.505652
100673.639901
100673.597129
100673.759265
100675.147333
100686.07991
100715.640284
100779.828353
100891.031262
100998.11291
101025.788323
100991.099984
100897.626323
100819.005663
100798.085535
100820.46047
100888.221499
100989.082684
101098.609523
100674.885659
100677.709968
100675.420549
100675.575221
100675.482226
100675.708317
100681.966968
100706.408087
100750.240214
100809.166789
100861.886873
100875.154887
100855.534524
100815.390533
100799.404579
100799.376388
100820.580406
100890.785391
100996.24443
101113.442545
100679.718928
100691.500977
100681.079444
100677.439785
100677.636974
100677.624912
100685.130676
100712.176849
100756.389641
100809.593434
100847.329107
100854.432717
100841.255662
100813.862389
100803.31712
100803.341183
100831.112908
100908.552307
101023.643061
101150.224839
100711.040561
100720.254395
100694.613723
100681.092192
100679.776224
100681.980696
100696.905823
100731.11866
100776.800551
100825.838948
100859.576591
100864.787199
100851.982544
100827.358651
100816.582053
100823.675751
100867.162445
100958.361896
101083.122123
101208.895326
100775.617505
100756.674041
100714.495427
100689.114823
100688.029216
100698.864242
100731.351358
100778.167133
100829.864094
100875.963578
100901.951973
100903.525154
100890.833946
100870.884075
100864.300349
100881.434663
100940.439509
101042.692556
101169.35159
101277.220971
100826.697046
100793.736801
100739.181176
100702.787458
100705.966911
100734.8869
100806.795895
100869.803541
100931.242202
100975.230137
100992.78337
100990.598188
100975.155959
100957.714421
100957.62673
100982.409869
101048.347889
101149.454401
101259.277697
101323.476298
100826.520034
100827.75653
100773.219066
100725.100339
100731.933365
100782.709947
100929.620266
101014.338688
101082.380396
101121.990854
101131.03212
101124.604438
101103.773776
101084.646833
101088.6775
101115.871095
101172.04906
101245.431425
101307.395124
101333.451775
100830.881224
100826.407646
100813.792268
100757.553624
100762.241804
100825.0608
101033.76063
101177.707074
101244.221604
101271.682934
101274.135208
101266.414814
101246.063992
101226.773344
101227.629903
101238.45438
101257.529879
101279.979347
101310.03984
101332.70312
100819.028724
100829.937321
100825.050906
100798.540301
100789.797888
100849.151898
101046.962386
101253.106401
101324.878963
101330.058541
101329.258957
101327.524594
101323.409846
101316.978194
101300.987245
101273.938896
101264.467023
101273.865675
101296.145157
101318.793879
100817.258626
100807.734466
100819.420062
100814.52737
100799.971077
100845.72387
101025.425393
101236.712307
101319.642892
101326.689754
101326.058786
101324.848714
101324.486731
101323.19894
101295.313486
101256.953776
101237.058542
101234.812063
101246.452576
101279.174301
100790.724756
100809.68099
100797.786372
100805.039136
100773.803984
100809.832134
100946.308411
101135.408778
101246.668541
101288.979788
101304.994947
101308.259843
101302.395499
101280.772189
101231.877045
101176.611399
101146.70014
101144.71084
101169.785778
101232.527912
100800.514153
100791.074309
100805.128072
100747.828373
100710.820092
100734.635558
100803.914823
100914.429706
101024.121892
101109.895322
101165.749543
101184.595309
101172.327861
101132.313856
101076.866918
101039.54461
101037.976381
101069.898298
101136.897492
101227.948541
100730.335166
100712.541067
100685.814026
100636.739942
100638.7215
100657.395099
100684.172641
100725.271338
100784.576856
100856.160232
100921.589379
100956.854596
100961.071127
100951.503598
100947.177669
100965.146385
101007.521474
101069.025867
101150.769891
101261.696601
100538.024983
100546.105242
100565.904901
100584.614932
100607.618221
100624.690713
100641.334727
100664.416616
100697.908637
100740.897585
100787.261039
100826.868552
100859.587468
100891.791364
100927.792434
100970.013024
101025.695292
101105.544569
101219.571004
101367.070471
100498.873257
100507.518306
100543.757303
100582.653619
100608.311868
100625.685708
100642.738229
100665.887405
100697.974121
100737.207482
100779.009459
100820.237737
100860.64355
100901.589466
100949.011006
101010.867154
101096.658606
101213.671217
101361.673705
101464.22455
100501.281866
100508.029939
100547.49435
100590.885735
100620.285673
100639.939805
100658.543022
100683.278181
100716.61023
100756.357769
100799.25316
100844.340799
100893.776653
100952.05981
101024.765655
101119.349968
101239.83635
101379.320882
101483.138381
101481.034269
100500.626039
100515.396295
100561.936092
100614.822142
100652.210262
100678.731737
100703.113929
100733.958001
100773.097904
100817.214459
100865.796099
100921.463256
100987.916829
101069.296427
101169.403788
101288.961786
101415.47539
101495.252795
101493.464538
101446.713639
100502.763184
100535.550766
100591.093113
100653.152509
100697.330639
100735.794736
100776.39057
100821.59445
100871.00668
100925.470323
100986.4603
101057.84565
101143.195517
101243.598819
101354.707152
101457.687076
101508.257404
101508.18075
101498.872088
101192.958246
100502.806919
100572.947707
100630.497777
100691.946804
100733.808543
100783.63225
100852.818385
100923.853947
100992.665381
101064.093468
101142.808043
101232.632797
101331.999353
101428.32792
101497.225579
101518.533189
101517.228844
101515.976045
101354.379916
100899.518066
101299.168664
101296.36511
101284.370297
101212.830543
101101.649481
101038.352806
101029.626534
101045.002071
101075.390906
101034.943086
100886.535597
100883.213755
100885.335262
100883.600285
100885.030979
100882.922156
100884.39926
100881.855859
100909.735334
101431.411819
101303.965779
101302.18484
101293.452589
101241.496089
101147.374707
101073.807225
101052.827358
101049.946842
100986.224378
100885.669661
100884.867419
100886.380265
100885.459146
100886.336075
100885.631264
100886.017759
100884.829848
100885.478958
100915.170597
101451.264509
101308.026793
101306.151604
101302.924551
101279.466598
101219.832002
101149.507425
101090.473467
100991.391877
100885.712536
100885.274063
100886.474263
100886.030804
100886.764633
100895.111376
100925.947395
100934.66584
100894.18629
100885.217297
100943.806562
101476.163208
101307.780051
101309.174993
101309.492166
101306.992076
101288.054404
101235.355811
101116.404215
100934.958738
100884.75943
100885.607946
100885.389983
100885.983806
100887.266288
100926.826081
100982.804956
101004.838082
100957.997382
100886.706112
101026.254303
101500.103823
101307.317173
101309.757714
101311.159707
101310.190817
101309.27485
101288.803049
101152.910495
100936.38803
100884.085665
100883.949971
100884.363787
100884.859117
100901.927396
100960.414743
101027.050668
101063.445392
101029.110698
100937.781879
101145.315688
101517.148712
101306.377642
101309.635621
101311.589846
101311.455238
101311.038217
101309.542084
101201.988041
100977.250312
100882.332831
100882.428702
100882.572388
100891.109368
100927.328488
100992.927512
101070.056355
101125.52859
101107.40823
101017.026862
101258.240083
101525.237569
101304.947767
101308.514089
101311.374236
101311.890048
101312.521126
101312.709798
101252.860269
101063.293089
100894.413406
100880.340435
100882.698728
100904.078848
100958.149204
101029.298657
101117.355031
101191.264636
101186.834146
101104.075085
101338.580319
101531.230184
101304.165212
101306.726715
101306.958175
101309.754407
101313.329635
101313.646205
101292.996158
101168.148025
100939.357517
100879.42655
100885.402572
100920.806558
100991.116723
101071.179321
101170.623027
101256.91361
101266.194186
101191.882961
101390.675737
101536.76622
101304.665313
101302.502673
101292.892249
101293.649796
101305.491357
101316.498847
101317.248645
101248.474109
101000.81912
100880.397186
100889.999435
100939.054505
101024.699478
101119.305839
101229.65287
101319.299221
101341.344765
101273.488979
101428.121707
101542.026904
101306.796308
101286.018074
101261.834112
101269.628749
101301.122869
101323.059983
101323.912801
101273.065365
101029.166935
100879.663196
100894.807157
100957.10639
101059.620697
101176.244348
101292.111271
101378.506967
101409.032552
101345.311709
101456.433296
101547.197446
101300.216903
101239.718271
101223.650699
101259.383408
101305.886759
101329.047746
101326.112254
101271.800764
101024.797415
100876.973264
100898.95938
100975.642526
101100.184547
101241.941475
101356.168726
101435.239064
101466.414755
101401.123675
101475.933178
101552.562687
101249.002125
101182.266875
101209.514928
101265.105977
101315.527269
101332.955376
101326.877552
101256.435537
101001.432387
100874.812416
100903.025083
100999.219556
101156.792296
101314.475658
101419.21078
101488.67678
101511.305418
101433.126836
101486.792381
101558.313217
101158.700422
101165.010981
101216.012751
101276.480429
101326.23476
101337.227208
101322.472935
101214.801969
100951.288257
100873.43722
100910.140927
101037.053713
101235.843218
101390.1708
101478.04481
101535.717407
101542.872387
101443.930193
101492.190943
101564.636995
101128.712608
101171.732649
101229.825766
101289.936063
101333.206312
101338.43999
101304.642426
101137.760436
100908.657265
100873.082019
100929.373501
101108.206821
101331.305188
101463.511269
101531.118482
101568.188544
101565.146019
101437.527422
101487.126939
101571.532184
101130.607626
101188.022972
101244.934493
101299.763978
101337.107247
101332.658235
101264.992193
101050.498795
100905.174478
100883.532629
100980.764334
101224.548302
101431.629368
101530.497342
101573.927397
101586.370063
101579.270349
101432.008209
101465.983021
101578.956123
101144.662918
101205.52984
101256.494699
101304.474845
101335.531317
101316.231489
101204.205396
100994.9915
100922.920804
100933.771375
101094.947014
101367.241305
101521.980508
101581.274483
101596.355283
101596.725931
101589.633598
101436.144562
101428.627387
101586.67399
101161.80602
101218.224351
101265.078959
101306.683459
101324.959954
101289.345639
101147.46573
100998.411478
100968.30209
101043.903683
101269.929554
101499.667584
101585.940218
101605.02568
101605.930992
101605.469953
101599.497533
101451.862551
101363.54884
101594.603852
101171.705002
101228.049511
101272.122381
101305.384748
101306.676908
101257.284813
101106.464193
101009.880841
101038.2942
101203.971657
101446.736932
101587.419226
101613.307431
101614.299352
101614.406437
101614.064253
101609.544803
101477.502106
101280.156082
101602.694695
101179.528147
101238.898146
101277.687209
101299.246408
101286.666601
101224.070853
101086.615063
101030.562944
101126.003155
101368.98374
101565.455809
101621.016543
101622.887569
101623.077237
101623.235919
101623.194825
101619.757973
101488.31086
101226.177613
101611.41602
101191.690297
101253.988967
101284.064595
101289.163384
101266.78423
101195.211316
101089.130054
101070.590956
101227.739106
101495.99512
101619.811346
101632.046454
101632.259419
101632.439355
101632.653255
101632.754995
101629.715221
101446.696196
101231.934736
101620.769454
101214.110267
101272.931707
101288.587005
101280.851886
101247.819092
101179.41537
101097.731424
101128.538271
101341.841284
101577.583931
101640.926746
101642.148655
101642.310945
101642.51056
101642.619204
101642.68978
101637.984666
101370.069273
101236.944238
101632.157788
101248.597835
101289.359984
101289.669779
101273.568698
101236.061219
101180.946048
101120.585719
101201.563094
101452.266949
101626.567532
101652.657319
101652.826864
101653.011315
101653.119962
101653.282747
101653.198805
101636.073869
101248.234525
101244.184499
101643.994851
101286.521956
101299.920256
101291.623212
101269.41899
101237.150129
101190.029727
101163.335564
101286.136566
101540.609432
101654.74891
101663.653321
101663.818855
101663.926339
101664.113769
101664.154993
101664.055681
101561.468899
101250.563596
101250.203006
101654.617737
101313.813977
101309.720201
101294.817386
101273.222737
101246.003963
101210.379923
101218.940871
101371.85316
101599.627351
101671.777749
101674.647485
101674.749294
101674.891088
101674.912118
101674.931879
101672.943578
101415.781013
101256.574835
101257.451793
101660.176316
101326.820404
101317.955743
101301.327054
101282.570063
101264.627897
101249.957845
101278.972356
101442.277409
101632.083333
101684.225987
101685.616011
101685.816956
101685.871937
101685.953489
101685.618047
101656.102798
101275.131045
101263.825418
101263.719605
101649.055427
101333.864634
101326.331131
101313.136437
101303.307546
101299.975158
101303.896039
101341.143545
101488.490118
101647.378638
101695.184921
101696.755129
101697.031625
101697.2821
101695.662725
101664.955722
101520.337943
101293.12784
101268.884757
101284.327298
101633.799309
101338.840152
101339.137511
101337.193164
101341.162663
101351.201567
101365.020151
101398.542012
101508.849534
101654.785379
101705.403798
101708.092818
101708.432144
101689.065533
101604.437893
101533.885388
101497.912211
101455.140192
101344.088234
101321.563843
101628.22243
101339.058135
101356.036062
101373.574733
101393.516288
101410.831078
101423.242933
101437.217451
101507.69315
101645.301128
101711.629131
101711.583871
101660.020596
101531.144443
101528.819578
101560.855885
101609.857896
101557.546584
101425.349515
101380.856488
101631.214082
101326.801406
101373.593866
101415.615123
101443.648127
101452.242643
101455.526306
101438.292177
101439.628137
101549.924863
101659.754867
101596.533632
101371.841107
101469.132365
101603.200191
101679.725968
101689.87951
101595.521907
101497.895762
101457.007219
101633.214872
101316.547938
101395.21024
101448.046474
101453.739376
101454.451679
101419.714248
101287.221599
101126.55341
101161.433542
101268.3598
101183.586081
101197.589571
101576.33785
101701.986446
101715.990993
101702.722983
101633.876643
101552.735063
101509.730971
101630.230975
101330.179242
101431.044995
101451.359257
101449.050028
101360.597185
101083.700298
100834.272263
100726.501578
100728.839515
100762.785473
100813.329125
101089.977387
101585.236157
101705.573018
101711.796739
101709.389801
101665.750043
101581.243897
101532.658694
101627.228627
101389.284508
101450.754429
101452.569032
101304.395764
100906.1082
100688.607462
100667.065036
100670.23767
100666.805347
100670.249428
100702.049083
101053.42741
101575.643452
101710.312121
101716.189068
101716.900382
101689.087789
101596.672337
101542.730615
101629.740715
101444.612731
101449.179283
101284.641252
100837.841554
100672.810367
100668.249807
100672.868402
100667.551307
100672.918308
100669.730931
100720.887778
101138.713436
101617.270494
101722.368167
101725.942495
101726.561727
101710.381741
101606.536831
101540.593994
101636.685157
101461.137252
101296.791586
100841.81468
100675.462743
100670.674255
100675.46393
100669.998672
100675.499291
100671.799018
100675.517752
100811.229351
101302.980518
101678.685352
101736.011973
101737.378024
101737.708246
101734.782386
101631.266083
101493.398636
101646.002761
101361.855059
100896.492047
100678.023554
100673.859791
100678.07843
100672.690855
100678.122355
100673.470715
100678.184695
100676.990625
100966.113059
101481.338619
101726.062889
101749.149599
101749.570727
101749.776215
101749.979008
101723.108218
101288.806464
101609.993341
101008.015017
100685.788149
100677.874981
100680.724436
100676.171035
100680.757233
100676.410743
100680.796694
100679.46948
100776.154719
101200.136218
101632.57272
101755.513425
101761.89173
101762.12977
101762.308831
101762.448493
101761.562446
101095.767147
101525.869604
100753.964985
100682.187
100683.43146
100680.158047
100683.442973
100679.709173
100683.48828
100681.841743
100717.382675
100995.692665
101453.032651
101730.422391
101773.410609
101774.673925
101774.909323
101775.09411
101775.204446
101768.02887
101008.331365
101559.035447
100735.235768
100686.208287
100684.266148
100686.157753
)
;

boundaryField
{
    emptyPatch
    {
        type            empty;
    }
    minY
    {
        type            zeroGradient;
    }
    maxY
    {
        type            prghTotalPressure;
        U               U.gas;
        p0              nonuniform List<scalar> 0();
        value           nonuniform List<scalar> 0();
    }
    maxX
    {
        type            fixedFluxPressure;
        gradient        uniform 0;
        value           nonuniform List<scalar> 
37
(
101431.411819
101451.264509
101476.163208
101500.103823
101517.148712
101525.237569
101531.230184
101536.76622
101542.026904
101547.197446
101552.562687
101558.313217
101564.636995
101571.532184
101578.956123
101586.67399
101594.603852
101602.694695
101611.41602
101620.769454
101632.157788
101643.994851
101654.617737
101660.176316
101649.055427
101633.799309
101628.22243
101631.214082
101633.214872
101630.230975
101627.228627
101629.740715
101636.685157
101646.002761
101609.993341
101525.869604
101559.035447
)
;
    }
    water_to_heater
    {
        type            fixedFluxPressure;
        gradient        uniform 0;
        value           nonuniform List<scalar> 
60
(
100751.452512
100751.452512
100755.024271
100755.024271
100800.008732
100800.008732
100910.41135
100960.963976
100880.46797
100880.46797
100772.631358
100772.631358
100695.237755
100695.237755
100696.439763
100730.813159
100810.153055
100810.153055
100848.962958
100848.962958
100849.619279
100849.619279
100846.341416
100848.730001
100802.951507
100802.951507
100698.054773
100698.054773
100671.596257
100671.596257
100673.370549
100674.885659
100679.718928
100679.718928
100711.040561
100711.040561
100775.617505
100775.617505
100826.697046
100826.520034
100830.881224
100830.881224
100819.028724
100819.028724
100817.258626
100817.258626
100790.724756
100800.514153
100730.335166
100730.335166
100538.024983
100538.024983
100498.873257
100498.873257
100501.281866
100500.626039
100502.763184
100502.763184
100502.806919
100502.806919
)
;
    }
    procBoundary1to0
    {
        type            processor;
        value           nonuniform List<scalar> 
41
(
100528.186581
100626.133096
100671.491971
100714.91797
100747.698252
100798.717247
100892.449356
101002.74493
101104.604963
101202.628604
101304.53895
101409.019501
101490.171338
101523.935782
101526.78926
101525.906402
101525.262686
101462.509317
101041.954343
100812.951385
100683.516406
100686.170238
100684.744818
100699.009486
100884.358259
101279.937704
101651.967973
101777.58793
101787.094178
101787.468903
101787.715101
101787.917453
101788.038253
101733.415702
101000.482057
101652.206596
100774.179869
100711.141053
100688.86645
100683.516406
100687.302973
)
;
    }
    procBoundary1to3
    {
        type            processor;
        value           nonuniform List<scalar> 
41
(
100982.695917
101093.015419
101211.666707
101296.879467
101304.918008
101303.821947
101303.48926
101301.690689
101301.226567
101298.995541
101298.246349
101295.818447
101294.698554
100749.160857
100961.923756
100921.244204
100902.382629
100896.860417
100913.150908
100964.071544
100964.071544
101292.190711
101290.58737
101270.057247
101193.018383
101080.235351
101026.428468
101025.353814
101032.969079
101072.973101
101147.399389
101144.659838
100976.654237
100881.34059
100883.899129
100881.543455
100883.49403
100881.081844
100882.813325
100917.880448
101426.934742
)
;
    }
}


// ************************************************************************* //
