/*--------------------------------*- C++ -*----------------------------------*\
| =========                 |                                                 |
| \\      /  F ield         | OpenFOAM: The Open Source CFD Toolbox           |
|  \\    /   O peration     | Version:  2312                                  |
|   \\  /    A nd           | Website:  www.openfoam.com                      |
|    \\/     M anipulation  |                                                 |
\*---------------------------------------------------------------------------*/
FoamFile
{
    version     2.0;
    format      ascii;
    arch        "LSB;label=32;scalar=64";
    class       volScalarField;
    location    "0.885/water";
    object      p_rgh;
}
// * * * * * * * * * * * * * * * * * * * * * * * * * * * * * * * * * * * * * //

dimensions      [1 -1 -2 0 0 0 0];

internalField   nonuniform List<scalar> 
6000
(
101382.491686
101379.12824
101378.625568
101378.027215
101377.445107
101376.905058
101376.411531
101375.970254
101375.586171
101375.257682
101374.982725
101374.757991
101374.578551
101374.439753
101374.337536
101374.268526
101374.229735
101374.218723
101374.233384
101374.271991
101365.604769
101370.750026
101373.834505
101375.23991
101375.486683
101375.444826
101375.297184
101375.120956
101374.936595
101374.758716
101374.602812
101374.474297
101374.370932
101374.290214
101374.231024
101374.193239
101374.176927
101374.182188
101374.208945
101374.257
101353.568762
101360.685456
101367.09275
101370.799671
101372.404511
101373.166549
101373.523209
101373.68587
101373.759782
101373.789339
101373.799124
101373.807067
101373.821238
101373.842752
101373.87116
101373.906823
101373.950783
101374.004514
101374.069454
101374.146749
101344.121049
101351.801053
101360.675665
101366.52085
101369.635692
101371.278089
101372.099071
101372.50089
101372.721374
101372.869436
101372.986461
101373.091385
101373.19408
101373.298319
101373.404165
101373.511078
101373.618939
101373.728321
101373.840107
101373.955132
101335.64371
101342.607831
101352.174174
101360.023876
101365.407278
101368.789412
101370.635791
101371.514179
101371.920325
101372.150662
101372.326631
101372.487807
101372.645692
101372.804089
101372.963358
101373.122427
101373.280029
101373.435396
101373.588127
101373.737943
101328.865969
101334.366253
101342.848173
101351.251804
101358.645144
101364.428909
101368.229996
101370.266187
101371.167305
101371.563425
101371.803462
101372.009379
101372.209224
101372.407792
101372.605903
101372.802725
101372.996686
101373.186333
101373.370401
101373.547729
101320.598681
101326.106485
101333.75399
101341.569734
101349.748282
101357.579902
101363.912007
101368.075176
101370.191371
101371.042111
101371.408203
101371.662813
101371.90032
101372.132733
101372.361603
101372.586801
101372.807096
101373.021012
101373.227028
101373.423641
101313.982681
101319.57952
101326.346754
101332.95291
101340.609064
101349.139863
101357.434773
101364.175362
101368.478126
101370.463204
101371.164659
101371.488183
101371.755117
101372.011986
101372.261882
101372.505213
101372.741237
101372.968768
101373.186408
101373.392694
101305.447103
101311.556116
101318.055149
101324.075116
101331.23189
101339.858861
101349.198735
101358.054774
101365.108397
101369.320399
101370.989202
101371.515677
101371.812791
101372.082182
101372.339651
101372.587039
101372.82462
101373.051925
101373.268067
101373.471875
101299.36301
101306.389087
101311.493895
101316.420869
101322.843162
101331.208073
101340.684473
101350.461926
101359.637953
101366.79689
101370.595421
101371.780322
101372.137609
101372.391935
101372.630332
101372.857778
101373.075243
101373.282839
101373.480099
101373.666257
101293.031232
101300.414652
101304.992885
101309.409493
101315.370711
101323.438015
101332.662132
101342.344424
101352.291063
101361.982288
101369.117684
101372.085763
101372.737244
101372.954738
101373.139434
101373.316304
101373.48696
101373.651855
101373.810765
101373.963302
101288.637833
101297.642418
101301.578038
101305.805964
101311.111868
101317.968173
101326.046756
101334.694678
101344.207393
101355.065641
101365.608543
101371.848864
101373.51024
101373.730599
101373.82323
101373.916618
101374.014016
101374.115257
101374.219842
101374.327056
101283.663557
101294.194983
101298.485501
101302.953114
101308.109393
101314.096187
101320.502143
101327.746019
101336.499558
101347.455559
101360.121325
101370.236067
101374.10034
101374.568274
101374.554307
101374.545184
101374.556758
101374.587266
101374.634766
101374.697128
101277.731098
101292.218881
101297.231522
101302.189191
101306.530548
101310.926682
101315.579125
101321.586099
101329.799776
101340.499483
101353.790504
101366.926432
101373.959168
101375.197278
101375.124629
101375.027166
101374.970333
101374.949718
101374.960808
101374.999285
101271.230819
101289.044529
101294.589618
101299.639609
101303.138013
101306.309312
101309.930089
101315.36859
101323.400296
101333.721733
101346.831828
101361.954257
101372.514037
101375.243325
101375.276166
101375.159859
101375.097589
101375.083245
101375.109568
101375.170123
101262.642392
101283.514915
101288.547534
101293.05857
101296.427723
101299.392233
101302.681865
101308.163695
101316.00634
101325.522913
101338.014599
101354.622065
101369.064135
101374.316337
101374.807842
101374.800524
101374.840471
101374.925219
101375.045243
101375.193472
101256.00028
101274.962045
101279.048596
101282.286109
101285.238673
101288.594091
101292.889107
101298.868557
101306.038429
101314.185185
101325.535145
101342.981274
101362.008272
101371.822606
101373.662735
101373.968955
101374.242531
101374.534004
101374.833128
101375.135756
101244.79209
101258.86624
101261.654209
101263.775191
101267.801429
101273.7919
101280.485488
101287.142075
101293.386452
101299.935409
101309.453353
101325.690997
101348.560176
101366.276765
101371.909291
101372.959937
101373.569601
101374.139576
101374.669267
101375.16139
101226.283043
101234.626202
101237.844211
101241.651626
101248.94174
101258.802602
101268.303344
101276.370637
101283.391548
101289.230619
101294.775166
101305.614561
101327.606086
101354.65828
101369.135846
101372.309595
101373.302937
101374.119684
101374.848914
101375.500111
101205.219142
101216.309119
101218.903582
101224.157568
101234.381355
101247.572486
101259.93563
101270.550819
101279.661687
101285.983774
101288.221777
101290.112173
101304.86628
101335.642831
101363.233805
101372.251536
101373.918367
101374.840046
101375.645435
101376.355676
101199.617886
101208.918078
101210.286196
101214.236553
101224.91488
101240.553349
101255.80231
101268.836487
101279.497047
101286.882727
101287.236693
101287.722637
101292.088483
101316.089082
101352.341849
101371.850584
101375.535869
101376.444524
101377.166011
101377.805687
101196.645468
101207.12566
101208.167787
101210.376979
101220.418665
101237.313104
101254.63909
101269.588859
101283.105568
101291.078191
101289.610857
101287.256565
101287.772919
101304.303765
101340.379467
101369.829854
101377.777364
101378.801076
101379.31398
101379.774326
101194.005706
101204.270499
101204.511129
101207.239084
101217.853764
101235.738369
101254.974437
101273.621396
101289.567292
101292.643535
101292.667035
101289.040241
101287.862927
101299.630303
101332.191476
101366.829053
101380.076914
101381.606258
101381.861627
101382.082081
101190.075031
101204.355728
101202.715861
101206.348986
101217.987472
101237.415749
101259.70172
101281.701459
101293.211705
101292.960624
101292.93862
101292.809232
101289.806412
101298.158161
101327.459601
101364.348568
101382.162442
101384.532347
101384.547971
101384.516129
101187.342392
101203.945109
101201.611702
101206.902499
101221.11515
101243.369793
101268.610938
101290.754895
101293.421238
101293.232844
101293.323802
101292.983758
101292.282128
101296.278807
101323.216639
101362.163079
101383.85243
101387.294989
101387.133927
101386.876666
101183.325856
101205.919971
101203.401219
101210.40793
101227.87247
101253.259616
101279.631656
101293.882141
101293.305387
101293.183141
101292.759578
101292.829812
101290.491647
101290.322548
101316.150359
101358.277824
101384.515985
101389.647541
101389.435313
101389.007808
101180.314185
101206.148869
101205.620966
101215.080409
101235.673191
101263.164677
101288.6017
101293.062442
101292.599599
101292.065807
101292.096503
101290.971921
101280.911998
101275.19835
101303.031516
101349.491807
101382.856314
101391.374708
101391.36655
101390.828883
101175.370522
101207.641846
101211.031757
101223.311713
101245.042644
101271.549247
101292.147005
101291.699097
101291.089847
101291.000364
101289.857907
101288.298042
101265.673642
101265.899099
101286.901611
101333.234023
101376.956089
101392.241722
101392.957565
101392.335389
101170.94037
101207.98359
101216.333815
101232.396121
101254.17406
101277.469665
101290.696503
101289.860409
101289.523974
101288.463924
101288.286212
101268.815216
101262.790417
101262.530201
101269.780278
101310.715422
101365.502159
101391.661993
101394.180824
101393.499428
101164.393016
101210.522061
101221.623805
101239.465561
101259.771773
101279.169658
101288.416992
101287.670805
101286.656616
101286.529017
101276.110784
101259.309448
101258.92195
101259.106954
101258.882747
101289.868894
101349.643592
101388.654438
101394.83462
101394.209639
101159.16964
101216.132234
101225.964814
101241.103639
101258.355858
101275.868374
101285.446988
101284.184396
101283.773238
101274.763222
101255.956395
101254.988306
101254.982701
101254.285751
101254.468524
101274.797012
101331.54534
101382.001777
101394.45853
101394.266598
101160.09551
101223.462282
101226.92153
101236.674388
101252.018371
101266.720827
101273.803599
101270.562676
101263.812151
101257.444127
101253.334143
101251.371801
101249.278945
101248.984683
101248.560429
101263.009015
101312.186988
101370.539613
101392.400733
101393.481149
101169.219278
101219.144495
101218.472118
101223.716208
101235.512934
101246.493001
101249.100107
101246.569692
101249.640635
101254.122958
101257.854128
101254.97613
101247.227683
101242.83049
101241.981172
101252.468939
101290.655104
101352.690065
101387.609771
101391.687937
101168.178956
101193.288321
101186.627687
101186.856547
101203.053525
101218.82347
101225.894652
101233.035617
101243.251954
101255.168582
101262.542413
101259.753602
101250.102887
101241.387806
101238.026306
101241.281451
101265.959118
101326.565466
101378.152227
101388.708869
101129.217632
101125.536505
101119.941498
101123.818612
101154.30075
101183.448501
101201.071027
101216.308249
101234.15194
101250.769564
101258.135131
101257.595372
101251.606842
101243.488141
101235.012784
101228.254862
101238.975865
101292.00216
101361.104033
101384.339143
101052.474833
101046.282337
101050.522449
101059.339982
101093.708468
101136.238196
101169.060665
101193.755619
101216.533371
101237.271363
101247.855764
101250.288166
101248.546635
101244.118233
101232.64867
101215.018493
101207.42732
101254.579655
101335.167749
101377.984081
100999.427747
101007.618755
101010.128598
101017.453
101040.071979
101081.593736
101129.58904
101167.338105
101198.675213
101224.733697
101239.561186
101243.614368
101244.922062
101243.736167
101232.119519
101204.444193
101196.23807
101225.665511
101304.467823
101368.228344
101001.99777
101002.85353
101002.427924
101004.231492
101013.771036
101040.914332
101092.436004
101141.139294
101182.599162
101217.355828
101237.117838
101240.646413
101243.38735
101244.750306
101234.991979
101201.688845
101191.65241
101208.973274
101278.4131
101355.049405
101001.063022
101003.870962
101003.55824
101003.859355
101006.410078
101024.661897
101071.164109
101124.320785
101172.734217
101214.552973
101239.465379
101242.340639
101244.459094
101246.536836
101240.975022
101206.11276
101189.678548
101201.599677
101261.844714
101341.574205
101005.632765
101005.621732
101005.788297
101005.566835
101006.230619
101023.500783
101067.807619
101121.76735
101173.455768
101218.6425
101244.832102
101246.907742
101248.478406
101249.836995
101248.111452
101215.140335
101189.718054
101199.231881
101252.3254
101330.38014
101004.988883
101007.819049
101007.529502
101007.941127
101008.184893
101027.562188
101073.035724
101127.804959
101181.159487
101227.963982
101251.870064
101252.886026
101253.677072
101254.722454
101254.715451
101223.096694
101191.13172
101199.004793
101245.541072
101320.74799
101009.886165
101009.985706
101010.050745
101009.941627
101012.441386
101038.820436
101087.730445
101143.643329
101198.70306
101244.673455
101259.04076
101259.362613
101259.831734
101260.003492
101260.359555
101227.565931
101193.702525
101199.207346
101238.630334
101310.449383
101009.59302
101012.125754
101011.908686
101012.253061
101021.930226
101058.870028
101113.019608
101171.366762
101226.985233
101263.410434
101265.942503
101266.021314
101265.882668
101266.078883
101265.034857
101229.084615
101196.440229
101198.551686
101230.259397
101298.205913
101013.918598
101014.126804
101014.201503
101015.592024
101037.543944
101084.468643
101144.18585
101206.103026
101258.360737
101273.048851
101272.547584
101272.174534
101272.197952
101271.452841
101267.857425
101227.734977
101198.438963
101198.158735
101221.2238
101285.492758
101014.410449
101016.040528
101016.01104
101025.188511
101059.129062
101113.946059
101179.217778
101243.155845
101279.095766
101279.427907
101278.78051
101278.693074
101277.673348
101277.426938
101268.490841
101226.650662
101200.745392
101200.821148
101215.723556
101274.467069
101017.691463
101019.200291
101022.757031
101042.859815
101087.003598
101148.925043
101218.400703
101276.031726
101286.950209
101285.812223
101285.438942
101284.275872
101283.743452
101281.998181
101268.898694
101227.521548
101204.796751
101203.225067
101212.59521
101264.710801
101018.615717
101025.534643
101037.97562
101070.297234
101124.649392
101192.576879
101260.801221
101294.462958
101293.291551
101292.474539
101291.067684
101290.426795
101288.339439
101287.310646
101267.410694
101230.429493
101210.731125
101204.880362
101209.583041
101254.71462
101019.929878
101037.243706
101064.612387
101112.691257
101177.090974
101246.227721
101296.632119
101301.001053
101299.581394
101297.87242
101296.966942
101294.539768
101293.203336
101290.272863
101266.062618
101235.432778
101217.43996
101206.00266
101206.014715
101243.707198
101020.72558
101060.700134
101106.884472
101172.548783
101242.96208
101297.970605
101308.863111
101306.598899
101304.512243
101303.28704
101300.374428
101298.944051
101295.505874
101292.42451
101265.18077
101243.22
101224.004808
101206.680816
101201.027905
101230.221447
101022.259356
101103.56819
101167.315324
101242.735181
101301.083825
101315.754905
101312.609916
101310.237172
101308.700269
101305.326441
101303.628531
101299.561973
101297.446791
101288.875995
101267.957853
101252.982631
101230.682536
101206.534766
101194.431269
101208.21181
101028.786435
101170.957063
101239.564333
101301.868776
101320.602364
101316.954498
101314.281347
101312.387038
101308.620814
101306.622347
101302.033846
101299.74612
101294.904335
101285.4354
101273.634782
101263.532184
101238.698478
101206.515834
101184.702045
101177.393647
101074.066563
101247.066563
101291.617549
101319.533206
101320.529812
101316.847031
101314.087197
101309.605393
101307.040907
101301.837767
101299.053951
101293.689073
101290.347115
101279.692748
101277.178633
101271.46917
101248.184222
101207.334837
101172.849223
101164.719178
101144.802803
101261.514901
101285.010681
101306.492389
101313.71833
101309.22491
101303.910792
101300.504464
101294.54254
101291.249528
101285.398125
101281.861343
101276.728768
101271.916629
101272.973264
101271.370929
101255.818166
101211.304448
101163.392157
101152.950167
101107.023297
101149.339135
101168.79378
101195.326621
101229.92452
101249.817477
101258.99278
101261.383195
101261.494105
101258.742506
101257.140506
101255.946782
101255.456817
101256.68158
101258.200492
101259.854147
101256.235573
101221.021778
101161.010887
101139.087618
100942.439388
100914.431338
100935.356908
100964.106806
101012.940356
101057.141574
101098.837397
101143.357301
101179.282827
101201.060097
101214.325976
101224.028226
101229.810081
101233.635025
101236.486607
101241.472856
101245.235423
101231.927974
101169.60694
101125.287075
100802.345338
100785.115227
100797.877331
100808.917814
100828.038123
100850.916536
100885.100604
100951.104894
101046.990489
101127.088443
101172.610239
101196.122966
101207.972961
101213.723637
101217.757536
101223.797032
101230.620156
101232.809996
101186.180338
101114.676294
100736.920731
100755.358667
100758.853816
100760.792481
100763.755539
100769.496715
100782.135455
100819.063992
100911.842746
101035.394894
101127.870805
101178.147673
101197.80209
101204.178138
101207.831659
101212.762186
101220.481226
101225.564338
101203.759171
101117.964838
100737.648229
100752.007928
100750.42264
100750.780815
100751.331304
100753.251792
100759.75436
100782.291888
100849.559269
100966.522077
101081.860071
101163.527033
101196.855713
101202.14945
101205.954166
101208.897409
101215.404407
101220.800704
101216.443812
101133.901411
100736.768388
100751.612714
100751.20304
100751.14569
100751.335867
100751.641179
100756.296612
100777.730696
100837.128002
100942.200644
101057.994409
101155.286651
101200.233382
101204.199039
101208.214592
101210.513315
101214.595453
101219.699491
101222.590413
101154.817775
100740.051631
100752.573353
100752.568379
100752.838893
100753.073964
100753.211824
100756.591389
100779.512949
100839.589724
100941.613034
101056.758988
101158.518883
101206.451414
101209.495602
101212.457231
101215.289194
101217.235939
101221.338338
101223.815076
101174.615943
100739.21491
100754.740793
100754.499063
100754.71731
100754.869143
100754.892661
100758.686847
100785.399108
100849.674118
100951.369515
101066.596569
101169.596487
101214.004148
101216.22391
101218.398351
101220.494105
101222.444509
101224.928983
101226.854338
101188.336459
100742.958335
100758.651535
100756.397049
100756.560978
100756.591994
100756.780371
100764.366311
100800.414687
100872.816418
100975.387248
101089.475487
101189.314546
101222.120725
101223.634528
101225.133678
101226.629678
101228.098723
101229.726255
101231.121318
101197.26043
100742.817551
100764.355774
100758.26633
100758.314842
100758.515498
100760.844673
100778.257065
100826.451023
100907.003468
101010.92994
101122.974416
101212.714248
101230.458022
101231.368762
101232.389498
101233.230217
101234.137896
101235.227552
101236.052666
101202.249452
100746.199187
100770.618444
100761.337466
100762.313102
100764.391268
100773.404755
100803.52139
100863.241507
100950.183719
101054.89095
101163.680546
101233.753931
101238.734459
101239.124522
101239.586155
101240.101869
101240.468183
101241.015646
101241.3138
101205.397422
100746.698406
100776.776215
100770.330536
100773.625202
100779.994867
100798.28206
100841.127644
100911.388621
101003.369897
101108.873233
101209.78466
101246.615839
101246.716722
101246.674319
101246.834801
101246.738554
101246.734468
101246.740531
101245.036628
101207.208222
100749.425286
100784.47811
100787.387604
100794.34204
100806.327232
100835.054119
100890.208705
100970.437525
101067.846947
101173.207634
101248.807822
101254.866034
101254.200213
101254.091733
101253.489161
101253.19472
101252.652276
101252.147032
101247.67725
101210.206412
100750.783397
100798.109502
100813.180293
100824.144744
100842.349426
100882.254654
100949.867791
101039.758673
101142.740954
101237.435762
101263.068374
101261.924731
101261.580031
101260.545013
101260.06076
101258.860721
101258.172785
101257.109219
101251.332539
101214.628476
100755.010816
100822.995909
100848.542394
100863.847539
100889.612183
100940.323746
101018.81128
101117.268804
101219.956567
101270.134146
101269.624771
101269.057266
101267.643155
101267.097583
101265.249021
101264.421978
101262.663775
101261.471206
101255.573992
101222.600346
100766.672341
100861.974812
100894.354982
100918.655799
100953.045809
101011.82294
101096.669265
101197.716491
101272.789907
101277.376727
101276.370068
101274.621461
101274.041374
101271.61539
101270.737345
101268.2405
101266.958226
101264.627031
101262.174325
101235.835802
100794.844714
100906.756412
100955.832981
100996.204872
101038.398439
101098.933068
101181.375101
101265.853314
101285.225016
101283.206871
101281.242789
101280.428221
101277.664668
101276.738231
101273.573251
101272.226007
101260.919684
101266.211191
101274.234396
101251.58515
100833.520927
100967.786217
101032.132441
101086.594552
101133.2816
101189.500028
101257.786431
101291.246108
101288.655449
101286.688252
101285.43389
101282.517167
101281.668002
101277.873796
101276.470366
101252.452666
101251.740807
101271.874696
101281.959661
101266.02956
100886.580049
101039.134713
101101.670737
101151.380762
101197.061335
101249.04517
101292.198001
101290.722602
101288.692228
101287.547583
101284.82842
101284.277815
101279.781266
101278.881868
101247.675915
101229.596354
101251.488457
101274.112936
101281.128734
101276.095647
100942.381208
101074.302146
101113.945702
101150.736325
101198.268134
101253.109167
101287.477237
101285.154518
101284.696546
101282.219601
101282.904357
101277.815646
101277.395295
101238.785427
101204.885125
101222.946338
101249.362021
101268.742462
101277.819458
101275.008484
100953.554552
101025.211311
101054.953473
101089.803276
101144.069258
101208.250102
101253.661367
101266.956594
101266.899585
101268.64402
101252.858068
101224.896372
101184.26677
101156.626049
101178.464639
101212.785144
101238.406205
101253.87279
101267.292569
101272.127499
100891.127038
100897.27813
100907.774087
100930.923679
100981.236168
101048.330293
101107.223246
101139.044923
101142.394495
101117.380557
101068.248521
101027.228987
101021.170806
101065.67377
101132.633228
101186.015945
101219.260804
101234.043268
101248.55857
101261.745909
100802.173381
100775.630891
100778.983267
100788.576749
100810.986897
100845.201439
100882.82958
100906.399699
100902.497325
100876.234657
100843.942285
100841.07539
100881.22482
100955.678551
101043.457746
101128.510251
101193.878205
101220.861961
101230.026429
101241.624953
100716.155805
100719.944123
100726.647936
100729.098715
100733.37383
100740.71237
100750.000608
100756.241217
100755.504394
100750.475743
100751.658616
100770.635361
100810.757653
100871.752315
100955.086241
101058.982215
101161.158605
101215.321054
101221.513389
101223.794641
100704.156668
100714.161045
100715.641659
100715.820967
100715.853311
100716.787032
100717.928786
100719.55583
100721.190326
100725.648169
100738.349974
100761.559892
100797.050794
100849.223206
100924.84659
101027.078846
101140.927005
101214.567367
101219.964783
101212.912236
100705.016877
100715.10377
100715.247409
100715.42428
100715.552923
100715.657594
100715.766302
100716.237785
100717.732305
100725.510632
100741.491761
100766.137751
100801.741654
100853.428836
100928.374601
101030.184201
101144.93845
101217.834523
101219.806819
101203.497938
100708.43125
100718.695507
100717.95058
100718.098321
100718.213994
100718.252733
100718.510174
100718.648502
100720.252051
100731.697677
100753.426951
100782.141782
100818.619603
100869.525489
100944.065438
101046.565238
101160.159669
101222.752287
101217.615287
101192.030198
100710.138756
100729.272571
100724.691516
100720.791256
100720.843523
100721.082054
100721.224165
100721.349055
100728.825105
100751.224192
100783.038328
100817.345816
100855.961955
100908.104922
100984.596668
101088.420398
101191.997477
101225.995886
101209.384302
101184.735498
100713.473602
100753.963002
100743.056751
100730.585711
100725.250275
100724.712044
100725.87084
100731.862296
100753.331086
100789.436798
100829.278121
100867.596388
100909.776908
100966.767033
101049.112183
101151.942028
101223.855388
101225.373507
101195.727763
101191.56453
100715.142304
100802.393718
100772.621829
100755.62567
100742.940804
100741.938219
100746.965039
100764.643271
100799.982497
100843.566021
100885.453308
100925.800402
100972.716324
101037.324959
101125.762105
101215.096824
101237.488322
101221.672871
101196.746636
101198.4324
100718.600023
100855.404086
100811.006451
100798.154572
100785.491945
100788.616754
100801.703673
100829.229801
100868.475779
100909.973687
100949.336092
100990.785621
101043.145813
101114.925158
101200.691619
101253.137611
101246.884174
101215.86359
101202.952599
101213.453755
100725.832461
100893.385184
100851.880935
100851.691907
100852.756793
100870.409106
100892.937079
100921.828037
100954.935826
100988.6231
101023.830978
101066.128568
101122.629848
101194.244119
101257.600416
101268.653449
101249.798787
101219.088758
101215.675964
101244.979296
100771.063115
100915.074874
100893.215936
100903.719127
100933.714616
100978.518146
101010.493714
101034.500305
101056.998533
101081.971991
101113.256836
101154.56692
101207.484421
101261.394993
101285.879223
101277.735439
101252.60129
101234.116778
101248.683473
101292.388284
100840.323817
100930.757793
100922.848307
100938.628507
101006.1774
101084.680358
101129.261291
101150.597955
101165.341515
101184.069659
101211.544742
101246.179977
101279.472774
101301.464442
101300.372067
101285.506829
101266.836649
101272.897708
101302.72812
101336.369329
100887.826258
100921.621154
100920.400309
100941.189668
101035.733451
101133.715885
101192.717393
101222.857124
101240.523291
101258.233211
101281.223747
101306.238592
101320.878458
101321.661925
101313.966454
101302.457933
101304.160368
101323.8054
101344.984557
101353.907481
100871.008742
100879.925344
100878.610408
100912.862867
101013.75932
101116.470421
101182.05664
101220.303039
101245.372171
101267.096482
101290.106844
101314.752722
101334.350331
101335.625337
101332.402711
101332.094153
101340.949606
101350.331326
101354.365736
101354.688932
100790.129433
100769.776686
100791.344985
100840.113089
100930.003616
101030.469174
101115.444074
101177.693067
101218.360371
101248.733714
101276.899111
101305.753632
101330.970844
101344.33502
101346.852553
101349.252351
101351.678571
101353.102354
101354.075104
101354.772873
100675.911897
100674.681795
100707.20243
100746.645013
100794.722617
100857.156141
100939.584251
101038.950435
101124.364569
101187.004154
101236.716262
101282.992612
101324.160406
101345.467521
101348.239764
101350.242202
101352.028388
101353.618027
101354.998492
101356.020624
100619.161541
100645.980989
100672.947935
100691.806886
100706.906918
100729.125282
100773.581055
100859.151369
100969.265994
101071.502992
101158.143246
101237.348825
101309.666903
101347.209168
101350.50334
101352.636633
101354.587656
101356.384809
101357.850811
101359.110214
100620.998316
100649.010615
100669.200988
100680.215686
100686.652861
100698.336118
100726.475536
100786.849844
100882.177447
100991.175356
101098.050571
101201.247328
101297.069589
101352.22772
101356.140591
101357.953753
101359.762976
101361.281181
101362.806517
101363.839354
100621.726446
100662.81856
100673.33785
100682.664975
100688.813159
100701.177018
100729.773503
100788.364967
100878.854213
100984.910938
101094.284243
101202.987581
101303.349758
101360.648131
101363.688179
101365.188267
101366.534443
101368.030383
101368.982204
101370.167137
100624.445672
100693.257189
100685.569995
100691.490781
100698.493474
100716.272312
100751.777323
100812.978641
100900.205518
101003.493546
101113.091064
101223.908115
101323.712897
101371.005506
101372.013689
101373.114293
101374.435876
101375.135554
101376.300459
101376.705593
100625.713888
100736.618628
100708.643243
100710.70472
100720.662195
100753.427425
100808.98762
100881.123439
100966.786582
101065.960277
101174.973578
101284.078613
101365.048008
101380.02655
101380.480316
101381.574478
101381.908392
101382.942292
101383.007947
101383.746365
100639.974762
100787.050405
100742.477199
100739.563887
100753.69303
100808.293522
100893.693075
100985.79305
101079.904725
101182.4409
101288.047096
101367.510828
101388.185449
101388.107852
101388.87491
101388.733484
101389.704575
101389.370824
101389.944961
101371.371065
100656.224607
100843.180838
100791.456352
100779.509625
100797.777304
100871.548545
100985.274904
101102.82751
101217.001874
101323.903652
101386.326345
101395.475532
101395.150303
101395.856882
101395.4065
101396.341493
101395.361086
101395.952049
101379.849728
101311.231441
100664.414067
100904.311471
100856.536453
100837.090118
100857.870681
100942.330222
101074.662753
101216.093968
101344.881255
101401.090818
101402.101679
101401.752583
101402.676152
101401.784404
101402.843034
101401.343963
101401.999499
101389.664309
101326.97969
101242.943635
100670.955537
100973.024393
100933.303499
100917.77452
100940.259098
101027.871739
101167.167342
101318.644817
101407.52999
101408.991059
101408.469448
101409.528903
101408.105544
101409.372433
101407.22111
101408.005293
101399.854451
101348.030172
101285.291995
101209.55429
100687.459055
101037.234599
101013.259007
101015.260276
101042.88825
101131.078528
101265.976446
101395.230596
101416.021883
101414.963397
101415.895642
101414.013535
101415.48847
101412.669435
101413.704127
101404.514298
101361.064786
101327.148504
101282.099115
101205.448145
100732.891178
101080.069953
101079.021369
101096.610754
101137.399107
101230.61637
101350.735387
101420.985935
101419.544054
101420.054206
101418.112531
101419.790781
101416.615317
101417.776789
101398.071462
101359.132566
101344.306931
101331.007218
101287.267239
101208.486057
100803.851353
101085.273741
101091.051076
101107.659826
101160.692344
101264.221648
101371.022414
101419.616942
101419.667237
101417.981849
101419.839215
101416.346872
101402.926835
101368.636416
101336.246561
101338.697156
101348.321582
101343.835422
101305.46041
101224.263815
100843.591244
101021.317398
101027.847642
101049.061651
101112.873213
101223.209001
101328.716046
101378.975941
101384.710232
101380.61668
101361.380047
101326.340403
101284.966296
101270.307437
101293.763403
101335.127884
101360.607189
101365.248667
101341.164362
101265.54972
100789.598407
100839.733211
100853.181966
100881.282317
100947.455001
101043.685828
101128.280295
101170.295256
101177.568664
101163.274513
101138.089831
101114.548411
101125.447785
101178.767862
101254.505787
101323.921616
101368.525622
101383.194064
101377.112454
101323.383417
100675.853992
100654.122762
100684.856966
100710.166471
100739.084677
100773.902771
100805.752256
100825.651811
100833.482918
100837.151119
100863.345439
100913.751391
100989.850966
101088.770781
101195.472812
101295.40127
101365.318631
101393.560181
101396.456537
101368.605765
100531.963068
100572.457197
100635.535371
100643.039211
100638.168864
100627.744159
100623.335306
100623.804434
100630.788809
100650.582724
100703.687637
100789.085625
100892.386951
101007.906761
101130.450616
101254.79515
101359.886203
101400.946605
101406.08759
101392.434192
100475.871733
100567.506613
100635.773895
100643.26679
100631.946404
100610.124613
100595.112816
100594.868232
100595.496118
100613.03126
100659.48697
100737.523897
100840.316304
100960.796279
101094.287297
101234.616196
101358.644483
101409.001439
101414.683616
101406.452227
100474.889621
100568.864152
100643.274281
100661.140708
100649.127053
100622.928194
100603.014556
100599.055493
100600.035698
100616.168649
100658.835249
100729.800478
100828.719296
100951.241146
101091.728428
101240.687678
101369.943868
101418.526749
101423.244683
101416.663711
100475.705783
100578.300548
100672.89447
100712.237089
100702.029879
100670.868967
100640.569245
100626.891745
100627.043845
100638.778348
100674.860263
100741.765553
100839.447898
100964.059068
101111.053214
101271.255918
101397.77592
101427.388558
101430.674906
101423.270772
100466.589348
100605.833977
100728.625969
100795.71181
100791.832015
100764.818112
100728.310221
100703.964892
100698.822679
100704.683441
100731.296847
100790.821507
100886.345116
101014.689581
101169.979178
101333.145648
101426.624891
101433.778221
101436.090181
101421.173866
100458.412221
100645.387534
100796.137899
100901.561869
100909.504431
100894.585737
100862.536795
100831.880102
100817.799023
100819.029759
100837.599815
100890.512686
100982.82581
101109.141467
101255.452462
101381.83062
101432.022477
101435.153593
101431.127731
101411.843479
100459.645503
100678.88073
100872.974297
101016.596618
101050.408568
101048.910575
101029.518384
100997.982076
100974.304472
100971.607912
100984.365047
101028.183251
101108.160922
101213.224156
101317.73914
101388.072641
101414.849407
101418.971984
101417.907469
101416.362226
100456.432113
100702.693616
100939.554484
101127.09353
101197.869157
101213.360279
101205.586515
101180.089196
101150.027276
101137.902483
101143.968284
101168.73509
101216.228786
101275.940487
101331.70276
101375.421608
101401.897514
101416.322176
101414.297195
101395.195521
100457.835561
100720.988758
100996.354704
101224.542499
101319.834167
101347.79017
101347.015886
101332.741691
101305.542977
101280.367292
101263.067698
101259.847485
101269.96909
101296.435806
101336.678514
101379.821879
101413.432481
101414.934632
101374.999829
101110.803493
100452.475118
100752.370933
101067.455145
101313.068511
101394.484685
101413.826883
101415.200745
101408.615966
101389.811491
101355.45033
101312.604637
101292.476493
101295.402093
101318.573885
101364.506948
101412.973803
101413.824752
101352.224816
101008.929345
100661.014052
100456.247391
100820.242947
101163.548308
101385.97264
101427.81453
101432.830079
101432.270075
101428.515977
101414.810881
101377.301274
101331.114587
101318.954127
101332.263724
101377.423448
101426.170793
101422.541767
101344.966484
100940.202877
100633.09857
100624.546902
100453.620395
100907.919065
101265.266024
101430.160755
101441.402449
101440.430767
101439.330144
101437.688159
101425.11356
101389.06298
101357.310909
101365.311491
101407.885761
101446.416267
101442.516557
101346.082263
100926.040919
100627.938344
100626.874882
100619.795599
100456.935757
101000.690727
101348.978096
101449.940996
101448.700314
101447.881632
101446.050458
101444.94359
101436.382091
101408.538811
101408.379677
101443.619997
101464.986364
101460.703141
101353.6902
100943.41896
100638.775525
100629.343091
100624.836711
100629.380761
100494.494496
101119.662129
101414.609885
101459.041249
101458.077233
101455.755706
101454.582493
101452.939346
101451.116997
101447.663338
101477.782233
101479.679949
101474.341433
101359.97483
101023.611554
100714.030399
100631.9855
100629.440606
100631.963409
100627.162461
100565.75709
101270.682321
101461.562407
101468.002379
101465.8045
101465.401948
101462.213893
101461.358992
101472.155576
101505.784541
101503.483675
101487.008154
101361.30018
101097.265753
100863.515563
100717.133617
100636.065784
100634.659186
100633.314774
100634.630666
100658.224085
101420.736594
101476.74789
101475.654351
101475.766008
101465.022007
101460.961301
101478.004589
101515.889334
101526.549839
101509.139532
101398.052864
101166.91131
100977.173854
100869.738757
100766.990424
100686.810631
100650.384521
100638.310249
100636.49714
100788.024402
101489.209063
101489.668516
101492.493645
101488.728961
101453.562454
101473.797776
101521.143392
101544.265133
101536.425522
101476.425692
101301.773883
101108.213983
100976.863222
100898.776437
100850.582577
100794.623259
100738.481817
100707.893082
100696.579117
100977.086935
101517.784417
101517.742013
101508.666504
101455.448734
101456.662773
101512.026626
101550.062786
101555.68305
101543.853816
101464.705308
101300.084274
101124.695131
101000.5326
100939.937088
100917.705094
100901.180675
100878.486338
100864.18919
100859.4915
101100.548925
101402.25501
101380.219338
101348.800175
101359.357703
101439.287216
101511.807545
101549.569139
101555.8358
101546.987308
101484.33978
101355.689239
101205.616619
101074.705247
100993.217714
100958.655247
100952.398814
100964.249723
101002.846737
101045.131638
100977.500269
101002.902271
100996.679643
101022.859447
101130.081679
101273.261831
101398.14106
101485.481951
101522.404834
101527.82442
101510.519273
101467.632498
101363.524073
101218.350117
101088.576241
101007.707168
100978.686378
100980.746275
101023.773707
101102.624156
100744.13609
100666.857443
100697.236827
100730.571023
100801.710027
100898.768959
101033.262615
101212.108937
101374.532973
101462.566351
101485.027928
101488.977276
101480.985414
101402.614697
101255.399821
101113.863554
101027.152524
100998.076499
101014.541771
101089.276082
100561.310879
100548.203786
100578.762012
100590.232237
100599.596024
100619.703208
100668.046677
100777.231882
100978.536317
101220.664754
101389.372897
101461.842959
101479.970038
101486.851968
101446.385015
101300.954564
101146.78
101052.43742
101023.015847
101074.201866
100490.986699
100513.695957
100544.336468
100542.804367
100534.984099
100534.095252
100541.751723
100566.208632
100641.223476
100827.616279
101098.488513
101316.52164
101439.728871
101490.074458
101506.51762
101484.46377
101338.781886
101180.852747
101083.214086
101078.642756
100457.453186
100492.267441
100526.644623
100522.198764
100512.473868
100510.471136
100512.425998
100518.040597
100537.930768
100610.114717
100795.473861
101042.26902
101270.456155
101431.218258
101505.727574
101532.55159
101510.397157
101367.596869
101211.710677
101127.681358
100401.49476
100470.229492
100511.913396
100507.543422
100499.9975
100499.436618
100500.827925
100503.697036
100513.846347
100552.977556
100660.341931
100843.093038
101059.56672
101279.784066
101454.816096
101534.905703
101565.155999
101516.51808
101375.963758
101232.307568
100366.446713
100454.327078
100497.477291
100496.090617
100492.352558
100492.839415
100494.067121
100496.344327
100505.378617
100538.934129
100620.750254
100759.673754
100936.441711
101139.026433
101349.526339
101512.574171
101568.843132
101572.986548
101502.297918
101355.630939
100364.717062
100449.27272
100485.088986
100489.642921
100489.169653
100490.165308
100491.317514
100493.594029
100503.202938
100536.91066
100612.674586
100731.720257
100885.182454
101067.417998
101268.3352
101462.684236
101574.239731
101590.544677
101564.004756
101455.596104
100368.369931
100450.232242
100477.529933
100488.080244
100489.530336
100490.972642
100492.422252
100495.369175
100506.092308
100541.080835
100616.253008
100728.924323
100870.97846
101043.068234
101237.338209
101432.401854
101571.96021
101604.671167
101593.828688
101522.020825
100367.959426
100453.787808
100475.544047
100489.509284
100492.114374
100494.342275
100496.819568
100501.737279
100516.804027
100556.480789
100630.084394
100737.169607
100875.679632
101045.155103
101238.64535
101434.102693
101578.466478
101619.320741
101613.846967
101565.594653
100371.406208
100460.717563
100477.49593
100492.596646
100498.28564
100504.096917
100511.06918
100522.799265
100547.981195
100596.003502
100667.443717
100764.639507
100894.980315
101061.40496
101254.909805
101451.023465
101594.026978
101633.178289
101629.455494
101591.442941
100371.694378
100469.482617
100482.587681
100500.24029
100513.875657
100529.141164
100547.197561
100572.054464
100611.131607
100666.070763
100734.498435
100824.291914
100948.217271
101111.202965
101303.972584
101497.256532
101623.431558
101645.477851
101641.94015
101603.543481
100375.24493
100482.831502
100496.774782
100518.589265
100544.8603
100578.10335
100616.304548
100659.205385
100709.061206
100764.804076
100830.399985
100918.665013
101042.699163
101206.250263
101397.458225
101575.550426
101652.436248
101656.275785
101651.658082
101608.774041
100376.101327
100502.125577
100526.945081
100554.815482
100596.660161
100656.83061
100722.337263
100782.322894
100836.832692
100890.647154
100955.664379
101047.315309
101176.191596
101341.849399
101523.411393
101648.695278
101665.738804
101665.906632
101653.174761
101594.780057
100380.046021
100530.273196
100579.654724
100617.070561
100676.343089
100766.514809
100859.039136
100933.160854
100990.848309
101045.917748
101115.389352
101213.810052
101347.103698
101505.281039
101639.999705
101674.69268
101674.011324
101668.855891
101624.672594
101556.046492
100390.425154
100578.602441
100661.620134
100715.620405
100790.883834
100905.022331
101017.875485
101104.112703
101170.972065
101236.589184
101316.795613
101420.339723
101541.855124
101647.644901
101682.4322
101681.066315
101675.305234
101634.674946
101563.739577
101519.639426
100394.56812
100667.813823
100783.782655
100860.390006
100944.325292
101068.814205
101191.442322
101292.327352
101380.241487
101463.816941
101546.592937
101623.457545
101675.655716
101688.970254
101687.049165
101680.776907
101633.804327
101564.253123
101524.713844
101499.21865
100400.893942
100799.905027
100957.078154
101052.980728
101133.500979
101251.402306
101374.234408
101496.467215
101599.451005
101660.915237
101688.74357
101695.810107
101693.943792
101692.13975
101690.526726
101637.50191
101557.446491
101531.166863
101518.944539
101480.287775
100415.624346
101007.106638
101172.02219
101279.054407
101347.576848
101445.260642
101562.375356
101672.097731
101704.217944
101703.255853
101701.064272
101700.534201
101697.657832
101697.030705
101665.954387
101555.146354
101530.397289
101530.725623
101518.001072
101449.309632
100509.936596
101106.671413
101324.337847
101454.672229
101531.973539
101613.925204
101699.949916
101712.13248
101710.715872
101707.726836
101708.519717
101703.870863
101704.776865
101697.635519
101584.700138
101515.100265
101528.720811
101536.498825
101517.583698
101400.648091
100681.58538
101089.917201
101324.502623
101471.548334
101578.010074
101671.169659
101716.790075
101716.2944
101713.282286
101714.711601
101709.44149
101711.972655
101703.464791
101639.494264
101501.889165
101509.665112
101533.47622
101539.652848
101516.385118
101358.106556
100804.855335
101026.34474
101251.364088
101416.993067
101544.456982
101651.3363
101709.977168
101708.810913
101712.269401
101707.35294
101710.306992
101685.772731
101600.674616
101473.165009
101456.273264
101503.14993
101531.213759
101536.81176
101515.879187
101354.632798
100763.905687
100860.567874
101022.78501
101191.437321
101363.223884
101511.669427
101613.219187
101638.738289
101626.855416
101577.154263
101470.421946
101329.423507
101224.340748
101238.94043
101363.191208
101462.784
101510.938361
101526.059389
101516.701697
101393.931472
100660.527584
100644.226321
100705.86004
100809.467199
100950.563233
101099.643921
101213.868042
101249.941101
101195.258051
101039.996109
100864.676562
100753.328866
100741.89525
100877.744937
101085.383288
101282.420522
101418.132601
101488.239601
101509.957524
101475.208138
100531.637156
100510.651694
100544.589347
100562.014299
100578.64599
100609.764679
100644.289645
100654.502323
100615.627009
100538.320925
100483.290649
100463.192029
100482.262349
100566.294367
100713.165294
100923.238841
101146.480513
101335.976139
101464.050187
101511.426445
101374.331387
101374.406192
101374.49204
101374.586996
101374.689845
101374.800046
101374.917481
101375.042475
101375.175606
101375.317745
101375.469961
101375.633678
101375.810836
101376.004296
101376.217787
101376.453501
101376.70847
101376.988359
101377.363672
101381.116955
101374.323797
101374.404243
101374.494253
101374.591868
101374.695737
101374.80494
101374.918783
101375.03679
101375.158548
101375.283821
101375.412595
101375.545359
101375.683203
101375.827413
101375.977261
101376.127091
101376.269921
101376.407909
101376.559338
101376.568334
101374.234008
101374.326621
101374.421919
101374.518829
101374.616315
101374.713409
101374.809206
101374.902982
101374.994149
101375.08245
101375.167988
101375.251259
101375.332629
101375.411049
101375.482238
101375.539677
101375.580256
101375.60959
101375.638719
101375.537197
101374.069952
101374.179614
101374.28295
101374.380398
101374.471957
101374.557493
101374.636855
101374.710092
101374.77743
101374.839436
101374.896881
101374.950522
101375.000345
101375.044671
101375.080095
101375.104488
101375.121503
101375.141204
101375.163956
101375.075395
101373.879768
101374.007646
101374.121443
101374.223075
101374.313706
101374.394304
101374.465737
101374.528989
101374.585122
101374.635352
101374.680806
101374.722218
101374.759296
101374.790384
101374.813322
101374.82846
101374.841295
101374.857709
101374.867356
101374.79098
101373.711917
101373.85603
101373.980578
101374.088564
101374.182054
101374.262922
101374.332827
101374.393429
101374.446299
101374.492951
101374.534551
101374.571647
101374.603729
101374.629322
101374.647322
101374.659809
101374.672917
101374.686965
101374.689703
101374.631334
101373.603667
101373.759729
101373.892803
101374.006529
101374.103648
101374.186628
101374.257628
101374.318689
101374.371622
101374.41801
101374.458926
101374.494737
101374.524863
101374.548184
101374.564654
101374.577669
101374.592215
101374.603148
101374.601979
101374.557913
101373.58029
101373.741954
101373.878995
101373.9954
101374.094307
101374.178502
101374.250382
101374.312136
101374.365615
101374.412334
101374.453218
101374.488493
101374.517605
101374.539867
101374.556197
101374.570727
101374.585693
101374.593178
101374.590712
101374.557353
101373.656559
101373.815451
101373.949963
101374.064177
101374.161287
101374.244101
101374.314998
101374.376102
101374.429136
101374.475445
101374.515765
101374.550209
101374.5783
101374.599821
101374.616534
101374.632546
101374.646606
101374.651166
101374.648757
101374.622986
101373.835459
101373.981713
101374.10622
101374.212613
101374.303707
101374.38198
101374.449512
101374.508141
101374.55931
101374.604094
101374.643012
101374.676068
101374.702897
101374.723764
101374.741084
101374.757988
101374.770192
101374.772744
101374.770847
101374.750423
101374.104508
101374.228877
101374.336785
101374.430673
101374.512437
101374.583824
101374.646317
101374.701254
101374.749656
101374.792252
101374.829319
101374.860759
101374.88635
101374.906837
101374.924982
101374.942069
101374.952142
101374.953603
101374.952247
101374.935565
101374.432258
101374.529889
101374.618513
101374.698607
101374.770624
101374.835219
101374.893038
101374.944763
101374.990908
101375.031829
101375.067568
101375.097967
101375.122999
101375.143861
101375.163231
101375.18008
101375.188416
101375.189549
101375.188702
101375.174653
101374.769356
101374.844693
101374.918914
101374.990059
101375.056871
101375.118771
101375.175504
101375.2271
101375.273605
101375.315068
101375.351385
101375.382433
101375.408466
101375.431084
101375.45236
101375.469094
101375.476597
101375.478038
101375.477773
101375.46562
101375.058669
101375.129616
101375.204653
101375.279654
101375.351938
101375.419982
101375.482901
101375.540321
101375.592049
101375.638042
101375.678234
101375.712708
101375.742126
101375.7684
101375.792531
101375.809848
101375.817702
101375.820057
101375.820579
101375.809899
101375.256141
101375.354772
101375.45602
101375.555007
101375.648737
101375.735601
101375.814771
101375.886015
101375.949342
101376.004968
101376.053158
101376.094433
101376.13
101376.161961
101376.189972
101376.208917
101376.218298
101376.222143
101376.223729
101376.214329
101375.359029
101375.525871
101375.683806
101375.82983
101375.962519
101376.081567
101376.187228
101376.280179
101376.36121
101376.431233
101376.491169
101376.542226
101376.58627
101376.625428
101376.658041
101376.67958
101376.691359
101376.69713
101376.700018
101376.691856
101375.430957
101375.70175
101375.941499
101376.152326
101376.336588
101376.496806
101376.635386
101376.754667
101376.856752
101376.943619
101377.017109
101377.079285
101377.132708
101377.179315
101377.216466
101377.240984
101377.25543
101377.263225
101377.267459
101377.26053
101375.608258
101375.995395
101376.323281
101376.601549
101376.837823
101377.038403
101377.208449
101377.352341
101377.473718
101377.575754
101377.66127
101377.733189
101377.794658
101377.847171
101377.887616
101377.914522
101377.931102
101377.940505
101377.94582
101377.940054
101376.069585
101376.547062
101376.94077
101377.267443
101377.539586
101377.766915
101377.957012
101378.115996
101378.248769
101378.35945
101378.451616
101378.528847
101378.594577
101378.649583
101378.690804
101378.718406
101378.735754
101378.745784
101378.751549
101378.746716
101376.967128
101377.47185
101377.882351
101378.218783
101378.496029
101378.72545
101378.915754
101379.073816
101379.205047
101379.313914
101379.404289
101379.480011
101379.544329
101379.597064
101379.635598
101379.661345
101379.677467
101379.686695
101379.691987
101379.687681
101378.356216
101378.808988
101379.175645
101379.474714
101379.720037
101379.922219
101380.089354
101380.227789
101380.342472
101380.437484
101380.516438
101380.582937
101380.639476
101380.684775
101380.716867
101380.737866
101380.750526
101380.757336
101380.761097
101380.756763
101380.175503
101380.507181
101380.776434
101380.996199
101381.17647
101381.325068
101381.447975
101381.549893
101381.634466
101381.704767
101381.763664
101381.814036
101381.857075
101381.89042
101381.912767
101381.926392
101381.933561
101381.936471
101381.937718
101381.932744
101382.281237
101382.448821
101382.586287
101382.699188
101382.792249
101382.869382
101382.9336
101382.987293
101383.032311
101383.070351
101383.103226
101383.132668
101383.158164
101383.176453
101383.186769
101383.191144
101383.191349
101383.189269
101383.187262
101383.181071
101384.49862
101384.488336
101384.481887
101384.477528
101384.474577
101384.472845
101384.472181
101384.472521
101384.473811
101384.476304
101384.480605
101384.486972
101384.493024
101384.494909
101384.492195
101384.486435
101384.478955
101384.471328
101384.465669
101384.457808
101386.660361
101386.483937
101386.341201
101386.224627
101386.129033
101386.050696
101385.986691
101385.934779
101385.893233
101385.860999
101385.83744
101385.82113
101385.807929
101385.793739
101385.778244
101385.762451
101385.747308
101385.734117
101385.724757
101385.714931
101388.633669
101388.320522
101388.06268
101387.849549
101387.673142
101387.52731
101387.407119
101387.308714
101387.229101
101387.16615
101387.117979
101387.081397
101387.050836
101387.022251
101386.995259
101386.970365
101386.948217
101386.929899
101386.917092
101386.905178
101390.34137
101389.924319
101389.57589
101389.28515
101389.04297
101388.841838
101388.675534
101388.539106
101388.428645
101388.341098
101388.273292
101388.22029
101388.175552
101388.135266
101388.098866
101388.06645
101388.038447
101388.015799
101388.000031
101387.986049
101391.754821
101391.254158
101390.833634
101390.481815
101390.188552
101389.945144
101389.744273
101389.580065
101389.447798
101389.343452
101389.262433
101389.198177
101389.143626
101389.095274
101389.052317
101389.014571
101388.982332
101388.956481
101388.93846
101388.922574
101392.831363
101392.260764
101391.78475
101391.389089
101391.061519
101390.791617
101390.570726
101390.391954
101390.249668
101390.138706
101390.052927
101389.984384
101389.92593
101389.874364
101389.828698
101389.788598
101389.754329
101389.72682
101389.707527
101389.690067
101393.473606
101392.859905
101392.356787
101391.944829
101391.60868
101391.335786
101391.116044
101390.941537
101390.805676
101390.702075
101390.623096
101390.559861
101390.505556
101390.457339
101390.414181
101390.375777
101390.342494
101390.315448
101390.29624
101390.277767
101393.533138
101392.939233
101392.464175
101392.083847
101391.780688
101391.540795
101391.353287
101391.209729
101391.1029
101391.02544
101390.968647
101390.923448
101390.883837
101390.847508
101390.81366
101390.782241
101390.753896
101390.730105
101390.712784
101390.694153
101392.877132
101392.405231
101392.044017
101391.76653
101391.55565
101391.398269
101391.284374
101391.206217
101391.156805
101391.128574
101391.112691
101391.100907
101391.088601
101391.074334
101391.0579
101391.039777
101391.021111
101391.003936
101390.990689
101390.973065
101391.43282
101391.226062
101391.094635
101391.012386
101390.967805
101390.952606
101390.960566
101390.986708
101391.025839
101391.071599
101391.116467
101391.154249
101391.182363
101391.20071
101391.210096
101391.211833
101391.2078
101391.200773
101391.193916
101391.178691
101389.246289
101389.487368
101389.722911
101389.938708
101390.138442
101390.325372
101390.501548
101390.667815
101390.823078
101390.964141
101391.086544
101391.187396
101391.2668
101391.32648
101391.368638
101391.395696
101391.410455
101391.416571
101391.41809
101391.406667
101386.638558
101387.496749
101388.211112
101388.803369
101389.302994
101389.731953
101390.105078
101390.432033
101390.71808
101390.965049
101391.173036
101391.343323
101391.479091
101391.584186
101391.662419
101391.717467
101391.75313
101391.773963
101391.784945
101391.778436
101384.276804
101385.829382
101387.029616
101388.00062
101388.798391
101389.46497
101390.02894
101390.509555
101390.919189
101391.265394
101391.553298
101391.788409
101391.976838
101392.124462
101392.236609
101392.318125
101392.37371
101392.408679
101392.428829
101392.427737
101382.740987
101385.130411
101386.693779
101387.952034
101388.977334
101389.825254
101390.534201
101391.130731
101391.632893
101392.053019
101392.40043
101392.683982
101392.911963
101393.091754
101393.229777
101393.331722
101393.402898
101393.449077
101393.476583
101393.480581
101381.959291
101385.838578
101387.572265
101388.964308
101390.099832
101391.036842
101391.817116
101392.470126
101393.016848
101393.472129
101393.847882
101394.154727
101394.402087
101394.597967
101394.749305
101394.8621
101394.941894
101394.99447
101395.02632
101395.034403
101381.348562
101388.048415
101389.796753
101391.157249
101392.274317
101393.198458
101393.968037
101394.611343
101395.148876
101395.595806
101395.964523
101396.26598
101396.509444
101396.702787
101396.852706
101396.96505
101397.045066
101397.09827
101397.13082
101397.14148
101380.509841
101391.520032
101393.278678
101394.47209
101395.461163
101396.283096
101396.968821
101397.542306
101398.021272
101398.419245
101398.747586
101399.016219
101399.233378
101399.406036
101399.540119
101399.640809
101399.712775
101399.760751
101399.790294
101399.801704
101379.178965
101395.832956
101397.794927
101398.73385
101399.517533
101400.171222
101400.717116
101401.173552
101401.554241
101401.870002
101402.130163
101402.342787
101402.514462
101402.650772
101402.756465
101402.835725
101402.892278
101402.929899
101402.953136
101402.96348
101376.738951
101400.533717
101403.083206
101403.722295
101404.251145
101404.691992
101405.058689
101405.36378
101405.616619
101405.824879
101405.995317
101406.133685
101406.244583
101406.331908
101406.398966
101406.448699
101406.483687
101406.50656
101406.520651
101406.528197
101372.552897
101405.170438
101408.89309
101409.214128
101409.454355
101409.651114
101409.810486
101409.939321
101410.042542
101410.124452
101410.188906
101410.239086
101410.277394
101410.305854
101410.326161
101410.339851
101410.348299
101410.352752
101410.355326
101410.358476
101366.915772
101409.338896
101414.98191
101414.985939
101414.909157
101414.837051
101414.767591
101414.701537
101414.639097
101414.580856
101414.52745
101414.479268
101414.436366
101414.398752
101414.366377
101414.339276
101414.317357
101414.300682
101414.28983
101414.286989
101360.483776
101412.700003
101421.070946
101420.78633
101420.370292
101420.01142
101419.698598
101419.425696
101419.187677
101418.98095
101418.802588
101418.64999
101418.520698
101418.412584
101418.323765
101418.252661
101418.197928
101418.158021
101418.132358
101418.122257
101353.334566
101414.962044
101426.822983
101426.316673
101425.553974
101424.903027
101424.343417
101423.861539
101423.446688
101423.090706
101422.786881
101422.52949
101422.313509
101422.134619
101421.989064
101421.873691
101421.785575
101421.722148
101421.681152
101421.662616
101344.733135
101415.642428
101431.853188
101431.246912
101430.148432
101429.216603
101428.421765
101427.74222
101427.161123
101426.665438
101426.244532
101425.889528
101425.592821
101425.347933
101425.149305
101424.992218
101424.872709
101424.786678
101424.730896
101424.70352
101332.783985
101413.464276
101435.642558
101435.207681
101433.814908
101432.638974
101431.64261
101430.795841
101430.075532
101429.463772
101428.946175
101428.510903
101428.148019
101427.849108
101427.607022
101427.415787
101427.270174
101427.165573
101427.097199
101427.061024
101313.720472
101405.978182
101437.464556
101437.800161
101436.205131
101434.859737
101433.726467
101432.768496
101431.957257
101431.270744
101430.691525
101430.205445
101429.800763
101429.467636
101429.197788
101428.984338
101428.82174
101428.704569
101428.627529
101428.583908
101283.258843
101389.831917
101436.246715
101438.655397
101437.0201
101435.621745
101434.449571
101433.46356
101432.631925
101431.930295
101431.339629
101430.84463
101430.432787
101430.093679
101429.818657
101429.600682
101429.434018
101429.313857
101429.234113
101429.185183
101245.864936
101361.29998
101429.887697
101437.47598
101436.083271
101434.781118
101433.694791
101432.78599
101432.022677
101431.380481
101430.840692
101430.388498
101430.011956
101429.701236
101429.448307
101429.246759
101429.091899
101428.979682
101428.904634
101428.853921
101205.017857
101316.684207
101414.094666
101433.794486
101433.353555
101432.334998
101431.482505
101430.772908
101430.179101
101429.680294
101429.260881
101428.908738
101428.614297
101428.369795
101428.16905
101428.007369
101427.88163
101427.789975
101427.728013
101427.679667
101155.952876
101261.163955
101383.051755
101426.335694
101429.003186
101428.496511
101428.024737
101427.634638
101427.309355
101427.035358
101426.803095
101426.605539
101426.437429
101426.294649
101426.174147
101426.073955
101425.993581
101425.933835
101425.892918
101425.851698
101139.464262
101209.970567
101333.998966
101411.18834
101423.146718
101423.676712
101423.725168
101423.758831
101423.783957
101423.799908
101423.806927
101423.805776
101423.797484
101423.783098
101423.763864
101423.741454
101423.718603
101423.699376
101423.685652
101423.656002
101125.412633
101165.061721
101274.480594
101382.502914
101415.196851
101418.534298
101419.213231
101419.719457
101420.130535
101420.463257
101420.730182
101420.941495
101421.105643
101421.229636
101421.319589
101421.381228
101421.420623
101421.445271
101421.461258
101421.446382
101113.912683
101117.872914
101214.540027
101338.788888
101402.548391
101413.706441
101415.287089
101416.215996
101416.972201
101417.589385
101418.090519
101418.493842
101418.814199
101419.063841
101419.253206
101419.391601
101419.488237
101419.553013
101419.596389
101419.597429
101104.122079
101105.919369
101167.259574
101287.449005
101381.356749
101408.789477
101412.599651
101413.858165
101414.858053
101415.678828
101416.349599
101416.893419
101417.329119
101417.672333
101417.936381
101418.133069
101418.273407
101418.369176
101418.433334
101418.448517
101097.867264
101098.871794
101135.858592
101241.969555
101352.792787
101402.028887
101411.345368
101413.019682
101414.138322
101415.061478
101415.819929
101416.438074
101416.935984
101417.330538
101417.636231
101417.865929
101418.031727
101418.145463
101418.221329
101418.246924
101093.228136
101095.013865
101117.105874
101208.804001
101323.672838
101392.331637
101411.033819
101413.807981
101414.941784
101415.871147
101416.638193
101417.265937
101417.77361
101418.17755
101418.49194
101418.729524
101418.90199
101419.020967
101419.099419
101419.130415
101091.677965
101092.350165
101106.488918
101185.951073
101298.640388
101380.644634
101410.814226
101416.074046
101417.216546
101418.07387
101418.784685
101419.368392
101419.841851
101420.219562
101420.514233
101420.737441
101420.900079
101421.012325
101421.085503
101421.11724
101096.64284
101092.085299
101100.6677
101169.531844
101277.341138
101367.801812
101409.76134
101419.380999
101420.7683
101421.504909
101422.116501
101422.619933
101423.029064
101423.355912
101423.611076
101423.804396
101423.945136
101424.04227
101424.104847
101424.133006
101105.439426
101092.201161
101094.533895
101154.46738
101256.49454
101352.737724
101406.756713
101422.938449
101425.31364
101425.931159
101426.420613
101426.82432
101427.152624
101427.41481
101427.619008
101427.772935
101427.884219
101427.960311
101428.008913
101428.030692
101113.067839
101093.806765
101094.431728
101138.215468
101232.005629
101333.058801
101399.984275
101425.471627
101430.415964
101431.086346
101431.44985
101431.748883
101431.991651
101432.184787
101432.333936
101432.444568
101432.522489
101432.573951
101432.606027
101432.619202
101119.947127
101095.04892
101096.172326
101122.696367
101203.333208
101306.669629
101387.124004
101425.248964
101435.274333
101436.675777
101436.95273
101437.149947
101437.309245
101437.434481
101437.528685
101437.594955
101437.637148
101437.66062
101437.672423
101437.674332
101125.615196
101097.16569
101097.189692
101102.863359
101168.189988
101272.523228
101366.883684
101420.511658
101438.690462
101442.258085
101442.681802
101442.784276
101442.859889
101442.916699
101442.954285
101442.972734
101442.974809
101442.964716
101442.952928
101442.937697
101130.277532
101098.381922
101099.058299
101099.056148
101141.480343
101236.881781
101340.492214
101410.00145
101439.277062
101446.975419
101448.257057
101448.350138
101448.340666
101448.325935
101448.303098
101448.27082
101448.230131
101448.190554
101448.15976
101448.116183
101135.665984
101099.875281
101099.168818
101100.170328
101123.74112
101205.728576
101312.111232
101394.609896
101436.147133
101449.879388
101453.060061
101453.450374
101453.383537
101453.306654
101453.237773
101453.16758
101453.097523
101453.036376
101452.984498
101452.908648
101143.169996
101099.76313
101099.911077
101099.132902
101100.987819
101173.854626
101283.626729
101376.674217
101429.624221
101450.466989
101456.458697
101457.645303
101457.629472
101457.507259
101457.398135
101457.298248
101457.211399
101457.134034
101457.063421
101456.953233
101153.964056
101099.28417
101097.789432
101098.557412
101098.071295
101152.643449
101256.854055
101356.775798
101420.030249
101448.439523
101457.948066
101460.372368
101460.585129
101460.420609
101460.275303
101460.165003
101460.078927
101460.00683
101459.943707
101459.795558
101169.698559
101097.040828
101096.384442
101094.46254
101095.422677
101131.95643
101227.91248
101332.533802
101405.699917
101442.632085
101456.745609
101460.977847
101461.766783
101461.682747
101461.575473
101461.52753
101461.528638
101461.559596
101461.562483
101461.400237
101193.639498
101099.485122
101091.888136
101091.744863
101089.89656
101093.012678
101180.954861
101292.76841
101378.945924
101428.278412
101450.40318
101458.512267
101460.931754
101461.306287
101460.715389
101459.04184
101457.71849
101460.220538
101462.039434
101461.972291
101226.863812
101122.173897
101089.021118
101086.272321
101086.45363
101084.660644
101118.658911
101216.43798
101318.21044
101389.012604
101428.372779
101447.133256
101454.766033
101456.428736
101451.751509
101416.511564
101360.943441
101392.150666
101451.044133
101460.42836
101259.996022
101175.555308
101092.395586
101084.562658
101081.830472
101082.426613
101080.861429
101115.024663
101196.902408
101284.430273
101350.735806
101392.714934
101411.600574
101425.740391
101411.162864
101248.761382
100948.544241
100994.128165
101314.11989
101458.674298
101269.031287
101237.483136
101140.690533
101083.04471
101082.865249
101080.89273
101081.629778
101080.466824
101088.580064
101127.558862
101183.145358
101231.881432
101281.627128
101313.551629
101176.716706
100836.190692
100833.842103
100832.286329
101093.11352
101457.665547
101267.283365
101263.206087
101216.213379
101135.293972
101083.735423
101084.24635
101083.135203
101084.415129
101083.745845
101084.70806
101087.267529
101115.32136
101177.790259
101085.541707
100834.50005
100836.243609
100833.731633
100836.377594
101034.09598
101459.494348
101257.045011
101265.017022
101266.886065
101224.132855
101147.012474
101091.780925
101088.059129
101087.515014
101089.089353
101089.093688
101090.566635
101124.575744
101122.972523
100918.93033
100838.883829
100835.828888
100838.829494
100837.203139
101035.611285
101469.862222
101235.762199
101258.847965
101275.939322
101277.474414
101241.099961
101167.906784
101104.203382
101093.173908
101093.144132
101094.608012
101102.864034
101155.167311
101119.711736
100872.744438
100837.750433
100841.171801
100838.645857
100841.326687
101068.709697
101486.012555
101216.60143
101243.011312
101280.874152
101293.11817
101291.229511
101260.160191
101186.670841
101112.148007
101099.025264
101099.482214
101117.959686
101189.305796
101138.47057
100868.392299
100843.459651
100840.322029
100843.503006
100843.276233
101110.553981
101501.171077
101203.493437
101233.493414
101283.930062
101301.171377
101302.687519
101303.602805
101273.499663
101187.97563
101108.669136
101105.21369
101134.275101
101224.275222
101166.24869
100877.922118
100842.116025
100845.565186
100844.543879
100884.481678
101161.719249
101514.764191
101196.579139
101239.021703
101293.604163
101309.699047
101310.963408
101312.387932
101312.847095
101262.301556
101151.867669
101112.150041
101157.869206
101266.236846
101198.756603
100886.619148
100847.49643
100845.644459
100847.559096
100949.326091
101218.69838
101527.47196
101200.671474
101251.802874
101306.981913
101318.251401
101319.477111
101320.360954
101321.56144
101297.140994
101193.467178
101143.8709
101202.752371
101318.623668
101229.966684
100889.793923
100846.661595
100849.009638
100883.046308
101021.915141
101276.486586
101539.503789
101212.213013
101272.975315
101322.031326
101326.520649
101327.299985
101328.426861
101328.939959
101309.697632
101222.602457
101205.201421
101275.628509
101333.159545
101252.872208
100888.853556
100849.982143
100849.71479
100945.535808
101094.245739
101329.895636
101550.579147
101233.379783
101301.389443
101333.143485
101333.960281
101334.868325
101335.275686
101336.204478
101318.363643
101262.614393
101279.072579
101338.987291
101338.947029
101251.364617
100875.235782
100849.703068
100879.908755
101009.877205
101162.564679
101376.739025
101560.572823
101266.680879
101328.365375
101340.183366
101340.665607
101340.975786
101341.774515
101341.956909
101326.822191
101313.20012
101342.503739
101345.012574
101346.542279
101220.629943
100859.860176
100854.656887
100937.34235
101079.133716
101232.329616
101421.281612
101569.785632
101306.076767
101344.458323
101345.815326
101345.954439
101346.523148
101346.601117
101345.156719
101335.638977
101345.333231
101349.410555
101351.218345
101348.749708
101146.492801
100858.874263
100890.196974
101005.053201
101158.271158
101307.304171
101468.010025
101578.180366
101338.758486
101350.181213
101350.036619
101350.34143
101350.305561
101350.815056
101347.265972
101345.760296
101352.793119
101353.995011
101353.214806
101354.044716
101015.408069
100868.892733
100946.003659
101083.508924
101247.453174
101383.623928
101513.378136
101584.938173
101352.769445
101352.91946
101352.918608
101352.763508
101353.152447
101352.733045
101351.019887
101354.788768
101355.913033
101355.834343
101357.261143
101193.085164
100918.618488
100907.980809
101010.060318
101174.552502
101336.970248
101449.925677
101546.526675
101589.027235
101354.42815
101354.247303
101353.965633
101354.056081
101353.712391
101353.722033
101354.3156
101354.516182
101353.061245
101305.973961
101145.24532
100920.800662
100902.718849
100943.856734
101080.026523
101267.292116
101414.000317
101494.896527
101557.896164
101590.657076
101354.708515
101354.542263
101354.483436
101353.805143
101353.513122
101352.53807
101347.943236
101289.732146
101160.216749
101006.522655
100872.098335
100851.848003
100888.226632
100968.602957
101150.761861
101344.685474
101475.693634
101518.170638
101555.490336
101591.801789
101355.104726
101355.256633
101354.733661
101354.317143
101352.930508
101339.872956
101212.618439
101014.87534
100898.477259
100849.64235
100848.270869
100848.129131
100874.254758
101005.052147
101229.152142
101409.591002
101525.061147
101533.221006
101544.887706
101594.712595
101356.723737
101356.7857
101356.701996
101355.520915
101336.409822
101164.140672
100922.403024
100854.250631
100846.535046
100847.400448
100847.06223
100848.322631
100889.201928
101084.887071
101320.704096
101471.793137
101561.096601
101543.311742
101525.59231
101599.662607
101359.817728
101360.305028
101359.718112
101341.358042
101158.686336
100896.112296
100846.882604
100847.197031
100847.825525
100847.919503
100848.71859
100856.855442
100968.944049
101209.96936
101418.047505
101531.837596
101591.534323
101538.077541
101495.617722
101605.846527
101364.797666
101364.887283
101353.14348
101199.779431
100928.925673
100848.188577
100848.422979
100849.02752
100850.94024
100855.474903
100872.734799
100934.960904
101120.311154
101352.644213
101509.184829
101584.719715
101615.44357
101512.475256
101459.9845
101612.859122
101370.637427
101366.983324
101259.960639
101011.981439
100881.788755
100849.915991
100856.933382
100876.494635
100897.745199
100921.474124
100977.540883
101097.311272
101301.170589
101484.628847
101584.547571
101621.979441
101630.143194
101487.706547
101423.31296
101620.404239
101377.384681
101317.899863
101116.94022
100963.793825
100895.061691
100875.884125
100900.89875
100964.830066
101020.482932
101068.485441
101154.984579
101297.675008
101471.331962
101587.696625
101631.26231
101639.528724
101640.019848
101487.487212
101379.616139
101626.54346
101354.535456
101221.788237
101062.123194
100975.448863
100931.315774
100928.182596
100971.440684
101080.968507
101180.324522
101259.772248
101357.856268
101486.809009
101597.702631
101641.271228
101648.299053
101648.584813
101648.524996
101517.017611
101323.232416
101626.12137
101281.95938
101147.038773
101069.23788
101007.859704
100981.605353
100981.97123
101023.158333
101125.3944
101251.98642
101422.542734
101532.725058
101616.314026
101651.004784
101655.858451
101656.067716
101656.085492
101656.119931
101595.827352
101247.624061
101609.166868
101208.631573
101130.938129
101093.876377
101055.674909
101032.961392
101024.736162
101047.405707
101119.059835
101242.817583
101478.024843
101623.858626
101659.56598
101662.734152
101662.983136
101663.136633
101663.257875
101663.353873
101657.534058
101117.416068
101572.815367
101169.02934
101135.231287
101127.035918
101103.555633
101080.146209
101061.38305
101064.167593
101101.459343
101213.437303
101495.44957
101652.116087
101669.946107
101670.407369
101670.622666
101670.799049
101670.927699
101670.998336
101666.938253
101078.338975
101558.59065
101154.380763
101139.250076
101143.281702
101141.669725
101122.005829
101098.812802
101085.597364
101095.998216
101211.967238
101521.977925
101666.990833
101678.357344
101678.660829
101678.860211
101679.025469
101679.145975
101679.200554
101663.958311
101079.46287
101583.856467
101151.998683
101140.722267
101144.646638
101167.922815
101158.321927
101139.441605
101116.414862
101105.683305
101242.891595
101566.27195
101679.888921
101686.578325
101686.877127
101687.114944
101687.311951
101687.461395
101687.513969
101599.315768
101079.806064
101645.505021
101152.368926
101141.321855
101142.109784
101178.58823
101189.139351
101178.999335
101157.399081
101145.23071
101328.471123
101620.059094
101690.989211
101694.453157
101694.8437
101695.172508
101695.427761
101695.572008
101694.854807
101352.15592
101079.235774
101685.299307
101153.58638
101140.854929
101142.062403
101177.02612
101214.266091
101214.060999
101204.664199
101225.242839
101452.881611
101665.034746
101700.210959
101702.176847
101702.790507
101703.30735
101703.702341
101703.849939
101665.979585
101050.684902
101080.910417
101698.124364
101160.681296
101139.916069
101141.415561
101159.125751
101218.978754
101244.6779
101258.241547
101339.938141
101569.356828
101692.431402
101708.231739
101710.074943
101711.039229
101711.867061
101712.506753
101711.464881
101333.055923
101046.891323
101235.316723
101708.544678
101182.593567
101139.259775
101141.26959
101142.826657
101210.000138
101270.881288
101325.445202
101460.271256
101641.945466
101706.998172
101716.292083
101718.364769
101719.586349
101720.570629
101721.11838
101641.696368
101047.803713
101049.195216
101392.270888
101718.003374
101225.179884
101140.765787
101142.036329
101144.436979
101195.961992
101295.322129
101398.312857
101545.126203
101674.177169
101716.46542
101725.556586
101728.053319
101729.621158
101730.761697
101726.409137
101243.284193
101052.063077
101052.689532
101472.459355
101727.730133
101278.09206
101151.655953
101144.975763
101147.343548
101198.568523
101323.852621
101460.089127
101591.353016
101685.43062
101726.541949
101736.64754
101739.814418
101741.76339
101742.736879
101581.124635
101054.465357
101056.535461
101097.181952
101520.449137
101738.260647
101320.757787
101174.515657
101149.560937
101154.892433
101217.228247
101362.320067
101504.886036
101606.142048
101692.545119
101737.30612
101750.093947
101753.811421
101755.080131
101715.453894
101149.39684
101061.505015
101089.247998
101217.561395
101558.78459
101749.853154
101345.079089
101203.50959
101166.001692
101186.906392
101269.632048
101415.839948
101538.860911
101615.074551
101690.727456
101745.860938
101766.784237
101769.207052
101740.350017
101310.450653
101121.802756
101121.635658
101208.186829
101310.37451
101586.303919
101759.385122
101355.99324
101240.918687
101223.382802
101264.674318
101362.038409
101468.56046
101552.639664
101606.32265
101649.576152
101709.464457
101746.841722
101686.769435
101355.27069
101097.720151
101144.559536
101231.530401
101288.520048
101356.779415
101592.133452
101760.278389
101360.837751
101306.198636
101323.214988
101363.523432
101407.143067
101452.953715
101475.813454
101447.058687
101374.788316
101354.751956
101332.457927
101148.43019
101007.727688
101077.117674
101166.294689
101246.307568
101304.881411
101367.069914
101568.565232
101747.364868
101384.853982
101382.228166
101362.203407
101318.315368
101270.370061
101197.214438
101098.52631
100977.990522
100855.187488
100793.821007
100756.22315
100735.58988
100834.859605
100990.899573
101099.337982
101206.2132
101298.326391
101368.560258
101536.224222
101731.677105
101401.519434
101323.911418
101142.978613
100948.560644
100880.805419
100835.612664
100790.647214
100722.942588
100660.119391
100640.646376
100639.956624
100639.980736
100748.057449
100891.878405
101033.436897
101177.530577
101305.503045
101393.430725
101535.096093
101728.726172
101228.672735
100906.729019
100686.323927
100624.94019
100667.012328
100759.393002
100801.63161
100767.521877
100687.934123
100643.175264
100642.370215
100648.892202
100739.753856
100872.225194
101029.340842
101192.954585
101337.471096
101433.849272
101558.472016
101735.330811
100736.562787
100620.532766
100613.889232
100620.875871
100622.805373
100823.880329
100961.373306
100957.107571
100802.850468
100672.212597
100644.890328
100675.536967
100752.186895
100885.567673
101058.970978
101241.174707
101388.301781
101478.027592
101588.322642
101746.097635
100622.317096
100613.946453
100622.576404
100614.937723
100622.982587
100900.414416
101143.399621
101175.654992
100976.604769
100728.336569
100661.718629
100707.126796
100781.860034
100922.680485
101117.243571
101312.178736
101446.811864
101518.133331
101616.104209
101758.265557
100616.845242
100624.662165
100616.266825
100624.721174
100626.915087
100932.224617
101200.620125
101308.191651
101167.833063
100820.389472
100696.07634
100745.433717
100824.179483
100979.932981
101199.305597
101397.979914
101502.927375
101548.159695
101640.652711
101770.308712
100626.950853
100619.164714
100627.01511
100623.675319
100668.475771
100958.731528
101214.803888
101387.540129
101316.421587
100929.888677
100735.281047
100788.35578
100872.297285
101049.250425
101295.424877
101487.133583
101543.652434
101559.842203
101663.638237
101781.339708
100622.399468
100629.405555
100625.545741
100629.407376
100759.418372
101007.452624
101252.247809
101448.905376
101403.288779
101011.372182
100775.815391
100830.750202
100920.5929
101122.510431
101391.288298
101562.062045
101565.65916
101565.960522
101692.970268
101791.180377
100631.963099
100628.194878
100632.001429
100665.148762
100863.088717
101094.971557
101330.086928
101480.429141
101429.332868
101046.776059
100814.997745
100871.575323
100965.738025
101195.688814
101480.697958
101611.917434
101579.964854
101572.770609
101745.183165
101799.972561
100631.874759
100634.636104
100644.563997
100767.972363
100984.48967
101219.348627
101429.81189
101489.61567
101429.651254
101043.083597
100850.261983
100910.49923
101005.680873
101272.275445
101566.998451
101647.914456
101590.94466
101581.648229
101796.787587
101808.247486
100637.387922
100652.943224
100732.2762
100917.293222
101140.449137
101364.970223
101494.280321
101496.756322
101398.685847
101005.580377
100883.399988
100945.922862
101034.896436
101355.541724
101646.377935
101679.978641
101608.913056
101608.857927
101815.18287
101815.996578
100701.304957
100761.711852
100907.450829
101108.234468
101322.962629
101483.860928
101504.867523
101502.602347
101331.824563
100961.480177
100915.715074
100975.501573
101047.339881
101444.608442
101710.813987
101717.941977
101653.350406
101638.591918
101813.889934
101822.966769
100881.067783
100973.172375
101139.658354
101319.761663
101473.88014
101511.479041
101509.179855
101503.023681
101243.582595
100951.55423
100945.485718
100999.9039
101050.062357
101523.66092
101755.72106
101762.396492
101720.147588
101687.947576
101808.279051
101829.077901
101105.026026
101206.55825
101349.864933
101471.634845
101513.712765
101511.757464
101509.570223
101491.571657
101177.056539
100950.437523
100975.685773
101026.040575
101012.104957
101573.259079
101787.13088
101801.622018
101781.737275
101756.761636
101816.181939
101834.214937
101207.045049
101316.967165
101428.762927
101508.108568
101510.017761
101509.589541
101509.512695
101481.199676
101146.796487
100948.100057
101011.180063
101066.974736
100973.453153
101564.529393
101810.606198
101823.690637
101813.411239
101794.315214
101824.303382
101838.298605
101199.226253
101314.568332
101425.791839
101506.313566
101506.976557
101508.231823
101507.407739
101479.173424
101136.967143
100956.877001
101061.595521
101125.921642
100971.962297
101419.721463
101816.900416
101831.569215
101821.159714
101801.597787
101829.1372
101841.470737
101176.779926
101295.706113
101414.034134
101504.813147
101506.186229
101506.488157
101508.483371
101477.068139
101139.500624
101008.156715
101131.292309
101169.743742
100964.93654
101040.300942
101792.752645
101834.635829
101826.721358
101805.472966
101831.04467
101844.214709
101163.83099
101272.087785
101400.908473
101504.912902
101505.530541
101507.837844
101506.767009
101478.406275
101150.334391
101082.540807
101206.55217
101166.218291
100964.269417
100960.555592
101640.770063
101837.628516
101837.200383
101814.539583
101830.489396
101847.370128
101174.092944
101271.271143
101401.55267
101505.70963
101507.359947
101507.207884
101510.467713
101482.533083
101163.352606
101130.553201
101251.064184
101168.221391
100958.020317
100960.464118
101478.780958
101841.555414
101841.622838
101828.37835
101832.00002
101851.302524
101221.89022
101292.021325
101417.291839
101507.960635
101508.15736
101510.811779
101508.991835
101495.890141
101173.444072
101138.737815
101252.272188
101202.433868
100958.401057
100955.372748
101412.351529
101845.549455
101846.214849
101845.16507
101832.086466
101856.008777
101300.709464
101346.258982
101456.560956
101510.804973
101512.353556
101511.556435
101514.904456
101504.717723
101187.648492
101131.762188
101247.093238
101239.798341
100969.690284
100956.584177
101321.287215
101845.16908
101851.617322
101851.88234
101753.180169
101861.479057
101380.543526
101412.1954
101497.62327
101515.522659
101515.308188
101517.91092
101515.324404
101516.922264
101203.450572
101098.198924
101186.234815
101203.610975
101043.590355
100954.169335
101158.96132
101808.625177
101858.623688
101859.06111
101380.126152
101866.279055
101445.876667
101466.778052
101518.110908
101520.823404
101522.437171
101521.085579
101524.012235
101518.908131
101178.748269
101001.778696
101056.879983
101090.080825
101098.945007
101131.689689
101142.193399
101436.18864
101799.846231
101822.622928
101383.812461
101871.013063
101495.566733
101506.546491
101527.855802
101528.774493
101528.46754
101530.9749
101527.845719
101483.212256
101025.091586
100944.155967
100948.142036
101019.889109
101178.856804
101341.630808
101265.389491
100956.114696
101167.216547
101369.375993
101436.70569
101874.270839
101529.304758
101531.14036
101536.535021
101536.947685
101539.226006
101536.940423
101538.400362
101282.191394
100944.824787
100947.857001
100948.133748
101075.396645
101339.943187
101345.544921
101100.850252
100711.959214
100713.35682
100719.359555
101495.379185
101879.484445
101545.286189
101544.851189
101545.628933
101547.50693
101546.530351
101548.21436
101462.970221
100988.085799
100950.488729
100951.029208
101031.223384
101280.458328
101347.784143
101140.518093
100712.70016
100714.561264
100710.570739
100714.435954
101453.68163
101888.36427
101552.824498
101553.497775
101554.611558
101554.771237
101556.642783
101512.658367
101080.409186
100953.386949
100954.494409
101047.628771
101270.205049
101446.120278
101239.511726
100714.232547
100715.555843
100713.772506
100715.514434
100711.342596
101435.721266
101897.019318
101553.550333
101560.504593
101561.102945
101562.841353
101521.02914
101139.234473
100954.890867
100956.713135
101061.333428
101300.233058
101562.205516
101448.151851
100802.675097
100716.73508
100715.532194
100753.299375
100758.967204
100717.292262
101546.396656
101907.352868
101543.963144
101565.188328
101566.011246
101504.203055
101172.310012
100959.426643
100957.522537
101058.669937
101307.851939
101565.244253
101684.83537
101326.335766
100716.928468
100715.34742
100717.288298
100902.479227
100969.590828
100849.587503
101740.026577
101916.98339
101517.445685
101529.155334
101472.384735
101207.767726
100962.495565
100960.625419
101022.626235
101271.606654
101566.275813
101750.977821
101747.786662
101374.709874
100838.856817
100734.241947
100756.500299
101000.238359
101148.783528
101100.136706
101830.537012
101925.349629
101467.212767
101401.709795
101222.19209
101002.394513
100960.490131
100987.455337
101176.018922
101487.705305
101739.954278
101858.452549
101848.472285
101635.072236
101229.733279
100977.924567
100932.477401
101057.876777
101160.297539
101193.030356
101823.581058
101931.648415
101382.895129
101209.905736
101026.195088
100965.873021
100964.232291
101083.096456
101363.096041
101656.856205
101840.768495
101911.374845
101919.150702
101877.792695
101714.439859
101444.370335
101261.697843
101202.379515
101198.740751
101193.54302
101795.932574
101934.960935
101265.504236
101055.494982
100944.683997
100953.925258
100988.007949
101185.082623
101509.10962
101772.444533
101894.266609
101925.669168
101930.155368
101929.700618
101915.5431
101834.796197
101661.061482
101469.056508
101313.183947
101213.356235
101757.49405
101934.764676
101150.495454
100973.470681
100934.300817
100939.089337
100990.708307
101192.560438
101527.09915
101795.823354
101905.170809
101926.556413
101927.199549
101927.720157
101929.058986
101926.424674
101892.828281
101766.940685
101505.760597
101288.082844
101720.686382
101932.32541
101094.705665
100941.461585
100929.161884
100929.389438
100979.909858
101173.052051
101509.448756
101787.693684
101904.072044
101927.332091
101927.044856
101926.70225
101927.349953
101928.7859
101928.373501
101896.265535
101669.572208
101386.270043
101714.860154
101930.206565
101095.678407
100937.457252
100927.374424
100926.004932
100961.198981
101133.941907
101457.148656
101754.753164
101897.541653
101930.53999
101930.798857
101930.185609
101930.083762
101930.937345
101932.084138
101909.923106
101673.498826
101467.952228
101762.873829
101931.023042
101156.883767
100965.969169
100925.054886
100925.007792
100953.994028
101114.599708
101389.60337
101686.480685
101872.423839
101932.883212
101937.667141
101937.213456
101937.189579
101937.575204
101938.053979
101841.228606
101612.591313
101592.960073
101851.341386
101935.30763
101308.668365
101095.318887
100973.586175
100953.89389
100988.20865
101136.377999
101386.614641
101626.034883
101825.58049
101925.671431
101945.848784
101946.206319
101946.427012
101947.149808
101865.484722
101532.540212
101552.958718
101792.324811
101906.813596
101942.30187
101483.895524
101357.446162
101190.213652
101103.660086
101126.21062
101236.569535
101419.192843
101572.624155
101713.688836
101837.813361
101910.986135
101933.414007
101931.522224
101798.392
101296.932392
101335.329384
101738.162426
101910.340021
101929.002842
101950.47653
)
;

boundaryField
{
    emptyPatch
    {
        type            empty;
    }
    minY
    {
        type            zeroGradient;
    }
    maxY
    {
        type            prghTotalPressure;
        U               U.gas;
        p0              uniform 100000;
        value           nonuniform List<scalar> 
40
(
100533.01023
100512.034782
100546.135345
100563.658723
100580.384598
100611.809628
100646.800034
100657.148311
100617.839722
100540.039565
100484.827259
100464.662281
100483.794516
100568.107747
100715.567079
100926.471096
101150.620033
101340.710587
101468.854018
101515.729065
101487.24888
101359.9788
101192.381885
101105.682088
101128.134768
101238.441119
101420.999443
101574.338623
101715.466621
101839.721441
101912.904349
101935.098555
101932.864661
101803.341965
101304.632325
101339.793201
101741.193427
101913.393648
101932.553028
101941.892151
)
;
    }
    maxX
    {
        type            fixedFluxPressure;
        gradient        uniform 0;
        value           nonuniform List<scalar> 
150
(
101381.116955
101376.568334
101375.537197
101375.075395
101374.79098
101374.631334
101374.557913
101374.557353
101374.622986
101374.750423
101374.935565
101375.174653
101375.46562
101375.809899
101376.214329
101376.691856
101377.26053
101377.940054
101378.746716
101379.687681
101380.756763
101381.932744
101383.181071
101384.457808
101385.714931
101386.905178
101387.986049
101388.922574
101389.690067
101390.277767
101390.694153
101390.973065
101391.178691
101391.406667
101391.778436
101392.427737
101393.480581
101395.034403
101397.14148
101399.801704
101402.96348
101406.528197
101410.358476
101414.286989
101418.122257
101421.662616
101424.70352
101427.061024
101428.583908
101429.185183
101428.853921
101427.679667
101425.851698
101423.656002
101421.446382
101419.597429
101418.448517
101418.246924
101419.130415
101421.11724
101424.133006
101428.030692
101432.619202
101437.674332
101442.937697
101448.116183
101452.908648
101456.953233
101459.795558
101461.400237
101461.972291
101460.42836
101458.674298
101457.665547
101459.494348
101469.862222
101486.012555
101501.171077
101514.764191
101527.47196
101539.503789
101550.579147
101560.572823
101569.785632
101578.180366
101584.938173
101589.027235
101590.657076
101591.801789
101594.712595
101599.662607
101605.846527
101612.859122
101620.404239
101626.54346
101626.12137
101609.166868
101572.815367
101558.59065
101583.856467
101645.505021
101685.299307
101698.124364
101708.544678
101718.003374
101727.730133
101738.260647
101749.853154
101759.385122
101760.278389
101747.364868
101731.677105
101728.726172
101735.330811
101746.097635
101758.265557
101770.308712
101781.339708
101791.180377
101799.972561
101808.247486
101815.996578
101822.966769
101829.077901
101834.214937
101838.298605
101841.470737
101844.214709
101847.370128
101851.302524
101856.008777
101861.479057
101866.279055
101871.013063
101874.270839
101879.484445
101888.36427
101897.019318
101907.352868
101916.98339
101925.349629
101931.648415
101934.960935
101934.764676
101932.32541
101930.206565
101931.023042
101935.30763
101942.30187
101950.47653
)
;
    }
    water_to_heater
    {
        type            fixedFluxPressure;
        gradient        uniform 0;
        value           nonuniform List<scalar> 
240
(
101382.491686
101365.604769
101365.604769
101353.568762
101353.568762
101344.121049
101344.121049
101335.64371
101328.865969
101320.598681
101320.598681
101313.982681
101313.982681
101305.447103
101305.447103
101299.36301
101293.031232
101288.637833
101288.637833
101283.663557
101283.663557
101277.731098
101277.731098
101271.230819
101262.642392
101256.00028
101256.00028
101244.79209
101244.79209
101226.283043
101226.283043
101205.219142
101199.617886
101196.645468
101196.645468
101194.005706
101194.005706
101190.075031
101190.075031
101187.342392
101183.325856
101180.314185
101180.314185
101175.370522
101175.370522
101170.94037
101170.94037
101164.393016
101159.16964
101160.09551
101160.09551
101169.219278
101169.219278
101168.178956
101168.178956
101129.217632
101052.474833
100999.427747
100999.427747
101001.99777
101001.99777
101001.063022
101001.063022
101005.632765
101004.988883
101009.886165
101009.886165
101009.59302
101009.59302
101013.918598
101013.918598
101014.410449
101017.691463
101018.615717
101018.615717
101019.929878
101019.929878
101020.72558
101020.72558
101022.259356
101028.786435
101074.066563
101074.066563
101144.802803
101144.802803
101107.023297
101107.023297
100942.439388
100802.345338
100736.920731
100736.920731
100737.648229
100737.648229
100736.768388
100736.768388
100740.051631
100739.21491
100742.958335
100742.958335
100742.817551
100742.817551
100746.199187
100746.199187
100746.698406
100749.425286
100750.783397
100750.783397
100755.010816
100755.010816
100766.672341
100766.672341
100794.844714
100833.520927
100886.580049
100886.580049
100942.381208
100942.381208
100953.554552
100953.554552
100891.127038
100802.173381
100716.155805
100716.155805
100704.156668
100704.156668
100705.016877
100705.016877
100708.43125
100710.138756
100713.473602
100713.473602
100715.142304
100715.142304
100718.600023
100718.600023
100725.832461
100771.063115
100840.323817
100840.323817
100887.826258
100887.826258
100871.008742
100871.008742
100790.129433
100675.911897
100619.161541
100619.161541
100620.998316
100620.998316
100621.726446
100621.726446
100624.445672
100625.713888
100639.974762
100639.974762
100656.224607
100656.224607
100664.414067
100664.414067
100670.955537
100687.459055
100732.891178
100732.891178
100803.851353
100803.851353
100843.591244
100843.591244
100789.598407
100675.853992
100531.963068
100531.963068
100475.871733
100475.871733
100474.889621
100474.889621
100475.705783
100466.589348
100458.412221
100458.412221
100459.645503
100459.645503
100456.432113
100456.432113
100457.835561
100452.475118
100456.247391
100456.247391
100453.620395
100453.620395
100456.935757
100456.935757
100494.494496
100565.75709
100658.224085
100658.224085
100788.024402
100788.024402
100977.086935
100977.086935
101100.548925
100977.500269
100744.13609
100744.13609
100561.310879
100561.310879
100490.986699
100490.986699
100457.453186
100401.49476
100366.446713
100366.446713
100364.717062
100364.717062
100368.369931
100368.369931
100367.959426
100371.406208
100371.694378
100371.694378
100375.24493
100375.24493
100376.101327
100376.101327
100380.046021
100390.425154
100394.56812
100394.56812
100400.893942
100400.893942
100415.624346
100415.624346
100509.936596
100681.58538
100804.855335
100804.855335
100763.905687
100763.905687
100660.527584
100660.527584
100531.637156
)
;
    }
}


// ************************************************************************* //
