/*--------------------------------*- C++ -*----------------------------------*\
| =========                 |                                                 |
| \\      /  F ield         | OpenFOAM: The Open Source CFD Toolbox           |
|  \\    /   O peration     | Version:  2312                                  |
|   \\  /    A nd           | Website:  www.openfoam.com                      |
|    \\/     M anipulation  |                                                 |
\*---------------------------------------------------------------------------*/
FoamFile
{
    version     2.0;
    format      ascii;
    arch        "LSB;label=32;scalar=64";
    class       volScalarField;
    location    "30";
    object      p_rgh;
}
// * * * * * * * * * * * * * * * * * * * * * * * * * * * * * * * * * * * * * //

dimensions      [1 -1 -2 0 0 0 0];

internalField   nonuniform List<scalar> 
1875
(
107213
107193
107149
107117
107089
107067
107051
107039
107030
107025
107022
107022
107027
107036
107050
107068
107089
107110
107128
107141
107143
107139
107135
107138
107145
107099
107081
107053
107035
107020
107009
107002
106995
106988
106983
106977
106971
106969
106973
106984
106995
107013
107036
107065
107086
107091
107077
107069
107063
107086
107058
107037
107012
107002
106997
107000
107002
107002
107002
107001
106997
106988
106980
106976
106976
106988
107013
107043
107084
107114
107126
107115
107096
107093
107120
107074
107026
106963
106950
106938
106941
106945
106946
106951
106956
106954
106944
106935
106933
106948
106972
106996
107034
107082
107114
107125
107111
107084
107086
107116
107120
107030
106955
106947
106942
106952
106954
106948
106942
106948
106951
106948
106953
106963
106976
107008
107046
107092
107128
107144
107144
107127
107087
107095
107121
107184
107106
106988
106961
106948
106942
106941
106946
106950
106954
106959
106967
106983
107006
107036
107076
107114
107142
107153
107153
107152
107129
107089
107095
107119
107237
107143
107011
106977
106967
106971
106978
106985
106992
107000
107013
107032
107057
107085
107116
107141
107153
107157
107157
107158
107152
107128
107104
107105
107124
107235
107141
106990
106950
106939
106964
106986
107003
107021
107040
107063
107087
107111
107130
107141
107145
107149
107151
107154
107155
107149
107134
107122
107101
107115
107234
107139
106968
106917
106916
106973
107013
107043
107068
107090
107108
107120
107128
107133
107137
107142
107145
107150
107151
107153
107152
107148
107137
107113
107108
107209
107133
106945
106872
106870
106962
107025
107060
107082
107093
107101
107107
107114
107120
107127
107131
107139
107140
107145
107146
107148
107150
107135
107122
107104
107202
107133
106943
106828
106807
106900
106982
107027
107055
107071
107081
107091
107101
107109
107116
107124
107127
107134
107135
107140
107142
107135
107114
107117
107104
107186
107144
106974
106808
106767
106801
106893
106966
107015
107043
107060
107074
107087
107102
107112
107115
107124
107126
107133
107135
107128
107110
107108
107115
107104
107183
107159
107027
106838
106746
106736
106785
106877
106963
107020
107047
107058
107064
107079
107108
107119
107120
107129
107129
107122
107093
107087
107106
107127
107115
107085
107105
107032
106872
106736
106717
106738
106825
106931
107005
107036
107039
107021
107018
107076
107115
107127
107126
107129
107069
107031
107026
107068
107107
107114
107016
106998
106988
106854
106713
106698
106732
106827
106933
107000
107016
107000
106966
106945
107020
107126
107126
107136
107130
107029
106945
106911
106958
107051
107105
106979
106937
106974
106851
106700
106684
106746
106853
106941
106980
106938
106857
106851
106850
106939
107108
107141
107138
107143
107057
106922
106901
106898
106976
107124
106966
106893
107001
106892
106721
106687
106736
106842
106920
106905
106761
106725
106728
106773
106849
106986
107151
107164
107160
107116
106993
106916
106912
106941
107151
106957
106835
106944
106885
106761
106709
106736
106810
106849
106796
106728
106730
106748
106787
106812
106870
107046
107177
107183
107160
107059
106945
106925
106958
107173
106983
106829
106816
106838
106799
106751
106754
106774
106778
106758
106749
106762
106796
106842
106854
106867
106950
107147
107205
107180
107089
106969
106941
106986
107194
107027
106867
106842
106870
106849
106827
106813
106809
106804
106803
106826
106866
106875
106874
106886
106913
106979
107100
107205
107184
107099
106982
106951
107003
107215
107066
106921
106892
106939
106912
106900
106879
106847
106828
106840
106890
106929
106930
106916
106906
106937
107014
107104
107178
107172
107107
107000
106960
107019
107243
107124
107028
106949
106977
106968
106950
106922
106884
106846
106839
106866
106918
106930
106919
106906
106905
106949
107060
107151
107179
107143
107035
106970
107049
107276
107185
107164
107073
107009
106985
106965
106941
106913
106875
106845
106842
106875
106941
106950
106932
106917
106918
106971
107138
107208
107213
107127
107017
107103
107303
107241
107221
107159
107060
106997
106969
106949
106931
106906
106876
106869
106886
106939
106977
106972
106948
106936
106941
107033
107228
107249
107208
107096
107186
107328
107267
107223
107152
107087
107060
107034
107018
107002
106982
106953
106937
106943
106970
107012
107037
107028
107008
106959
106977
107167
107272
107229
107164
107293
107349
107277
107189
107153
107140
107164
107165
107150
107135
107112
107076
107046
107025
107027
107047
107063
107062
107038
106961
106988
107151
107267
107219
107281
107357
107355
107279
107174
107163
107209
107229
107204
107164
107151
107151
107150
107142
107127
107126
107118
107051
106900
106857
106858
106979
107125
107190
107214
107316
107351
107351
107294
107213
107229
107258
107240
107135
107050
107044
107107
107138
107119
107071
107018
106950
106888
106863
106867
106908
107024
107101
107136
107199
107300
107350
107353
107303
107288
107297
107268
107031
106834
106824
106936
107026
107044
106983
106931
106906
106897
106899
106911
106941
106992
107060
107106
107147
107199
107269
107353
107360
107333
107325
107318
107054
106840
106819
106831
106845
106882
106889
106884
106887
106917
106957
106999
107034
107059
107085
107109
107130
107142
107167
107224
107343
107372
107339
107347
107278
106944
106831
106832
106816
106855
106882
106896
106904
106948
107016
107083
107134
107160
107171
107171
107167
107156
107128
107121
107185
107336
107381
107347
107339
107290
106973
106837
106810
106812
106798
106914
106932
106957
107043
107132
107207
107256
107275
107272
107257
107228
107185
107136
107126
107158
107323
107400
107334
107337
107308
107083
106867
106803
106782
106792
106813
106956
106971
107002
107085
107213
107329
107379
107388
107391
107309
107216
107148
107129
107154
107309
107408
107350
107339
107325
107230
107049
106864
106796
106786
106785
106850
106812
106841
106938
107108
107240
107340
107388
107392
107373
107285
107192
107138
107163
107304
107425
107345
107346
107348
107337
107211
106937
106790
106806
106807
106819
106813
106830
106915
106948
106931
107002
107173
107360
107417
107358
107248
107162
107191
107307
107424
107356
107344
107400
107379
107161
106885
106789
106847
106845
106871
106928
106995
106945
106750
106742
106863
107006
107277
107426
107399
107299
107217
107237
107312
107440
107358
107354
107413
107316
107007
106830
106829
106932
107002
107104
107099
107096
107011
106733
106756
106867
107158
107377
107445
107430
107349
107298
107300
107327
107436
107375
107350
107425
107164
106909
106836
106944
107110
107239
107428
107331
106803
106734
106772
106905
107115
107361
107438
107448
107435
107385
107361
107353
107360
107449
107216
107318
107399
107103
106906
106888
107129
107357
107435
107434
107103
106738
106738
106882
107132
107347
107438
107441
107443
107405
107368
107356
107359
107385
107420
107009
107212
107379
107127
106935
106993
107298
107437
107445
107438
106972
106727
106713
107022
107280
107402
107427
107431
107407
107351
107321
107318
107341
107371
107358
106987
107057
107270
107181
107011
107023
107235
107432
107437
107441
107006
106712
106704
106951
107268
107394
107412
107399
107331
107251
107217
107218
107275
107332
107344
106992
107061
107127
107167
107093
107011
107007
107237
107459
107452
107162
106808
106697
106752
107108
107352
107392
107370
107274
107170
107095
107054
107102
107232
107346
107011
107119
107161
107176
107148
107074
106983
106873
107065
107408
107389
107117
106787
106753
106863
107202
107376
107361
107276
107153
107034
106923
106913
107036
107352
107162
107267
107275
107252
107205
107120
106907
106811
106830
107087
107322
107277
107018
106780
106795
107042
107324
107327
107257
107118
106980
106875
106875
106922
107339
107318
107337
107328
107313
107253
107096
106794
106807
106795
106866
107155
107244
107158
106876
106797
106932
107219
107260
107187
107036
106938
106881
106879
106907
107308
107327
107324
107327
107315
107254
106965
106797
106787
106802
106863
107069
107196
107137
106923
106784
106827
107017
107121
107078
106990
106943
106923
106917
106919
107254
107327
107336
107323
107325
107222
106890
106797
106800
106828
106939
107128
107158
107096
106920
106778
106767
106810
106884
106931
106967
106986
106993
106988
106951
107200
107332
107323
107317
107097
107069
106904
106837
106833
106885
107024
107155
107162
107098
106933
106770
106771
106774
106794
106851
106934
106984
107005
107004
106969
107152
107324
107329
107064
106703
106798
106908
106926
106892
106933
107040
107145
107137
107053
106892
106770
106777
106787
106810
106860
106901
106945
107010
107017
106963
107102
107356
107217
106746
106707
106765
106956
106987
106931
106975
107067
107087
106973
106877
106829
106811
106835
106843
106850
106871
106899
106944
107022
107017
106926
107050
107370
106976
106741
106740
106897
107020
106997
106946
106987
107026
106931
106881
106886
106899
106944
106968
106946
106913
106894
106914
106966
107021
107027
106896
107036
107405
106911
106790
106788
106987
107046
107006
106939
106953
106940
106882
106884
106890
107024
107104
107116
107037
106956
106912
106944
106993
107015
106969
106893
107022
107404
106899
106875
106833
107003
107054
107009
106914
106896
106887
106886
106885
106905
107058
107213
107255
107110
106982
106957
106994
107007
106997
106969
106962
107000
107418
106901
106937
106882
106973
107048
106982
106919
106917
106928
106920
106899
106914
107026
107226
107282
107112
107000
106997
107002
107024
107050
107113
107171
107062
107419
106899
106963
106915
106921
106929
106909
106971
106971
106967
106985
106956
106944
107035
107252
107286
107094
106991
106982
107006
107059
107157
107258
107297
107239
107419
106905
107019
106951
106919
106874
106873
106890
106943
107063
107115
107080
107019
107075
107299
107318
107105
106963
106912
106906
106892
106962
107113
107278
107329
107427
106912
107094
107031
106944
106909
106899
106889
106899
106991
107112
107182
107183
107209
107351
107357
107182
106991
106855
106746
106483
106328
106623
106970
107340
107432
106912
107117
107148
107075
107025
106977
106941
106935
106951
107039
107174
107291
107346
107364
107359
107292
107105
106923
106702
106345
106309
106309
106562
107355
107434
106979
107081
107159
107193
107195
107156
107107
107067
107027
107057
107132
107249
107346
107362
107374
107361
107245
107048
106760
106390
106322
106376
106455
107366
107417
107139
107013
107064
107159
107210
107254
107260
107254
107224
107175
107179
107216
107303
107367
107361
107360
107313
107156
106821
106427
106362
106446
106454
107282
107422
107251
106945
106906
106973
107076
107189
107252
107310
107310
107307
107288
107258
107280
107352
107373
107358
107311
107149
106779
106427
106423
106522
106463
107235
107448
107170
106903
106895
106894
106914
106991
107104
107213
107279
107266
107213
107203
107228
107298
107356
107319
107254
107044
106633
106441
106495
106622
106474
107240
107462
107022
106900
106914
106911
106912
106893
106896
106904
106902
106836
106747
106884
107099
107220
107271
107216
107073
106781
106535
106503
106593
106733
106468
107276
107484
107009
107006
107054
107040
106932
106747
106600
106407
106264
106262
106273
106616
106946
107041
107052
106929
106725
106567
106541
106592
106699
106787
106460
107324
107495
107169
107216
107251
107226
106901
106474
106291
106278
106277
106313
106459
106678
106781
106808
106763
106689
106623
106601
106629
106728
106837
106848
106528
107409
107526
107256
107256
107256
107110
106772
106545
106471
106469
106562
106687
106813
106882
106889
106874
106819
106777
106760
106782
106854
106917
106916
106908
106650
107409
106413
105694
105809
105699
105509
105449
105525
105642
105885
106208
106564
106910
107167
107196
107202
107203
107201
107175
107001
106745
106488
106356
106258
105989
106640
101695
101559
101546
101491
101462
101487
101507
101507
101544
101644
101978
102827
103839
104552
104515
104573
104537
104093
103283
102669
102350
102323
102373
102414
102238
100093
100121
100124
100115
100106
100097
100083
100067
100052
100038
100030
100040
100114
100176
100257
100222
100220
100154
100111
100104
100122
100146
100163
100163
100106
100010
100012
100013
100012
100012
100011
100011
100010
100010
100010
100010
100011
100011
100011
100011
100011
100011
100011
100011
100011
100011
100012
100012
100011
100010
100010
100010
100010
100010
100010
100010
100011
100011
100011
100011
100011
100011
100011
100011
100011
100011
100011
100011
100011
100011
100011
100011
100011
100010
100010
100010
100010
100010
100010
100011
100011
100011
100011
100011
100011
100011
100011
100011
100011
100011
100011
100011
100011
100011
100011
100011
100011
100011
100011
100010
100010
100010
100010
100010
100011
100011
100011
100011
100011
100011
100011
100011
100011
100011
100011
100011
100011
100011
100011
100011
100011
100011
100011
100011
100010
100010
100010
100010
100010
100011
100011
100011
100011
100011
100011
100011
100011
100011
100011
100011
100011
100011
100011
100011
100011
100011
100011
100011
100011
100010
100010
100010
100010
100010
100011
100011
100011
100011
100011
100011
100011
100011
100011
100011
100011
100011
100011
100011
100011
100011
100011
100011
100011
100011
100010
)
;

boundaryField
{
    inlet
    {
        type            fixedFluxPressure;
        gradient        nonuniform List<scalar> 
25
(
-4259.88
-4250.96
-4180.04
-4090.95
-3997.23
-3899.38
-3801.24
-3708.02
-3615.38
-3529.61
-3453.41
-3400.1
-3326.94
-3238.11
-3208.7
-3263.64
-3362.64
-3484.34
-3646.4
-3815.13
-3732.9
-3569.24
-3588.43
-3823.13
-3964.09
)
;
        value           nonuniform List<scalar> 
25
(
107185
107165
107122
107090
107062
107041
107026
107014
107006
107001
106999
107000
107005
107015
107029
107047
107067
107086
107103
107115
107118
107115
107111
107113
107118
)
;
    }
    outlet
    {
        type            prghPressure;
        p               uniform 100000;
        value           nonuniform List<scalar> 
25
(
100010
100010
100010
100010
100011
100011
100011
100011
100011
100011
100011
100011
100011
100011
100011
100011
100011
100011
100011
100011
100011
100011
100011
100011
100010
)
;
    }
    walls
    {
        type            fixedFluxPressure;
        gradient        uniform 0;
        value           nonuniform List<scalar> 
150
(
107213
107099
107058
107074
107120
107184
107237
107235
107234
107209
107202
107186
107183
107085
107016
106979
106966
106957
106983
107027
107066
107124
107185
107241
107267
107277
107279
107294
107303
107333
107339
107347
107334
107350
107345
107356
107358
107375
107216
107009
106987
106992
107011
107162
107318
107327
107327
107332
107324
107356
107370
107405
107404
107418
107419
107419
107427
107432
107434
107417
107422
107448
107462
107484
107495
107526
106413
101695
100093
100010
100010
100010
100010
100010
100010
107145
107086
107120
107116
107121
107119
107124
107115
107108
107104
107104
107104
107115
107114
107105
107124
107151
107173
107194
107215
107243
107276
107303
107328
107349
107355
107351
107353
107360
107372
107381
107400
107408
107425
107424
107440
107436
107449
107420
107358
107344
107346
107352
107339
107308
107254
107200
107152
107102
107050
107036
107022
107000
107062
107239
107329
107340
107355
107366
107282
107235
107240
107276
107324
107409
107409
106640
102238
100106
100010
100010
100010
100010
100010
100010
)
;
    }
    defaultFaces
    {
        type            empty;
    }
}


// ************************************************************************* //
