/*--------------------------------*- C++ -*----------------------------------*\
| =========                 |                                                 |
| \\      /  F ield         | OpenFOAM: The Open Source CFD Toolbox           |
|  \\    /   O peration     | Version:  2312                                  |
|   \\  /    A nd           | Website:  www.openfoam.com                      |
|    \\/     M anipulation  |                                                 |
\*---------------------------------------------------------------------------*/
FoamFile
{
    version     2.0;
    format      ascii;
    arch        "LSB;label=32;scalar=64";
    class       volScalarField;
    location    "0.835/water";
    object      p;
}
// * * * * * * * * * * * * * * * * * * * * * * * * * * * * * * * * * * * * * //

dimensions      [1 -1 -2 0 0 0 0];

internalField   nonuniform List<scalar> 
1503
(
102087.268503
102083.506626
102082.535418
102081.776394
102081.125041
102080.536613
102079.990923
102079.488313
102079.032933
102078.623359
102078.258072
102077.934148
102077.647184
102077.393001
102077.168218
102076.970122
102076.796634
102076.646255
102076.518109
102076.411797
102068.502174
102066.635526
102066.787501
102066.787085
102066.489657
102066.209751
102065.935503
102065.662286
102065.383602
102065.106619
102064.845091
102064.604022
102064.381319
102064.174738
102063.983647
102063.808434
102063.649929
102063.509075
102063.386916
102063.284516
102051.79636
102049.851503
102050.580195
102051.126598
102051.235448
102051.301226
102051.328439
102051.308116
102051.245445
102051.148161
102051.029409
102050.90425
102050.780317
102050.658691
102050.539274
102050.422836
102050.311087
102050.206258
102050.110837
102050.02717
102037.34981
102036.010276
102036.808584
102037.162874
102037.126963
102037.130392
102037.171177
102037.207948
102037.223674
102037.214676
102037.182492
102037.134907
102037.080422
102037.022901
102036.962883
102036.900338
102036.835898
102036.770952
102036.707491
102036.647599
102022.902787
102022.011776
102023.103303
102023.482839
102023.41021
102023.35799
102023.370535
102023.407747
102023.439089
102023.456329
102023.458226
102023.446893
102023.427478
102023.403912
102023.377282
102023.347209
102023.313337
102023.275854
102023.235606
102023.193697
102009.054581
102008.152917
102009.278573
102009.749314
102009.769503
102009.727488
102009.722131
102009.755971
102009.798065
102009.83001
102009.849143
102009.856046
102009.853828
102009.845995
102009.834258
102009.818592
102009.798456
102009.773478
102009.743794
102009.70978
101995.56749
101994.483709
101995.478386
101995.944877
101996.077947
101996.128443
101996.159024
101996.203591
101996.260374
101996.308511
101996.341314
101996.359471
101996.365346
101996.36238
101996.35314
101996.338469
101996.318323
101996.292467
101996.260967
101996.224013
101982.029629
101980.778268
101981.575127
101982.094852
101982.36124
101982.552295
101982.681061
101982.770311
101982.849112
101982.91469
101982.957392
101982.978081
101982.980414
101982.969178
101982.948467
101982.920454
101982.886057
101982.845652
101982.799693
101982.748493
101969.653958
101968.289489
101969.019375
101969.340569
101969.437958
101969.541719
101969.626493
101969.682515
101969.723823
101969.759113
101969.774436
101969.764588
101969.733609
101969.687636
101969.632055
101969.569924
101969.502856
101969.431736
101969.357285
101969.280174
101956.712569
101955.225347
101956.227949
101956.630612
101956.711869
101956.766526
101956.813597
101956.838658
101956.842482
101956.830871
101956.790273
101956.715296
101956.615472
101956.502392
101956.384052
101956.264209
101956.144811
101956.026877
101955.911271
101955.798767
101945.41818
101943.611048
101944.345594
101944.542307
101944.40736
101944.283906
101944.209643
101944.16319
101944.117628
101944.049107
101943.931808
101943.757846
101943.551276
101943.338352
101943.131947
101942.935658
101942.75054
101942.577002
101942.415204
101942.265065
101933.231452
101930.960401
101931.580868
101931.756097
101931.568983
101931.39606
101931.304794
101931.270723
101931.228519
101931.129518
101930.945862
101930.674895
101930.352006
101930.029252
101929.73172
101929.461787
101929.217897
101928.998347
101928.801558
101928.625855
101920.594511
101917.893743
101918.028012
101918.03006
101917.785759
101917.63406
101917.609328
101917.643832
101917.648932
101917.579146
101917.402645
101917.103358
101916.717664
101916.328689
101915.984428
101915.684951
101915.424247
101915.197552
101915.001072
101914.831269
101905.823805
101902.922996
101903.083672
101903.061348
101902.820297
101902.725021
101902.787003
101902.879454
101902.928936
101902.932078
101902.8636
101902.665135
101902.343951
101902.001759
101901.714308
101901.479596
101901.283934
101901.119432
101900.981183
101900.864972
101888.806019
101885.783055
101886.185788
101886.267856
101886.150357
101886.221941
101886.41451
101886.594043
101886.749154
101886.915649
101887.076487
101887.15006
101887.097012
101886.985069
101886.903691
101886.859056
101886.830927
101886.809354
101886.791786
101886.776716
101868.941777
101866.261672
101867.355629
101867.872656
101868.148555
101868.519371
101868.926981
101869.306716
101869.691439
101870.121039
101870.569416
101870.971641
101871.316582
101871.599986
101871.849636
101872.083956
101872.288982
101872.456457
101872.589961
101872.694691
101851.134117
101849.567146
101850.959955
101851.628987
101852.036245
101852.490631
101852.98802
101853.499318
101854.029248
101854.571371
101855.109862
101855.603963
101856.102043
101856.659545
101857.188683
101857.652666
101858.043062
101858.357121
101858.602811
101858.791472
101838.227229
101837.331837
101838.434762
101839.036352
101839.383359
101839.75567
101840.185809
101840.627654
101841.042771
101841.43474
101841.798045
101842.13791
101842.483843
101842.951348
101843.505238
101844.011686
101844.430991
101844.762821
101845.016047
101845.202562
101828.857749
101828.023413
101828.903257
101829.160772
101829.192279
101829.277272
101829.43522
101829.616274
101829.78588
101829.909854
101830.031818
101830.221887
101830.413743
101830.626677
101830.949071
101831.280538
101831.54607
101831.740881
101831.875027
101831.955931
101817.419238
101816.722497
101818.104235
101818.540179
101818.640391
101818.727184
101818.848879
101818.982333
101819.057348
101819.006911
101818.946506
101818.991841
101819.102195
101819.174942
101819.215556
101819.244865
101819.22113
101819.157308
101819.068899
101818.958381
101808.436154
101807.435123
101808.476621
101808.714205
101808.653747
101808.612364
101808.641365
101808.650273
101808.45102
101808.125916
101807.901265
101807.811787
101807.838061
101807.86847
101807.731438
101807.470982
101807.11459
101806.736573
101806.373398
101806.026268
101797.835038
101796.473851
101797.608173
101798.010196
101798.051961
101798.064714
101798.05869
101797.840402
101797.315031
101796.802901
101796.513713
101796.28216
101796.222458
101796.209739
101795.977691
101795.486911
101794.828745
101794.148505
101793.516799
101792.936292
101788.471735
101786.543666
101787.082095
101787.285203
101787.184635
101787.034992
101786.755738
101786.046269
101785.179531
101784.867921
101784.462497
101784.041579
101783.869518
101783.802295
101783.538894
101782.888674
101781.995967
101781.079773
101780.238881
101779.474518
101775.318734
101773.26421
101774.385075
101774.730531
101774.625832
101774.369381
101773.781899
101772.784576
101772.301316
101771.740522
101771.291299
101770.907159
101770.320768
101770.233436
101770.025478
101769.329085
101768.32318
101767.285786
101766.338345
101765.477622
101761.782456
101759.647027
101760.901317
101761.133984
101760.822024
101760.296047
101759.379332
101758.556692
101757.834719
101757.385086
101756.837024
101755.475862
101755.060385
101755.258073
101755.188228
101754.607552
101753.675248
101752.66464
101751.729746
101750.873901
101747.292874
101744.783207
101746.070273
101746.197628
101745.688367
101744.926631
101743.947964
101742.939493
101742.37479
101741.641869
101740.215009
101739.331508
101739.516373
101739.580056
101739.456607
101739.020611
101738.256379
101737.345055
101736.485404
101735.70066
101732.088449
101729.264794
101730.301491
101730.301753
101729.673564
101728.859654
101727.800707
101727.038398
101726.178795
101724.991384
101723.912025
101723.541593
101723.439993
101723.254565
101723.163588
101722.830917
101722.248367
101721.460294
101720.697552
101720.02049
101716.683806
101713.191627
101713.375437
101713.165269
101712.546909
101711.769913
101710.836253
101709.718844
101708.237546
101706.991133
101706.474612
101706.521315
101706.279695
101706.175706
101705.939001
101705.83199
101705.525744
101704.964555
101704.365674
101703.854394
101697.687883
101693.581789
101693.614078
101693.330158
101692.657405
101691.744003
101690.471504
101689.112482
101688.291881
101688.097934
101688.318181
101688.28888
101688.196878
101688.04883
101688.143731
101688.236721
101688.126147
101687.860133
101687.513501
101687.242477
101671.437491
101666.727357
101667.126579
101667.316697
101667.371771
101667.261903
101667.039491
101667.194331
101667.782357
101668.469132
101668.931288
101669.195333
101669.346583
101669.547244
101669.797434
101670.049666
101670.126011
101670.199577
101670.22484
101670.284774
101639.750587
101635.510447
101636.776528
101637.913062
101639.252488
101640.733252
101642.270734
101643.946485
101645.638015
101647.108765
101648.260098
101649.157729
101649.93208
101650.537331
101651.136938
101651.59785
101651.902936
101652.272673
101652.738584
101653.198652
101615.208133
101612.70979
101614.154394
101614.991936
101615.921601
101617.493885
101619.555635
101621.784969
101623.980839
101626.003781
101627.736752
101629.304684
101630.747633
101631.940882
101632.862233
101633.520908
101634.039444
101634.615852
101635.4614
101636.32108
101600.709193
101599.871635
101600.912841
101601.270385
101601.330853
101601.80088
101602.975802
101604.60585
101606.42705
101608.256162
101609.981014
101611.648704
101613.253716
101614.653704
101615.715291
101616.464796
101617.12497
101617.836726
101618.880086
101620.042222
101588.745276
101589.116248
101590.254161
101590.616586
101590.578937
101590.559749
101590.978547
101591.88051
101593.064695
101594.352897
101595.624655
101596.917869
101598.220308
101599.399787
101600.314218
101600.976734
101601.616382
101602.434408
101603.46372
101604.721645
101578.380761
101578.919321
101580.278305
101580.720067
101580.760191
101580.685198
101580.833836
101581.347483
101582.075374
101582.849249
101583.599632
101584.428293
101585.351459
101586.158354
101586.774536
101587.238747
101588.016866
101588.778688
101589.537439
101590.58709
101568.322457
101569.027706
101570.446042
101570.931857
101571.035025
101571.017303
101571.158865
101571.535773
101572.009842
101572.436267
101572.784639
101573.305869
101573.851726
101574.343596
101574.662908
101575.021393
101575.622768
101576.160349
101576.743136
101577.474726
101559.387335
101559.814264
101561.060244
101561.516267
101561.586196
101561.616528
101561.733894
101562.006895
101562.327867
101562.513525
101562.587755
101562.763181
101563.065759
101563.26929
101563.255502
101563.285395
101563.690864
101564.235467
101564.672311
101565.071647
101550.679929
101550.812634
101551.780806
101552.185789
101552.316401
101552.377305
101552.512366
101552.743185
101552.92331
101552.786583
101552.495591
101552.531744
101552.5204
101552.442107
101552.195513
101551.932212
101552.080868
101552.440929
101552.815744
101552.963741
102076.329325
102076.272953
102076.241295
102076.231633
102076.24192
102076.270676
102076.316899
102076.379996
102076.4597
102076.556047
102076.669351
102076.800313
102076.950235
102077.121399
102077.317053
102077.538956
102077.783701
102078.056492
102078.427397
102082.17862
102063.204528
102063.149581
102063.118531
102063.108533
102063.117282
102063.142859
102063.183639
102063.238193
102063.305239
102063.383686
102063.472747
102063.572166
102063.682364
102063.804002
102063.935811
102064.071676
102064.204203
102064.335106
102064.482201
102064.489243
102049.958277
102049.907492
102049.875044
102049.858766
102049.856453
102049.865998
102049.885451
102049.91304
102049.947226
102049.986822
102050.031084
102050.079696
102050.132296
102050.187179
102050.239539
102050.282437
102050.312343
102050.334375
102050.359056
102050.25551
102036.593606
102036.548945
102036.515352
102036.491899
102036.477163
102036.46968
102036.468099
102036.471281
102036.478389
102036.488952
102036.502811
102036.519838
102036.539255
102036.558719
102036.574316
102036.583461
102036.589312
102036.601367
102036.61945
102036.528689
102023.151295
102023.111502
102023.077139
102023.048377
102023.024704
102023.00553
102022.99033
102022.978734
102022.970598
102022.965978
102022.964979
102022.96738
102022.972086
102022.976762
102022.97871
102022.977757
102022.978816
102022.987152
102022.991853
102022.913058
102009.671787
102009.632794
102009.596262
102009.56293
102009.532949
102009.506342
102009.483146
102009.46346
102009.44749
102009.435453
102009.427391
102009.42282
102009.420388
102009.417904
102009.41367
102009.409152
102009.409815
102009.415312
102009.412796
102009.351764
101996.181859
101996.137878
101996.095814
101996.05653
101996.020451
101995.987854
101995.958997
101995.934129
101995.913509
101995.897275
101995.885265
101995.876739
101995.87022
101995.863822
101995.856836
101995.851944
101995.853384
101995.855293
101995.848558
101995.801572
101982.693027
101982.637385
101982.585188
101982.537105
101982.493439
101982.454365
101982.420059
101982.390653
101982.36625
101982.346759
101982.331763
101982.320303
101982.31088
101982.30199
101982.293813
101982.289671
101982.290967
101982.289027
101982.280723
101982.244192
101969.202346
101969.128444
101969.061619
101969.001815
101968.948793
101968.90229
101968.862123
101968.828095
101968.799995
101968.777416
101968.75967
101968.745625
101968.733829
101968.723207
101968.714713
101968.711545
101968.711559
101968.706421
101968.697976
101968.668802
101955.691863
101955.595436
101955.511523
101955.438742
101955.375896
101955.321978
101955.27623
101955.237967
101955.206574
101955.181298
101955.161196
101955.145018
101955.131428
101955.119816
101955.111726
101955.109313
101955.107366
101955.100131
101955.092123
101955.068124
101942.129125
101942.011713
101941.912955
101941.82971
101941.759553
101941.700572
101941.65134
101941.61065
101941.577484
101941.550782
101941.529422
101941.512117
101941.497732
101941.486146
101941.479222
101941.477241
101941.473333
101941.465109
101941.457693
101941.43735
101928.472906
101928.345422
101928.241196
101928.155409
101928.084551
101928.025958
101927.977693
101927.938174
101927.906134
101927.880355
101927.859673
101927.842895
101927.829195
101927.818955
101927.813971
101927.81226
101927.806969
101927.798649
101927.791899
101927.774208
101914.688196
101914.572282
101914.479522
101914.404448
101914.34326
101914.293163
101914.252192
101914.218781
101914.191729
101914.169917
101914.152352
101914.138105
101914.12679
101914.119273
101914.116835
101914.115425
101914.109579
101914.101758
101914.095739
101914.080049
101900.769495
101900.693392
101900.632835
101900.583773
101900.543576
101900.510372
101900.482938
101900.460294
101900.441728
101900.426543
101900.414153
101900.404075
101900.396473
101900.392628
101900.392874
101900.391825
101900.386134
101900.379104
101900.373844
101900.359756
101886.76338
101886.750771
101886.738326
101886.725944
101886.71385
101886.702232
101886.691389
101886.68147
101886.67263
101886.66485
101886.658133
101886.652555
101886.648886
101886.648648
101886.650934
101886.650006
101886.644703
101886.638391
101886.633764
101886.620988
101872.773181
101872.827595
101872.863268
101872.885647
101872.89877
101872.905476
101872.907943
101872.907654
101872.905746
101872.902931
101872.8998
101872.896981
101872.895769
101872.897639
101872.900353
101872.898734
101872.893379
101872.887302
101872.882956
101872.871219
101858.929486
101859.023325
101859.084198
101859.122279
101859.144768
101859.156631
101859.161501
101859.161843
101859.159473
101859.155574
101859.151113
101859.147081
101859.145083
101859.146118
101859.14675
101859.142968
101859.13645
101859.129718
101859.125049
101859.114004
101845.330311
101845.408962
101845.452728
101845.473312
101845.478875
101845.474942
101845.465445
101845.452965
101845.439337
101845.425699
101845.41299
101845.402251
101845.395032
101845.391368
101845.386924
101845.379054
101845.369832
101845.361291
101845.355524
101845.344733
101831.990512
101831.990035
101831.967848
101831.933171
101831.892339
101831.84945
101831.807289
101831.767482
101831.731075
101831.698555
101831.670383
101831.647281
101831.630293
101831.618043
101831.605681
101831.591777
101831.578261
101831.566731
101831.55907
101831.548026
101818.830667
101818.697752
101818.568992
101818.447817
101818.336388
101818.235676
101818.146067
101818.067313
101817.998986
101817.940423
101817.891243
101817.851518
101817.821305
101817.797547
101817.775268
101817.75388
101817.734859
101817.719424
101817.709232
101817.697434
101805.69948
101805.405838
101805.149105
101804.925194
101804.730802
101804.56281
101804.418497
101804.295221
101804.190713
101804.102917
101804.030429
101803.97243
101803.927569
101803.891101
101803.858259
101803.828866
101803.803842
101803.784094
101803.771062
101803.758107
101792.413154
101791.961527
101791.579508
101791.255514
101790.980724
101790.747867
101790.551076
101790.385313
101790.246505
101790.131266
101790.037204
101789.962464
101789.904014
101789.85571
101789.813237
101789.776469
101789.745836
101789.722002
101789.70623
101789.691891
101778.795803
101778.218848
101777.737473
101777.334283
101776.996069
101776.712219
101776.474334
101776.275482
101776.110205
101775.974136
101775.864085
101775.777124
101775.708503
101775.651206
101775.601502
101775.55912
101775.524142
101775.497087
101775.479102
101775.463382
101764.714341
101764.067763
101763.530554
101763.082727
101762.708829
101762.396433
101762.135731
101761.918772
101761.739406
101761.592802
101761.475253
101761.382811
101761.309238
101761.247285
101761.19386
101761.148502
101761.111126
101761.082215
101761.062878
101761.046002
101750.108226
101749.456326
101748.913647
101748.461342
101748.084173
101747.769607
101747.507697
101747.290445
101747.11176
101746.96687
101746.851824
101746.761781
101746.689474
101746.628044
101746.575026
101746.529855
101746.492446
101746.463362
101746.443761
101746.426155
101734.995726
101734.392736
101733.889703
101733.470445
101733.121247
101732.830557
101732.589189
101732.389849
101732.22709
101732.096583
101731.99433
101731.914797
101731.850282
101731.794806
101731.746506
101731.704856
101731.669918
101731.642451
101731.623752
101731.605967
101719.421747
101718.911867
101718.487673
101718.135356
101717.843089
101717.600867
101717.400861
101717.237022
101717.104973
101717.001102
101716.921525
101716.860308
101716.809969
101716.765741
101716.726358
101716.691506
101716.661515
101716.637443
101716.620827
101716.60351
101703.417617
101703.050268
101702.746503
101702.495936
101702.289692
101702.120253
101701.981929
101701.870564
101701.783309
101701.717557
101701.669782
101701.634086
101701.603868
101701.575775
101701.54918
101701.52415
101701.501393
101701.482362
101701.468923
101701.452749
101687.034427
101686.865705
101686.727222
101686.614278
101686.522902
101686.449562
101686.391859
101686.348367
101686.318333
101686.300555
101686.292221
101686.288049
101686.282921
101686.275012
101686.264421
101686.251743
101686.238149
101686.225563
101686.216257
101686.201917
101670.377504
101670.463447
101670.532228
101670.588543
101670.63617
101670.677546
101670.714937
101670.750581
101670.786432
101670.823128
101670.859027
101670.890088
101670.913145
101670.927924
101670.935341
101670.93661
101670.933423
101670.928203
101670.923681
101670.911775
101653.641965
101654.018138
101654.318605
101654.560673
101654.758475
101654.922143
101655.059714
101655.177764
101655.28137
101655.373355
101655.453625
101655.519917
101655.571237
101655.60879
101655.634328
101655.649705
101655.657114
101655.659457
101655.659917
101655.650902
101637.11006
101637.767753
101638.290218
101638.707683
101639.045415
101639.321704
101639.550519
101639.742769
101639.906608
101640.04705
101640.165716
101640.262365
101640.338099
101640.395374
101640.436687
101640.464439
101640.481234
101640.490353
101640.495356
101640.489408
101621.099423
101621.972268
101622.663364
101623.212575
101623.654191
101624.013153
101624.308166
101624.553514
101624.759737
101624.933593
101625.078191
101625.195176
101625.287322
101625.357965
101625.410109
101625.446506
101625.469994
101625.484058
101625.492498
101625.489463
101605.891524
101606.855078
101607.61847
101608.224368
101608.71028
101609.103957
101609.426127
101609.692522
101609.914718
101610.100249
101610.253095
101610.376232
101610.47343
101610.548392
101610.60428
101610.643917
101610.670141
101610.686414
101610.696578
101610.695931
101591.645061
101592.533949
101593.245925
101593.815039
101594.272673
101594.643564
101594.946684
101595.196672
101595.404363
101595.576765
101595.717822
101595.831029
101595.920339
101595.989275
101596.04076
101596.077381
101596.101719
101596.116974
101596.126819
101596.127752
101578.265867
101578.945394
101579.498698
101579.947502
101580.310957
101580.606262
101580.847633
101581.046535
101581.21149
101581.347771
101581.458439
101581.546687
101581.615922
101581.669013
101581.7083
101581.735865
101581.753811
101581.764871
101581.772353
101581.773905
101565.51401
101565.899199
101566.223248
101566.494555
101566.717647
101566.899625
101567.048288
101567.170714
101567.272069
101567.355106
101567.421425
101567.4733
101567.513086
101567.542692
101567.563644
101567.577338
101567.585256
101567.589523
101567.592942
101567.594125
101553.06691
101553.138869
101553.208672
)
;

boundaryField
{
    emptyPatch
    {
        type            empty;
    }
    minY
    {
        type            calculated;
        value           nonuniform List<scalar> 
40
(
102092.707108
102089.373359
102088.880611
102088.265688
102087.655189
102087.075078
102086.530733
102086.028299
102085.572933
102085.163359
102084.798072
102084.474148
102084.187184
102083.933001
102083.708218
102083.510122
102083.336634
102083.186255
102083.058109
102082.951797
102082.869325
102082.812953
102082.781295
102082.771633
102082.78192
102082.810676
102082.856899
102082.919996
102082.9997
102083.096047
102083.209351
102083.340313
102083.490235
102083.661399
102083.857053
102084.078956
102084.323701
102084.596492
102084.967397
102088.71862
)
;
    }
    maxY
    {
        type            calculated;
        value           nonuniform List<scalar> 0();
    }
    maxX
    {
        type            calculated;
        value           nonuniform List<scalar> 
37
(
102082.17862
102064.489243
102050.25551
102036.528689
102022.913058
102009.351764
101995.801572
101982.244192
101968.668802
101955.068124
101941.43735
101927.774208
101914.080049
101900.359756
101886.620988
101872.871219
101859.114004
101845.344733
101831.548026
101817.697434
101803.758107
101789.691891
101775.463382
101761.046002
101746.426155
101731.605967
101716.60351
101701.452749
101686.201917
101670.911775
101655.650902
101640.489408
101625.489463
101610.695931
101596.127752
101581.773905
101567.594125
)
;
    }
    water_to_heater
    {
        type            calculated;
        value           nonuniform List<scalar> 
61
(
102087.26888
102070.4031
102067.872922
102053.066842
102050.536657
102037.989945
102035.459768
102022.91246
102009.066135
101997.747851
101994.858815
101983.491171
101980.599562
101970.392558
101967.509746
101956.732513
101945.440257
101935.426688
101932.53183
101922.066148
101919.175306
101906.576411
101903.679355
101888.83587
101868.973768
101853.182782
101850.499258
101839.521364
101837.011334
101829.520794
101827.034137
101817.462546
101808.481949
101799.764031
101797.255656
101789.762771
101787.281256
101775.998072
101773.489698
101761.837183
101747.34966
101734.027962
101731.520729
101718.00483
101715.485711
101698.426711
101695.719583
101671.499095
101639.814386
101617.403882
101614.566491
101602.048701
101599.516463
101589.393208
101587.112674
101578.460695
101568.404175
101561.142192
101558.914375
101551.883512
101549.648606
)
;
    }
    procBoundary2to3
    {
        type            processor;
        value           nonuniform List<scalar> 
41
(
101541.493439
101541.63268
101542.826615
101543.260942
101543.34541
101543.438702
101543.553743
101543.653224
101543.533821
101542.955495
101542.480172
101542.167689
101541.951354
101541.640137
101540.941555
101540.381575
101540.327882
101540.672056
101540.898205
101540.83139
101553.278392
101553.339869
101553.390063
101553.430334
101553.463037
101553.489658
101553.510101
101553.524362
101553.533393
101553.538308
101553.539889
101553.538781
101553.535605
101553.531163
101553.52695
101553.525203
101553.525337
101540.638434
101540.420442
101553.278392
101540.243982
)
;
    }
}


// ************************************************************************* //
