/*--------------------------------*- C++ -*----------------------------------*\
| =========                 |                                                 |
| \\      /  F ield         | OpenFOAM: The Open Source CFD Toolbox           |
|  \\    /   O peration     | Version:  2312                                  |
|   \\  /    A nd           | Website:  www.openfoam.com                      |
|    \\/     M anipulation  |                                                 |
\*---------------------------------------------------------------------------*/
FoamFile
{
    version     2.0;
    format      ascii;
    arch        "LSB;label=32;scalar=64";
    class       volScalarField;
    location    "0.37/water";
    object      epsilonm;
}
// * * * * * * * * * * * * * * * * * * * * * * * * * * * * * * * * * * * * * //

dimensions      [0 2 -3 0 0 0 0];

internalField   nonuniform List<scalar> 
1503
(
17.4380282985
2.78312628353
0.361579136663
0.0430256535898
0.00577207941704
0.000873156906514
0.000221763791809
0.00010101435008
6.75524796536e-05
5.56234530515e-05
5.06355160861e-05
4.83235408392e-05
4.71597671535e-05
4.652408872e-05
4.61481059075e-05
4.59108257005e-05
4.5754884946e-05
4.56508976629e-05
4.55823759282e-05
4.55394121182e-05
552.513215022
106.992335283
18.2299232952
2.71512745337
0.340359437988
0.0404289562744
0.00565341793762
0.000907464326832
0.000221994702168
9.91550021488e-05
6.67490593957e-05
5.52902805124e-05
5.04964405312e-05
4.8272595538e-05
4.71460767521e-05
4.65201353071e-05
4.61401241595e-05
4.58940969597e-05
4.57305663638e-05
4.56239791652e-05
783.893401767
183.824763836
41.2662396585
8.46763479349
1.44979898594
0.198075488171
0.0250859024297
0.00378321079177
0.000697257858678
0.000202627023715
9.90736461905e-05
6.82421022192e-05
5.64733564385e-05
5.13001258713e-05
4.88200116171e-05
4.75364352253e-05
4.68123754498e-05
4.63670784533e-05
4.60760610424e-05
4.58832519879e-05
1002.027677
249.440113869
62.219779027
15.1940797198
3.34801365885
0.595877025378
0.0830066946101
0.0112822665605
0.00184314752257
0.000409767153108
0.000152976458015
8.77929118034e-05
6.5161560812e-05
5.56297705218e-05
5.11617851482e-05
4.89158535572e-05
4.7706408203e-05
4.70002119262e-05
4.65545842948e-05
4.62607737158e-05
1090.32697879
287.706583666
77.0143408128
20.7721331824
5.35307091405
1.20568415318
0.21067016454
0.0295722848684
0.00438866857531
0.00080465165651
0.000237566548464
0.000114816824451
7.65150978159e-05
6.11844131358e-05
5.41296936241e-05
5.06201594553e-05
4.87694016992e-05
4.77271058749e-05
4.70939171867e-05
4.6684955805e-05
1073.47233153
300.331792586
85.9676965763
25.0605979729
7.19805184935
1.9108705755
0.42223945358
0.0705069546839
0.0102221121164
0.00159744590757
0.000372974969685
0.00015140871246
9.0665900756e-05
6.78939720026e-05
5.76716136634e-05
5.26190704798e-05
4.99722690009e-05
4.85096655298e-05
4.76476175104e-05
4.71058787478e-05
1024.4037221
296.916760374
89.3840276161
27.7633451104
8.66140781537
2.58729840527
0.680017837071
0.141527326587
0.0229259630155
0.00329450787447
0.000601843704236
0.00020139752407
0.000107943745034
7.57026178675e-05
6.17165833799e-05
5.48688992095e-05
5.12885223013e-05
4.93254157657e-05
4.81913305926e-05
4.74972252122e-05
998.948920501
291.178242609
90.1014434926
29.3128433479
9.70804430777
3.13582242723
0.932856976717
0.235349801361
0.0468220663546
0.00709823837249
0.001023519471
0.000271999255134
0.000129000232311
8.45952196094e-05
6.61857192201e-05
5.73118646213e-05
5.26858958609e-05
5.01570782798e-05
4.87133319191e-05
4.78518737161e-05
965.723083404
284.313528995
89.9080768239
30.2205073146
10.3909985557
3.52765998887
1.14221826385
0.338303177098
0.0860750129021
0.0161140883769
0.00195294979761
0.000383488340524
0.000156029540576
9.48859658488e-05
7.10941537995e-05
5.99195382814e-05
5.41461181559e-05
5.10023836782e-05
4.92225977863e-05
4.81789474953e-05
919.111648939
277.495529547
89.8322033411
30.7658473221
10.7486405733
3.74277792443
1.29211180762
0.438124916447
0.13964878841
0.03625132701
0.00458416945414
0.000609531812937
0.00019828069729
0.00010835219383
7.68767632008e-05
6.28325065366e-05
5.57324225137e-05
5.18986847821e-05
4.97455415274e-05
4.85016514834e-05
899.806608015
279.292417807
91.5769335466
31.2941672533
10.8919156228
3.8505160106
1.41095068483
0.536471507331
0.206936918955
0.0737246469463
0.0144754226349
0.00137832256986
0.000292452339987
0.000130211514826
8.46131355204e-05
6.63414117844e-05
5.75511037891e-05
5.29060646363e-05
5.03262469177e-05
4.88541642498e-05
973.28935254
301.406124285
96.8364424712
32.148012596
11.0769171823
4.01112537466
1.55556001334
0.650436685957
0.288621523551
0.131060574808
0.0417098577136
0.00481486457609
0.000561116641422
0.000173071296806
9.64428688313e-05
7.09842238505e-05
5.979404103e-05
5.41172167853e-05
5.10205741458e-05
4.92737687716e-05
1193.75942367
347.212981965
105.133006029
33.8260094276
11.7000999435
4.36843620915
1.77131785449
0.792337713011
0.386209781769
0.203738528793
0.0933417711111
0.0191027663073
0.00155195050234
0.000274783414107
0.000116983581053
7.76817908694e-05
6.27345848666e-05
5.56418917679e-05
5.18824868016e-05
4.97902816179e-05
1401.65065525
385.021219725
113.759958502
36.4476764551
12.7266896178
4.85746751432
2.03169174481
0.943142146312
0.491426673854
0.284948150423
0.166430903164
0.0576732486538
0.00595377136033
0.000555480109376
0.000155878152018
8.78348028471e-05
6.67095328305e-05
5.75914263804e-05
5.29541362076e-05
5.04204333401e-05
1443.73259505
400.704365276
119.175031715
38.4163062661
13.5543560916
5.26968410806
2.26347753635
1.08368393991
0.588431452183
0.363692469099
0.245713838279
0.123852038754
0.0226258419093
0.00147527797954
0.000236475958141
0.000103717826262
7.21500096826e-05
6.00882813064e-05
5.42726415368e-05
5.11740720209e-05
1448.75640831
405.453565627
121.505454998
39.507951925
14.0900849856
5.55812479361
2.43589166153
1.19823492606
0.671086787239
0.434975610595
0.31820471627
0.200952061533
0.0615062896403
0.00459666575921
0.00041031689261
0.000128611157399
7.96238577134e-05
6.33000086447e-05
5.58909825949e-05
5.20684046052e-05
1445.11360275
406.182141902
122.662887973
40.1851502201
14.4304439706
5.74220089004
2.55533215776
1.28730440741
0.741585674398
0.494490554678
0.381163784416
0.271943146805
0.117474965163
0.0129646148346
0.000811395155629
0.000168353476061
9.01342888845e-05
6.75069113475e-05
5.79000683144e-05
5.3139695561e-05
1449.39299265
407.9788954
123.554443575
40.5755114926
14.6057308247
5.84269555247
2.63270639757
1.3558690175
0.802521904857
0.548357471351
0.436576168296
0.332830023278
0.176528363126
0.0309609986685
0.00158609572649
0.000234643001291
0.000105665581966
7.31683244277e-05
6.04395152085e-05
5.44460904155e-05
1486.83236744
415.707749844
125.188062393
41.0034082684
14.7595453811
5.92385322062
2.69454161679
1.41395578631
0.855317454018
0.600857085447
0.489291429556
0.388976724122
0.231795743271
0.0612034552221
0.0034237599992
0.000367393054806
0.000130612018786
8.1058637064e-05
6.37120778811e-05
5.60650033282e-05
1538.94120896
428.612371072
128.217903821
41.8412200333
15.0480095439
6.04417161567
2.7639883651
1.46232210969
0.900477578977
0.65595229354
0.546580620861
0.448706580119
0.2874779056
0.102299275404
0.0092348345058
0.0006761437139
0.000174026764231
9.24796569672e-05
6.80027952612e-05
5.80875801411e-05
1601.80032808
443.664667879
132.321917976
43.1998916557
15.5489963016
6.23085025267
2.83340892645
1.49831904404
0.94526060875
0.713411421545
0.606415573937
0.515958294945
0.35372795687
0.156408252319
0.0247005428577
0.0014807277543
0.000256956785315
0.000109798131154
7.37191236087e-05
6.0614298609e-05
1649.79003203
455.226991381
136.174257016
44.8132318558
16.1897431196
6.43839205656
2.88596885979
1.52451138816
0.982822866538
0.755516662158
0.651895466893
0.57468288097
0.443820637916
0.233997671435
0.0588413364817
0.00412550606803
0.000439872123542
0.000137964443667
8.15153746824e-05
6.37685623331e-05
1673.06692039
461.028643348
140.082642821
46.7750194467
16.8792128905
6.56924550759
2.87145922926
1.51114456753
0.98380046454
0.759732378874
0.661953198436
0.605775730591
0.516429622537
0.33678055809
0.122384975704
0.0136489513445
0.000892746571088
0.000187165569037
9.24806966482e-05
6.77300108265e-05
1597.19909276
459.979147443
144.986440254
49.1088117112
17.3497946151
6.45609551205
2.74298287214
1.45010648564
0.948335145256
0.726989322415
0.63126759124
0.593109186733
0.533798865495
0.420540087755
0.211558897904
0.0407065875559
0.00213617956923
0.000279701880708
0.000108448291281
7.27676527511e-05
1526.76281354
470.285975787
153.22990977
51.2936234204
17.2079698424
6.18166267612
2.64427908315
1.39944411737
0.898829801939
0.672947548415
0.574962818243
0.544226858624
0.513240894875
0.433940593274
0.29182157665
0.0912071486185
0.00594770799687
0.000468211896935
0.000132576618217
7.92761461801e-05
1611.21652901
508.687286489
164.194947485
53.0007914873
17.1599916917
6.23289838972
2.67630235531
1.3897557259
0.860659149495
0.622400410208
0.519849538316
0.485215695904
0.470407071338
0.420492264726
0.322672508639
0.151703238075
0.01684953499
0.000873611571654
0.000170490224253
8.7860764501e-05
1872.85740217
570.362721856
175.547371908
55.4069298705
18.3033997599
6.73552529655
2.88005371832
1.44856396373
0.856922876922
0.597998819057
0.486532992059
0.438698453956
0.425638423664
0.398316973363
0.32838973633
0.202804452591
0.0404254353149
0.00179381448199
0.000232961662488
9.94786874268e-05
2314.04402666
641.446381366
187.894638059
59.4034210273
20.4483575426
7.71722235435
3.2612578131
1.58358136241
0.897577769391
0.607333686286
0.479825477034
0.415009988186
0.393480392921
0.380168286661
0.335088963678
0.244356101656
0.0774295777606
0.00401299890236
0.000343027115527
0.0001158279101
2579.25639695
694.581206748
201.809233617
64.5176185412
22.8062554298
8.81528129223
3.74344026396
1.78058855235
0.979390741807
0.645742768603
0.494793870085
0.414018289998
0.380849962856
0.374245711148
0.35219055129
0.285929217992
0.124298040785
0.0097053606532
0.000557541840451
0.000140308170209
2658.17666808
721.348498732
211.118850007
68.4258050704
24.6481211732
9.70262764002
4.16596283823
1.97733388582
1.07750252646
0.699159393977
0.522522520575
0.429553717864
0.387526582567
0.383833213215
0.382883883721
0.33069269432
0.179267121886
0.0238704257647
0.00101394970549
0.000179193764842
2684.93246386
731.618159138
216.334393856
70.9022095559
25.8163656696
10.2983858533
4.47966019319
2.14485913909
1.17589302221
0.757776306687
0.557248756674
0.45498335268
0.408447727373
0.407718512531
0.425350150264
0.380058519186
0.241807555957
0.0525210993196
0.00205708845548
0.000244242570745
2671.08532169
733.265734053
218.736069143
72.1532507928
26.4023504135
10.6443304249
4.69456351881
2.28187414544
1.26789779553
0.815234393231
0.594833066729
0.486666109483
0.438901543387
0.442674163384
0.474834439664
0.434751080912
0.308181763538
0.0967723856042
0.00466579689555
0.000361394791793
2688.85891867
733.050931255
218.66768799
72.1737496051
26.5418374038
10.8218557469
4.83868238729
2.3909700239
1.34701790696
0.865369497691
0.631748445851
0.522437270192
0.47631681549
0.485766593921
0.527636938813
0.488242830324
0.364736150242
0.150706445151
0.0113478013701
0.00058632754383
2728.21812872
740.589259979
219.722005948
72.3314234418
26.6864211587
10.9594165137
4.94263317728
2.47495410609
1.4073681932
0.903755414483
0.665962347829
0.561322423489
0.519965138808
0.536138324093
0.579824906568
0.539710453663
0.410840136486
0.206746105958
0.0260789536235
0.00102302871191
2801.53851698
753.186832847
222.362517629
72.9964801767
26.9403608681
11.0781315301
5.01207481836
2.53269407524
1.44312329503
0.928602080641
0.697091364769
0.602998964388
0.569956510221
0.593088975901
0.629663551803
0.589054029806
0.456814576564
0.261174683236
0.0514718994957
0.00190567561194
2861.52892552
767.932943367
226.270640428
74.1615028478
27.3122888736
11.1906147016
5.05898628132
2.56110986996
1.45064150397
0.941095947418
0.725607222052
0.646627497456
0.62535966546
0.653761706872
0.675195941415
0.638545121196
0.51229628761
0.319299367212
0.0882085071617
0.00394333672013
2936.08826992
782.054762602
230.209278802
75.4633157278
27.7210772221
11.2849622367
5.07918770797
2.5459375367
1.42972519988
0.943879108709
0.751144040822
0.689020963504
0.68155788838
0.710396045696
0.716026255996
0.691664456555
0.586061199309
0.391794635813
0.137677970174
0.00912410995613
3004.24814995
794.068479861
233.178295528
76.4628926035
27.9722812775
11.280869784
5.01812685483
2.46463420703
1.38332813047
0.938381187292
0.770030734035
0.723048612998
0.727575335014
0.749756879746
0.750196108016
0.748786033585
0.677607786036
0.493245552719
0.203463549843
0.0214263326355
4.55162892592e-05
4.5508428671e-05
4.55120598792e-05
4.55254724678e-05
4.55488336242e-05
4.55842292382e-05
4.56367875776e-05
4.57178921698e-05
4.58530139419e-05
4.60998766623e-05
4.65899469057e-05
4.76244553983e-05
4.99113278063e-05
5.52389261095e-05
6.89005976095e-05
0.00011178793649
0.000311650054551
0.00202885966932
0.0267177920728
0.462845273117
4.55616585378e-05
4.55341754116e-05
4.5533357368e-05
4.55551385397e-05
4.56003446502e-05
4.56762313577e-05
4.5801836255e-05
4.60206574597e-05
4.64276677598e-05
4.72247584239e-05
4.88365792144e-05
5.21748220396e-05
5.93489685659e-05
7.60486765478e-05
0.000121925011761
0.000292254398604
0.00125947718822
0.00893508352437
0.0840962977224
0.807181444115
4.57646889508e-05
4.57054455682e-05
4.5692702488e-05
4.57201707266e-05
4.57914570013e-05
4.59250890026e-05
4.61672178023e-05
4.66176534851e-05
4.74795477004e-05
4.915469559e-05
5.24431023492e-05
5.90322365811e-05
7.29473463831e-05
0.000105840795341
0.00020155276744
0.000584754576814
0.00273750921664
0.0176591083333
0.138208816062
0.913922690616
4.60749597151e-05
4.59748202051e-05
4.594339367e-05
4.59741134961e-05
4.60777856979e-05
4.62926018219e-05
4.67054836848e-05
4.74912687794e-05
4.89830150553e-05
5.18075549338e-05
5.71882327907e-05
6.77466101314e-05
9.00226183255e-05
0.00014409007525
0.000309694043343
0.00100108684907
0.00475739837912
0.0293139200209
0.187838657814
0.913584581186
4.64245311449e-05
4.62788132306e-05
4.62265362428e-05
4.62638574851e-05
4.64143086682e-05
4.67439625769e-05
4.73905860725e-05
4.86137836746e-05
5.08847683907e-05
5.50695259245e-05
6.28675492307e-05
7.80330094376e-05
0.000110353945638
0.000191358652234
0.00045133648658
0.00156567521481
0.00750263639143
0.0439085268353
0.226300895094
0.879794464516
4.67645184775e-05
4.65725877606e-05
4.65029594866e-05
4.65574487146e-05
4.67773936165e-05
4.72628341404e-05
4.82076513981e-05
4.99592893893e-05
5.3130674645e-05
5.8844572321e-05
6.93481739598e-05
8.97775900514e-05
0.00013408099587
0.000249152935252
0.000635194240505
0.00232571699202
0.0112764455739
0.0601433953482
0.251455976
0.840472464236
4.70706429576e-05
4.68350802584e-05
4.67565543213e-05
4.6844587108e-05
4.7162048023e-05
4.78463720298e-05
4.91491934863e-05
5.15062979602e-05
5.5677659438e-05
6.30698462317e-05
7.657188501e-05
0.000103015410845
0.000161687249088
0.000320139194949
0.000875197662026
0.00335456164833
0.0162412343591
0.0758041082961
0.264780410716
0.802573409473
4.73372499601e-05
4.70633348246e-05
4.69878109802e-05
4.71291623621e-05
4.75739813548e-05
4.84983915663e-05
5.02117288305e-05
5.32392502091e-05
5.84981396874e-05
6.77169937799e-05
8.4547329897e-05
0.000117918696934
0.000194032370162
0.000408436494289
0.00119153958641
0.00474321852224
0.0222289108395
0.0889792675253
0.269639255723
0.76717655967
4.75733885551e-05
4.72670539346e-05
4.72074661837e-05
4.74225305903e-05
4.80234007993e-05
4.92249086416e-05
5.13939718462e-05
5.51488227954e-05
6.15799310025e-05
7.27885965052e-05
9.33432330381e-05
0.000134799389053
0.000232424563935
0.000519980998541
0.00161112710974
0.00657471666301
0.0287529425034
0.0987777901419
0.269142297671
0.734104114105
4.77993318042e-05
4.74640429066e-05
4.74315045471e-05
4.77387011027e-05
4.85211172947e-05
5.00317910633e-05
5.26960314654e-05
5.72316671828e-05
6.49249682126e-05
7.83153221672e-05
0.000103087619904
0.000154128539845
0.000278735736079
0.000662923140407
0.00216666902251
0.0088828970692
0.0351864471212
0.105280902449
0.265457096707
0.703084931907
4.80416709962e-05
4.76752309112e-05
4.76766497654e-05
4.80907027232e-05
4.90761259265e-05
5.09236454616e-05
5.41192102337e-05
5.94903248231e-05
6.85488084108e-05
8.43561210453e-05
0.000113974900098
0.000176575535894
0.000335568940383
0.000848031499646
0.00289399607836
0.0116202977277
0.0409822069699
0.109085757203
0.259924329537
0.673902017848
4.83262778372e-05
4.79190423514e-05
4.79562565652e-05
4.84879608225e-05
4.96943733016e-05
5.19037180416e-05
5.56665793316e-05
6.19340735742e-05
7.2482050204e-05
9.10026266689e-05
0.00012628248347
0.00020307255843
0.000406487270651
0.0010889922601
0.00382661387694
0.0146565131941
0.0458125157319
0.110891415237
0.253349150966
0.646385139359
4.86709285257e-05
4.8206783332e-05
4.82778596072e-05
4.89355006602e-05
5.0379205416e-05
5.29751922545e-05
5.73447848293e-05
6.45812337353e-05
7.67741007599e-05
9.83880919433e-05
0.000140398127017
0.000234909298257
0.000496299352591
0.00140238757553
0.00498703661671
0.0178082708749
0.0495857040477
0.111291369514
0.24621719848
0.620384509255
4.90829010718e-05
4.85424195906e-05
4.8644351246e-05
4.94360113179e-05
5.11339623358e-05
5.41440463384e-05
5.91670605737e-05
6.74626709979e-05
8.14986661543e-05
0.000106699933597
0.000156857608896
0.000273858543507
0.000611366569861
0.00180707916601
0.00637707988947
0.0208854879393
0.0523774509594
0.110725697778
0.23882102505
0.595745980741
4.9564828956e-05
4.89279389704e-05
4.90588141919e-05
4.99941888824e-05
5.19658575462e-05
5.5422482237e-05
6.11563386667e-05
7.06251517812e-05
8.67592187146e-05
0.000116193644744
0.000176389891749
0.000322322247667
0.000759832543222
0.00232258932724
0.0079712279102
0.0237323387928
0.0543414775728
0.109501995444
0.231331856843
0.57229253397
5.01248990914e-05
4.9370731166e-05
4.95299375417e-05
5.06207698468e-05
5.28889637239e-05
5.68310541613e-05
6.33467476526e-05
7.41328225673e-05
9.26924846045e-05
0.000127205564505
0.000199964948904
0.000383471002442
0.000951596238499
0.00296601054903
0.00971650719093
0.0262488901417
0.0556426205962
0.107829591856
0.223843291719
0.549818528739
5.07839480566e-05
4.98877902011e-05
5.00743598203e-05
5.13336190192e-05
5.39243431689e-05
5.83979765139e-05
6.57822485902e-05
7.80656892758e-05
9.9468785199e-05
0.000140162808821
0.000228838029423
0.000461331857604
0.00119782513145
0.0037474997877
0.011539783229
0.0283912050757
0.0564229275364
0.105848116249
0.216400536025
0.528100219604
5.1575622538e-05
5.05044424838e-05
5.07145654905e-05
5.21550307108e-05
5.50968023263e-05
6.01553142025e-05
6.85123052848e-05
8.2515203918e-05
0.000107289568298
0.000155590423451
0.000264584002396
0.000560771303336
0.00150989489563
0.00466558511245
0.0133604310228
0.0301576453824
0.0567925061688
0.103648730658
0.209021790674
0.506921321281
5.25410925779e-05
5.12488005784e-05
5.14733854912e-05
5.31061829999e-05
5.64291828795e-05
6.21330510242e-05
7.15858163541e-05
8.75786388655e-05
0.000116384573384
0.000174118828661
0.000309119013395
0.000687340488291
0.0018978440526
0.00570441941147
0.0151041962332
0.0315717220682
0.0568330635469
0.101290211993
0.201714451387
0.486107342891
5.37212130937e-05
5.21445856278e-05
5.23674150496e-05
5.42009126001e-05
5.7936421682e-05
6.43535298475e-05
7.50463063443e-05
9.33561602192e-05
0.000127014250442
0.000196499908727
0.000364718561033
0.000847012517755
0.00236869119194
0.00683475065733
0.0167139206806
0.032668570708
0.0566056030057
0.0988114826533
0.194486810547
0.465558462116
5.5149799136e-05
5.32056811064e-05
5.3402587406e-05
5.5442177267e-05
5.96230343303e-05
6.68303369475e-05
7.89330968399e-05
9.99565310844e-05
0.000139485983416
0.000223645997066
0.000434059009285
0.0010459182137
0.00292514076335
0.00801872180706
0.0181545923595
0.0334870770762
0.0561578857726
0.0962409714693
0.187354745882
0.445269390067
5.68555800366e-05
5.44371108409e-05
5.45758924999e-05
5.68251203139e-05
6.14879725903e-05
6.95756479477e-05
8.32927088224e-05
0.000107516550871
0.000154191936941
0.000256706766739
0.000520316905504
0.0012901961008
0.00356509378048
0.00921671792934
0.0194126292432
0.0340662131025
0.0555298532711
0.0936026942641
0.180343032454
0.425327596793
5.88759822125e-05
5.58448465653e-05
5.58851204562e-05
5.83480422286e-05
6.35374691251e-05
7.26159016233e-05
8.81996875127e-05
0.000116233175281
0.000171668515801
0.000297186837521
0.000627330455392
0.00158594451924
0.00428192895129
0.0103935867818
0.0204910577018
0.0344431740778
0.0547564604108
0.0909189796362
0.17348171982
0.405888491286
6.12725838928e-05
5.74487097389e-05
5.73416662337e-05
6.00257977941e-05
6.57994899781e-05
7.60083942756e-05
9.37783084053e-05
0.000126398486155
0.000192665465554
0.000347082542582
0.000759757571322
0.00193905625577
0.00506508882716
0.011522203232
0.0214029211454
0.0346517713008
0.0538682648184
0.0882104538308
0.166799560564
0.387135189263
6.41402053009e-05
5.92889900461e-05
5.8976675863e-05
6.18956616651e-05
6.83296501371e-05
7.98483962865e-05
0.00010021423895
0.000138425216348
0.000218207132399
0.000408996032008
0.000923104649717
0.00235463025168
0.00590056729
0.0125839706551
0.0221650859229
0.0347208826366
0.0528908032231
0.0854946014178
0.160317383002
0.369236412671
6.76165940889e-05
6.14250483425e-05
6.08366596974e-05
6.40115705351e-05
7.12049242027e-05
8.42637094724e-05
0.000107753539243
0.000152859803198
0.000249637107937
0.000486188615177
0.00112351700659
0.00283586196275
0.00677141049931
0.0135673153607
0.0227939268361
0.0346735716439
0.0518440447005
0.082784494332
0.154044076334
0.352315186474
7.18908533377e-05
6.39287647841e-05
6.29733846177e-05
6.64326553689e-05
7.45119703955e-05
8.9404458186e-05
0.000116698041873
0.00017039322885
0.000288653478088
0.000582563058326
0.00136731759776
0.00338272431073
0.00765869663756
0.014465683804
0.0233033698984
0.034527355649
0.050742747217
0.0800886881111
0.147976174382
0.336434017104
7.72440495918e-05
6.6887927593e-05
6.54401697698e-05
6.92176438013e-05
7.83417219122e-05
9.54404475058e-05
0.000127411201728
0.000191886812077
0.000337353436961
0.000702598842018
0.00166038639545
0.00399104430908
0.00854321579911
0.0152760390988
0.0237048170417
0.0342954590319
0.0495977254738
0.0774123115516
0.142100167918
0.321594024065
8.41453185875e-05
7.04282235607e-05
6.83016378973e-05
7.24317240256e-05
8.27968896242e-05
0.000102573580396
0.000140344220788
0.000218426725729
0.000398304459724
0.00085127625618
0.00200750799109
0.00465246742527
0.00940745652882
0.0159980031799
0.0240079398869
0.0339883553271
0.0484173984037
0.0747586299799
0.136395687032
0.307740623251
9.33267990726e-05
7.47378874755e-05
7.16513534537e-05
7.61627338631e-05
8.80104275086e-05
0.000111064784867
0.000156084139466
0.000251410627277
0.000474642101556
0.00103399047302
0.00241175800971
0.00535531955047
0.0102371162959
0.0166332369308
0.024221368891
0.0336148570873
0.0472088725583
0.0721302261403
0.130838009504
0.294768673499
0.000105914595672
8.0094722909e-05
7.56294830622e-05
8.05391379081e-05
9.4168447888e-05
0.000121269867802
0.00017541837214
0.00029265469
0.000570160683398
0.00125637327631
0.002873894351
0.00608587691573
0.0110215113836
0.0171846181512
0.0243527620237
0.0331823963267
0.0459781805912
0.0695293517056
0.125399516698
0.282524109404
0.000123894821375
8.6919791445e-05
8.04358010716e-05
8.57409533323e-05
0.000101527765196
0.000133672818594
0.000199397938574
0.000344480716614
0.00068930434257
0.00152383358699
0.00339164258698
0.00682939024868
0.0117528005539
0.0176551004215
0.0244082855457
0.0326966261405
0.0447297746649
0.0669574956889
0.120050744649
0.270804757882
0.000150661281485
9.58108990685e-05
8.63254121208e-05
9.19946900848e-05
0.000110417292422
0.000148900297404
0.000229367411086
0.000409710578189
0.000836914893315
0.0018406178515
0.00395887056077
0.00757054709514
0.012424562321
0.0180465907619
0.0243920004193
0.0321608934995
0.0434658343868
0.0644147301707
0.114762287621
0.259367474124
0.000191369136342
0.000107523807874
9.35798086497e-05
9.95481867243e-05
0.000121217240627
0.000167703778821
0.000266927370625
0.000491494753636
0.00101762911061
0.00220842625446
0.00456498893334
0.00829366430597
0.0130306352406
0.0183594407913
0.0243057905528
0.0315762351136
0.0421860920174
0.0618995716576
0.109508456508
0.247948730777
0.000255816123803
0.000123149609975
0.000102484946754
0.000108630202027
0.000134315400801
0.000190901696745
0.000313807847456
0.000592951657916
0.00123497366505
0.00262503770025
0.00519519345871
0.0089832395838
0.0135649720767
0.0185929651832
0.0241501975841
0.0309422575371
0.0408886133083
0.059409862778
0.104272577536
0.236300271758
0.000367748306137
0.000144662798487
0.000113351961903
0.000119417411887
0.000150059175864
0.000219299953628
0.000371683749466
0.000716717832674
0.00149046892019
0.00308373437162
0.00583204593315
0.00962528287465
0.0140226575509
0.0187468771328
0.0239259895366
0.0302587234917
0.0395713942191
0.0569444799663
0.0990524423886
0.22423278415
0.000578129973596
0.000175471930263
0.000126567796
0.000132041675748
0.00016874598932
0.000253650211459
0.000442043225512
0.000864647255482
0.0017832431636
0.00357416533429
0.00645823570196
0.0102091715608
0.0144014738772
0.0188229291382
0.0236357574346
0.0295271575424
0.0382341000844
0.0545051322663
0.0938639493699
0.211662536521
0.000987945667197
0.000221515017109
0.00014272183921
)
;

boundaryField
{
    emptyPatch
    {
        type            empty;
    }
    minY
    {
        type            fixedValue;
        value           uniform 4.5592e-05;
    }
    maxY
    {
        type            inletOutlet;
        inletValue      nonuniform List<scalar> 0();
        value           nonuniform List<scalar> 0();
    }
    water_to_cooler
    {
        type            fixedValue;
        value           nonuniform List<scalar> 
37
(
0.435505896021
1.10623472484
1.61353003065
1.91621347155
2.06717012307
2.12796998504
2.13742774616
2.1167515596
2.07789975592
2.02818574175
1.97225256863
1.91307606134
1.85254372282
1.79180613099
1.73150289715
1.67192636535
1.61315514354
1.55516890875
1.49794287508
1.44151371719
1.38600832588
1.3316331179
1.2786322613
1.22723322372
1.17760074917
1.12981327632
1.08386289639
1.03966933994
0.997095561424
0.955957190659
0.916026194432
0.877036059059
0.838698636047
0.800738695761
0.762942481112
0.725205495587
0.687552867893
)
;
    }
    water_to_heater
    {
        type            fixedValue;
        value           nonuniform List<scalar> 
61
(
22.2890603116
1106.02494785
1106.02494785
1855.09188867
1855.09188867
2524.42791658
2524.42791658
2888.12409715
2942.2551483
2845.99279374
2845.99279374
2756.28225428
2756.28225428
2647.55273403
2647.55273403
2535.33080428
2540.79370087
2822.77208791
2822.77208791
3460.27018952
3460.27018952
3933.53059402
3933.53059402
4052.47915318
4072.95174979
4041.66932395
4041.66932395
4043.68435924
4043.68435924
4114.99658154
4114.99658154
4251.6852003
4399.77205734
4500.02237028
4500.02237028
4491.08812262
4491.08812262
4344.53339734
4344.53339734
4390.17485185
4898.52232252
5868.54905105
5868.54905105
7064.28267547
7064.28267547
7699.17017009
7699.17017009
7938.1117919
7990.79640106
7973.07943565
7973.07943565
7957.55451242
7957.55451242
8052.65773131
8052.65773131
8175.67759772
8315.7657273
8415.87368259
8415.87368259
8524.00569138
8524.00569138
)
;
    }
    procBoundary2to3
    {
        type            processor;
        value           nonuniform List<scalar> 
41
(
3073.43044865
804.375505339
235.285085517
77.0704205772
27.9960885075
11.1334880077
4.8361360399
2.32555399506
1.322824964
0.925157502168
0.775638814799
0.738353054441
0.748230848593
0.762666586048
0.771709992231
0.803581702165
0.770442007824
0.601388340914
0.288886145336
0.0463132110777
0.000146646383563
0.000190672572673
0.000294692631637
0.000526211110876
0.0010378463543
0.00211042782786
0.00408443544802
0.00705945838564
0.010729082022
0.0147029411497
0.0188258343888
0.0232848075073
0.0287520394637
0.0368803224806
0.0521009238737
0.0887463169303
0.198562305891
0.00186454742903
0.000296101137728
0.000146646383563
0.000162982131637
)
;
    }
}


// ************************************************************************* //
