/*--------------------------------*- C++ -*----------------------------------*\
| =========                 |                                                 |
| \\      /  F ield         | OpenFOAM: The Open Source CFD Toolbox           |
|  \\    /   O peration     | Version:  2312                                  |
|   \\  /    A nd           | Website:  www.openfoam.com                      |
|    \\/     M anipulation  |                                                 |
\*---------------------------------------------------------------------------*/
FoamFile
{
    version     2.0;
    format      ascii;
    arch        "LSB;label=32;scalar=64";
    class       volScalarField;
    location    "0.78/water";
    object      p;
}
// * * * * * * * * * * * * * * * * * * * * * * * * * * * * * * * * * * * * * //

dimensions      [1 -1 -2 0 0 0 0];

internalField   nonuniform List<scalar> 
1497
(
100255.01899
100255.045031
100255.213046
100255.389982
100254.791298
100253.295194
100252.592533
100251.906117
100251.338007
100250.474123
100249.593711
100248.509994
100246.739478
100253.83877
100253.886565
100254.769065
100254.776715
100254.391879
100253.979223
100253.704556
100253.576984
100253.642087
100253.830523
100253.477683
100252.023725
100251.01805
100250.353418
100249.98857
100249.143753
100248.27363
100247.222991
100245.097776
100244.409666
100252.102451
100252.228446
100253.124652
100252.914835
100252.228689
100251.66283
100251.389161
100251.296824
100251.260402
100250.723745
100249.329688
100248.325065
100247.749819
100247.659971
100246.967342
100246.204605
100245.623088
100243.031205
100242.191033
100242.077028
100246.593601
100246.663703
100248.231751
100247.828214
100246.763335
100245.953031
100245.727669
100245.668152
100245.167378
100244.143977
100243.684827
100243.45283
100243.74714
100243.519768
100243.247988
100242.559229
100239.210884
100238.144826
100238.65148
100238.613792
100235.140922
100235.971907
100238.543747
100238.506564
100237.576656
100236.798333
100236.707389
100236.897963
100236.793553
100236.87384
100237.128762
100237.52347
100237.558745
100236.928623
100235.100386
100231.423393
100231.34775
100232.772278
100233.505079
100233.71614
100225.087139
100225.857584
100228.087257
100228.215041
100227.5048
100226.834867
100226.922982
100227.576198
100228.149857
100228.431417
100228.175251
100226.905855
100224.230018
100221.95159
100221.151562
100223.077305
100225.435939
100227.112979
100228.126173
100228.921711
100221.983171
100221.855647
100222.319607
100222.292491
100221.796109
100220.812089
100219.840504
100219.297517
100218.931686
100218.183149
100216.950542
100215.880563
100216.663553
100218.501162
100220.132418
100221.456974
100222.716043
100223.815289
100224.821621
100225.830179
100222.832258
100222.77312
100222.729415
100222.690824
100222.652169
100222.345295
100221.46777
100220.235035
100219.044894
100218.401749
100218.73726
100219.95578
100221.031197
100221.390005
100221.4961
100221.781677
100222.290404
100222.898669
100223.5936
100224.336831
100222.213138
100222.193584
100222.179818
100222.16375
100222.143868
100222.120264
100222.095279
100221.968461
100221.699361
100221.524561
100221.537543
100221.629803
100221.637585
100221.620497
100221.629954
100221.797173
100222.142222
100222.570856
100223.026896
100223.523684
100221.786269
100221.770063
100221.760369
100221.752253
100221.743756
100221.734897
100221.725442
100221.714147
100221.666577
100221.594239
100221.529252
100221.495209
100221.474624
100221.458259
100221.470043
100221.616152
100221.9116
100222.274076
100222.639797
100223.029087
100221.396376
100221.383165
100221.375748
100221.370852
100221.366709
100221.363588
100221.361279
100221.358798
100221.339341
100221.302251
100221.282323
100221.283121
100221.28289
100221.281193
100221.329801
100221.514102
100221.830911
100222.188699
100222.486946
100222.741809
100221.005491
100220.991338
100220.984634
100220.981867
100220.980894
100220.982289
100220.985716
100220.980925
100220.958021
100220.927052
100220.934078
100220.979981
100221.043264
100221.122813
100221.268534
100221.537945
100221.897409
100222.20892
100222.339558
100222.391927
100220.658528
100220.523464
100220.534394
100220.539975
100220.547693
100220.556758
100220.555738
100220.524537
100220.484162
100220.454054
100220.471051
100220.548251
100220.683648
100220.872873
100221.133207
100221.47795
100221.811398
100221.934399
100221.775815
100221.617219
100219.661625
100219.518661
100219.851639
100219.888785
100219.889536
100219.840181
100219.743752
100219.708803
100219.689682
100219.660098
100219.680501
100219.778982
100219.979326
100220.255775
100220.591007
100220.929154
100221.073545
100220.826653
100220.371892
100220.12393
100217.635512
100217.960547
100218.505917
100218.451275
100218.267754
100218.150815
100218.132407
100218.181335
100218.213681
100218.184917
100218.189997
100218.277978
100218.498036
100218.793717
100219.106187
100219.258054
100218.979055
100218.3503
100217.865735
100217.697481
100214.158068
100214.973479
100215.752922
100215.559949
100215.130974
100215.000494
100215.057805
100215.088347
100215.024878
100214.932481
100214.906303
100214.980882
100215.157956
100215.340341
100215.426559
100215.209709
100214.680858
100214.214112
100214.070441
100214.167431
100205.279233
100206.801817
100208.085015
100208.09026
100207.595854
100207.430951
100207.55862
100207.582952
100207.475066
100207.570247
100207.716939
100207.98101
100208.186347
100208.337386
100208.425723
100208.460995
100208.518697
100208.72697
100209.115583
100209.642202
100195.120615
100196.338294
100197.354957
100197.6122
100197.289849
100197.231491
100197.674506
100198.15569
100198.517203
100198.882559
100199.290569
100199.67968
100200.004206
100200.421551
100200.94405
100201.507806
100202.110712
100202.806442
100203.590745
100204.543318
100189.03071
100189.066117
100189.040274
100189.256909
100189.093714
100188.737444
100188.970024
100189.700011
100190.521705
100191.167933
100191.718041
100192.101482
100192.588576
100193.236204
100193.998013
100194.818864
100195.706032
100196.689372
100197.801279
100199.114983
100187.832642
100187.799598
100187.772339
100187.731324
100187.520821
100186.792036
100185.839871
100185.037611
100184.620966
100184.57136
100184.737378
100185.127671
100185.742258
100186.553311
100187.480343
100188.532512
100189.694492
100190.910017
100192.185928
100193.590286
100187.041051
100187.035495
100187.027342
100187.008351
100186.978471
100186.944131
100186.861144
100186.455546
100185.791681
100185.081317
100184.56654
100184.368638
100184.475693
100184.792763
100185.265621
100185.871755
100186.544173
100187.19344
100187.863874
100188.626715
100186.621641
100186.619527
100186.616175
100186.609062
100186.599266
100186.587257
100186.572652
100186.556011
100186.517954
100186.396803
100186.255422
100186.150638
100186.087574
100186.048545
100186.016388
100185.966561
100185.815217
100185.529418
100185.173339
100184.820223
100186.295026
100186.294495
100186.294443
100186.293626
100186.291553
100186.288416
100186.284173
100186.278414
100186.272156
100186.28437
100186.328045
100186.378085
100186.401269
100186.374866
100186.27587
100186.072222
100185.621099
100184.750466
100183.505824
100182.228025
100185.994555
100185.994612
100185.995983
100185.997303
100185.998104
100185.998519
100185.9982
100185.996378
100186.003722
100186.043252
100186.134894
100186.274747
100186.439179
100186.576162
100186.609342
100186.335705
100185.404038
100183.752289
100181.961397
100180.036963
100185.68642
100185.687897
100185.691485
100185.696412
100185.701451
100185.707115
100185.708696
100185.730319
100185.794474
100185.950688
100186.20009
100186.520503
100186.840741
100187.013696
100186.720175
100185.623428
100183.77511
100181.813344
100179.750593
100177.118427
100185.310037
100185.316657
100185.332883
100185.345178
100185.351213
100185.35618
100185.360074
100185.449656
100185.638058
100185.939588
100186.327071
100186.680282
100186.722083
100186.07972
100184.650933
100182.775692
100181.009399
100179.069798
100176.404631
100170.200669
100184.667528
100184.669332
100184.79531
100184.821262
100184.767294
100184.766038
100184.823433
100184.961805
100185.210957
100185.521266
100185.66846
100185.248993
100184.111072
100182.518955
100180.940015
100179.555424
100177.889101
100175.337839
100169.636217
100164.87746
100183.860103
100183.882586
100184.329117
100184.379177
100184.260076
100184.133933
100184.082599
100184.123721
100184.137828
100183.763558
100182.760265
100181.298354
100179.923735
100178.70581
100177.569172
100176.040088
100173.317957
100167.990826
100164.737905
100165.919636
100182.354198
100181.198727
100182.237375
100182.614614
100182.574731
100182.467014
100182.313298
100181.888683
100180.978015
100179.644862
100178.285429
100177.292039
100176.204508
100175.05247
100173.478324
100170.660245
100166.045
100164.530375
100165.824054
100166.286505
100180.555298
100177.876119
100179.814777
100180.494429
100180.243713
100179.711844
100178.809646
100177.54509
100176.40215
100175.340463
100174.58687
100173.563649
100172.39992
100170.776168
100168.033573
100164.366813
100163.59808
100165.028798
100165.662384
100165.677017
100178.772675
100173.794091
100176.850689
100177.44842
100176.49926
100175.47305
100174.324101
100173.544904
100172.630534
100171.906814
100170.873251
100169.728427
100168.244624
100165.65053
100162.737685
100161.87612
100162.912825
100163.539501
100163.672242
100163.759679
100177.189738
100170.90431
100173.823447
100174.157271
100173.150027
100172.180393
100171.446808
100170.419941
100169.568766
100168.40254
100167.200319
100165.804952
100163.404312
100160.983136
100159.853521
100159.993363
100160.181609
100160.1754
100160.089812
100159.991992
100175.673668
100169.925613
100172.250078
100172.564831
100171.171419
100169.988772
100168.566137
100167.376782
100165.983138
100164.582072
100163.155362
100160.835457
100158.774902
100157.29739
100156.736394
100156.252791
100155.970846
100155.683326
100155.345
100155.028405
100171.380546
100165.027778
100167.601562
100167.473541
100165.786326
100163.964591
100162.322053
100160.823197
100159.03601
100157.515235
100154.808619
100152.953463
100151.768966
100151.409155
100150.919937
100150.571971
100150.29972
100149.99213
100149.67598
100149.405654
100131.821764
100126.849973
100131.779912
100134.449373
100136.072517
100136.953155
100137.424044
100136.968545
100136.558712
100135.83896
100136.14288
100137.015116
100138.201697
100139.015386
100139.751312
100140.566724
100141.412413
100142.197321
100142.827438
100143.235565
100104.212971
100102.141491
100103.562453
100104.665025
100105.168997
100105.224022
100105.157103
100105.638112
100106.906102
100109.257767
100112.27049
100115.698216
100118.947968
100121.748598
100124.240489
100126.671058
100129.237947
100131.918704
100134.438681
100136.442616
100104.258553
100104.216474
100104.192181
100104.132701
100103.752283
100103.153029
100102.752855
100102.731113
100102.989003
100103.326812
100103.81593
100104.679202
100106.218637
100108.636756
100111.645467
100114.822706
100118.057556
100121.529736
100125.298191
100129.005871
100103.697278
100103.695848
100103.698082
100103.696674
100103.690096
100103.67988
100103.66802
100103.655746
100103.643543
100103.631233
100103.619383
100103.583891
100103.576073
100103.956488
100105.207347
100107.555716
100110.670739
100114.083327
100117.803412
100121.956672
100245.738672
100244.208788
100242.81806
100241.916118
100241.724546
100241.825613
100241.944266
100242.026903
100242.111546
100242.283606
100242.737621
100243.360222
100243.926708
100244.345858
100244.696167
100244.978156
100245.196361
100245.343384
100245.289103
100244.815273
100243.682923
100242.728504
100241.766398
100240.97856
100240.613592
100240.632727
100240.805541
100241.001577
100241.216818
100241.531871
100241.965526
100242.388348
100242.794052
100243.206904
100243.593953
100243.903682
100244.129788
100244.349272
100244.325485
100243.766082
100241.529332
100240.858153
100240.287848
100239.748092
100239.326906
100239.176102
100239.275416
100239.488038
100239.749679
100240.107355
100240.474495
100240.804679
100241.148966
100241.526337
100241.912606
100242.264533
100242.495769
100242.731139
100242.762459
100242.222287
100238.250825
100238.000059
100237.842765
100237.684811
100237.486608
100237.316862
100237.315152
100237.526671
100237.866747
100238.25299
100238.599793
100238.912325
100239.223668
100239.567428
100239.934623
100240.267661
100240.480769
100240.668258
100240.754699
100240.183708
100233.908037
100234.201932
100234.507822
100234.767249
100234.94101
100235.035414
100235.08393
100235.297588
100235.711456
100236.159862
100236.525137
100236.843506
100237.15433
100237.487388
100237.846827
100238.16461
100238.369598
100238.57181
100238.675215
100238.089634
100229.696171
100230.415076
100231.068291
100231.647985
100232.173672
100232.580251
100232.804872
100233.027912
100233.520319
100233.994755
100234.378317
100234.710245
100235.019137
100235.353398
100235.703972
100236.01279
100236.201616
100236.396511
100236.47954
100235.941241
100226.765247
100227.609766
100228.395788
100229.1155
100229.756948
100230.345104
100230.723551
100230.94897
100231.442358
100231.964853
100232.355192
100232.668781
100232.961403
100233.291437
100233.625815
100233.914655
100234.053373
100234.20876
100234.262347
100233.808484
100225.097104
100225.865155
100226.617702
100227.312443
100227.962614
100228.539425
100228.916387
100229.130782
100229.648404
100230.152914
100230.520757
100230.813746
100231.083051
100231.405246
100231.717457
100231.945602
100231.997074
100232.121208
100232.162716
100231.802037
100224.114843
100224.772144
100225.435968
100226.037591
100226.567698
100227.077393
100227.425365
100227.613144
100228.113966
100228.604304
100228.945395
100229.19667
100229.444042
100229.748391
100230.033736
100230.167677
100230.148623
100230.24518
100230.305148
100230.025146
100223.502597
100224.046278
100224.597877
100225.073551
100225.507916
100225.903185
100226.145973
100226.374389
100226.884786
100227.31826
100227.596803
100227.809044
100228.047414
100228.336162
100228.559629
100228.592299
100228.554811
100228.624259
100228.701261
100228.499027
100223.073795
100223.488336
100223.905882
100224.243115
100224.541047
100224.815845
100225.049152
100225.361462
100225.851479
100226.213656
100226.436653
100226.609375
100226.838045
100227.093994
100227.220308
100227.21721
100227.181155
100227.235456
100227.310413
100227.156678
100222.55952
100222.827172
100223.084009
100223.282366
100223.492281
100223.733389
100224.025048
100224.43502
100224.899884
100225.207884
100225.364792
100225.524142
100225.751458
100225.969785
100226.034085
100226.034418
100225.995261
100226.035319
100226.093142
100225.961718
100221.651771
100221.7855
100221.916207
100222.046776
100222.250845
100222.539587
100222.931259
100223.393521
100223.818013
100224.074076
100224.201417
100224.414085
100224.665047
100224.8328
100224.899913
100224.893623
100224.838754
100224.851987
100224.873145
100224.743025
100220.100066
100220.160341
100220.255305
100220.42564
100220.718925
100221.114814
100221.58113
100222.048652
100222.390942
100222.597782
100222.872605
100223.212426
100223.513894
100223.675861
100223.735602
100223.727031
100223.666723
100223.609939
100223.55468
100223.338633
100217.716431
100217.835581
100218.052991
100218.401224
100218.862974
100219.394754
100219.935388
100220.38147
100220.635196
100220.961833
100221.545382
100222.087229
100222.402158
100222.568914
100222.65639
100222.66157
100222.522266
100222.216157
100222.186562
100221.971987
100214.417425
100214.79837
100215.311067
100215.944214
100216.648256
100217.378637
100218.058037
100218.526099
100218.815371
100219.567817
100220.537848
100221.159604
100221.48135
100221.699323
100221.794088
100221.763832
100221.37475
100220.768616
100221.174965
100221.030225
100210.312106
100211.122414
100212.055174
100213.081594
100214.155983
100215.219594
100216.153162
100216.759643
100217.335342
100218.732741
100220.057104
100220.704253
100221.041217
100221.256905
100221.343072
100221.033766
100219.806484
100219.776856
100220.531956
100220.36564
100205.689047
100206.997463
100208.436354
100209.987161
100211.600677
100213.204526
100214.650806
100215.684751
100216.77851
100218.896476
100220.45572
100221.042154
100221.29911
100221.401201
100220.862102
100218.783348
100218.135193
100219.193063
100219.766904
100219.366374
100200.671522
100202.431337
100204.374514
100206.504719
100208.795952
100211.183856
100213.602217
100215.708283
100217.656928
100220.674802
100222.344442
100222.491222
100222.119946
100220.134614
100217.009765
100215.980398
100216.602832
100217.201627
100217.211757
100216.818795
100195.207637
100197.029178
100199.077513
100201.396528
100204.026275
100206.979915
100209.9806
100212.586596
100214.714598
100218.960259
100221.841869
100220.180648
100215.545225
100211.407711
100210.428278
100210.470605
100210.651289
100210.384074
100209.97451
100209.734655
100189.51194
100190.450127
100191.378447
100192.298307
100192.980376
100192.438942
100190.491496
100189.120539
100187.859601
100188.183273
100191.781059
100193.573201
100194.176903
100195.990525
100197.192444
100197.827046
100197.887442
100197.51409
100197.176494
100197.063153
100184.42935
100183.738421
100182.601628
100180.044414
100174.44774
100170.378505
100170.194788
100170.041098
100169.933857
100169.762798
100169.74039
100172.222576
100175.731647
100178.67428
100180.698522
100182.135092
100183.185088
100183.72771
100183.714051
100183.695577
100180.68414
100178.654101
100174.16348
100167.676849
100168.090503
100169.055411
100169.072183
100169.106346
100169.14115
100169.150734
100169.153278
100169.35843
100170.312715
100171.386844
100172.475419
100173.494884
100174.440774
100175.250563
100175.270967
100175.181129
100177.581552
100171.759639
100166.232451
100168.458473
100168.475898
100168.513853
100168.541663
100168.563345
100168.58637
100168.612488
100168.64417
100168.782054
100169.022054
100169.365294
100169.761034
100170.17043
100170.581849
100171.017947
100171.025068
100170.726633
100170.758798
100165.617567
100167.949753
100167.968508
100167.980461
100167.987527
100167.995914
100168.004936
100168.013768
100168.018519
100167.97614
100168.097011
100168.245692
100168.448628
100168.626656
100168.788424
100168.911388
100169.016532
100169.275764
100168.926722
100165.198879
100167.481298
100167.490856
100167.488533
100167.484371
100167.485213
100167.489289
100167.498699
100167.512946
100167.533243
100167.597914
100167.693639
100167.840087
100168.032031
100168.184828
100168.325403
100168.386978
100168.416404
100168.837701
100168.411934
100166.821573
100167.090884
100167.064759
100167.042697
100167.028335
100167.020121
100167.018848
100167.020754
100167.024942
100167.027946
100167.138836
100167.262214
100167.507597
100167.781074
100168.011194
100168.211285
100168.323894
100168.42929
100168.784813
100168.409127
100166.622107
100166.676036
100166.648785
100166.626271
100166.609208
100166.600459
100166.597851
100166.601488
100166.606074
100166.652539
100166.802471
100166.989896
100167.309831
100167.66892
100167.969157
100168.214578
100168.388345
100168.582086
100168.846258
100168.523071
100166.260523
100166.311294
100166.279207
100166.250319
100166.232782
100166.224625
100166.227285
100166.237272
100166.253062
100166.391433
100166.554828
100166.812212
100167.194327
100167.621057
100167.967026
100168.247678
100168.458659
100168.672351
100168.881068
100168.59835
100165.674489
100165.865294
100165.89626
100165.890583
100165.880973
100165.874594
100165.875513
100165.884168
100165.930175
100166.151397
100166.302705
100166.545479
100166.968406
100167.390402
100167.725198
100167.992056
100168.184292
100168.361027
100168.556214
100168.243777
100164.024356
100164.703598
100165.049505
100165.27594
100165.431743
100165.493938
100165.51027
100165.53844
100165.7019
100165.841746
100165.852835
100165.976562
100166.347828
100166.659575
100166.916074
100167.107848
100167.218594
100167.293604
100167.442446
100166.958922
100160.199927
100161.083874
100162.138192
100162.995586
100163.54402
100163.878186
100164.135123
100164.409
100164.592673
100164.465318
100164.268675
100164.481991
100164.741884
100164.98247
100165.206191
100165.367375
100165.448108
100165.476183
100165.584785
100164.935415
100154.977196
100155.426311
100156.299337
100157.377049
100158.48416
100159.449679
100160.298194
100160.996277
100161.016805
100160.893245
100161.128434
100161.457158
100161.750663
100162.067067
100162.339981
100162.526638
100162.631719
100162.608972
100162.376619
100161.829232
100149.299293
100149.527807
100150.113813
100150.884668
100151.830099
100152.743987
100153.586314
100154.544007
100155.358776
100156.129596
100156.816199
100157.314124
100157.794998
100158.250708
100158.606091
100158.843701
100158.900279
100158.715078
100157.664166
100158.03721
100143.463997
100143.773838
100144.340902
100145.085693
100145.858279
100146.363205
100146.260095
100147.985122
100150.271989
100151.661346
100152.471179
100153.125712
100153.726712
100154.253926
100154.664556
100154.944455
100154.900764
100153.670067
100154.022415
100154.477797
100137.647698
100138.341326
100139.05461
100139.843095
100140.55857
100140.80736
100139.767917
100142.460266
100146.094352
100147.704818
100148.648011
100149.397246
100150.0565
100150.632372
100151.085613
100151.267215
100150.993719
100149.457618
100151.656324
100151.694
100131.837577
100133.381969
100134.356922
100135.267776
100136.052989
100136.196718
100134.529122
100138.065433
100142.583597
100144.42796
100145.473348
100146.273486
100146.982983
100147.65261
100148.273649
100148.524126
100145.274671
100145.421905
100147.12024
100146.836583
100126.040745
100128.854992
100130.371915
100131.495666
)
;

boundaryField
{
    emptyPatch
    {
        type            empty;
    }
    minY
    {
        type            calculated;
        value           nonuniform List<scalar> 0();
    }
    maxY
    {
        type            calculated;
        value           nonuniform List<scalar> 0();
    }
    maxX
    {
        type            calculated;
        value           nonuniform List<scalar> 
37
(
100244.815273
100243.766082
100242.222287
100240.183708
100238.089634
100235.941241
100233.808484
100231.802037
100230.025146
100228.499027
100227.156678
100225.961718
100224.743025
100223.338633
100221.971987
100221.030225
100220.365639
100219.366374
100216.818795
100209.734655
100197.063153
100183.695577
100175.181129
100170.726633
100168.926722
100168.411933
100168.409126
100168.52307
100168.598349
100168.243776
100166.95892
100164.935412
100161.829229
100158.037206
100154.477794
100151.693999
100146.836582
)
;
    }
    water_to_heater
    {
        type            calculated;
        value           nonuniform List<scalar> 
60
(
100255.090551
100253.605237
100253.264909
100251.252694
100247.382102
100244.8773
100235.310506
100225.262467
100223.944234
100221.571154
100223.885558
100222.130829
100222.736836
100221.261589
100221.933381
100221.54348
100222.267686
100220.788046
100221.564486
100220.087356
100220.217621
100218.699839
100217.824065
100214.353456
100207.177129
100204.917723
100196.460242
100194.199987
100189.747322
100187.724819
100188.007249
100187.159903
100187.314488
100186.519506
100186.785687
100185.986774
100186.285756
100185.49061
100185.786936
100185.419604
100185.383183
100184.584244
100184.382107
100183.586771
100182.674284
100181.875321
100180.668992
100178.882885
100178.060089
100177.067282
100176.711761
100175.002311
100172.217086
100169.691376
100132.046013
100104.450875
100105.462316
100104.10469
100104.208509
100103.438618
)
;
    }
    procBoundary1to0
    {
        type            processor;
        value           nonuniform List<scalar> 
41
(
100103.297677
100103.296758
100103.29829
100103.300844
100103.303279
100103.305376
100103.306873
100103.307336
100103.306145
100103.302649
100103.296374
100103.287509
100103.280993
100103.350755
100103.693298
100104.65851
100106.612819
100109.487515
100112.81538
100116.559908
100132.467055
100132.675568
100130.571854
100134.779852
100140.013741
100141.996722
100142.969777
100143.622852
100144.096636
100144.431219
100144.399274
100142.69547
100139.978031
100143.150736
100143.570042
100142.99718
100120.7138
100124.439845
100126.815304
100132.467055
100128.42592
)
;
    }
    procBoundary1to3
    {
        type            processor;
        value           nonuniform List<scalar> 
41
(
100256.247571
100256.235114
100256.284281
100256.396312
100256.354734
100255.299337
100253.97035
100253.5235
100252.814783
100252.121097
100251.262301
100250.322428
100249.298859
100255.313036
100255.321261
100255.491348
100255.535535
100255.435994
100255.294331
100255.140407
100255.140407
100247.987706
100246.425713
100244.236317
100243.341981
100243.331336
100243.406324
100243.417483
100243.458325
100243.489838
100243.439691
100243.332484
100243.591932
100244.442647
100245.152573
100245.585349
100245.813566
100246.009047
100246.126969
100246.007049
100245.536379
)
;
    }
}


// ************************************************************************* //
