/*--------------------------------*- C++ -*----------------------------------*\
| =========                 |                                                 |
| \\      /  F ield         | OpenFOAM: The Open Source CFD Toolbox           |
|  \\    /   O peration     | Version:  2312                                  |
|   \\  /    A nd           | Website:  www.openfoam.com                      |
|    \\/     M anipulation  |                                                 |
\*---------------------------------------------------------------------------*/
FoamFile
{
    version     2.0;
    format      ascii;
    arch        "LSB;label=32;scalar=64";
    class       volScalarField;
    location    "0.83/water";
    object      p;
}
// * * * * * * * * * * * * * * * * * * * * * * * * * * * * * * * * * * * * * //

dimensions      [1 -1 -2 0 0 0 0];

internalField   nonuniform List<scalar> 
1496
(
100266.163506
100259.497478
100257.043607
100256.737318
100256.457364
100252.795741
100248.285621
100243.360948
100239.707729
100237.898235
100237.367411
100237.398164
100237.716595
100238.224683
100238.778155
100239.117618
100239.177254
100239.067458
100238.7074
100237.921172
100194.575911
100190.797013
100190.06997
100193.727119
100196.280152
100196.988934
100200.812341
100207.221873
100211.774646
100215.172935
100217.53967
100219.32971
100220.675186
100221.62494
100222.009387
100221.722521
100220.833827
100219.557616
100217.878508
100216.165479
100118.560674
100114.016136
100110.141422
100113.465548
100113.288089
100113.421734
100118.1546
100132.647391
100152.072404
100167.452129
100179.147707
100186.812045
100191.947422
100195.442336
100197.57508
100198.334057
100197.895525
100196.625914
100194.873133
100192.707671
100105.320242
100102.69763
100101.957311
100106.089634
100105.971756
100105.673264
100105.440859
100105.805092
100110.809645
100124.219159
100139.313448
100150.961094
100158.968458
100164.359416
100167.901421
100169.794939
100170.327565
100169.906604
100169.024523
100168.188101
100101.693023
100099.234007
100099.290509
100101.828193
100101.774273
100101.676798
100101.52861
100101.314525
100100.830001
100101.901439
100107.92409
100117.697645
100126.772647
100133.478995
100138.156931
100141.275184
100143.089624
100143.960245
100144.701156
100146.717404
100097.623634
100097.019244
100098.079608
100099.077316
100099.069699
100099.030767
100098.961595
100098.86813
100098.732734
100098.164246
100098.163712
100100.449703
100105.721225
100111.598703
100116.390247
100119.97843
100122.512593
100124.819522
100127.603658
100130.703566
100096.835342
100097.088359
100097.099218
100097.172941
100097.229538
100097.258972
100097.261758
100097.235372
100097.186867
100097.108126
100096.916292
100096.749715
100097.851748
100100.668886
100104.014416
100107.326975
100110.481777
100113.362483
100116.042699
100118.805072
100096.178983
100096.179728
100096.186494
100096.193331
100096.195217
100096.195719
100096.196505
100096.194941
100096.184731
100096.16427
100096.130019
100096.088943
100096.262163
100097.39681
100099.523113
100101.971033
100104.075195
100105.917398
100107.880295
100110.019122
100095.436872
100095.433295
100095.429288
100095.429979
100095.430478
100095.430342
100095.430987
100095.433814
100095.437875
100095.440196
100095.440901
100095.441192
100095.512593
100096.05469
100097.166489
100098.273054
100099.408801
100100.666254
100102.081661
100103.661844
100094.823248
100094.820856
100094.817858
100094.81629
100094.816165
100094.81516
100094.811317
100094.804701
100094.799553
100094.797848
100094.798657
100094.801209
100094.806785
100094.858335
100095.192949
100095.815852
100096.528346
100097.366902
100098.429137
100099.722714
100094.270068
100094.269478
100094.268958
100094.268489
100094.267278
100094.263604
100094.255162
100094.242353
100094.22674
100094.212953
100094.201946
100094.193198
100094.185413
100094.177171
100094.250893
100094.526045
100094.990889
100095.659251
100096.552272
100097.587141
100093.754889
100093.753692
100093.752364
100093.750151
100093.746422
100093.74033
100093.73138
100093.719569
100093.704342
100093.686918
100093.670726
100093.656782
100093.644985
100093.634106
100093.655281
100093.853711
100094.255074
100094.831823
100095.539098
100096.064162
100093.265988
100093.265348
100093.264355
100093.262386
100093.259177
100093.254204
100093.247155
100093.23782
100093.226156
100093.211716
100093.196535
100093.18184
100093.167424
100093.152149
100093.155975
100093.291645
100093.617833
100094.094352
100094.608884
100094.499908
100092.822594
100092.82149
100092.820217
100092.81827
100092.815381
100092.811403
100092.805917
100092.798966
100092.790405
100092.780384
100092.76885
100092.756427
100092.742508
100092.72607
100092.727796
100092.801564
100093.016376
100093.385131
100093.684153
100093.337359
100092.414105
100092.413717
100092.413277
100092.411888
100092.409407
100092.40604
100092.40182
100092.396553
100092.390546
100092.383588
100092.375758
100092.366478
100092.354634
100092.339075
100092.357009
100092.45967
100092.64242
100092.926447
100092.99476
100092.381557
100092.04183
100092.041253
100092.040745
100092.039171
100092.036208
100092.032491
100092.028306
100092.023861
100092.018939
100092.013961
100092.008512
100092.001603
100091.991676
100091.977454
100092.016942
100092.177507
100092.409662
100092.685854
100092.550894
100091.468227
100091.689365
100091.689363
100091.689546
100091.688633
100091.686048
100091.682165
100091.678114
100091.674091
100091.670417
100091.666909
100091.663503
100091.658315
100091.649764
100091.636526
100091.703763
100091.917247
100092.191159
100092.416227
100091.882812
100090.187284
100091.353028
100091.352937
100091.353259
100091.352963
100091.351255
100091.348025
100091.3443
100091.341175
100091.338729
100091.337228
100091.33551
100091.331575
100091.324007
100091.311379
100091.428697
100091.701221
100092.023784
100092.176063
100091.324293
100089.056901
100091.018192
100091.018561
100091.019562
100091.020577
100091.020713
100091.019572
100091.017632
100091.016057
100091.015343
100091.015274
100091.014474
100091.011466
100091.005326
100090.99555
100091.183876
100091.518704
100091.893791
100091.871401
100090.381462
100088.072012
100090.676788
100090.677198
100090.678497
100090.680655
100090.682904
100090.684672
100090.685657
100090.686382
100090.68712
100090.687391
100090.686004
100090.681604
100090.672454
100090.722287
100090.983839
100091.359861
100091.681566
100091.102043
100088.924325
100087.839329
100090.313642
100090.314359
100090.316002
100090.319283
100090.323991
100090.329526
100090.334713
100090.339031
100090.342541
100090.344887
100090.345578
100090.343968
100090.339891
100090.494866
100090.808302
100091.208835
100091.405535
100090.300961
100087.808291
100088.504077
100089.918738
100089.919415
100089.921005
100089.924847
100089.931476
100089.940709
100089.950763
100089.959774
100089.967094
100089.972376
100089.975281
100089.975369
100090.032602
100090.260833
100090.628176
100091.020764
100090.890558
100089.249228
100087.144247
100088.901483
100089.483166
100089.482559
100089.483572
100089.487416
100089.495037
100089.507451
100089.523447
100089.539415
100089.553072
100089.563664
100089.571175
100089.594234
100089.754936
100090.039755
100090.425033
100090.725385
100090.061386
100088.137463
100086.945743
100088.705602
100088.992777
100088.987223
100088.986373
100088.989877
100088.998038
100089.013683
100089.039585
100089.076029
100089.100436
100089.109973
100089.127121
100089.185239
100089.383207
100089.71112
100090.109907
100090.24031
100089.225535
100087.227942
100087.079385
100088.508527
100088.410168
100088.399253
100088.393705
100088.390656
100088.388815
100088.389297
100088.392915
100088.344387
100088.213004
100088.140612
100088.221028
100088.409914
100088.699535
100089.097093
100089.499886
100089.300053
100088.095775
100086.442309
100087.205987
100088.322025
100087.765462
100087.755442
100087.751668
100087.750431
100087.750271
100087.752526
100087.762091
100087.677043
100087.565926
100087.514582
100087.531278
100087.666939
100087.941162
100088.330413
100088.56976
100087.942889
100086.685345
100085.600514
100087.028209
100088.004933
100087.095603
100087.095835
100087.092456
100087.089891
100087.087109
100087.083524
100087.050046
100086.83016
100086.616099
100086.510794
100086.509335
100086.622619
100086.869568
100087.132571
100086.848322
100085.866435
100084.757907
100084.310111
100086.057274
100087.074639
100086.047927
100086.201269
100086.419241
100086.432496
100086.43909
100086.440047
100086.316848
100085.913504
100085.512986
100085.240146
100085.099019
100085.095331
100085.128166
100084.755189
100083.729502
100082.705198
100081.573108
100081.655391
100083.40332
100084.399128
100084.053011
100084.616887
100085.005375
100085.041794
100084.98915
100084.872176
100084.544222
100084.008249
100083.468794
100083.024848
100082.69822
100082.363692
100081.593342
100080.286611
100079.084849
100078.252957
100076.524492
100077.180859
100078.697422
100079.510964
100081.625091
100082.509526
100082.932592
100082.762256
100082.367526
100081.908364
100081.329984
100080.690995
100080.063631
100079.463244
100078.767602
100077.530883
100075.831617
100074.359401
100073.394995
100071.675947
100069.525741
100071.208213
100072.320218
100072.861067
100079.021447
100080.031709
100080.671776
100080.065585
100079.132363
100078.203244
100077.267769
100076.340028
100075.412836
100074.354531
100072.755343
100070.600794
100068.701123
100067.331436
100065.685627
100062.131222
100061.95342
100063.744044
100064.572009
100064.947162
100071.492826
100072.441802
100073.222825
100072.214642
100070.873493
100069.729324
100068.721974
100067.686511
100066.477578
100064.929395
100062.886694
100060.84343
100059.217789
100057.2785
100053.506917
100051.644462
100053.461638
100054.802145
100055.518511
100055.636515
100054.770119
100054.894526
100055.903318
100055.188778
100054.030196
100053.099781
100052.473506
100051.888192
100051.113598
100050.069168
100048.639485
100046.919352
100044.617181
100041.222718
100039.342392
100040.87514
100042.670033
100043.65644
100043.575474
100042.961053
100029.285168
100028.948457
100030.194647
100029.953211
100029.173414
100028.630709
100028.570314
100028.743132
100028.744808
100028.273324
100027.208012
100025.662825
100024.038103
100023.943113
100025.829276
100027.826143
100028.989766
100028.636168
100026.659376
100023.179921
100005.693922
100005.561025
100006.284254
100006.190157
100005.556552
100004.75678
100004.137027
100003.821585
100003.733394
100004.0219
100005.088614
100006.765964
100008.928416
100011.392705
100013.52499
100014.757362
100014.484556
100011.907373
100007.583144
100004.110632
100000.229457
100000.591479
100000.794556
100000.77761
100000.73743
100000.497881
99999.9733788
99999.4700215
99999.3154947
99999.6164612
100000.394962
100001.651732
100003.136286
100004.5701
100005.590322
100005.932183
100004.519938
100001.863736
100000.152046
100000.572382
100000.363375
100000.320364
100000.29323
100000.273626
100000.258971
100000.246159
100000.233662
100000.222398
100000.213578
100000.207484
100000.202261
100000.303689
100000.493135
100000.679683
100000.855896
100000.834359
100000.279632
99999.9127243
100000.170424
100000.179889
100260.522342
100261.193142
100261.295756
100260.940707
100260.563263
100260.22329
100259.905658
100259.587496
100259.098919
100257.784497
100257.115579
100257.734969
100257.921559
100257.49066
100257.356192
100257.644082
100236.933887
100236.518649
100236.78971
100237.408864
100238.045616
100239.08098
100239.96094
100240.169208
100240.214854
100240.224256
100240.212686
100239.987239
100238.691798
100237.985676
100238.584523
100239.418495
100239.42764
100238.920179
100238.747476
100239.09854
100214.612924
100214.128722
100214.634618
100215.430448
100216.023967
100217.46556
100219.140976
100219.85142
100220.255972
100220.563851
100220.663174
100219.543236
100218.859287
100219.413325
100220.226339
100220.981347
100220.888601
100220.231107
100219.979999
100220.343474
100191.462196
100191.771597
100192.874759
100194.050899
100194.825371
100196.593131
100199.397628
100200.775618
100201.511905
100202.056177
100201.292852
100200.485647
100200.887629
100201.575079
100202.190868
100202.392852
100202.091642
100201.158925
100200.804654
100201.130828
100168.934031
100170.539574
100172.343243
100174.05504
100175.430694
100177.231453
100180.963297
100183.780482
100184.996196
100185.026949
100183.90996
100184.173383
100184.849422
100185.268164
100185.077786
100184.370097
100183.661546
100182.630271
100182.129805
100182.234124
100149.323871
100151.732752
100154.100818
100156.515825
100158.994108
100161.472637
100165.270523
100169.699229
100171.326843
100169.992451
100170.093286
100170.897869
100171.144299
100170.715196
100169.859489
100168.849731
100168.005914
100167.019499
100166.486117
100166.280679
100133.653904
100136.335572
100139.009609
100141.959277
100145.342499
100148.869956
100152.446704
100156.35581
100157.63028
100157.752396
100158.606385
100158.486064
100157.80474
100157.015957
100156.176315
100155.387909
100154.822659
100153.983643
100153.441861
100153.015135
100121.524823
100124.069694
100126.72646
100129.653314
100132.822441
100135.788508
100137.141017
100137.948863
100139.871321
100141.940088
100142.69447
100142.538884
100142.374226
100142.242619
100142.112299
100142.039124
100141.94474
100141.388513
100141.051035
100140.521252
100112.200321
100114.226049
100116.031643
100117.272814
100117.763249
100116.494406
100115.54983
100116.537251
100118.343932
100120.501447
100122.355518
100124.043191
100125.476031
100126.728337
100127.854827
100128.882452
100129.59365
100129.504767
100129.369959
100128.89279
100105.272151
100106.339969
100105.872511
100103.848306
100099.945054
100097.709566
100097.355874
100098.189732
100100.219404
100102.608733
100105.543666
100108.610916
100111.255099
100113.528018
100115.525258
100117.235858
100118.461581
100118.806664
100118.799992
100118.518157
100100.917814
100100.769309
100098.986681
100095.897654
100095.275215
100095.540882
100095.622717
100095.647285
100096.231588
100097.271372
100099.014907
100101.182945
100103.361256
100105.373514
100107.180222
100108.657311
100109.632438
100110.189105
100110.220094
100110.176456
100097.95199
100096.821229
100094.497862
100093.766008
100094.474353
100094.527046
100094.551441
100094.64397
100094.958126
100095.539394
100096.545704
100097.881406
100099.358595
100100.795559
100102.075806
100103.031727
100103.670783
100104.209613
100104.228324
100104.278948
100095.460164
100094.090432
100092.338554
100093.632111
100093.679737
100093.701519
100093.714331
100093.791052
100094.011358
100094.474446
100095.171469
100096.062033
100097.058087
100098.038017
100098.877099
100099.447025
100099.959561
100100.307128
100100.286002
100100.329983
100093.896391
100091.938927
100092.421587
100092.985316
100092.987259
100092.983659
100092.979222
100092.983276
100093.177187
100093.548903
100094.053346
100094.659819
100095.324717
100095.959099
100096.436024
100096.556328
100096.95504
100097.1789
100097.144002
100097.1496
100092.20412
100090.501089
100092.255989
100092.290307
100092.300616
100092.297847
100092.287491
100092.234108
100092.373905
100092.646879
100093.002205
100093.407695
100093.845843
100094.244372
100094.453304
100094.037679
100094.38006
100094.536056
100094.489175
100094.489762
100090.636464
100090.688011
100091.703457
100091.701412
100091.690691
100091.677281
100091.659075
100091.559183
100091.618926
100091.779078
100091.993932
100092.226374
100092.478351
100092.695767
100092.685699
100091.815622
100091.974469
100092.488081
100092.411826
100092.306907
100089.480314
100091.082397
100091.117935
100091.124885
100091.117108
100091.102477
100091.081128
100090.971582
100090.958029
100091.013323
100091.105156
100091.199793
100091.321402
100091.450095
100091.404615
100090.510815
100090.585761
100091.398522
100091.17069
100090.983527
100088.88167
100090.654074
100090.649248
100090.63363
100090.614947
100090.594171
100090.569827
100090.493777
100090.441072
100090.41542
100090.393969
100090.353059
100090.334561
100090.362547
100090.255001
100089.826225
100088.669971
100090.189138
100090.348567
100089.928054
100089.367187
100090.214833
100090.204829
100090.18678
100090.166018
100090.144165
100090.11878
100090.085366
100090.055888
100090.018108
100089.940146
100089.806028
100089.650537
100089.508006
100089.392888
100089.183141
100088.355328
100088.798353
100089.976274
100089.371629
100089.774152
100089.795922
100089.794963
100089.783902
100089.769521
100089.753029
100089.735092
100089.713327
100089.755802
100089.826755
100089.854076
100089.80948
100089.712287
100089.61326
100089.511815
100089.392076
100089.19403
100088.876245
100089.95041
100089.826079
100089.482167
100089.474853
100089.46076
100089.447132
100089.434144
100089.422932
100089.41136
100089.397334
100089.535769
100089.795013
100090.041555
100090.22883
100090.35239
100090.449488
100090.539407
100090.600227
100090.57541
100090.544843
100090.732987
100090.95866
100089.188916
100089.178729
100089.166184
100089.154971
100089.147165
100089.140955
100089.136378
100089.129266
100089.365284
100089.818554
100090.295321
100090.743244
100091.148738
100091.524355
100091.84343
100092.054012
100092.186871
100092.21717
100092.414735
100092.19398
100088.911053
100088.908862
100088.90303
100088.899354
100088.897447
100088.898595
100088.900617
100088.899996
100089.234302
100089.855051
100090.524765
100091.181122
100091.831303
100092.430784
100092.883479
100093.172488
100093.418578
100093.653268
100093.954943
100093.545708
100088.69724
100088.687744
100088.68264
100088.681232
100088.684231
100088.689496
100088.695961
100088.76061
100089.245698
100090.009811
100090.833128
100091.671037
100092.513732
100093.234404
100093.738051
100094.273666
100094.78479
100095.218718
100095.440524
100094.874697
100088.498533
100088.491175
100088.488606
100088.491859
100088.499242
100088.510131
100088.521888
100088.735343
100089.410483
100090.309346
100091.273621
100092.251504
100093.139808
100093.967813
100094.931341
100095.892856
100096.648938
100097.231979
100097.504842
100097.092863
100088.312183
100088.307886
100088.310427
100088.318336
100088.330562
100088.344785
100088.389034
100088.823011
100089.718136
100090.808647
100091.977984
100093.105598
100093.880552
100095.406168
100097.26066
100098.644948
100099.673594
100100.46436
100100.930123
100100.742824
100088.117197
100088.121926
100088.132309
100088.147117
100088.163656
100088.1921
100088.469273
100089.280558
100090.515423
100092.010283
100093.673945
100095.208138
100096.175875
100098.907148
100102.039799
100104.202207
100105.764362
100106.915488
100107.495271
100107.634085
100087.521196
100087.693121
100087.773024
100087.834161
100087.943934
100088.254004
100089.019874
100090.356884
100092.206811
100094.515055
100097.205302
100099.996473
100101.812476
100105.650683
100111.436105
100115.035804
100117.362286
100118.873838
100119.624512
100120.143852
100085.210572
100085.792734
100086.208049
100086.576008
100087.061068
100087.877295
100089.241117
100091.31291
100094.117367
100097.780318
100102.369164
100107.792412
100112.70288
100117.099951
100126.876337
100134.564701
100137.913371
100139.310644
100139.59799
100139.613811
100080.313948
100081.07248
100081.771728
100082.450011
100083.273087
100084.42391
100086.053298
100088.369667
100091.575826
100096.006578
100101.981485
100109.689073
100118.954041
100125.734577
100132.188395
100150.344511
100158.958741
100157.100971
100154.0698
100151.828217
100073.321756
100073.782688
100074.343369
100074.869895
100075.236013
100075.414023
100075.347269
100075.031447
100074.521509
100074.308465
100074.754553
100075.581243
100073.422208
100070.48608
100066.22176
100062.114188
100075.246521
100091.551667
100093.065633
100092.60435
100064.982529
100064.92152
100065.07396
100064.9689
100064.057832
100061.999995
100058.75969
100054.21906
100048.220757
100040.832759
100029.141922
100006.504356
100002.391004
100004.339199
100004.339421
100004.326524
100004.327666
100010.76073
100015.529773
100017.76997
100055.252309
100055.141057
100055.341681
100054.707344
100052.487691
100048.449132
100042.090728
100034.48867
100026.948848
100016.991068
100000.703191
100003.483608
100003.491861
100003.52163
100003.550841
100003.574611
100003.601201
100004.551124
100005.295442
100005.681496
100042.036427
100041.940656
100042.475936
100040.766481
100035.529591
100028.231103
100022.597934
100018.85047
100014.024308
100005.704864
100002.492335
100003.010225
100003.008973
100003.000994
100002.99102
100002.980787
100002.48015
100002.580328
100002.899218
100003.004612
100019.899703
100018.509997
100018.994563
100018.062109
100015.925442
100015.360882
100015.331495
100013.92792
100010.065041
100004.230727
100002.479924
100002.452891
100002.438403
100002.425032
100002.413673
100002.40533
100001.052335
100001.420366
100001.791288
100001.867091
100003.289253
100003.321136
100004.291247
100006.156609
100008.180504
100009.601058
100009.857535
100008.789138
100006.415711
100003.145085
100001.750605
100001.804339
100001.793956
100001.788491
100001.785768
100001.7826
100000.224334
100000.819369
100001.239486
100001.330709
100000.601851
100000.638529
100001.109278
100002.330167
100003.730401
100004.591221
100004.682713
100004.21426
100003.33014
100001.989366
100001.125725
100001.118907
100001.107334
100001.106295
100001.10906
100001.111642
99999.9228746
100000.536886
100000.969045
100001.094355
100000.185756
100000.185738
100000.233705
100000.45848
100000.842551
100001.202658
100001.323842
100001.339174
100001.297501
100000.927889
100000.454511
100000.389041
100000.384304
100000.387088
100000.390186
100000.39581
100000.095772
100001.674996
100001.526672
100001.383306
)
;

boundaryField
{
    emptyPatch
    {
        type            empty;
    }
    minY
    {
        type            calculated;
        value           nonuniform List<scalar> 0();
    }
    maxY
    {
        type            calculated;
        value           nonuniform List<scalar> 
40
(
100000
100000
100000
100000
100000
100000
100000
100000
100000
100000
100000
100000
100000
100000
100000
100000
100000
100000
100000
100000
100000
100000
100000
100000
100000
100000
100000
100000
100000
100000
100000
100000
100000
100000
100000
100000
100000
99998.541907
99999.6428634
99999.8673419
)
;
    }
    maxX
    {
        type            calculated;
        value           nonuniform List<scalar> 
38
(
100257.644082
100239.09854
100220.343474
100201.130828
100182.234123
100166.280678
100153.015135
100140.521252
100128.89279
100118.518156
100110.176456
100104.278948
100100.329982
100097.149599
100094.489761
100092.306906
100090.983524
100089.928033
100089.371119
100089.824114
100090.956003
100092.191029
100093.54265
100094.871558
100097.089898
100100.740286
100107.632319
100120.143215
100139.613749
100151.828192
100092.604319
100017.769937
100005.681461
100003.004576
100001.867054
100001.330643
100001.093706
100001.379833
)
;
    }
    water_to_heater
    {
        type            calculated;
        value           nonuniform List<scalar> 
59
(
100267.258008
100263.705886
100194.785381
100118.771421
100108.180085
100104.649487
100103.669179
100100.143235
100098.660733
100095.4279
100097.100137
100096.359924
100096.133209
100095.389052
100095.315041
100094.581893
100094.577432
100093.833597
100093.875109
100093.385167
100093.491555
100092.757548
100092.903248
100092.160098
100092.34301
100091.606615
100091.806108
100091.470048
100091.69385
100090.949955
100091.166969
100090.42474
100090.62056
100089.87605
100090.043809
100089.624825
100090.082483
100088.871315
100089.30699
100087.945825
100088.335782
100086.971977
100087.336627
100086.301159
100085.382705
100083.961431
100082.685144
100081.126226
100079.772412
100077.963883
100071.799649
100055.069498
100031.796945
100028.84461
100007.424298
100004.579397
100001.142559
99998.8019626
100000.687208
)
;
    }
    procBoundary0to1
    {
        type            processor;
        value           nonuniform List<scalar> 
41
(
100314.949147
100306.490287
100300.75266
100294.499992
100291.264357
100285.149371
100275.196991
100264.325073
100255.757192
100251.249848
100249.530097
100249.47151
100249.952024
100251.05416
100252.843486
100255.069635
100257.188182
100258.663612
100259.353358
100259.328812
100282.438143
100282.855099
100282.419867
100281.441511
100280.587055
100279.86684
100279.218394
100278.609492
100278.037574
100277.278077
100276.057653
100275.867487
100276.064861
100275.792381
100275.681208
100275.900699
100258.893007
100258.765422
100259.088342
100259.753274
100259.753274
)
;
    }
}


// ************************************************************************* //
