/*--------------------------------*- C++ -*----------------------------------*\
| =========                 |                                                 |
| \\      /  F ield         | OpenFOAM: The Open Source CFD Toolbox           |
|  \\    /   O peration     | Version:  2312                                  |
|   \\  /    A nd           | Website:  www.openfoam.com                      |
|    \\/     M anipulation  |                                                 |
\*---------------------------------------------------------------------------*/
FoamFile
{
    version     2.0;
    format      ascii;
    arch        "LSB;label=32;scalar=64";
    class       volScalarField;
    location    "0.85/water";
    object      Ct2;
}
// * * * * * * * * * * * * * * * * * * * * * * * * * * * * * * * * * * * * * //

dimensions      [0 0 0 0 0 0 0];

internalField   nonuniform List<scalar> 
1497
(
1
1
1
1
1
1
1
1
1
1
1
1
1
1
1
1
1
1
1
1
1
1
1
1
1
1
1
1
1
1
1
1
1
1
1
1
1
1
1
1
1
1
1
1
1
1
1
1
1
1
1
1
1
1
1
1
1
1
1
1
1
1
1
1
1
1
1
1
1
1
1
1
1
1
1
1
1
1
1
1
1
1
1
1
1
1
1
1
1
1
1
1
1
1
1
1
1
1
1
1
1
1
1
1
1
1
1
1
1
1
1
1
1
1
1
1
1
1
1
1
1
1
1
1
1
1
1
1
1
1
1
1
1
1
1
1
1
1
1
1
1
1
1
1
1
1
1
1
1
1
1
1
1
1
1
1
1
1
1
1
1
1
1
1
1
1
1
1
1
1
1
1
1
1
1
1
1
1
1
1
1
1
1
1
1
1
1
1
1
1
1
1
1
1
1
1
1
1
1
1
1
1
1
1
1
1
1
1
1
1
1
1
1
1
1
1
1
1
1
1
1
1
1
1
1
1
1
1
1
1
1
1
1
1
1
1
1
1
1
1
1
1
1
1
1
1
1
1
1
1
1
1
1
1
1
1
1
1
1
1
1
1
1
1
1
1
1
1
1
1
1
1
1
1
1
1
1
1
1
1
1
1
1
1
1
1
1
1
1
1
1
1
1
1
1
1
1
1
1
1
1
1
1
1
1
1
1
1
1
1
1
1
1
1
1
1
1
1
1
1
1
1
1
1
1
1
1
1
1
1
1
1
1
1
1
1
1
1
1
1
1
1
1
1
1
1
1
1
1
1
1
1
1
1
1
1
1
1
1
1
1
1
1
1
1
1
1
1
1
1
1
1
1
1
1
1
1
1
1
1
1
1
1
1
1
1
1
1
1
1
1
1
1
1
1
1
1
1
1
1
1
1
1
1
1
1
1
1
1
1
1
1
1
1
1
1
1
1
1
1
1
1
1
1
1
1
1
1
1
1
1
1
1
1
1
1
1
1
1
1
1
1
1
1
1
1
1
1
1
1
1
1
1
1
1
1
1
1
1
1
1
1
1
1
1
1
1
1
1
1
1
1
1
1
1
1
1
1
1
1
1
1
1
1
1
1
1
1
1
1
1
1
1
1
1
1
1
1
1
1
1
1
1
1
1
1
1
1
1
1
1
1
1
1
1
1
1
1
1
1
1
1
1
1
1
1
1
1
1
1
1
1
1
1
1
1
1
1
1
1
1
1
1
1
1
1
1
1
1
1
1
1
1
1
1
1
1
1
1
1
1
1
1
1
1
1
1
1
1
1
1
1
1
1
1
1
1
1
1
1
1
1
1
1
1
1
1
1
1
1
1
1
1
1
1
1
1
1
1
1
1
1
1
1
1
1
1
1
1
1
1
1
1
1
1
1
1
1
1
1
1
1
1
1
1
1
1
1
1
1
1
1
1
1
1
1
1
1
1
1
1
1
1
1
1
1
1
1
1
1
1
1
1
1
1
1
1
1
1
1
1
1
1
1
1
1
1
1
1
1
1
1
1
1
1
1
1
1
1
1
1
1
1
1
1
1
1
1
1
1
1
1
1
1
1
1
1
1
1
1
1
1
1
1
1
1
1
1
1
1
1
1
1
1
1
1
1
1
1
1
1
1
1
1
1
1
1
1
1
1
1
1
1
1
1
1
1
1
1
1
1
1
1
1
1
1
1
1
1
1
1
1
1
1
1
1
1
1
1
1
1
1
1
1
1
1
1
1
1
1
1.43162907504
8.720400725
8.95283947573
1
1
1
1
1
1
1
1
1
1
1
1
1
1
1
1
1
4.22993616578
8.91213083653
8.95268293463
1
1
1
1
1
1
1
1
1
1
1
1
1
1
1
1
1.40792495733
8.47912749978
8.89010420602
8.95251880281
1
1
1
1
1
1
1
1
1
1
1
1
1
1
1
1
4.49166049038
8.8208534751
8.82116605419
8.95235648857
1
1
1
1
1
1
1
1
1
1
1
1
1
1
1
1.40965418855
8.50600698473
8.82045327795
8.73670246335
8.95211519826
1
1
1
1
1
1
1
1
1
1
1
1
1
1
1
3.99674889178
8.81788177249
8.81804297734
8.54577008385
8.95052211202
1
1
1
1
1
1
1
1
1
1
1
1
1
1
1.42131944561
8.31093993472
8.81771237177
8.7528419862
7.60825460633
8.9370751536
1
1
1
1
1
1
1
1
1
1
1
1
1
1.00000000001
4.12228430224
8.81737150791
8.81754621879
8.60256521987
4.69974578931
8.66061060997
1
1
1
1
1
1
1
1
1
1
1
1
1
1.45452873124
7.82793057761
8.81720920252
8.81737761382
8.58970625123
2.29814090588
4.94212026506
1
1
1
1
1
1
1
1
1
1
1
1
1
2.32587168008
8.39346801704
8.81705342691
8.81722273578
8.68472905561
1.50162057253
1.75356102811
1
1
1
1
1
1
1
1
1
1
1
1
1.00000077327
2.60085641859
8.36479268929
8.81194237725
8.81706270879
8.5046316017
1.12637020044
1.39847656398
1
1
1
1
1
1
1
1
1
1
1
1
1.0000000229
2.18935351533
7.98728428998
8.63272646048
8.58586703503
5.66000818502
1
1.37470834233
1
1
1
1
1
1
1
1
1
1
1
1
1
1.50254547081
6.11483255972
7.92932069454
7.31472489372
1.33825811292
1
2.07381816241
1
1
1
1
1
1
1
1
1
1
1
1
1
1.18667430543
2.09699944303
3.63392572072
1.48789516953
1
1
5.61667890586
1
1
1
1
1
1
1
1
1
1
1
1
1
1
1.00699323671
1.00003316064
1
1
1
5.74515477078
1
1
1
1
1
1
1
1
1
1
1
1
1
1
1
1
1
1
1
5.74262009011
1
1
1
1
1
1
1
1
1
1
1
1
1
1
1
1
1
1
1
5.74587407488
1
1
1
1
1
1
1
1
1
1
1
1
1
1
1
1
1
1
1
5.60234795041
1
1
1
1
1
1
1
1
1
1
1
1
1
1
1
1
1
1
1
5.01868136321
1
1
1
1
1
1
1
1
1
1
1
1
1
1
1
1
1
1
1
4.76631842716
1
1
1
1
1
1
1
1
1
1
1
1
1
1
1
1
1
1
1
4.52110303046
1
1
1
1
1
1
1
1
1
1
1
1
1
1
1
1
1
1
1
4.29739429124
1
1
1
1
1
1
1
1
1
1
1
1
1
1
1
1
1
1
1
4.16542788992
1
1
1
1
1
1
1
1
1
1
1
1
1
1
1
1
1
1
1
4.27410047432
1
1
1
1
1
1
1
1
1
1
1
1
1
1
1
1
1
1
1
4.48628845003
1
1
1
1
1
1
1
1
1
1
1
1
1
1
1
1
1
1
1.00010585928
4.43935664446
1
1
1
1
1
1
1
1
1
1
1
1
1
1
1
1
1
1
1.18189539744
6.30734428512
1
1
1
1
1
1
1
1
1
1
1
1
1
1
1
1
1
1.00000000006
1.41298232078
7.29310990598
1
1
1
1
1
1
1
1
1
1
1
1
1
1
1
1
1
1.00085239315
1.6805114634
7.35562760209
1
1
1
1
1
1
1
1
1
1
1
1
1
1
1
1
1
1.06728631427
2.68922870865
7.35305342439
1
1
1
1
1
1
1
1
1
1
1
1
1
1
1
1
1
1.12343207854
3.65226567763
7.35990109337
1
1
1
1
1
1
1
1
1
1
1
1
1
1
1
1
1
1.02713687894
3.19517260022
7.35502504614
1
1
1
1
1
1
1
1
1
1
1
1
1
1
1
1
1
1.00000012254
2.11523593295
7.36157167449
1
1
1
1
1
1
1
1
1
1
1
1
1
1
1
1
1
1
1.58882606421
7.35813457362
1
1
1
1
1
1
1
1
1
1
1
1.00035405254
1.00724712178
1
1
1
1
1
1.44937519018
7.36177244626
1
1
1
1
1
1
1
1
1
1
1.00000000005
1.11511590469
1.39265088216
1.00000059347
1
1
1
1
1.42261232212
7.35814344606
1
1
1
1
1
1
1
1
1
1
1.00018220613
1.35917225013
1.58685754447
1.3890641739
1
1
1
1
1.42265513582
7.36097084511
1
1
1
1
)
;

boundaryField
{
    emptyPatch
    {
        type            empty;
    }
    minY
    {
        type            calculated;
        value           nonuniform List<scalar> 0();
    }
    maxY
    {
        type            calculated;
        value           nonuniform List<scalar> 0();
    }
    maxX
    {
        type            calculated;
        value           nonuniform List<scalar> 
37
(
8.95287369204
8.95272401723
8.95256626918
8.95240898931
8.9521712914
8.95058032986
8.93713655418
8.66070637122
4.94305360988
1.7543023685
1.39935245
1.37570056174
2.07482503306
5.61776604949
5.74609361687
5.74318941235
5.74610828945
5.60244299177
5.01876471255
4.76642666816
4.52127496797
4.29768516737
4.16591269821
4.27487507404
4.48755187548
4.44141222952
6.30970841771
7.29469191646
7.35704479533
7.35459340415
7.36172734005
7.35725072246
7.36365566404
7.35956418327
7.36285738605
7.35904630509
7.3617712085
)
;
    }
    water_to_heater
    {
        type            calculated;
        value           uniform 1;
    }
    procBoundary1to0
    {
        type            processor;
        value           nonuniform List<scalar> 
41
(
1
1
1
1
1
1
1
1
1
1
1
1
1
1
1
1
1
1
1
1
1
1
1
1
1
1
1.09339709531
1.43126326319
2.52716351922
1.90667038574
1.00000000001
1
1
1
1.4458479625
7.35887302299
1
1
1
1
1
)
;
    }
    procBoundary1to3
    {
        type            processor;
        value           nonuniform List<scalar> 
41
(
1
1
1
1
1
1
1
1
1
1
1
1
1
1
1
1
1
1
1
1
1
1
1
1
1
1
1
1
1
1
1
1
1
1
1
1
1
1
1.00000000006
6.60127581157
8.95299616449
)
;
    }
}


// ************************************************************************* //
