/*--------------------------------*- C++ -*----------------------------------*\
| =========                 |                                                 |
| \\      /  F ield         | OpenFOAM: The Open Source CFD Toolbox           |
|  \\    /   O peration     | Version:  2312                                  |
|   \\  /    A nd           | Website:  www.openfoam.com                      |
|    \\/     M anipulation  |                                                 |
\*---------------------------------------------------------------------------*/
FoamFile
{
    version     2.0;
    format      ascii;
    arch        "LSB;label=32;scalar=64";
    class       volScalarField;
    location    "0.29/water";
    object      epsilonm;
}
// * * * * * * * * * * * * * * * * * * * * * * * * * * * * * * * * * * * * * //

dimensions      [0 2 -3 0 0 0 0];

internalField   nonuniform List<scalar> 
1496
(
7601.13477604
1776.05898815
480.263122603
158.914172142
64.3192190832
30.7868353441
15.7286476243
8.62661710243
4.94108119625
2.89957131901
1.74564116377
1.10018482297
0.749319612569
0.559687263827
0.448611146357
0.374687416764
0.320708158428
0.278213811519
0.245957555469
0.224007025655
8165.62429521
1910.47022723
544.245036362
188.57118407
77.0757409161
35.1419490435
17.3811301072
9.25114823087
5.20954767828
3.04386590485
1.84029462614
1.17339112603
0.808029276585
0.601913748576
0.477518303908
0.398918718441
0.344742125419
0.303684087425
0.272961837062
0.252037371511
8449.56445933
2014.15294169
609.441019184
219.251319661
90.5322823797
40.5353292471
19.6409530209
10.1634056156
5.58535255884
3.22122746638
1.9475826168
1.25189697896
0.863559024412
0.636149607183
0.502497734263
0.422289993177
0.369403240094
0.330630621823
0.302094692431
0.283235980903
8114.87828431
2014.8646716
634.392900954
234.32611803
98.2795683057
45.0588600929
21.6269251356
10.9410605856
5.8798519921
3.35306089849
2.03342445487
1.31645716794
0.90333424933
0.661609088831
0.52488732886
0.445736005507
0.395146191586
0.359082645252
0.333104656406
0.31699010297
7321.5761114
1912.91580088
608.392720732
232.673591841
102.081821096
47.3533946559
22.6108155379
11.259655225
5.96032297656
3.38790489786
2.07267146686
1.3490283841
0.922884858525
0.679483601027
0.545544011523
0.469428670914
0.42154562526
0.388175210552
0.364735468333
0.351816028396
7186.17467997
1830.60371691
585.873369038
230.048936225
101.519395334
47.1484788254
22.4224037574
11.0568757169
5.81319375556
3.32350873182
2.05796478804
1.34361772539
0.924315565232
0.691202090885
0.564582851054
0.492512448635
0.447131822555
0.415896968598
0.394592916946
0.385313543388
7931.06719213
1863.37006873
586.107389751
224.051201226
97.759450941
45.2654425686
21.4436839241
10.5068514543
5.52490176088
3.1936953389
1.99399024464
1.30540379019
0.912511646153
0.698327276233
0.581329107284
0.513161871716
0.469372696171
0.439242044895
0.418728109035
0.408327249846
8525.71924357
1957.77497023
589.362441558
218.026934852
93.4714504338
42.9376716038
20.2034473108
9.84771215933
5.19933476152
3.02576949272
1.88613522371
1.24601011225
0.89341542682
0.701873315881
0.594200022323
0.528641032659
0.485030575742
0.454316020642
0.432347012857
0.411274207583
8902.54115703
2022.94663932
599.124064442
215.462720016
90.2679994291
40.8256099347
19.0008558822
9.2242723209
4.86597970758
2.80884166258
1.74763774948
1.17939608213
0.872061778158
0.70148235356
0.600575696093
0.535687355831
0.49037236014
0.456056287643
0.425276437558
0.398969193141
9346.29808971
2114.59596494
621.43141313
217.173735797
88.1337700885
38.8974191798
17.859664649
8.58392477696
4.45194984593
2.54246673273
1.60607593918
1.11781651036
0.850530705612
0.6949808158
0.597281897283
0.530847776955
0.480916502382
0.437375014363
0.399009012067
0.380255159904
9621.41570101
2219.66389851
649.417416699
220.65262194
86.2788202992
37.0074617071
16.6152871695
7.76050013391
3.95408651526
2.28661529511
1.48875153509
1.06768290111
0.827308659668
0.679178086574
0.580825360448
0.509831629599
0.451436392958
0.402059059683
0.366548188168
0.358101453756
9433.78623108
2227.57756602
651.604131184
217.945584721
82.971625398
34.5692505342
14.9341817438
6.79702895807
3.50639594246
2.09766959338
1.40833217263
1.02743493693
0.798015623918
0.649461502397
0.546437455546
0.469971064597
0.410082802735
0.363324972849
0.332725967867
0.332073959377
8462.76672113
2061.78121338
614.499608287
206.73673094
77.579457316
31.2861568004
13.0966237451
6.01507975738
3.23879389613
2.00688172558
1.36392288514
0.989657223279
0.75416457605
0.600116721655
0.497091888699
0.423619369549
0.367799927354
0.325710034744
0.300003198726
0.301273392285
6751.30616726
1804.53375903
564.641565768
194.211977173
72.2582879544
28.6276781227
12.1065274426
5.78912518188
3.21836690874
1.99782495655
1.32958402074
0.933540564759
0.691226203077
0.542504658491
0.446401243879
0.379111803201
0.32891201096
0.292132622034
0.269478955272
0.26816033279
5538.26770558
1697.01861947
562.165384542
199.90922641
74.8213250685
29.252659973
12.4653617163
6.111020738
3.39261853663
2.03225069665
1.29037832217
0.874009707404
0.634902539741
0.492138856278
0.402421656779
0.341649751502
0.296809708822
0.264360035878
0.242733487351
0.236291406012
5843.71778333
1935.85172088
656.254341024
230.498419248
82.9404497294
31.7934164977
13.857499309
6.9551339949
3.78301172461
2.1576681571
1.31114129178
0.858152101531
0.606281640621
0.460142877752
0.371979576762
0.315047449326
0.273810004679
0.243850856459
0.221818859676
0.209243087365
7164.75113313
2440.16058417
782.509632053
245.286701984
83.9815747731
32.8758855895
15.3572412602
8.22320168045
4.53606971686
2.50140001358
1.45475440889
0.910900090477
0.616943520149
0.453471849234
0.35920718294
0.301522334551
0.261315162471
0.231668683058
0.208084774225
0.189742613278
8714.52992697
2545.39682291
735.945875495
226.675939113
79.9920890387
33.664581803
17.2807566052
10.0692012049
5.74562110595
3.05646897373
1.70663784883
1.02505700975
0.666916719551
0.472259585075
0.364401802158
0.301522599361
0.259601133465
0.228153030493
0.202057201032
0.178987998243
9031.20831788
2280.71541796
644.400294171
209.484053723
79.2862714371
36.0960383712
20.0802803632
12.5647963869
7.4694269915
3.74011699837
2.00382661097
1.16857666885
0.740032643535
0.510519248653
0.384531736885
0.313129987041
0.267327814784
0.232620631548
0.203228946269
0.176480861539
9086.67461813
2169.9605713
605.852295282
203.018744953
81.2727113363
39.2747329661
23.0180383352
15.0614268891
9.39928080377
4.44885596906
2.29715470054
1.3137720769
0.819207807494
0.55708221878
0.413575013584
0.332703996917
0.281892467592
0.243388018844
0.210291972842
0.18079207188
9215.37441073
2142.99222821
591.807991591
199.729682001
82.1618591294
41.1688088723
24.9043981021
16.6439694272
10.5364957988
4.95088503562
2.53595856358
1.44164264537
0.893948463681
0.603907284534
0.445620334989
0.356442914699
0.300620787535
0.258385118422
0.221819303873
0.190617694136
9675.26912505
2160.99399926
590.728988
197.797188501
81.0368576745
41.1554647931
25.2517218325
16.6839523345
9.91665150292
4.93210448188
2.6253560891
1.52013801774
0.951641901745
0.645613140892
0.476839118261
0.381416165958
0.321372717302
0.275916840437
0.236793852186
0.205227699189
10471.4491554
2253.0161546
607.086100814
199.453251034
80.6484430684
40.8277514594
24.5057852338
14.9780271965
8.45094046431
4.55057331686
2.56190958369
1.53350720889
0.980667179088
0.675041352415
0.503198802521
0.405014013168
0.342343028846
0.29471498513
0.254385461487
0.224213238382
11278.1851507
2457.15478688
668.172417509
217.237095846
86.0619157768
41.1604368986
22.5441608912
12.703947236
7.2624087133
4.15486477279
2.45305664069
1.51590808387
0.991785578814
0.694839874047
0.525121940776
0.426947366403
0.363014753912
0.314529955652
0.274491485873
0.247538423198
10724.9308862
2724.13325004
827.065747331
285.046405039
109.418450363
45.2023723761
21.9516636173
11.8936655686
6.80044601407
3.99105823213
2.41022742187
1.51388152411
1.00390325295
0.712158649371
0.545673889464
0.447825215741
0.383262894607
0.335317437454
0.297319199432
0.275690755763
8368.61564444
2635.37755859
954.292406977
372.005223263
151.282243136
58.609102664
25.7914517568
13.0415216075
7.19535036135
4.16672335798
2.49791380543
1.56010300782
1.03228719622
0.73547338798
0.567971961505
0.467440597293
0.402704214718
0.357061905675
0.323390967316
0.309065109866
5739.42889132
2182.62631649
909.48751301
402.354670929
181.51474536
73.813211553
31.8903795833
15.481425271
8.23922251011
4.64216905182
2.71828046546
1.66241984224
1.08408135526
0.769218117489
0.591004391229
0.48443079348
0.421071842525
0.380250595542
0.353353018776
0.346980761252
3987.14038406
1666.50526521
768.965229161
384.705669853
191.015933523
83.4843480221
37.2920900111
18.1427664131
9.53907633482
5.28045203755
3.02663384907
1.80875138648
1.159006875
0.808072633026
0.610368640998
0.498763507775
0.439279100215
0.405995672778
0.386907905004
0.386345470052
3384.61521133
1360.50209958
637.314490379
345.560814472
181.20061865
85.0842765007
40.1761899622
20.1109744036
10.675986887
5.89946372973
3.34711509312
1.97355007932
1.23860319734
0.84082284407
0.625293700579
0.512270874589
0.459222666858
0.434599781643
0.420818458953
0.420487363226
3082.90218359
1181.90364437
537.540285429
296.69466745
160.127874742
80.2962604761
40.0978630876
20.8205660403
11.2873319759
6.3009678926
3.58533582709
2.10276612339
1.29411316854
0.861677307986
0.637276067532
0.526995385992
0.482010909515
0.463201926016
0.447483355465
0.442128603927
2997.32755813
1082.87036731
463.542738266
246.867804271
134.984389089
70.9906605985
37.2518345559
20.0942805369
11.1842261016
6.34989785118
3.65585072773
2.14630509974
1.31009544012
0.869786490754
0.647459353638
0.544175981763
0.50645542161
0.484957032028
0.459502243235
0.449876284273
3423.79663078
1097.50542634
415.668939311
202.792691389
110.112550154
60.0295443781
32.8811753384
18.3785607701
10.4991369422
6.07406277132
3.55112669971
2.10144613165
1.29163288511
0.868601154463
0.65776899429
0.563989296438
0.527213723621
0.491119879743
0.456211874338
0.439607291506
4755.86332713
1204.67678477
382.711595622
168.35932176
89.6880910444
50.0627905844
28.3317705562
16.2810827797
9.49741151784
5.59377803412
3.32945713848
2.00093191603
1.25537079671
0.865056233248
0.67037259492
0.582998385473
0.532787142339
0.477116822317
0.437778362268
0.407767881772
6167.09300641
1337.48745963
375.446769974
148.850265153
75.7615485973
42.2259961909
24.2325960734
14.1419919609
8.36829836556
5.02413155323
3.05696098387
1.88110292079
1.21810589473
0.864730304739
0.683045792487
0.588133954774
0.510745871582
0.44842719975
0.403063735089
0.354731486088
7482.37251119
1472.46876592
379.067346362
137.123582697
65.67546815
35.7853515765
20.4936815323
12.0405716483
7.22432538515
4.45099887591
2.78353680654
1.77125352949
1.19166342828
0.86822283887
0.683904441598
0.560219066675
0.465081411744
0.407566843744
0.353503872825
0.286560482435
8586.50281419
1634.07385961
392.848421435
130.323187797
58.1474988797
30.5169534926
17.2486101359
10.1632755698
6.23718491844
3.97092933295
2.56992421159
1.70997386251
1.19082175774
0.868965936283
0.65246779856
0.498274100668
0.408620388732
0.354169267796
0.294545372439
0.217838291544
8999.05484708
1794.2488662
424.054687594
130.905787588
53.8731187135
26.833734908
14.804839202
8.75262972781
5.5210987283
3.6462682088
2.47631283835
1.72811988483
1.21953537586
0.854897271437
0.59794189086
0.438020624689
0.349041665054
0.2896172393
0.225906547474
0.154582632204
0.260438303483
0.264097590261
0.245088452977
0.192609020353
0.171666397515
0.332191027075
1.20644864423
7.79262376532
27.4446201907
36.4888596486
34.2250541293
28.0387329183
21.975132303
14.803916752
1.14712649731
0.498728199272
0.211303540008
0.208315672823
0.227623776764
0.261301643115
0.272102790748
0.269201005462
0.231579228881
0.169250928669
0.164028210896
0.345900963295
1.24891541462
9.27994237788
26.9531706973
34.9958798192
32.8644482333
27.4722426527
21.5444875047
11.447789306
0.807527335808
0.396906549642
0.24181479316
0.248586287535
0.269091691601
0.2745445588
0.279159960176
0.271545990269
0.213641680302
0.14662420128
0.145510639416
0.313583373015
1.16134213516
9.49058074862
27.546842448
35.5837535593
33.5821474744
28.2836634236
21.2988164736
7.48469503115
0.537214042853
0.303072723034
0.278815358269
0.292309390471
0.285613901568
0.286794900757
0.291333570558
0.280566157633
0.214319418555
0.12631489605
0.118634423326
0.252910206065
0.972136845225
9.74771897494
31.3614158319
39.6695482364
36.6416524457
30.4412832593
19.4857669032
4.61195210913
0.42487346017
0.236259277061
0.322218141646
0.3195888555
0.300841683233
0.305578659093
0.311946998125
0.300100320859
0.23211441647
0.118925492
0.0819940520653
0.156453155567
0.804202454777
12.3845725088
39.9726321419
46.3023852067
40.9330066738
30.654928789
15.7093322487
2.8570575696
0.336686288434
0.195175969923
0.362218389305
0.336615648188
0.322608512184
0.331465084685
0.340341835564
0.327412630086
0.263532959142
0.128441196692
0.0669816518555
0.124811112554
1.02711704991
19.8800877922
51.2073171188
53.5461910809
44.0028644386
26.5407700658
11.4961534635
1.8263771997
0.273462691951
0.176151223049
0.386506518205
0.355978518285
0.350340311186
0.362719973608
0.372980332702
0.357679745572
0.293883619025
0.139708760792
0.0732831764684
0.164442926397
2.63934538557
33.5555062841
62.9389234917
59.712592623
42.9040447717
20.6419126248
7.80762717444
1.22875395622
0.23113815488
0.173664713804
0.397120236284
0.378713415245
0.381082570197
0.3959384483
0.405703264409
0.385295144482
0.310488104402
0.143429912309
0.0887552072256
0.304022492951
6.9156824468
52.0328146583
74.0225145818
64.8863840817
37.8280856492
15.3770619604
5.04220022183
0.888651909803
0.209509035725
0.185072428646
0.403939348039
0.401732908973
0.409863316477
0.424521658748
0.43020955796
0.39984067376
0.298339280584
0.127436795677
0.117527491202
0.65524549864
13.6480536373
66.5433941963
82.1132662129
68.2396588904
31.3314142157
11.1854258771
3.36475786314
0.708475083206
0.201544998681
0.20384097529
0.407881552819
0.420145644985
0.430462468848
0.440351946611
0.436908548963
0.389914628925
0.245971405405
0.100921317366
0.167648090772
1.23865048217
22.3998225041
74.4048041341
85.1001044841
70.3679298454
25.929998431
8.53808131983
2.60054418744
0.636415816613
0.203311772872
0.225257034822
0.40671616392
0.429174573295
0.438154417706
0.43873191515
0.422659709517
0.340337820012
0.171502998317
0.087643167073
0.245996347559
2.0467722557
32.028207889
76.9523003438
84.585951331
71.1229553408
23.6708249196
7.61692217676
2.37993385039
0.626755660659
0.208992128244
0.244588634216
0.396025644619
0.425721059124
0.430870137098
0.419368051144
0.389245581872
0.269354301508
0.109337544937
0.092480983659
0.373060111478
2.84881696718
38.1785316246
74.4220929125
78.9940158058
67.8466485616
25.1807209186
8.17890294063
2.44665068926
0.647910026126
0.21501172314
0.256833995586
0.373023217682
0.408885330832
0.410242016902
0.387182193718
0.344642033454
0.20086711489
0.0778494825477
0.110942613198
0.495149630054
3.3581544358
38.9696061407
66.3792763138
69.7488695666
60.6220868904
27.1881636334
9.71525128627
2.79239616417
0.689567373679
0.223284004033
0.255976187768
0.339799975906
0.379650749398
0.381133859921
0.351128985043
0.301754928595
0.158845818954
0.0683166478246
0.125966703218
0.544879634128
3.23852057177
33.4957174571
55.5300510817
59.3164790739
52.688723448
28.4352517019
11.713634619
3.27600866393
0.769863798885
0.234641624082
0.238792314998
0.299392586267
0.340714798105
0.348730750073
0.319489683635
0.270974599217
0.147268072308
0.0683099288074
0.125115363553
0.490492411014
2.58263734559
21.4735008684
45.5200243406
51.2615373157
46.4779289112
28.8457015708
13.6096592474
3.5767166137
0.809744930925
0.23834667495
0.208158845199
0.256256920588
0.296200509282
0.314694473765
0.29326885385
0.252270634845
0.158304765813
0.0730109868852
0.111143434332
0.373787015988
1.77391850619
10.2226977405
38.1863346181
45.2002830205
42.4613149189
29.1553863294
14.6786960303
3.49116425337
0.77708058956
0.229321897899
0.171114900919
0.216756914575
0.251634016967
0.278977045915
0.268645263144
0.238476407009
0.179332665019
0.0832953522767
0.0952243877376
0.273351579952
1.11567251333
5.25141986457
28.6760169562
40.0413926641
39.8192948436
29.3368064688
14.4205557308
3.17382965776
0.712351309067
0.208477120108
0.130853029742
0.186478352331
0.212994909739
0.244485002499
0.244284241407
0.224944371709
0.193502684398
0.0991688112235
0.0828747020358
0.206055991759
0.723855572257
3.19343178229
16.4394906749
37.0934041142
39.1957615554
29.6204686163
12.33458064
2.59831509705
0.611190878187
0.18046070225
0.093459882324
0.167911872712
0.184319245993
0.216261686699
0.222519094113
0.211597499033
0.19308635959
0.115403517456
0.0769412015605
0.165475807902
0.528712956741
2.06953437938
9.4874264008
37.2802966192
39.5386563746
29.1480869318
9.12515576813
1.93562960795
0.498381350191
0.160460618233
0.0775391740686
0.160535728884
0.168250370763
0.198207198257
0.207036027565
0.201528785261
0.187152701651
0.126155527153
0.0767916212816
0.149625263708
0.47455477471
1.78185066778
8.28552841785
38.3092224141
38.7607574737
25.3576140367
5.99338448179
1.3496035862
0.395795034913
0.14402117943
0.0856472439893
0.162404763737
0.16475247269
0.191629180051
0.200708002374
0.198097193349
0.185247563753
0.13104938711
0.0808248142966
0.154317769307
0.502705824278
1.9582830192
9.34617987431
38.570680824
35.1634492566
18.8131094391
3.67053099237
0.918724254884
0.315579345893
0.126481660643
0.0930208500787
0.17178074135
0.172049503001
0.196061786153
0.204717609207
0.203296672024
0.189422495932
0.133307629355
0.0892010617994
0.18049491131
0.603489841053
2.42112655428
11.3922063293
37.6704949128
28.1641831277
12.5154326683
2.22132048789
0.633166298463
0.253348285111
0.109034005664
0.0999103505004
0.187745984401
0.188663755441
0.210577532209
0.218764232302
0.217318860157
0.196799549211
0.134943902014
0.105611006392
0.240594626283
0.834945940216
3.39478448061
13.7818293861
34.4364564492
20.3366913091
7.73081557013
1.37432000679
0.451936047417
0.198058629504
0.0928727891428
0.107046660074
0.210080025229
0.213931372364
0.234291878938
0.241637520468
0.239171659218
0.206144635051
0.138158791927
0.138634538387
0.363901798425
1.37628446554
5.69550486511
16.1452893329
28.5938189145
13.8236331526
4.46396645811
0.877791610132
0.332053919518
0.152797345969
0.078687864008
0.112598248791
0.238892489023
0.247801137539
0.265961850878
0.271756549709
0.266061031987
0.213443530708
0.149471897183
0.203397786321
0.606562893249
2.56006491435
9.07866241728
18.5147889471
22.0729547986
8.90942973068
2.42254368484
0.581298004197
0.242577797059
0.117915561926
0.0677305982812
0.111664477425
0.274386362687
0.289051919355
0.30367912502
0.307090196228
0.28996900228
0.216906953369
0.180621711459
0.336844897987
1.18826048439
5.37017800804
12.9511310765
19.4337120721
16.1506242138
5.32453397085
1.28897965235
0.392825182404
0.183329358444
0.0955915999838
0.0648216458114
0.107402268721
0.315753970053
0.334085925037
0.344661978455
0.343425511349
0.301620676032
0.220908826666
0.248503411294
0.619494827723
2.62114538227
9.85976056852
17.7557093074
18.4528100711
11.1242971303
2.9059980813
0.735980772547
0.289915348884
0.160315251265
0.0962878244562
0.0716413667513
0.103927263729
0.359716754215
0.377301510752
0.384444114271
0.36888448502
0.302203007895
0.235901106932
0.378673247795
1.19528702347
5.89457562237
15.5147837946
20.6940150877
15.8560964431
7.13602395434
1.61410651727
0.484404574385
0.250383486944
0.169428023277
0.122792607989
0.0930785583324
0.101101294119
0.399532049947
0.413989994131
0.413052080354
0.375134540305
0.293653699473
0.2787278002
0.615199270528
2.34454763508
11.5624382209
25.5585683909
21.4250722512
12.5564196298
4.59574850926
1.17560532297
0.464649340878
0.270302186117
0.201819533449
0.179664116327
0.151203330911
0.115223007915
0.429913126099
0.437827788961
0.420979039066
0.359781665131
0.285514298018
0.380320053875
1.0834700432
4.56906633704
19.0820572405
40.6271767626
22.7550772987
10.7616536299
3.82787868165
1.35280808306
0.65402082276
0.385650283066
0.258464733479
0.283626132897
0.370356729176
0.31541840184
0.447755437341
0.441884538219
0.40220438218
0.324076463072
0.311992431167
0.609870062547
2.09262249214
7.28332219376
28.1638443919
51.9239602641
27.4583245363
12.4564112565
5.00815565784
2.11402623239
1.09852787883
0.615674030911
0.344970424291
0.369098414589
0.587532971997
0.981079757637
0.445919786083
0.419521896412
0.353813018527
0.296521760882
0.433521029474
1.15164736697
3.41325492343
9.89224064848
33.4641625452
51.0194437033
29.5937030621
14.8189449419
6.73740195154
2.91429187219
1.30205620194
0.616313691624
0.369094325132
0.398215673908
0.635557576102
1.54797707415
0.418579238602
0.367017005173
0.286355011122
0.343657550024
0.725580113652
1.88546548327
4.29559458163
12.8127443993
33.1968359223
43.54300337
28.1469935722
14.7580701768
6.88612711504
3.02215238934
1.31582565558
0.622119861316
0.415859552051
0.451223337997
0.82375717295
3.01125469611
0.364364318244
0.285779573575
0.261778102328
0.469592922783
1.15757243342
2.0244853859
5.63666570612
14.7802074137
30.0346776961
34.8243801564
23.5036575276
13.1048816402
6.61437681548
3.11263634631
1.34492046512
0.659140508356
0.49197041006
0.565927069604
1.25409144167
6.61787415756
0.285090765259
0.216761559798
0.281185225355
0.694854932564
0.974938207819
2.3680043282
6.64490097442
14.7374986652
24.7874879432
25.87851836
17.8847884571
10.429102525
5.58145106103
2.74389556854
1.24220420086
0.687430873256
0.598888383152
0.769792119489
1.93388788429
11.6938106183
0.195848016029
0.196440403074
0.326998592817
0.665954904744
0.913450352412
2.50219705685
6.32292901106
12.3149380171
17.8322914942
17.2617201783
12.0144055987
7.17117151669
3.9525171105
2.03763734273
1.0854893827
0.749143649755
0.788791449259
1.14928057298
2.99113808053
17.5893623058
0.142418480927
0.183105033101
0.386979919915
0.564471444872
0.93177080657
2.19940934175
4.89963026258
8.57560453348
10.9980213994
10.0672513002
7.14476597079
4.42990013039
2.59878694321
1.53679584046
1.02609877467
0.909974376626
1.15978092984
1.89633437856
4.64190645578
25.0656877509
0.115973611464
0.188087024656
0.370148287495
0.569560309802
0.958727923902
1.914456864
3.77671466522
6.06268151564
7.14627772036
6.37258931941
4.70990020654
3.12678706137
2.01982116635
1.36377223142
1.08555173094
1.17234457465
1.72039461995
3.13322307495
6.94177025065
33.3842811649
)
;

boundaryField
{
    emptyPatch
    {
        type            empty;
    }
    minY
    {
        type            fixedValue;
        value           nonuniform List<scalar> 0();
    }
    maxY
    {
        type            inletOutlet;
        inletValue      uniform 0.0001;
        value           nonuniform List<scalar> 
40
(
8999.05484708
1794.2488662
424.054687594
130.905787588
53.8731187135
26.833734908
14.804839202
8.75262972781
5.5210987283
3.6462682088
2.47631283835
1.72811988483
1.21953537586
0.854897271437
0.59794189086
0.438020624689
0.349041665054
0.2896172393
0.225906547474
0.154582632204
0.115973611464
0.188087024656
0.370148287495
0.569560309802
0.958727923902
1.914456864
3.77671466522
6.06268151564
7.14627772036
6.37258931941
4.70990020654
3.12678706137
2.01982116635
1.36377223142
1.08555173094
1.17234457465
1.72039461995
3.13322307495
6.94177025065
33.3842811649
)
;
    }
    water_to_cooler
    {
        type            fixedValue;
        value           nonuniform List<scalar> 
38
(
1.18440883882
1.02707774104
0.871010836429
0.749766775328
0.67094193107
0.62931523001
0.616469820937
0.628338420701
0.656704216265
0.694150093928
0.731686078409
0.76052698549
0.772964762447
0.760464584566
0.728431496949
0.687555692152
0.635228247816
0.57573648618
0.525822372986
0.500485362643
0.478823256172
0.462276843003
0.453262856885
0.451390900685
0.462466108598
0.538733483308
0.680961703307
0.886689972138
1.25552041223
2.04836815196
3.17272421461
4.16668003563
6.92371953419
13.118589886
21.6125358255
32.0661630095
46.3497509779
64.5812929194
)
;
    }
    water_to_heater
    {
        type            fixedValue;
        value           nonuniform List<scalar> 
59
(
33108.7042932
33108.7042932
34813.1813325
35118.6690111
32373.6639337
32373.6639337
27618.0368569
27618.0368569
25322.3846196
25322.3846196
25883.1244126
26502.9001214
27032.5946788
27032.5946788
27679.9521906
27679.9521906
28027.406516
28027.406516
26953.5115632
23023.0957247
17896.6148286
17896.6148286
15809.6129279
15809.6129279
18782.1886627
18782.1886627
26585.2571744
35923.058596
41247.1731216
41247.1731216
43016.8726308
43016.8726308
43407.8386165
43407.8386165
44098.4431222
45331.276273
46418.784829
46418.784829
42789.9390518
42789.9390518
31922.065202
31922.065202
21736.6780971
15372.065171
12521.7144107
12521.7144107
10830.1680171
10830.1680171
10085.1258642
10085.1258642
11175.8615413
14479.9675641
17183.8701501
17183.8701501
19615.4519663
19615.4519663
22089.3133275
22089.3133275
23902.2865676
)
;
    }
    procBoundary0to1
    {
        type            processor;
        value           nonuniform List<scalar> 
41
(
6963.82175057
1646.61066038
438.574235498
141.591082054
56.5683530628
27.8619808012
15.3828098052
8.62055155636
4.93746428091
2.85205605358
1.68732741667
1.04402751693
0.697827531712
0.515689793463
0.415353738873
0.348596769695
0.296545566176
0.253759416995
0.220906043727
0.199095692287
0.230998711987
0.251434938272
0.23856499101
0.205904958798
0.165971507015
0.269227239508
0.984760603698
6.37964528408
26.6690662129
37.4672223507
34.9480054222
28.1307332704
21.5495099058
14.9021893055
1.28480332638
0.583743985112
0.186178190318
0.179382114769
0.185965276241
0.220619178801
0.220619178801
)
;
    }
}


// ************************************************************************* //
