/*--------------------------------*- C++ -*----------------------------------*\
| =========                 |                                                 |
| \\      /  F ield         | OpenFOAM: The Open Source CFD Toolbox           |
|  \\    /   O peration     | Version:  2312                                  |
|   \\  /    A nd           | Website:  www.openfoam.com                      |
|    \\/     M anipulation  |                                                 |
\*---------------------------------------------------------------------------*/
FoamFile
{
    version     2.0;
    format      ascii;
    arch        "LSB;label=32;scalar=64";
    class       volScalarField;
    location    "0.37/cooler";
    object      T;
}
// * * * * * * * * * * * * * * * * * * * * * * * * * * * * * * * * * * * * * //

dimensions      [0 0 0 1 0 0 0];

internalField   nonuniform List<scalar> 
750
(
300
300
300
300
300
300
300
300
300
300
300
300
300
300
300
300
300
300
300
300
300
300
300
300
300
300
300
300
300
300
300
300
300
300
300
300
300
300
300
300
300
300
300
300
300
300
300
300
300
300
300
300
300
300
300
300
300
300
300
300
300
300
300
300
300
300
300
300
300
300
300
300
300
300
300
300
300
300
300
300
300
300
300
300
300
300
300
300
300
300
300
300
300
300
300
300
300
300
300
300
300
300
300
300
300
300
300
300
300
300
300
300
300
300
300
300
300
300
300
300
300
300
300
300
300
300
300
300
300
300
300
300
300
300
300
300
300
300
300
300
300
300
300
300
300
300
300
300
300
300
300
300
300
300
300
300
300
300
300
300
300
300
300
300
300
300
300
300
300
300
300
300
300
300
300
300
300
300
300
300
300
300
300
300
300
300
300
300
300
300
300
300
300
300
300
300
300
300
300
300
300
300
300
300
300
300
300
300
300
300
300
300
300
300
300
300
300
300
300
300
300
300
300
300
300
300
300
300
300
300
300
300
300
300
300
300
300
300
300
300
300
300
300
300
300
300
300
300
300
300
300
300
300
300
300
300
300
300
300
300
300
300
300
300
300
300
300
300
300
300
300.000000001
300.000000001
300.000000001
300.000000001
300.000000001
300.000000002
300.000000002
300.000000002
300.000000002
300.000000002
300.000000004
300.000000004
300.000000004
300.000000004
300.000000004
300.000000009
300.000000009
300.000000009
300.000000009
300.000000009
300.000000019
300.00000002
300.000000019
300.000000019
300.000000019
300.000000037
300.000000037
300.000000036
300.000000036
300.000000035
300.000000066
300.000000066
300.000000063
300.000000061
300.000000059
300.000000122
300.000000116
300.000000106
300.000000098
300.000000094
300.000000265
300.000000221
300.000000185
300.000000161
300.000000149
300.000000555
300.000000427
300.000000331
300.000000271
300.000000242
300.000001089
300.000000787
300.000000577
300.000000448
300.000000388
300.000001835
300.000001289
300.000000919
300.000000694
300.000000589
300.000002607
300.000001838
300.00000131
300.000000986
300.000000833
300.000003298
300.000002364
300.000001707
300.000001296
300.000001099
300.000003925
300.000002857
300.000002092
300.000001604
300.000001369
300.000004509
300.000003315
300.000002451
300.000001896
300.000001626
300.000005021
300.000003709
300.000002761
300.000002151
300.000001853
300.000005195
300.000003867
300.000002954
300.000002361
300.000002065
300.000005459
300.000004194
300.0000033
300.000002687
300.00000237
300.000005221
300.000003893
300.000003042
300.000002498
300.000002226
300.000005466
300.000003986
300.000003049
300.000002487
300.000002221
300.000005459
300.000004018
300.000003091
300.000002534
300.000002271
300.000005282
300.000003931
300.000003058
300.000002532
300.000002282
300.000005041
300.000003786
300.000002971
300.000002475
300.000002239
300.000004785
300.000003625
300.000002864
300.000002397
300.000002174
300.000004488
300.000003423
300.000002712
300.000002271
300.000002059
300.000004116
300.000003143
300.000002481
300.000002067
300.000001868
300.000003778
300.000002892
300.000002277
300.000001888
300.0000017
300.000003554
300.000002742
300.000002169
300.000001804
300.000001627
300.000003458
300.000002705
300.000002164
300.000001818
300.00000165
300.000003427
300.000002687
300.000002166
300.000001837
300.000001677
300.000003365
300.00000262
300.000002114
300.0000018
300.000001649
300.00000326
300.000002495
300.000001998
300.000001698
300.000001556
300.000003062
300.000002264
300.000001772
300.000001487
300.000001355
300.000002871
300.000002028
300.000001539
300.000001267
300.000001145
300.000002736
300.000001845
300.000001361
300.000001104
300.000000991
300.000002614
300.000001693
300.000001222
300.000000984
300.000000882
300.000002434
300.000001535
300.000001101
300.00000089
300.0000008
300.000002164
300.000001368
300.000000998
300.000000817
300.00000074
300.00000184
300.000001216
300.000000921
300.00000077
300.000000702
300.000001583
300.00000111
300.000000871
300.000000739
300.000000677
300.000001421
300.000001036
300.000000831
300.000000711
300.000000654
300.000001322
300.000000989
300.000000804
300.000000692
300.000000638
300.000001265
300.000000966
300.000000786
300.000000675
300.000000621
300.000001239
300.000000969
300.00000079
300.000000675
300.000000619
300.000001333
300.000001042
300.00000083
300.000000698
300.000000635
300.000001437
300.000001121
300.000000885
300.000000738
300.000000667
300.00000151
300.000001204
300.000000962
300.000000801
300.000000721
300.000001584
300.00000128
300.000001034
300.000000864
300.000000777
300.000001628
300.00000135
300.000001112
300.000000936
300.000000842
300.000001562
300.000001331
300.000001117
300.000000952
300.000000862
300.00000153
300.000001345
300.000001149
300.000000991
300.000000904
300.000001543
300.000001386
300.0000012
300.000001045
300.00000096
300.000001551
300.000001407
300.000001227
300.000001075
300.00000099
300.000001528
300.000001388
300.00000121
300.000001061
300.000000979
300.000001502
300.000001351
300.00000117
300.000001023
300.000000942
300.000001477
300.000001302
300.000001114
300.000000967
300.000000889
300.000001433
300.000001229
300.000001037
300.000000895
300.00000082
300.000001349
300.000001129
300.000000941
300.000000808
300.000000739
300.000001255
300.000001035
300.000000861
300.00000074
300.000000677
300.000001144
300.00000095
300.000000796
300.000000687
300.000000631
300.000001048
300.000000885
300.000000749
300.000000651
300.0000006
300.000000963
300.000000828
300.000000709
300.000000621
300.000000574
300.000000902
300.000000789
300.000000682
300.0000006
300.000000556
300.000000881
300.000000776
300.000000672
300.000000591
300.000000547
300.00000089
300.000000785
300.000000676
300.000000592
300.000000547
300.000000883
300.000000789
300.000000684
300.0000006
300.000000553
300.000000906
300.000000808
300.000000696
300.000000606
300.000000557
300.000000939
300.000000821
300.000000696
300.0000006
300.000000549
300.000000972
300.000000828
300.000000691
300.00000059
300.000000537
300.000000975
300.000000814
300.000000674
300.000000573
300.000000521
300.000000965
300.0000008
300.000000662
300.000000563
300.000000512
300.000000973
300.000000807
300.000000665
300.000000564
300.000000513
300.00000106
300.000000838
300.000000671
300.000000562
300.000000507
300.000001471
300.000001014
300.00000074
300.000000584
300.000000513
300.000003376
300.000001973
300.000001229
300.000000846
300.000000683
300.000011264
300.000006282
300.000003595
300.0000022
300.000001607
300.000041614
300.000024046
300.00001386
300.000008289
300.000005851
300.000141249
300.000085684
300.000051081
300.00003125
300.000022348
300.000410862
300.000261783
300.000163148
300.000104351
300.00007734
300.001042628
300.000700183
300.000460518
300.000312082
300.000242257
300.002420128
300.001718013
300.001197891
300.000863055
300.000701688
300.005255835
300.003935151
300.00290068
300.002209661
300.001868913
300.010542333
300.008279723
300.006413486
300.00512363
300.004473913
300.019247505
300.01576061
300.012745139
300.010593055
300.009486925
300.032312485
300.027412469
300.022983672
300.019726559
300.018021068
300.051511092
300.04505769
300.038947835
300.034317832
300.031850701
300.080720191
300.072492892
300.064304528
300.057919237
300.054464778
300.126409504
300.116244922
300.105607459
300.097097911
300.092433917
300.200407299
300.18840747
300.175044704
300.164003595
300.157840019
300.321598472
300.308088661
300.291531586
300.277142152
300.26888859
300.51189897
300.497466928
300.476872465
300.457817673
300.446558577
300.793604958
300.778137792
300.751733495
300.725951275
300.710372196
301.186788453
301.164885482
301.126190712
301.088524396
301.065874082
301.718344308
301.660269823
301.581586
301.513279287
301.474629653
302.336451385
302.177096525
302.003933475
301.871254308
301.801674928
)
;

boundaryField
{
    emptyPatch
    {
        type            empty;
    }
    minY
    {
        type            zeroGradient;
    }
    maxY
    {
        type            zeroGradient;
    }
    maxX
    {
        type            zeroGradient;
    }
    cooler_to_water
    {
        type            compressible::turbulentTemperatureTwoPhaseRadCoupledMixed;
        refValue        nonuniform List<scalar> 
150
(
300
300
300
300
300
300
300
300
300
300
300
300
300
300
300
300
300
300
300
300
300
300
300
300
300
300
300
300
300
300
300
300
300
300
300
300
300
300
300
300
300
300
300
300
300
300
300
300
300
300
300
300
300
300
300
300
300
300
300
300
300
300
300.000000709
300.000004367
300.000012532
300.000024281
300.000034521
300.000040578
300.000044374
300.000046731
300.000047834
300.000047745
300.000046975
300.000045828
300.00004497
300.000044551
300.000043986
300.000043111
300.000041778
300.000039937
300.00003775
300.000035435
300.000033731
300.000033082
300.000033719
300.000035672
300.000038754
300.000042741
300.000047528
300.000053019
300.000058111
300.000060434
300.000056965
300.000046844
300.000035574
300.000028673
300.000024975
300.000021736
300.000018987
300.000015802
300.000011999
300.000009861
300.000008811
300.000007698
300.000006445
300.000004906
300.000003491
300.000002541
300.000002203
300.000002717
300.000004477
300.000007307
300.000009733
300.000010821
300.000009743
300.000008039
300.000006434
300.00000486
300.00000325
300.00000214
300.000001631
300.000001619
300.000002126
300.000002989
300.000003811
300.000004424
300.000005341
300.000008809
300.00002364
300.000082648
300.000293687
300.000971879
300.002842079
300.007094548
300.015262036
300.029289872
300.051534065
300.083144768
300.122285454
300.166239296
300.213419367
300.266777354
300.329405852
300.395528387
300.462684654
300.540543242
300.654430864
300.900859474
301.699295207
303.69450839
)
;
        refGradient     uniform 0;
        valueFraction   nonuniform List<scalar> 
150
(
0.0163695515255
0.0163695515255
0.0163695515255
0.0163695515255
0.0163695515255
0.0163695515255
0.0163695515255
0.0163695515255
0.0163695515255
0.0163695515255
0.0163695515255
0.0163695515255
0.0163695515255
0.0163695515255
0.0163695515255
0.0163695515255
0.0163695515255
0.0163695515255
0.0163695515255
0.0163695515255
0.0163695515255
0.0163695515255
0.0163695515255
0.0163695515255
0.0163695515255
0.0163695515255
0.0163695515255
0.0163695515255
0.0163695515255
0.0163695515255
0.0163695515255
0.0163695515255
0.0163695515255
0.0163695515255
0.0163695515255
0.0163695515255
0.0163695515255
0.0163695515255
0.0163695515255
0.0163695515255
0.0163695515255
0.0163695515255
0.0163695515255
0.0163695515255
0.0163695515255
0.0163695515255
0.0163695515255
0.0163695515255
0.0163695515255
0.0163695515255
0.0163695515255
0.0163695515255
0.0163695515255
0.0163695515255
0.0163695515255
0.0163695515255
0.0163695515255
0.0163695515255
0.0163695515255
0.0163695515255
0.0163695515255
0.0163695515255
0.0353378088757
0.0181944952151
0.0167057111364
0.0164023669442
0.0163862182565
0.0165903663896
0.0171072096613
0.0180844261058
0.0197753090323
0.0222902040089
0.0246224985591
0.0268933183225
0.0285704414279
0.0277432791417
0.0262947036721
0.0247787597958
0.0233660612006
0.022069277537
0.0208370011086
0.0197700810726
0.0187894174908
0.0163690312212
0.0163690303642
0.0163690304305
0.016369029644
0.0163690297303
0.0163690291503
0.016367887619
0.0163649841435
0.0163601404736
0.016351665745
0.0163385954072
0.0163224759728
0.0162998108776
0.0162436644417
0.0160462634885
0.0152292283201
0.0135307985967
0.0135294878351
0.0137602566982
0.0151859519952
0.0190439800595
0.0231893224695
0.0212050541319
0.016856243421
0.0153806192862
0.0152676659826
0.0143174201029
0.0126047088828
0.012198597438
0.0121968528568
0.0139873450487
0.0139893273877
0.0133537495897
0.0127796506222
0.0128545944252
0.0218106837141
0.0149671502253
0.025201022125
0.0158968551034
0.0163059418023
0.0163675511009
0.0163690461434
0.0351279668584
0.0209199202865
0.0164134781034
0.0166150010461
0.0165573196568
0.016442396018
0.01639506791
0.0163792053061
0.0163734020372
0.0163708493305
0.0163695119227
0.0163690453815
0.0163690440653
0.0163687882394
0.0163672159262
0.016362764009
0.0163470282764
0.016314575945
0.0162366676641
0.0173608608721
0.019367203394
0.0204494211124
0.0211503155708
0.0209159239229
0.0219524188839
)
;
        source          uniform 0;
        kappaMethod     solidThermo;
        Tnbr            T.liquid;
        region          solid;
        otherPhase      gas;
        value           nonuniform List<scalar> 
150
(
300
300
300
300
300
300
300
300
300
300
300
300
300
300
300
300
300
300
300
300
300
300
300
300
300
300
300
300
300
300
300
300
300
300
300
300
300
300
300
300
300
300
300
300
300
300
300
300
300
300
300
300
300
300
300.000000001
300.000000002
300.000000004
300.000000009
300.000000019
300.000000036
300.000000065
300.00000012
300.000000281
300.000000624
300.000001279
300.000002201
300.000003127
300.000003914
300.000004614
300.00000527
300.000005865
300.000006137
300.000006474
300.000006304
300.000006587
300.000006537
300.000006293
300.000005978
300.000005643
300.000005265
300.000004813
300.0000044
300.000004117
300.000003941
300.000003921
300.000003891
300.000003837
300.000003706
300.000003596
300.000003552
300.000003513
300.000003373
300.00000305
300.000002566
300.000002131
300.00000186
300.000001701
300.000001589
300.000001507
300.000001528
300.00000158
300.000001626
300.000001694
300.000001744
300.000001675
300.000001602
300.000001577
300.000001567
300.00000154
300.00000152
300.000001516
300.000001505
300.000001451
300.000001388
300.000001264
300.000001141
300.000001033
300.000000953
300.000000932
300.000000909
300.000000903
300.000000918
300.000000959
300.000001006
300.000001022
300.000001086
300.000001065
300.000001186
300.000001836
300.00000467
300.000015843
300.000056669
300.000184993
300.000519248
300.001273463
300.002856809
300.006009113
300.011726442
300.020931255
300.034504125
300.054162961
300.083768446
300.129731481
300.203589928
300.324072326
300.512505785
300.790872457
301.18096064
301.718466851
302.367846824
)
;
    }
}


// ************************************************************************* //
