/*--------------------------------*- C++ -*----------------------------------*\
| =========                 |                                                 |
| \\      /  F ield         | OpenFOAM: The Open Source CFD Toolbox           |
|  \\    /   O peration     | Version:  2312                                  |
|   \\  /    A nd           | Website:  www.openfoam.com                      |
|    \\/     M anipulation  |                                                 |
\*---------------------------------------------------------------------------*/
FoamFile
{
    version     2.0;
    format      ascii;
    arch        "LSB;label=32;scalar=64";
    class       volScalarField;
    location    "0.285/water";
    object      Ct2;
}
// * * * * * * * * * * * * * * * * * * * * * * * * * * * * * * * * * * * * * //

dimensions      [0 0 0 0 0 0 0];

internalField   nonuniform List<scalar> 
1503
(
1
1.00000087089
1.43879606128
2.82066302018
6.66313793353
8.55295389039
8.91714606323
8.96508190923
8.96937136767
8.96841345389
8.96836376767
8.96848433357
8.96870511069
8.96894599737
8.96918020554
8.96939681178
8.96959275561
8.96976794796
8.96992262147
8.97005578205
1
1
1.0000001303
1.41050914243
2.10098304375
4.91785593284
7.69054954199
8.72150843134
8.94388495652
8.96331112985
8.95928989621
8.95641437808
8.9548669236
8.95408569217
8.95369245904
8.95348368591
8.95336051909
8.953278042
8.95321700321
8.95316988961
1
1
1
1.0554715304
1.45570491294
2.43762211299
5.32608610789
7.86641890706
8.79274133232
8.95973397858
8.96513954844
8.96155650446
8.95919972741
8.95790077159
8.95725624858
8.95696104235
8.95683557287
8.95678706065
8.95677146715
8.95676902024
1
1
1
1
1.26428444968
1.54161607687
2.95597691871
6.13371068323
8.31382308503
8.90861669731
8.96703922085
8.96388488317
8.96062436201
8.95850943893
8.95730897834
8.95668601198
8.95638212544
8.95623943231
8.95617328555
8.95614221483
1
1
1
1
1.00000031889
1.36243524993
1.68032641159
3.73794720902
7.165413978
8.72160778703
8.96119745117
8.9661691674
8.96256798721
8.95988174596
8.95818130521
8.9572143371
8.95670433534
8.95644816667
8.95632211702
8.95625954918
1
1
1
1
1
1.00015388167
1.3990661574
1.93624159272
4.92726514852
8.13838348037
8.92028420642
8.96765569469
8.96427677853
8.96119869205
8.95905992816
8.9577417893
8.95699603582
8.95659826403
8.95639258826
8.95628644386
1
1
1
1
1
1
1.00801166264
1.42371446715
2.46641470107
6.47024156173
8.72640960581
8.96482491473
8.9657936993
8.96248500675
8.9599977637
8.95835573332
8.9573676123
8.95681170735
8.95651186339
8.95635271345
1
1
1
1
1
1
1
1.09497250352
1.49342751336
3.5382768303
7.8810737389
8.92877174736
8.96699997035
8.96368921019
8.96093229989
8.95900258202
8.95777628404
8.95705188675
8.95664533863
8.9564240114
1
1
1
1
1
1
1
1.0000000001
1.28928506861
1.72289570135
5.38592606872
8.68149366562
8.96493118659
8.96480149592
8.96183430213
8.95965358735
8.95820120613
8.95730537341
8.95678439591
8.95649486176
1
1
1
1
1
1
1
1
1.0000161634
1.39994604777
2.50347662898
7.52589606727
8.93104905152
8.96576194119
8.96269120451
8.96028292917
8.9586165282
8.95755151281
8.95691452334
8.95655428082
1
1
1
1
1
1
1
1
1
1.0305098318
1.50972161804
4.82405299995
8.71343311953
8.96523281532
8.96355002626
8.96089689607
8.95901180672
8.95777784689
8.95702414534
8.95659395863
1
1
1
1
1
1
1
1
1
1.00000000146
1.36990202666
2.44968838754
7.88505118883
8.95314046933
8.96451217074
8.96154826676
8.95940182889
8.95798402895
8.95711211026
8.95661545168
1
1
1
1
1
1
1
1
1
1
1.03379446353
1.58616968896
6.03312153683
8.88312086371
8.96553115002
8.96232511536
8.95983677025
8.95820208149
8.95720267018
8.95663944211
1
1
1
1
1
1
1
1
1
1
1.00000017246
1.40816156627
3.61465076651
8.56680862369
8.96438012688
8.96336591081
8.96041834791
8.95850485013
8.95735026422
8.95670810257
1
1
1
1
1
1
1
1
1
1
1
1.12469125357
1.89453672308
7.26153796865
8.93487591229
8.96477583733
8.96127330214
8.95898981383
8.9576275625
8.95687511962
1
1
1
1
1
1
1
1
1
1
1
1.00000000129
1.41153777325
3.94391599982
8.63362294953
8.96463172873
8.96248595103
8.9597370521
8.95809544371
8.95718305081
1
1
1
1
1
1
1
1
1
1
1
1
1.00317012372
1.6401015227
6.76383907941
8.92480855531
8.96402093716
8.96075747452
8.95876528738
8.95763672049
1
1
1
1
1
1
1
1
1
1
1
1
1
1.2941272958
2.97767525352
8.50784092959
8.96333634081
8.96197016762
8.9595864158
8.95819555302
1
1
1
1
1
1
1
1
1
1
1
1
1
1.0000000127
1.51004637334
6.56804034273
8.92858779198
8.96325556267
8.96047641922
8.95879400475
1
1
1
1
1
1
1
1
1
1
1
1
1
1
1.32934134292
3.5750768239
8.71639684692
8.96374216206
8.9613660981
8.95937213045
1
1
1
1
1
1
1
1
1
1
1
1
1
1
1.01223111093
2.04289752081
8.10572952391
8.96004325368
8.96222323643
8.95990084101
1
1
1
1
1
1
1
1
1
1
1
1
1
1
1.000007716
1.59852514843
7.17762767045
8.94753073184
8.96306307433
8.9603953043
1
1
1
1
1
1
1
1
1
1
1
1
1
1
1.0000000005
1.46399751669
6.17175794146
8.92336955619
8.96393554188
8.96090621729
1
1
1
1
1
1
1
1
1
1
1
1
1
1
1
1.41257009816
4.99379539617
8.87409669921
8.96486918574
8.96150285959
1
1
1
1
1
1
1
1
1
1
1
1
1
1
1
1.32002448589
3.42685877915
8.73195796282
8.96566695631
8.96225510157
1
1
1
1
1
1
1
1
1
1
1
1
1
1
1
1.00223811722
2.00254837313
8.23782840463
8.96460539405
8.96319214178
1
1
1
1
1
1
1
1
1
1
1
1
1
1
1
1
1.44586339286
6.70887750963
8.94981619518
8.96429149688
1
1
1
1
1
1
1
1
1
1
1
1
1
1
1
1
1.21170214331
3.92055677296
8.84735701647
8.96544946987
1
1
1
1
1
1
1
1
1
1
1
1
1
1
1
1
1.00000038547
1.91808220029
8.297431621
8.96472519975
1
1
1
1
1
1
1
1
1
1
1
1
1
1
1
1
1
1.42365471798
6.44749998811
8.94463810453
1
1
1
1
1
1
1
1
1
1
1
1
1
1
1
1
1
1.12618571802
3.47562521226
8.80457303031
1
1
1
1
1
1
1
1
1
1
1
1
1
1
1
1
1
1.00000000256
1.75422877368
8.11710863047
1
1
1
1
1
1
1
1
1
1
1
1
1
1
1
1
1
1
1.40755452269
6.06688110485
1
1
1
1
1
1
1
1
1
1
1
1
1
1
1
1
1
1
1.05117101781
3.20601412103
1
1
1
1
1
1
1
1
1
1
1
1
1
1
1
1
1
1
1.00000000004
1.7283391522
1
1
1
1
1
1
1
1
1
1
1
1
1
1
1
1
1
1
1
1.41904030502
1
1
1
1
1
1
1
1
1
1
1
1
1
1
1
1
1
1
1
1.2922180872
1
1
1
1
1
1
1
1
1
1
1
1
1
1
1
1
1
1
1
1.02762201173
8.9701661049
8.97025156824
8.97030886143
8.97033512155
8.97032871291
8.97028943993
8.97021871081
8.97011934489
8.9699956768
8.96985465011
8.96970904453
8.96958500061
8.96953791561
8.9696817453
8.97021683538
8.97133385083
8.97262792471
8.97332626018
8.97339160457
8.973422787
8.95313379749
8.95310781609
8.9530923172
8.95308812685
8.95309682035
8.95312176575
8.95317086429
8.95326235719
8.95343603645
8.95377297192
8.95442585926
8.95565362345
8.95782486336
8.96128424473
8.96588981214
8.97030921981
8.97271408353
8.9733105619
8.97339840515
8.97341500904
8.95677104512
8.95677383606
8.95677647661
8.95677977849
8.95678707084
8.95680662731
8.95685651365
8.95697330671
8.95722589697
8.95773341076
8.95867943445
8.96029935381
8.96279344752
8.96610574054
8.9696033491
8.97212950295
8.9731510825
8.97336192429
8.97339720106
8.97341922878
8.95612752759
8.95612115321
8.95612095966
8.95612904199
8.95615302116
8.95621018334
8.95633485939
8.9565895291
8.95707784968
8.95795279219
8.9594041769
8.96159945853
8.96455046125
8.96791621573
8.97089836549
8.97266318526
8.97325280485
8.97336389293
8.97339504885
8.9734175995
8.95622872155
8.95621553676
8.956215925
8.95623354259
8.95628157163
8.95638791483
8.95660353422
8.95701222733
8.95773675832
8.95893113434
8.96074371812
8.96323623497
8.96625954662
8.969336947
8.97172762098
8.97294423615
8.97329535995
8.9733632597
8.97339351277
8.97341734536
8.95623270585
8.95620969398
8.95621075157
8.95624171711
8.95632264619
8.95649303974
8.95681930271
8.95740025645
8.95836366835
8.9598438259
8.96193043454
8.96458678939
8.9675553683
8.97031340576
8.97223410456
8.97309185579
8.97331092989
8.97336174294
8.97339294912
8.97341769164
8.95627141636
8.95623744318
8.9562408172
8.95629006268
8.95641266947
8.95665920131
8.95710801055
8.9578647334
8.95904938089
8.96076385715
8.963036837
8.96575282412
8.96858999414
8.97102855353
8.97256659484
8.97317378049
8.97331654658
8.97336112592
8.97339303072
8.97341865875
8.95631090703
8.95626545366
8.95627398006
8.95634774429
8.95652141449
8.9568548849
8.95743393823
8.95836335882
8.95974654869
8.96164809976
8.9640414462
8.96675261007
8.96942500444
8.97156448059
8.97278964487
8.97321874119
8.97331868266
8.97336118427
8.97339354189
8.973420059
8.95634717202
8.95629114389
8.95630921261
8.95641489041
8.95664903159
8.95707830171
8.9577911821
8.95888535352
8.9604424127
8.96248958317
8.96495359297
8.96761859167
8.97011131998
8.97197370663
8.97294004764
8.97324304201
8.97331997909
8.97336162792
8.973394356
8.97342176404
8.95637175095
8.95630842534
8.95634227559
8.95648832158
8.95679211621
8.95732420727
8.95817148176
8.95942001193
8.96112728331
8.96328571582
8.96578383284
8.96837600165
8.97068267614
8.97228808115
8.97304023371
8.97325629552
8.97332121703
8.97336222979
8.97339540549
8.97342368151
8.95638004324
8.95631540868
8.95637298784
8.9565684822
8.95695044088
8.95759046608
8.95857032803
8.9599616175
8.96179738358
8.96403889159
8.96654373328
8.9690446334
8.97116179514
8.9725284768
8.97310566701
8.97326402661
8.97332249676
8.97336289633
8.97339664538
8.97342574951
8.95637593356
8.9563172968
8.95640693471
8.95666034524
8.95712733994
8.95787804219
8.9589864432
8.96050810911
8.96245253409
8.96475363507
8.96724373204
8.96963901785
8.97156383593
8.97270988812
8.97314772261
8.97326914599
8.9733237389
8.97336361683
8.97339804344
8.97342792828
8.95637769748
8.95633013078
8.95645774609
8.95677474443
8.95733044597
8.95819130005
8.95942161738
8.961060346
8.96309490048
8.96543526805
8.96789252093
8.97016937348
8.9718992578
8.97284429046
8.97317475199
8.97327304108
8.9733248778
8.97336441439
8.97339957817
8.97343019386
8.9564185574
8.95638013991
8.95654580711
8.95692683802
8.95757014462
8.95853653321
8.95987926924
8.96162064021
8.96372756962
8.96608882209
8.96849674539
8.97064255628
8.97217596773
8.97294195844
8.97319258272
8.97327630565
8.97332590465
8.97336531287
8.97340123495
8.97343253239
8.95653804016
8.95649635061
8.95669207989
8.95713109634
8.95785562786
8.95891891389
8.96036208051
8.96219089969
8.96435314713
8.96671818605
8.96906090385
8.97106296868
8.97240078398
8.97301183585
8.97320499546
8.97327916146
8.97332684854
8.97336632067
8.9734029987
8.97343493394
8.9567647501
8.95669753776
8.95690833575
8.95739413543
8.95818976166
8.95933889239
8.96086949143
8.96277089221
8.96497260735
8.96732549887
8.96958736217
8.97143335498
8.9725802059
8.97306145237
8.97321424788
8.97328167034
8.97332774025
8.97336742337
8.97340484579
8.97343738608
8.95709795632
8.95697960595
8.95718862941
8.95770910202
8.95856551027
8.95978998823
8.96139634958
8.96335740734
8.96558478418
8.96791092149
8.97007651315
8.97175549376
8.97272065321
8.97309678269
8.97322156172
8.97328382774
8.97332858393
8.97336858164
8.97340673843
8.97343986893
8.95750334922
8.9573136459
8.95750882639
8.95805607928
8.95896677753
8.96025973268
8.96193372773
8.96394484017
8.96618671847
8.96847284713
8.97052712673
8.97203084407
8.97282842466
8.97312225412
8.97322751374
8.97328560016
8.97332934744
8.9733697348
8.9734086245
8.97344235307
8.95792801124
8.95765736452
8.95783548303
8.95840898418
8.9593736689
8.96073353279
8.96247159409
8.96452687943
8.96677459717
8.96900839424
8.97093689178
8.972261173
8.97290954963
8.97314093304
8.97323232315
8.9732869428
8.97332997133
8.97337081094
8.97341044364
8.97344480149
8.9583227409
8.95797173297
8.95813831694
8.9587448239
8.95976920168
8.96119934314
8.96300186949
8.96509832753
8.96734469885
8.96951393033
8.97130313258
8.97244911097
8.97296959919
8.97315482627
8.97323605064
8.97328781478
8.97333038946
8.97337174205
8.9734121379
8.97344717484
8.95866127174
8.95823522695
8.95840065353
8.95905119997
8.96014450592
8.96165108168
8.96352049625
8.96565620356
8.96789390728
8.96998551662
8.9716236782
8.97259849357
8.97301349588
8.97316521111
8.97323872573
8.97328819639
8.97333055217
8.97337248
8.97341366389
8.9734494384
8.95894987085
8.95845066294
8.9586241585
8.9593294101
8.96050069376
8.96208961265
8.96402782748
8.96619979414
8.96841972084
8.9704193487
8.971897763
8.97271433222
8.97304537859
8.97317292397
8.97324041688
8.97328810513
8.97333044444
8.97337300887
8.97341500267
8.97345156858
8.95922282573
8.95864218945
8.95882646261
8.95959241525
8.96084710703
8.96252128694
8.96452748439
8.96672987207
8.96891999192
8.97081229523
8.97212667613
8.97280238756
8.97306856672
8.97317856899
8.97324125703
8.97328760451
8.97333009414
8.97337334997
8.97341616459
8.97345355701
8.9595307418
8.95884643599
8.95903429239
8.95985955302
8.96119736589
8.96295511408
8.96502446027
8.96724761014
8.96939269187
8.97116247201
8.97231385943
8.97286852375
8.97308561994
8.97318264062
8.97324143786
8.97328680163
8.97332956938
8.97337355874
8.97341718812
8.97345541147
8.95992533747
8.95910025055
8.95927407655
8.96014968481
8.96156459631
8.96339959425
8.9655231566
8.96775357767
8.96983580727
8.97146961437
8.97246439426
8.97291811085
8.97309845291
8.97318557722
8.97324118629
8.9732858346
8.97332896727
8.97337371518
8.97341813393
8.97345715424
8.96043584481
8.95942527433
8.95956185461
8.96047476859
8.96195744222
8.96386029886
8.96602598318
8.96824710852
8.97024737524
8.9717350865
8.97258415088
8.9729556594
8.97310846493
8.97318777412
8.97324073739
8.97328485565
8.97332839966
8.97337391217
8.97341907693
8.97345881926
8.96106538543
8.95982643415
8.95990288855
8.9608399336
8.96238020093
8.9643398962
8.96653330133
8.96872634172
8.97062569891
8.97196160589
8.97267899666
8.97298472143
8.97311666675
8.97318958469
8.97324031545
8.97328401764
8.97332798142
8.97337424542
8.97342009922
8.97346045025
8.96182188725
8.96031103541
8.96030340427
8.96125044285
8.96283667334
8.96484006327
8.96704428173
8.96918869514
8.9709696439
8.972152854
8.97275429224
8.97300797976
8.97312379551
8.97319132314
8.97324012638
8.97328346645
8.97332782304
8.97337480657
8.97342128481
8.97346210008
8.96273220325
8.96089911367
8.96077687568
8.9617150954
8.96333174304
8.9653620764
8.96755714223
8.96963115295
8.97127882497
8.97231307828
8.97281466367
8.9730274098
8.97313040222
8.97319326499
8.97324035288
8.97328333416
8.97332802353
8.97337567615
8.97342271369
8.9734638302
8.96381899554
8.96161425762
8.96133852472
8.96224254281
8.96386893384
8.96590538917
8.96806861392
8.97005037401
8.97155368009
8.97244673268
8.97286393357
8.97304442798
8.97313689758
8.97319563447
8.97324114147
8.97328372565
8.97332865832
8.97337691261
8.97342445219
8.9734657074
8.96505993206
8.96247157383
8.96199723575
8.96283614378
8.96444740798
8.9664662481
8.96857370449
8.97044299705
8.97179548228
8.97255816186
8.97290511656
8.97305999445
8.97314355749
8.97319857707
8.97324257787
8.97328469653
8.97332976083
8.97337853668
8.97342653878
8.97346779594
8.96482182387
8.96346863491
8.96275128962
8.96349142983
8.96506085296
8.96703760675
8.96906618459
8.97080609385
8.97200620917
8.97265131361
8.97294043628
8.97307467405
8.97315050262
8.97320212447
8.97324465624
8.97328622683
8.97333130152
8.97338051425
8.97342896738
8.97347014481
8.9456132711
8.96459793488
8.96358840089
8.96419653013
8.96569812385
8.96760991315
8.969539274
8.97113738372
8.97218820259
8.97272948899
8.97297135729
8.97308867244
8.97315767148
8.97320616353
8.97324725188
8.97328819832
8.97333317062
8.97338274339
8.97343167341
8.97347277181
8.80526606931
8.96584054143
8.96448087228
8.96493020367
8.96634273622
8.96817121617
8.96998575395
8.97143499225
8.9723437148
8.97279517224
8.97299864239
8.97310186864
8.97316480572
8.97321042167
8.97325010843
8.97329038427
8.97333517163
8.97338505119
8.97343452809
8.9734756491
8.16500695238
8.96686024012
8.96538194321
8.96566024725
8.96697268268
8.96870741325
8.97039803369
8.97169720783
8.97247463773
8.97285002209
8.9730224715
8.97311387646
8.97317147174
8.97321448443
8.97325285209
8.97329246143
8.97333703246
8.97338720557
8.97343734668
8.97347869709
6.49009780226
8.96096918352
8.96625146102
8.96635324655
8.96756568042
8.96920488425
8.97076923671
8.97192281174
8.97258263015
8.97289507434
8.97304265272
8.97312416255
8.97317713562
8.97321785614
8.97325504098
8.97329404999
8.97333843787
8.97338894329
8.9734399116
8.9734817917
4.25922159608
8.91286709475
8.96705805075
8.96698365826
8.96810443313
8.96965322788
8.97109452795
8.97211171577
8.97266945704
8.97293105743
8.97305888026
8.97313219977
8.97318127454
8.97322005004
8.97325623861
8.97329477274
8.97333907619
8.97339000828
8.9734420065
8.97348478988
2.64336036967
8.73266431961
8.96775825412
)
;

boundaryField
{
    emptyPatch
    {
        type            empty;
    }
    minY
    {
        type            calculated;
        value           nonuniform List<scalar> 
40
(
8.97344697941
8.97344784289
8.97344797948
8.97344814417
8.97344830828
8.97344846419
8.97344861079
8.97344874662
8.9734488702
8.97344898184
8.97344908197
8.97344917131
8.97344925098
8.97344932205
8.97344938535
8.97344944156
8.97344949119
8.97344953462
8.97344957204
8.97344960353
8.97344962849
8.97344964619
8.97344965699
8.9734496617
8.97344966089
8.97344965501
8.97344964436
8.97344962913
8.97344960942
8.97344958523
8.97344955652
8.9734495231
8.97344948467
8.97344944063
8.97344939017
8.97344933285
8.97344926959
8.97344919907
8.97344910313
8.97344813209
)
;
    }
    maxY
    {
        type            calculated;
        value           nonuniform List<scalar> 0();
    }
    maxX
    {
        type            calculated;
        value           nonuniform List<scalar> 
37
(
8.97344982503
8.97345440484
8.97345809119
8.97346164734
8.97346517534
8.9734686896
8.97347220103
8.97347571393
8.97347923055
8.97348275206
8.97348627882
8.97348981031
8.97349334494
8.97349688001
8.97350041206
8.97350393767
8.97350745453
8.9735109625
8.97351446428
8.97351796535
8.97352147323
8.97352499604
8.97352854096
8.97353211265
8.97353571218
8.97353933653
8.97354297851
8.97354662704
8.97355026767
8.97355388345
8.9735574564
8.97356096949
8.97356440909
8.97356776737
8.97357104407
8.97357424729
8.97357739293
)
;
    }
    water_to_heater
    {
        type            calculated;
        value           uniform 1;
    }
    procBoundary2to3
    {
        type            processor;
        value           nonuniform List<scalar> 
41
(
1
1
1
1
1
1
1
1
1
1
1
1
1
1
1
1
1
1
1
1.00003722049
8.96753820314
8.96857974527
8.97004704364
8.97137215665
8.97226550381
8.97273726848
8.97295868048
8.97307095669
8.97313760441
8.97318348336
8.97322067593
8.97325608632
8.97329431418
8.97333868492
8.97339018199
8.97344342551
8.97348749565
1.85089956758
8.2924965939
8.96753820314
8.9683761074
)
;
    }
}


// ************************************************************************* //
