/*--------------------------------*- C++ -*----------------------------------*\
| =========                 |                                                 |
| \\      /  F ield         | OpenFOAM: The Open Source CFD Toolbox           |
|  \\    /   O peration     | Version:  2312                                  |
|   \\  /    A nd           | Website:  www.openfoam.com                      |
|    \\/     M anipulation  |                                                 |
\*---------------------------------------------------------------------------*/
FoamFile
{
    version     2.0;
    format      ascii;
    arch        "LSB;label=32;scalar=64";
    class       volScalarField;
    location    "0.57/water";
    object      Ct2;
}
// * * * * * * * * * * * * * * * * * * * * * * * * * * * * * * * * * * * * * //

dimensions      [0 0 0 0 0 0 0];

internalField   nonuniform List<scalar> 
6000
(
1
1.00000205256
1.44308907265
2.82501581419
6.58719728723
8.51326682307
8.90938770366
8.96449274834
8.96956028683
8.9686109827
8.96859252997
8.96872878626
8.96896282568
8.96921432132
8.96945638291
8.96967765555
8.96987419166
8.97004449156
8.9701869214
8.97029902644
1
1
1.00000016275
1.4098537947
2.06138050829
4.76538465028
7.58601486141
8.69846833476
8.94266657412
8.96341966267
8.95935990276
8.9564772252
8.95492640766
8.95414296578
8.9537473496
8.9535363724
8.95341211887
8.9533306511
8.95327360928
8.95323400906
1
1
1
1.04995727109
1.45055904459
2.36439488628
5.15925467276
7.78746526009
8.78278548808
8.95972909335
8.96525455503
8.96166264641
8.95931354313
8.95802233345
8.95738199247
8.95708788972
8.95696183255
8.95691203629
8.95689493302
8.95689093946
1
1
1
1
1.25975482539
1.53330697692
2.87743294276
6.02241250363
8.28196562118
8.90564825854
8.96711116393
8.96396806962
8.96071571929
8.95861131605
8.95741689607
8.95679583795
8.95649190062
8.9563489262
8.95628317998
8.95625351943
1
1
1
1
1.00000052605
1.36477419614
1.67602174237
3.68367697925
7.11041730403
8.70773076124
8.96034717569
8.96621768713
8.96262490775
8.95995392027
8.95826412401
8.957303089
8.95679663788
8.95654357706
8.95642123504
8.95636332642
1
1
1
1
1
1.00036195309
1.40176383092
1.9488793802
4.91622419681
8.1156383954
8.91647351943
8.96763536112
8.96426287429
8.96120470643
8.95908355912
8.9577801304
8.95704734915
8.95666183397
8.95646833172
8.95637443809
1
1
1
1
1
1
1.01841743196
1.43098173376
2.54845828438
6.55413640186
8.734284686
8.96522984391
8.96569272919
8.96240216013
8.9599387451
8.95832370551
8.95736381367
8.95683539599
8.95656133355
8.95642591415
1
1
1
1
1
1
1
1.16267657921
1.5345494065
3.86056468737
8.0452540891
8.93837294322
8.96694770889
8.96354506986
8.96080807333
8.95891360808
8.95773080698
8.95705043376
8.95668445474
8.95649919482
1
1
1
1
1
1
1
1.00000010123
1.35844679434
1.90743941448
6.01670665502
8.77049201548
8.96660097986
8.96469934784
8.96172670314
8.9595747788
8.95817172272
8.95732940395
8.95685747494
8.95660926397
1
1
1
1
1
1
1
1
1.00124597559
1.4208836554
3.0215086418
7.90311993193
8.94360779966
8.96594847045
8.96273598972
8.96032703697
8.95869919467
8.95768195352
8.95708729763
8.95676081239
1
1
1
1
1
1
1
1
1
1.09767601089
1.57920237351
5.17613514958
8.7229479524
8.96556601317
8.96385513574
8.96116508913
8.95930023217
8.95809575541
8.95736427808
8.95694617561
1
1
1
1
1
1
1
1
1
1.00000000036
1.35136873767
2.20982075361
7.4086567327
8.93284496193
8.96508550702
8.962069355
8.95994433123
8.95854083798
8.95766298368
8.95714478963
1
1
1
1
1
1
1
1
1
1
1.00012195381
1.43171730166
4.11404709354
8.63326471535
8.96427951528
8.96303872856
8.96061424886
8.95899160191
8.95795648499
8.95733260447
1
1
1
1
1
1
1
1
1
1
1
1.12204666789
1.86689181632
7.24395146688
8.93823480092
8.96406619608
8.96131807923
8.95943760075
8.95822560285
8.95748970445
1
1
1
1
1
1
1
1
1
1
1
1.00000016663
1.4237691755
4.55089605737
8.78393347139
8.96463946166
8.96207628553
8.9598777069
8.95845907336
8.95760314904
1
1
1
1
1
1
1
1
1
1
1
1
1.2801543303
2.54181313855
8.29514421547
8.96199975821
8.96291907528
8.96032703054
8.95866155486
8.95767416655
1
1
1
1
1
1
1
1
1
1
1
1
1.02181119509
1.75331605739
7.36877063524
8.94959896885
8.96390474985
8.9608413137
8.95887130581
8.95773027068
1
1
1
1
1
1
1
1
1
1
1
1
1.00001915145
1.48590918139
6.0124825692
8.90938273561
8.96508417815
8.96151428563
8.95916177786
8.95782709624
1
1
1
1
1
1
1
1
1
1
1
1
1
1.4013791017
4.06639357437
8.74705891184
8.9659143321
8.96244754122
8.95962137415
8.95803521146
1
1
1
1
1
1
1
1
1
1
1
1
1
1.06098963248
2.07722120528
7.94189086088
8.9585534741
8.96370633306
8.96033055317
8.95842313916
1
1
1
1
1
1
1
1
1
1
1
1
1
1
1.41376613945
5.05222657268
8.85779120819
8.96513165169
8.96133292841
8.95903488758
1
1
1
1
1
1
1
1
1
1
1
1
1
1
1.00032507913
1.92967815586
8.00431179646
8.95980083861
8.96258677552
8.95986620145
1
1
1
1
1
1
1
1
1
1
1
1
1
1
1
1.39002347736
4.92261587391
8.86975380777
8.96398544072
8.96086371859
1
1
1
1
1
1
1
1
1
1
1
1
1
1
1
1.00077488785
2.12944828445
8.30445793856
8.96240936098
8.96194227507
1
1
1
1
1
1
1
1
1
1
1
1
1
1
1
1
1.46459156399
6.67862147871
8.93943614796
8.96303693667
1
1
1
1
1
1
1
1
1
1
1
1
1
1
1
1
1.37841626116
4.57218418949
8.85486853343
8.96398918922
1
1
1
1
1
1
1
1
1
1
1
1
1
1
1
1
1.15479550591
3.01761735039
8.66021116371
8.96423789082
1
1
1
1
1
1
1
1
1
1
1
1
1
1
1
1
1.00364710401
2.09223885875
8.26278903432
8.96236277187
1
1
1
1
1
1
1
1
1
1
1
1
1
1
1
1
1.00000000741
1.5929587522
7.42105291018
8.95364875543
1
1
1
1
1
1
1
1
1
1
1
1
1
1
1
1
1
1.41675064863
5.83274978439
8.92182696573
1
1
1
1
1
1
1
1
1
1
1
1
1
1
1
1
1
1.26112346889
3.82791924882
8.82284153408
1
1
1
1
1
1
1
1
1
1
1
1
1
1
1
1
1
1.00413796411
2.3655121205
8.55593067999
1
1
1
1
1
1
1
1
1
1
1
1
1
1
1
1
1
1.00000000823
1.68539565044
7.95133313505
1
1
1
1
1
1
1
1
1
1
1
1
1
1
1
1
1
1
1.45080738519
6.81285342901
1
1
1
1
1
1
1
1
1
1
1
1
1
1
1
1
1
1
1.38419371125
5.15009659885
1
1
1
1
1
1
1
1
1
1
1
1
1
1
1
1
1
1
1.09105169516
3.36513322097
1
1
1
1
1
1
1
1
1
1
1
1
1
1
1
1
1
1
1.00000064912
2.03452342725
1
1
1
1
1
1
1
1
1
1
1
1
1
1
1
1
1
1
1
1.47158011631
1
1
1
1
1
1
1
1
1
1
1
1
1
1
1
1
1
1
1
1.31234882763
1
1
1
1
1
1
1
1
1
1
1
1
1
1
1
1
1
1
1
1.00021133563
1
1
1
1
1
1
1
1
1
1
1
1
1
1
1
1
1
1
1
1
1
1
1
1
1
1
1
1
1
1
1
1
1
1
1
1
1
1
1
1
1
1
1
1
1
1
1
1
1
1
1
1
1
1
1
1
1
1
1
1
1
1
1
1
1
1
1
1
1
1
1
1
1
1
1
1
1
1
1
1
1
1
1
1
1
1
1
1
1
1
1
1
1
1
1
1
1
1
1
1
1
1
1
1
1
1
1
1
1
1
1
1
1
1
1
1
1
1
1
1
1
1
1
1
1
1
1
1
1
1
1
1
1
1
1
1
1
1
1
1
1
1
1
1
1
1
1
1
1
1
1
1
1
1
1
1
1
1
1
1
1
1
1
1
1
1
1
1
1
1
1
1
1
1
1
1
1
1
1
1
1
1
1
1
1
1
1
1
1
1
1
1
1
1
1
1
1
1
1
1
1
1
1
1
1
1
1
1
1
1
1
1
1
1
1
1
1
1
1
1
1
1
1
1
1
1
1
1
1
1
1
1
1
1
1
1
1
1
1
1
1
1
1
1
1
1
1
1
1
1
1
1
1
1
1
1
1
1
1
1
1
1
1
1
1
1
1
1
1
1
1
1
1
1
1
1
1
1
1
1
1
1
1
1
1
1
1
1
1
1
1
1
1
1
1
1
1
1
1
1
1
1
1
1
1
1
1
1
1
1
1
1
1
1
1
1
1
1
1
1
1
1
1
1
1
1
1
1
1
1
1
1
1
1
1
1
1
1
1
1
1
1
1
1
1
1
1
1
1
1
1
1
1
1
1
1
1
1
1
1
1
1
1
1
1
1
1
1
1
1
1
1
1
1
1
1
1
1
1
1
1
1
1
1
1
1
1
1
1
1
1
1
1
1
1
1
1
1
1
1
1
1
1
1
1
1
1
1
1
1
1
1
1
1
1
1
1
1
1
1
1
1
1
1
1
1
1
1
1
1
1
1
1
1
1
1
1
1
1
1
1
1
1
1
1
1
1
1
1
1
1
1
1
1
1
1
1
1
1
1
1
1
1
1
1
1
1
1
1
1
1
1
1
1
1
1
1
1
1
1
1
1
1
1
1
1
1
1
1
1
1
1
1
1
1
1
1
1
1
1
1
1
1
1
1
1
1
1
1
1
1
1
1
1
1
1
1
1
1
1
1
1
1
1
1
1
1
1
1
1
1
1
1
1
1
1
1
1
1
1
1
1
1
1
1
1
1
1
1
1
1
1
1
1
1
1
1
1
1
1
1
1
1
1
1
1
1
1
1
1
1
1
1
1
1
1
1
1
1
1
1
1
1
1
1
1
1
1
1
1
1
1
1
1
1
1
1
1
1
1
1
1
1
1
1
1
1
1
1
1
1
1
1
1
1
1
1
1
1
1
1
1
1
1
1
1
1
1
1
1
1
1
1
1
1
1
1
1
1
1
1
1
1
1
1
1
1
1
1
1
1
1
1
1
1
1
1
1
1
1
1
1
1
1
1
1
1
1
1
1
1
1
1
1
1
1
1
1
1
1
1
1
1
1
1
1
1
1
1
1
1
1
1
1
1
1
1
1
1
1
1
1
1
1
1
1
1
1
1
1
1
1
1
1
1
1
1
1
1
1
1
1
1
1
1
1
1
1
1
1
1
1
1
1
1
1
1
1
1
1
1
1
1
1
1
1
1
1
1
1
1
1
1
1
1
1
1
1
1
1
1
1
1
1
1
1
1
1
1
1
1
1
1
1
1
1
1
1
1
1
1
1
1
1
1
1
1
1
1
1
1
1
1
1
1
1
1
1
1
1
1
1
1
1
1
1
1
1
1
1
1
1
1
1
1
1
1
1
1
1
1
1
1
1
1
1
1
1
1
1
1
1
1
1
1
1
1
1
1
1
1
1
1
1
1
1
1
1
1
1
1
1
1
1
1
1
1
1
1
1
1
1
1
1
1
1
1
1
1
1
1
1
1
1
1
1
1
1
1
1
1
1
1
1
1
1
1
1
1
1
1
1
1
1
1
1
1
1
1
1
1
1
1
1
1
1
1
1
1
1
1
1
1
1
1
1
1
1
1
1
1
1
1
1
1
1
1
1
1
1
1
1
1
1
1
1
1
1
1
1
1
1
1
1
1
1
1
1
1
1
1
1
1
1
1
1
1
1
1
1
1
1
1
1
1
1
1
1
1
1
1
1
1
1
1
1
1
1
1
1
1
1
1
1
1
1
1
1
1
1
1
1
1
1
1
1
1
1
1
1
1
1
1
1
1
1
1
1
1
1
1
1
1
1
1
1
1
1
1
1
1
1
1
1
1
1
1
1
1
1
1
1
1
1
1
1
1
1
1
1
1
1
1
1
1
1
1
1
1
1
1
1
1
1
1
1
1
1
1
1
1
1
1
1
1
1
1
1
1
1
1
1
1
1
1
1
1
1
1
1
1
1
1
1
1
1
1
1
1
1
1
1
1
1
1
1
1
1
1
1
1
1
1
1
1
1
1
1
1
1
1
1
1
1
1
1
1
1
1
1
1
1
1
1
1
1
1
1
1
1
1
1
1
1
1
1
1
1
1
1
1
1
1
1
1
1
1
1
1
1
1
1
1
1
1
1
1
1
1
1
1
1
1
1
1
1
1
1
1
1
1
1
1
1
1
1
1
1
1
1
1
1
1
1
1
1
1
1
1
1
1
1
1
1
1
1
1
1
1
1
1
1
1
1
1
1
1
1
1
1
1
1
1
1
1
1
1
1
1
1
1
1
1
1
1
1
1
1
1
1
1
1
1
1
1
1
1
1
1
1
1
1
1
1
1
1
1
1
1
1
1
1
1
1
1
1
1
1
1
1
1
1
1
1
1
1
1
1
1
1
1
1
1
1
1
1
1
1
1
1
1
1
1
1
1
1
1
1
1
1
1
1
1
1
1
1
1
1
1
1
1
1
1
1
1
1
1
1
1
1
1
1
1
1
1
1
1
1
1
1
1
1
1
1
1
1
1
1
1
1
1
1
1
1
1
1
1
1
1
1
1
1
1
1
1
1
1
1
1
1
1
1
1
1
1
1
1
1
1
1
1
1
1
1
1
1
1
1
1
1
1
1
1
1
1
1
1
1
1
1
1
1
1
1
1
1
1
1
1
1
1
1
1
1
1
1
1
1
1
1
1
1
1
1
1
1
1
1
1
1
1
1
1
1
1
1
1
1
1
1
1
1
1
1
1
1
1
1
1
1
1
1
1
1
1
1
1
1
1
1
1
1
1
1
1
1
1
1
1
1
1
1
1
1
1
1
1
1
1
1
1
1
1
1
1
1
1
1
1
1
1
1
1
1
1
1
1
1
1
1
1
1
1
1
1
1
1
1
1
1
1
1
1
1
1
1
1
1
1
1
1
1
1
1
1
1
1
1
1
1
1
1
1
1
1
1
1
1
1
1
1
1
1
1
1
1
1
1
1
1
1
1
1
1
1
1
1
1
1
1
1
1
1
1
1
1
1
1
1
1
1
1
1
1
1
1
1
1
1
1
1
1
1
1
1
1
1
1
1
1
1
1
1
1
1
1
1
1
1
1
1
1
1
1
1
1
1
1
1
1
1
1
1
1
1
1
1
1
1
1
1
1
1
1
1
1
1
1
1
1
1
1
1
1
1
1
1
1
1
1
1
1
1
1
1
1
1
1
1
1
1
1
1
1
1
1
1
1
1
1
1
1
1
1
1
1
1
1
1
1
1
1
1
1
1
1
1
1
1
1
1
1
1
1
1
1
1
1
1
1
1
1
1
1
1
1
1
1
1
1
1
1
1
1
1
1
1
1
1
1
1
1
1
1
1
1
1
1
1
1
1
1
1
1
1
1
1
1
1
1
1
1
1
1
1
1
1
1
1
1
1
1
1
1
1
1
1
1
1
1
1
1
1
1
1
1
1
1
1
1
1
1
1
1
1
1
1
1
1
1
1
1
1
1
1
1
1
1
1
1
1
1
1
1
1
1
1
1
1
1
1
1
1
1
1
1
1
1
1
1
1
1
1
1
1
1
1
1
1
1
1
1
1
1
1
1
1
1
1
1
1
1
1
1
1
1
1
1
1
1
1
1
1
1
1
1
1
1
1
1
1
1
1
1
1
1
1
1
1
1
1
1
1
1
1
1
1
1
1
1
1
1
1
1
1
1
1
1
1
1
1
1
1
1
1
1
1
1
1
1
1
1
1
1
1
1
1
1
1
1
1
1
1
1
1
1
1
1
1
1
1
1
1
1
1
1
1
1
1
1
1
1
1
1
1
1
1
1
1
1
1
1
1
1
1
1
1
1
1
1
1
1
1
1
1
1
1
1
1
1
1
1
1
1
1
1
1
1
1
1
1
1
1
1
1
1
1
1
1
1
1
1
1
1
1
1
1
1
1
1
1
1
1
1
1
1
1
1
1
1
1
1
1
1
1
1
1
1
1
1
1
1
1
1
1
1
1
1
1
1
1
1
1
1
1
1
1
1
1
1
1
1
1
1
1
1
1
1
1
1
1
1
1
1
1
1
1
1
1
1
1
1
1
1
1
1
1
1
1
1
1
1
1
1
1
1
1
1
1
1
1
1
1
1
1
1
1
1
1
1
1
1
1
1
1
1
1
1
1
1
1
1
1
1
1
1
1
1
1
1
1
1
1
1
1
1
1
1
1
1
1
1
1
1
1
1
1
1
1
1
1
1
1
1
1
1
1
1
1
1
1
1
1
1
1
1
1
1
1
1
1
1
1
1
1
1
1
1
1
1
1
1
1
1
1
1
1
1
1
1
1
1
1
1
1
1
1
1
1
1
1
1
1
1
1
1
1
1
1
1
1
1
1
1
1
1
1
1
1
1
1
1
1
1
1
1
1
1
1.00000000119
1.00000975471
1
1
1
1
1
1
1
1
1
1
1
1
1
1
1
1
1
1
1.0000000081
1.00007372504
1
1
1
1
1
1
1
1
1
1
1
1
1
1
1
1
1
1
1
1
8.97037914494
8.97042704713
8.97044368987
8.97043136961
8.97039293289
8.97033083811
8.97024698605
8.97014309177
8.97002160689
8.96988749889
8.96975191312
8.96963982263
8.96960583786
8.9697631018
8.97031051104
8.9714369394
8.97273587134
8.97343523198
8.97350058811
8.97353175563
8.9532088923
8.95319642692
8.95319535
8.95320467612
8.95322447537
8.95325733726
8.95331107252
8.95340431683
8.95357745944
8.95391213789
8.9545613985
8.9557842511
8.95794929811
8.96140183928
8.96600197223
8.97041921405
8.97282355741
8.97341969275
8.97350741374
8.97352398408
8.9568914451
8.95689279598
8.95689419506
8.95689659303
8.95690343583
8.95692303048
8.95697338271
8.95709093828
8.95734438397
8.95785254856
8.95879857249
8.96041727835
8.96290856717
8.96621704746
8.9697119178
8.97223790619
8.97326007393
8.973471002
8.9735062284
8.97352821342
8.95624113591
8.95623765799
8.95624055923
8.95625162613
8.9562783587
8.95633793052
8.9564645697
8.9567206223
8.95720953015
8.95808392744
8.95953318659
8.96172439444
8.96466959435
8.9680293296
8.97100779613
8.97277201412
8.97336190135
8.97347301391
8.97350411046
8.97352659183
8.95633786268
8.95633029919
8.95633601152
8.9563584325
8.95641068726
8.95652059497
8.95673900115
8.95714951046
8.95787458546
8.959067833
8.96087721755
8.96336434636
8.96638072266
8.96945145831
8.97183805588
8.97305353181
8.9734045744
8.97347244002
8.97350261598
8.97352634612
8.9563327344
8.95632078752
8.95633132397
8.95637029387
8.95645781478
8.95663341012
8.95696341947
8.95754647654
8.95851003792
8.95998802472
8.96206988868
8.96471909318
8.96767912695
8.97042933046
8.97234524382
8.97320143894
8.97342025567
8.97347100012
8.9735021056
8.97352670415
8.95636603685
8.95634983397
8.95636744034
8.95642797035
8.95655928514
8.95681217825
8.95726504588
8.95802338561
8.95920693974
8.96091734316
8.96318321944
8.96588956536
8.96871599545
8.97114527669
8.97267799774
8.97328352624
8.97342598982
8.97347047604
8.97350225398
8.973527689
8.95641606157
8.9563939348
8.95642006999
8.95650683325
8.95668968418
8.95702899284
8.95761071355
8.95853957087
8.95991879793
8.96181289695
8.96419554146
8.96689365503
8.96955262085
8.97168140969
8.97290108137
8.97332862519
8.97342826127
8.9734706437
8.97350284692
8.97352911503
8.95649402661
8.95646172342
8.95649618863
8.95661255053
8.95685278148
8.95728418315
8.95799548452
8.95908438416
8.96063245511
8.96266707842
8.96511556842
8.96776341385
8.97023987533
8.97209048511
8.97305149144
8.97335309074
8.97342971189
8.97347120942
8.97350375544
8.97353085405
8.95660239037
8.95655394888
8.95659541804
8.95674365182
8.95704535588
8.95757165805
8.95840964331
8.95964543057
8.96133662143
8.96347603277
8.96595307413
8.96852380067
8.97081162986
8.97240462404
8.97315175568
8.97336653943
8.97343111069
8.9734719344
8.97350490317
8.97353281019
8.95673464429
8.95666494005
8.95671266503
8.956895107
8.95726159243
8.95788395675
8.95884393829
8.96021309163
8.96202462429
8.96424030748
8.96671873412
8.96919444706
8.97129083244
8.97264488123
8.97321732872
8.97337446767
8.973432531
8.97347270277
8.97350622781
8.97353491272
8.9568744641
8.95678169765
8.95683732577
8.9570577425
8.95749276404
8.9582121101
8.95928930246
8.96077960885
8.96269252272
8.96496232495
8.96742215382
8.96978983591
8.97169282425
8.97282624558
8.97325950668
8.97337973235
8.97343385343
8.97347347182
8.97350767185
8.97353710722
8.95700209615
8.95688848812
8.95695681967
8.95722113687
8.95772968926
8.9585476537
8.95973823188
8.96133959222
8.96333872802
8.96564554456
8.96807141467
8.97032015927
8.97202802307
8.97296049433
8.97328653543
8.97338365117
8.97343496624
8.97347422856
8.9735091846
8.97353935077
8.95710042265
8.9569716854
8.95706052577
8.95737685274
8.95796534083
8.95888457737
8.96018597031
8.96189038449
8.96396369463
8.9662939004
8.96867286411
8.97079211878
8.97230399421
8.97305764051
8.97330414399
8.97338675224
8.97343582109
8.97347496763
8.97351072658
8.9735416106
8.95715860187
8.95702337512
8.95714302151
8.95752117063
8.95819699181
8.95922081207
8.96063129224
8.96243218879
8.96456959555
8.96691137927
8.96923105008
8.97120978039
8.97252708297
8.97312647467
8.97331605184
8.97338922338
8.97343643122
8.97347568905
8.97351227346
8.9735438646
8.95717797614
8.95704598618
8.95720759183
8.95765762779
8.9584279093
8.95955917967
8.96107681678
8.96296790401
8.96515990979
8.96750165394
8.96974878355
8.97157555818
8.97270354736
8.97317457404
8.97332452809
8.97339115009
8.97343685241
8.97347640405
8.9735138189
8.97354610265
8.95718006117
8.9570573986
8.95726935307
8.95779876437
8.95866814255
8.95990752113
8.96152870726
8.96350260236
8.96573888271
8.96806775415
8.97022736848
8.97189129651
8.97284008634
8.973208146
8.97333090587
8.97339262237
8.97343716436
8.97347713905
8.97351537496
8.97354832741
8.95720757656
8.95709105361
8.95735464044
8.95796506026
8.95893325148
8.96027739823
8.96199547419
8.96404252774
8.96631080476
8.96861175861
8.97066699754
8.97215924731
8.9729437711
8.97323196506
8.97333596981
8.97339376465
8.97343745594
8.97347793314
8.97351696859
8.97355055335
8.95731528579
8.95718902485
8.9574954867
8.95818049024
8.95924078076
8.96068137429
8.96248595701
8.96459368178
8.96687913985
8.96913451071
8.97106723451
8.97238265891
8.97302157631
8.97324947804
8.97334019956
8.9733947227
8.97343781082
8.97347882836
8.97351863306
8.97355280281
8.95755657668
8.95739138505
8.95772128637
8.95846613224
8.95960549635
8.9611295786
8.96300693918
8.96516025651
8.9674456223
8.96963537469
8.97142744715
8.97256582305
8.97307981839
8.97326301986
8.9733438964
8.97339563013
8.97343829103
8.97347985473
8.97352039563
8.97355509923
8.95796644567
8.9577232311
8.95804910778
8.95883313121
8.96003442052
8.96162630525
8.96356089206
8.96574320541
8.96800946204
8.9701120561
8.97174708672
8.97271369349
8.97312374707
8.97327405556
8.97334723487
8.97339657224
8.97343891947
8.97348101474
8.97352226419
8.97355745864
8.95854410694
8.95818248831
8.95847542315
8.9592772473
8.96052332943
8.96216781383
8.96414461795
8.9663394227
8.96856691384
8.97056060685
8.97202586285
8.972831379
8.97315738515
8.97328340275
8.9733502796
8.97339756124
8.97343966771
8.97348227302
8.97352421783
8.97355988197
8.95925027245
8.95873809739
8.95897540851
8.95977891139
8.96105718537
8.96274285832
8.96474970212
8.96694204456
8.96911149949
8.9709758102
8.97226397647
8.97292376941
8.97318358989
8.97329142779
8.97335299847
8.97339853215
8.97344045519
8.97348355593
8.97352620515
8.97356235133
8.96002124625
8.95934063912
8.95951116425
8.96030954683
8.96161487302
8.96333608551
8.96536479828
8.96754186424
8.96963492935
8.97135205414
8.97246249827
8.97299535742
8.97320425877
8.97329821973
8.97335528807
8.97339936056
8.97344116242
8.97348476208
8.97352815142
8.97356483175
8.96079526608
8.95994109115
8.96004525849
8.96084131909
8.9621760948
8.96393275251
8.96597869085
8.96812922513
8.97012844665
8.97168455661
8.97262375233
8.9730501691
8.97322059495
8.97330373616
8.97335701112
8.97339989442
8.97344165358
8.97348577988
8.97352997174
8.97356727774
8.96153968646
8.96050956458
8.96055356128
8.96135589382
8.9627272781
8.96452260745
8.96658274086
8.96869558847
8.97058418391
8.97197055811
8.97275142765
8.97309171479
8.9732333609
8.97330790898
8.97335803486
8.97339998697
8.97344180035
8.97348650548
8.97353158476
8.97356964157
8.96225796239
8.9610421171
8.96103020971
8.96184779901
8.96326377824
8.96510128029
8.96717174747
8.96923424984
8.97099617202
8.97221001796
8.97285026111
8.97312294286
8.97324307244
8.97331070236
8.9733582576
8.9733995197
8.97344149866
8.97348685499
8.97353292212
8.97357187978
8.96297924687
8.96155508072
8.96148401623
8.96232204242
8.96378826793
8.96566918718
8.96774326567
8.96974022618
8.9713608344
8.97240555697
8.97292541243
8.97314622143
8.97325011669
8.97331212772
8.97335761716
8.97339841014
8.97344067457
8.97348676862
8.97353393152
8.97357395571
8.96374415227
8.96207554412
8.96193138886
8.96278899379
8.96430713538
8.96622904788
8.96829602797
8.97020964533
8.97167696378
8.97256174699
8.97298181054
8.97316336339
8.97325480531
8.97331223042
8.97335608373
8.973396607
8.97343928088
8.97348620823
8.97353457453
8.97357583786
8.96456584423
8.96262507452
8.96238569602
8.96325734866
8.96482586902
8.9667828622
8.96882811275
8.97063904649
8.9719453464
8.97268413111
8.97302370092
8.97317569309
8.97325739206
8.97331106897
8.97335364777
8.97339408123
8.97343729093
8.97348515333
8.97353482356
8.97357749655
8.96536498823
8.96320742356
8.96284957263
8.96372956843
8.96534627606
8.96733008494
8.96933590913
8.97102516731
8.97216835568
8.97277839304
8.97305447822
8.97318415121
8.97325808808
8.97330870707
8.97335031627
8.97339082331
8.97343469707
8.973483601
8.97353466214
8.97357890193
8.96582128156
8.96382194394
8.96332185419
8.96420577222
8.96586838385
8.96786830765
8.96981454009
8.97136549768
8.97234971291
8.97284988176
8.97307676192
8.97318943184
8.97325709681
8.9733052298
8.97334612582
8.97338685308
8.97343151821
8.97348157293
8.97353409152
8.97358002599
8.96479454223
8.96448277109
8.96380976911
8.96469018142
8.9663933889
8.96839452063
8.97025890072
8.97165912002
8.97249427924
8.97290342176
8.97309259143
8.97319212058
8.97325466083
8.97330077458
8.97334116598
8.9733822374
8.973427813
8.97347912621
8.97353314155
8.9735808486
8.95844479571
8.96520794022
8.96432516997
8.9651893549
8.96692262291
8.9689048982
8.97066444389
8.97190723526
8.97260769401
8.97294325237
8.97310362055
8.97319279462
8.97325109727
8.97329555666
8.97333559867
8.97337710479
8.97342369036
8.9734763619
8.97353188133
8.97358136589
8.93717746104
8.96601735141
8.96487906463
8.96570865028
8.96745583548
8.96939473026
8.97102808063
8.97211325233
8.97269590523
8.97297302438
8.97311125985
8.97319207148
8.973246808
8.97328987568
8.97332966217
8.97337164797
8.97341931023
8.97347342524
8.97353042463
8.97358159877
8.87230353196
8.96693056624
8.96548059712
8.96625135543
8.96799119814
8.96985941342
8.97134909125
8.97228241878
8.97276470944
8.97299582834
8.97311675896
8.97319061204
8.97324226371
8.97328410013
8.97332365721
8.9733661119
8.97341487267
8.97347049532
8.97352892676
8.97358159965
8.63368901616
8.96793436141
8.96613538045
8.9668192031
8.96852629429
8.97029563244
8.97162937243
8.97242102505
8.97281935865
8.97301421457
8.97312122412
8.97318908062
8.97323796015
8.97327862803
8.97331791321
8.97336076571
8.97341059436
8.97346776424
8.97352757257
8.97358146039
7.72312570437
8.96803055083
8.9668471795
8.96741417831
8.96905901393
8.97070179706
8.9718727282
8.97253545149
8.9728642699
8.97303019593
8.9731255839
8.97318807906
8.97323435507
8.97327383286
8.97331274168
8.97335586456
8.97340667577
8.97346540161
8.97352652934
8.97358125061
5.36221943947
8.95422134918
8.96761652368
8.96803585255
8.96958587263
8.97107677645
8.97208348531
8.97263129034
8.97290283192
8.97304520796
8.9731305161
8.97318805466
8.97323178907
8.97326999235
8.97330837584
8.97335159879
8.97340326352
8.9734635403
8.97352598907
8.97358121034
2.6683791028
8.81815399059
8.96842049386
8.96867412966
8.9700984758
8.97141815128
8.9722652231
8.97271278986
8.97293729051
8.9730600597
8.9731363599
8.97318921251
8.97323040908
8.97326722375
8.9733049144
8.97334804591
8.97340040417
8.97346220511
8.97352600635
8.97358138213
1.5752096702
8.06132933858
8.96858909231
8.96930888898
8.97058369446
8.97172231541
8.97242050727
8.97278279748
8.97296881391
8.97307496315
8.97314308697
8.97319147991
8.97323013448
8.9732654546
8.97330229593
8.97334515175
8.97339803849
8.97346133975
8.97352660356
8.97358189625
1.39590088285
5.98364410883
8.95727168914
8.96991623329
8.97102738263
8.97198605405
8.97255136825
8.97284303475
8.9729977242
8.97308964586
8.97315034428
8.97319452233
8.97323066639
8.97326442492
8.97330029903
8.97334272694
8.97339599507
8.97346078718
8.97352770105
8.97358282349
1.08552903821
3.4404827535
8.87144495761
8.97047935135
8.97141835598
8.97220812163
8.97265982397
8.97289449525
8.9730238103
8.97310353834
8.97315756139
8.97319782221
8.97323154693
8.97326373571
8.9732985805
8.97334047817
8.97339401572
8.9734603157
8.97352914768
8.9735841851
1.0000051401
2.00843132305
8.53379514641
8.9709769173
8.97175063277
8.97238976657
8.97274807769
8.97293776694
8.97304662456
8.97311596684
8.97316408898
8.97320079121
8.97323225395
8.97326292919
8.97329674337
8.97333806396
8.97339180176
8.97345965697
8.97353074931
8.9735859592
1
1.52566791693
7.68478984241
8.97053395374
8.97202339622
8.97253423431
8.97281841762
8.97297324736
8.97306570665
8.97312631349
8.97316933045
8.97320288594
8.97323230382
8.97326157978
8.97329441636
8.97333516231
8.97338906883
8.97345855161
8.97353230644
8.97358809839
1
1.41229335818
6.24251466796
8.96210905334
8.97224035956
8.97264603291
8.97287316643
8.97300137899
8.97308079971
8.97313418249
8.97317288607
8.97320373621
8.9732313651
8.97325939468
8.97329134146
8.97333154467
8.97338560741
8.97345679681
8.97353365444
8.9735905585
1
1.33788659168
4.52815654713
8.92098988279
8.97240828867
8.97273074837
8.97291496878
8.97302301557
8.97309212182
8.97313960467
8.97317472183
8.97320328652
8.97322937813
8.9732563146
8.97328745837
8.97332714534
8.97338133695
8.97345428777
8.97353469845
8.97359333254
1
1.10135574658
3.05033390281
8.78530591888
8.97253781703
8.9727951055
8.97294716107
8.97303974691
8.9731005799
8.97314319122
8.97317528808
8.97320188898
8.97322662785
8.97325257136
8.97328295003
8.97332209697
8.97337633289
8.97345103546
8.97353542732
8.97359647529
1
1.00143066577
2.09036412735
8.42345737639
8.97261038534
8.97284642074
8.97297366513
8.97305383921
8.97310769851
8.97314606841
8.97317546029
8.97320024709
8.97322368983
8.97324863626
8.97327819455
8.97331668803
8.9733707899
8.97344713574
8.97353588809
8.97360009564
1
1.00000000894
1.60375497522
7.60568880464
8.97064015949
8.97289131386
8.97299822758
8.97306766968
8.97311517353
8.9731495217
8.97317624639
8.97319916803
8.97322121656
8.97324503392
8.9732736032
8.97331122362
8.97336490772
8.97344267851
8.97353611485
8.97360430579
1
1
1.42769984677
6.10578982581
8.95517848091
8.97293494493
8.97302359088
8.97308303958
8.9731243018
8.97315451958
8.97317838107
8.97319921121
8.97321962919
8.97324207017
8.97326938019
8.97330581657
8.97335871544
8.97343761206
8.97353602752
8.97360913358
1
1
1.34432192316
4.14875204051
8.88461541155
8.97298209071
8.97305118771
8.9731007241
8.97313551066
8.97316126817
8.97318191814
8.97320032024
8.97321878726
8.97323953571
8.9732652567
8.97330014972
8.97335186899
8.97343159086
8.97353533448
8.97361441738
1
1
1.03440157566
2.54051128498
8.64340262683
8.97303010218
8.97308021377
8.97311967004
8.97314770226
8.97316867725
8.97318579318
8.97320146186
8.97321768665
8.97323644869
8.97326026534
8.97329327286
8.97334346428
8.97342380946
8.97353340992
8.97361974088
1
1
1.00000280749
1.74548281364
8.01158211534
8.97252344803
8.97310678322
8.9731364518
8.97315791105
8.97317415156
8.97318770268
8.97320056082
8.97321442669
8.97323103456
8.97325271646
8.97328356257
8.97333198151
8.97341295696
8.97352929007
8.9736244681
1
1
1
1.47698018656
6.84198861521
8.96558733263
8.97312575196
8.97314647982
8.97316226646
8.9731743826
8.97318476488
8.97319505323
8.97320666876
8.97322109674
8.97324048328
8.9732689227
8.97331540329
8.97339728388
8.97352170117
8.97362787223
1
1
1
1.40906900956
5.34961622989
8.93501944937
8.97313291798
8.97314663573
8.97315791349
8.97316680351
8.97317465105
8.97318278233
8.97319235624
8.97320460331
8.97322148793
8.97324718547
8.9732915172
8.97337477893
8.97350921084
8.97362922513
1
1
1
1.35347043523
3.86375585269
8.8372339244
8.97312849134
8.97313648354
8.9731439001
8.9731502675
8.97315612901
8.97316245738
8.97317013471
8.9731801209
8.97319419558
8.97321666852
8.97325842836
8.9733434361
8.9734902375
8.97362780456
1
1
1
1.1377340409
2.58838708544
8.51732838784
8.97283124415
8.97311760316
8.97312067944
8.97312474407
8.9731288859
8.97313355825
8.97313930407
8.97314677796
8.9731575329
8.9731759511
8.97321409232
8.97330058306
8.97346249257
8.97362263111
1
1
1
1.00137175289
1.77590401032
7.54620122442
8.96138108219
8.97309357828
8.97309049661
8.97309159826
8.97309381738
8.97309668802
8.97310028274
8.9731048765
8.97311162762
8.97312458542
8.97315663678
8.97324247837
8.97342212784
8.97361213845
1
1
1
1.00000000004
1.45418958425
5.50066859071
8.85862718355
8.97279951436
8.97305803929
8.97305426582
8.97305372881
8.97305457226
8.97305623032
8.97305852587
8.9730617862
8.97306833703
8.97308966489
8.97316719436
8.97336368026
8.97359389022
1
1
1
1
1.36086131707
3.09554867294
8.27414178656
8.96179316393
8.97303124993
8.97301787582
8.97301296481
8.97301154083
8.97301225106
8.97301450694
8.97301757508
8.9730205316
8.9730289333
8.97308503417
8.97328426547
8.97356301046
1
1
1
1
1.01433702174
1.73956618104
6.32514799085
8.8309918704
8.97221192881
8.97298860772
8.97297617804
8.97297179293
8.97297259098
8.97297811617
8.97298830262
8.97300191709
8.97301762004
8.9730546799
8.9732077525
8.97351004715
1
1
1
1
1
1.41170768335
3.38988008975
7.99916403259
8.94368291691
8.97296206401
8.97295126163
8.97294246982
8.97294411268
8.97295576853
8.97297967843
8.9730187172
8.97307226497
8.97313134642
8.97320445561
8.97341324544
1
1
1
1
1
1.08768957245
1.72634659567
5.48066805247
8.61498054983
8.96825418526
8.97295474044
8.972945164
8.97295333511
8.97297862437
8.97302317713
8.97308961294
8.97317457997
8.97325613706
8.9732817079
8.97323337732
1
1
1
1
1
1.00000000007
1.39943560604
2.53585804818
6.86337253837
8.82839560308
8.97261990872
8.97302154962
8.97305241156
8.97310480943
8.97317378151
8.97325185002
8.97332822131
8.97339086218
8.97341591178
8.97330316774
1
1
1
1
1
1
1.01068746519
1.47529803654
3.41870114358
7.58605107743
8.91039938479
8.97317332368
8.97322963258
8.97329010858
8.97334675177
8.97339730846
8.97344242897
8.97348022492
8.97350675729
8.97350625108
1
1
1
1
1
1
1
1.18047288813
1.58673002342
4.13696363264
8.16931893781
8.95894882619
8.97338321104
8.9734289798
8.97346003344
8.97348776094
8.9735145537
8.97354061048
8.9735667781
8.97359127877
1
1
1
1
1
1
1
1
1.28126994267
1.74637953351
5.3213918026
8.64268086203
8.96962681663
8.97352314997
8.97353736999
8.97354777692
8.97356510021
8.9735859129
8.9736109984
8.97364111374
1
1
1
1
1
1
1
1
1.00000000001
1.37312294579
2.16057997714
6.42597594845
8.75971479765
8.97105604444
8.97334644455
8.97331755146
8.97346957014
8.97359745377
8.97364376339
8.97367629033
1
1
1
1
1
1
1
1
1
1.00000060426
1.4031505657
2.1708188727
5.6987866239
8.65289449635
8.96371790727
8.95811229845
8.9593287617
8.96951099115
8.97326064985
8.97364842923
1
1
1
1
1
1
1
1
1
1
1.00000002378
1.29890561397
1.45696130151
3.16822305895
8.78372726341
8.68448341895
8.57060814408
8.71531994284
8.88515541574
8.97008477211
1
1
1
1
1
1
1
1
1
1
1
1
1
1.00001038867
4.34095964517
7.53129846519
6.46110689573
5.9448925143
6.30300790803
8.80056421678
1
1
1
1
1
1
1
1
1
1
1
1
1
1
1
3.1164452357
4.63850219118
3.19671666853
2.82413950384
7.1518680649
1
1
1
1
1
1
1
1
1
1
1
1
1
1
1
1
2.44704307705
3.1916267628
2.81313902505
4.97744676701
1
1
1
1
1
1
1
1
1
1
1
1
1
1
1
1
1.00002596298
2.3741470453
4.3789787817
5.65239510902
1
1
1
1
1
1
1
1
1
1
1
1
1
1
1
1
1
1.02468744718
5.41732838026
5.65187142312
1
1
1
1
1
1
1
1
1
1
1
1
1
1
1
1
1
1
2.01274842718
5.65259071349
1
1
1
1
1
1
1
1
1
1
1
1
1
1
1
1
1
1
1.24376617252
5.65204532012
1
1
1
1
1
1
1
1
1
1
1
1
1
1
1
1
1
1
1.00000294184
5.65254415857
1
1
1
1
1
1
1
1
1
1
1
1
1
1
1
1
1
1
1
5.65205787562
1
1
1
1
1
1
1
1
1
1
1
1
1
1
1
1
1
1
1
5.6525810093
1
1
1
1
1
1
1
1
1
1
1
1
1
1
1
1
1
1
1
5.14322676943
1
1
1
1
1
1
1
1
1
1
1
1
1
1
1
1
1
1
1
5.35244480864
1
1
1
1
1
1
1
1
1
1
1
1
1
1
1
1
1
1
1
6.34515472663
1
1
1
1
1
1
1
1
1
1
1
1
1
1
1
1
1
1
1
6.92753714621
1
1
1
1
1
1
1
1
1
1
1
1
1
1
1
1
1
1
1
7.00064304414
1
1
1
1
1
1
1
1
1
1
1
1
1
1
1
1
1
1
1.00000607793
7.38883207671
1
1
1
1
1
1
1
1
1
1
1
1
1
1
1
1
1
1
1.18341825507
7.63597746902
1
1
1
1
1
1
1
1
1
1
1
1
1
1
1
1
1
1
1.45429778956
7.63718824845
1
1
1
1
1
1
1
1
1
1
1
1
1
1
1
1
1
1
2.32861763859
7.63657234469
1
1
1
1
1
1
1
1
1
1
1
1
1
1
1
1
1
1
3.94645131499
7.6377741903
1
1
1
1
1
1
1
1
1
1
1
1
1
1
1
1
1
1.00000000005
4.68419559026
7.63714985154
1
1
1
1
1
1
1
1
1
1
1
1
1
1
1
1
1
1.00000009098
4.42539610715
7.638296394
1
1
1
1
1
1
1
1
1
1
1
1
1
1
1
1
1
1
2.95448579923
7.63759067807
1
1
1
1
1
1
1
1
1
1
1
1
1
1
1
1
1
1
1.68973838603
7.63860755551
1
1
1
1
1
1
1
1
1
1
1
1
1
1
1
1
1
1
1.40782416249
7.63791462858
1
1
1
1
1
1
1
1
1
1
1
1
1
1.00000005689
1.0005176523
1
1
1
1.18729633693
7.63877852451
1
1
1
1
1
1
1
1
1
1
1
1
1.0000289232
1.20323469349
1.34913589914
1
1
1
1.01015514522
7.63808796647
1
1
1
1
1
1
1
1
1
1
1
1.00047119665
1.32470628198
1.47846513673
1.45558404348
1
1
1
1.00044840124
7.63890758968
1
1
1
1
1
1
1
1
1
1
1.00015891617
1.37898747019
1.60876073912
1.95674998619
1.5202931144
1
1
1
1.00013550745
7.63822017582
1
1
1
1
1
1
1
1
1
1.00000033578
1.37485402919
1.7197627675
2.37286061128
2.21257024857
1.49428009207
1
1
1
1.00577387299
7.63894502455
1
1
1
1
1
1
1
1
1
1.20953616039
1.62516772219
2.49419551891
2.49299014373
2.24297721653
1.43786542241
1
1
1
1.21101421405
7.63817405346
1
1
1
1
1
1
1
1
1.00000057478
1.41517326332
2.33121389725
2.52409720669
2.51291677598
2.2527205367
1.39164185707
1
1
1
1.39450674132
7.63876006069
1
1
1
1
1
1
1
1
1.00579784612
1.49246309986
2.51379260362
2.5257242741
2.51755423904
2.29201618288
1.25411053168
1
1
1
1.66267599983
7.63792014266
1
1
1
1
1
1
1
1
1.08956200142
1.51069706795
2.48287624848
2.52435498562
2.52482557603
2.3364187319
1.00209192881
1
1
1
3.16732851724
7.63838223912
1
1
1
1
1
1
1
1
1.21459857281
1.48639622004
2.19438069796
2.5256948593
2.52439482174
2.21503763979
1
1
1
1
5.19256494221
7.63751272494
1
1
1
1
1
1
1
1.00000001438
1.28229386936
1.4388788956
1.72279023021
2.40827482785
2.52747649874
1.73474935093
1
1
1
1.00000000036
6.33475225737
7.63782488138
1
1
1
1
1
1
1
1.00001579414
1.30094714191
1.41811530734
1.55730646248
2.32893016232
2.52475119289
1.23279321864
1
1
1
1.01000157625
6.81236116013
7.63691517415
1
1
1
1
1
1
1
1.00018907905
1.30715064597
1.41770610442
1.56907511723
2.3328214705
1.60147693624
1
1
1
1
1.10793518787
6.77065245206
7.63715070693
1
1
1
1
1
1
1
1.00086183067
1.32435772553
1.42872899145
1.65796009482
1.91901804047
1
1
1
1
1
1.09098741814
6.03121824908
7.63623533306
1
1
1
1
1
1
1
1.00479968913
1.36582573827
1.47904794262
1.65885461934
1.39472240203
1
1
1
1
1
1.00505406774
4.48217565465
7.63644007636
1
1
1
1
1
1
1
1.03500283983
1.40396295606
1.52574067515
1.57331637677
1
1
1
1
1
1
1.00000028568
2.87299887316
7.63550573847
1
1
1
1
1
1
1.00000012467
1.17863017097
1.43732403049
1.52489206615
1.33345062323
1
1
1
1.00000037975
1
1
1
1.92434489677
7.63570799456
1
1
1
1
1
1
1.00109482693
1.36668726428
1.47130934621
1.52405138412
1
1
1
1
1.007261791
1
1
1
1.49619196003
7.63475401545
1
1
1
1
1
1.00000000001
1.10242061647
1.42214726574
1.47104323124
1.41563731646
1
1
1
1
1.12612426544
1.00000000001
1
1
1.35419921247
7.63495540561
1
1
1
1
1
1.00009693496
1.36201099206
1.46615318243
1.47078141647
1.006324224
1
1
1
1
1.30173299293
1.00059618331
1
1
1.00005050083
7.63398927039
1
1
1
1
1
1.06119347856
1.42237888806
1.47010646296
1.47053228203
1
1
1
1
1.00000000016
1.3933028499
1.11814669444
1
1
1
7.41989101221
1
1
1
1
1.00000000001
1.32217472756
1.46227448612
1.4697446916
1.40400968073
1
1
1
1
1.00415373366
1.44428272982
1.35085196253
1
1
1
6.73480527298
1
1
1
1
1.00000199513
1.40293647137
1.4688760885
1.46939564456
1.00000000041
1
1
1
1
1.30251048838
1.70315901926
1.4077486992
1
1
1
6.70507472104
1
1
1
1
1.00125420433
1.43366760714
1.46842287187
1.42044623999
1
1
1
1
1.0217690211
1.44689492262
2.91894881518
1.43457643971
1
1
1
7.58763349417
1
1
1
1
1.05567869754
1.45071100787
1.46732218961
1
1
1
1
1.0000000018
1.40343748698
2.19682341343
6.32009206339
1.5108753516
1
1
1
8.57884836217
1
1
1
1
1.26339983
1.45039966828
1.10726581927
1
1
1
1
1.30947369966
1.94953722684
6.16077604162
8.18689747543
1.56401239283
1
1
1
8.57870064324
1
1
1
1.00000227818
1.26676644345
1.28303527817
1
1
1
1
1.02109736323
1.8023136651
6.30578974356
8.71906362187
8.2667195089
1.00934307448
1
1
1
8.57907974944
1
1
1
1.00023155421
1.04639924611
1
1
1
1
1
1.54386195752
6.53612310987
8.87519508993
8.88094887455
4.35188748754
1
1
1
1
8.57894976715
1
1
1
1.00000000013
1
1
1
1
1
1.21304419066
5.13700248258
8.87740632572
8.92772961015
8.72494215691
1.66142488699
1
1
1
1
8.57926378814
1
1
1
1
1
1
1
1
1
1.41313245718
8.6960062705
8.93057670092
8.93040610155
8.37513753434
1.46069164966
1
1
1
1
8.57901686556
1
1
1
1
1
1
1
1
1
1.42374281714
8.90972132471
8.93068131826
8.93108065438
8.51111858797
1.60674524503
1
1
1
1
8.51501980264
1
1
1
1
1
1
1
1
1
1.40559773589
8.9074700668
8.92956574219
8.9311387702
8.88076996868
4.27135189549
1.00053338995
1
1
1
4.39219227991
1
1
1
1
1
1
1
1
1
1.34519658311
8.89182347105
8.92832802121
8.93119872653
8.93127111076
8.6647637849
1.8866003654
1
1
1
1.74223156948
1
1
1
1
1
1
1
1
1
1.13127476641
8.78540679903
8.92843064275
8.93130004922
8.9313218478
8.93137440084
6.74904597959
1.00037683685
1
1
1.44522350744
1
1
1
1
1
1
1
1
1
1.00008912222
8.22596332678
8.92972877866
8.93133233
8.93145916371
8.93141289544
8.81781270767
1.56583179119
1
1
1.42167697731
1
1
1
1
1
1
1
1
1
1
6.08267140637
8.92913446277
8.93151239436
8.93144482869
8.93157309079
8.93152459577
4.49334535393
1
1
1.42118812529
1
1
1
1
1
1
1
1
1
1
2.37041134164
8.90944089148
8.9314867006
8.93172708854
8.93153854618
8.93175843542
7.50619123903
1
1
1.43765460381
1
1
1
1
1
1
1
1
1
1
1.41019330745
8.56721294624
8.93184462916
8.9315765921
8.93185473772
8.93165609402
8.56208179114
1
1
1.48639555342
1
1
1
1
1
1
1
1
1
1
1.00092342254
6.22373342546
8.93161730099
8.9319528826
8.93166809472
8.93188342921
8.8704735238
1
1
1.57009811611
1
1
1
1
1
1
1
1
1
1
1
2.37692989608
8.89477643394
8.93171122604
8.93195029739
8.93178500296
8.69020899116
1
1
1.78887111804
1
1
1
1
1
1
1
1
1
1
1
1.41775022598
8.20819193589
8.93197555072
8.93178959162
8.93189708232
6.04446815356
1
1
2.54992595497
1
1
1
1
1
1
1
1
1
1
1
1.00113007714
4.71480551023
8.91737426689
8.92808375398
8.8838945616
1.46853412511
1
1
4.92293085812
1
1
1
1
1
1
1
1
1
1
1
1
1.68275514553
8.49811773833
8.63933773552
6.09368352205
1
1
1
7.30584237868
1
1
1
1
1
1
1
1
1.00000000013
1
1
1
1.28644908946
4.9351044089
5.09817971941
1.02426091638
1
1
1
8.03819294106
1
1
1
1
1
1
1
1.00000515455
1.00000501919
1
1
1
1.00016394468
1.71806192026
1.06521477036
1
1
1
1.00000000009
8.04016444965
1
1
1
1
1
1
1.00000524818
1.00007077492
1.00000576228
1
1
1
1.00142830018
1.02737499729
1
1
1
1
1.0000003106
8.01675148079
1
1
1
1
1
1.00001040414
1.00007078273
1.00007320651
1
1
1
1
1.00166131463
1
1
1
1
1
1.00005139534
7.97044544431
1
1
1
1
1.00002609706
1.000070794
1.00007959041
1.00001579444
1
1
1
1
1
1
1
1
1
1
1.01561601316
8.03958938728
1
1
1
1.000052363
1.0000708044
1.00008018795
1.00007077914
1
1
1
1
1
1
1
1
1
1
1
1.26460952972
8.05104057868
1
1.00000000106
1.00006954372
1.000070809
1.00008049074
1.00007079411
1.00000029069
1
1
1
1
1
1
1
1
1
1
1
1.38189706938
8.05530680182
1.00000011854
1.00007236947
1.00007080033
1.00008210522
1.00007081225
1.00008760032
1
1
1
1
1
1
1
1
1
1
1
1
1.36896981089
8.0514092252
1.00007304451
1.00007077145
1.00008600067
1.00007082661
1.00008769544
1
1
1
1
1
1
1
1
1
1
1
1
1
1.19272564663
7.74250825574
1.00007072595
1.00008976851
1.00007083575
1.00000032288
1
1
1
1
1
1
1
1
1
1
1
1
1
1
1.00000000317
2.39647340558
1
1
1
1
1
1
1
1
1
1
1
1
1
1
1
1
1
1
1
1
)
;

boundaryField
{
    emptyPatch
    {
        type            empty;
    }
    minY
    {
        type            calculated;
        value           nonuniform List<scalar> 
40
(
8.9735560825
8.97355695463
8.97355709281
8.97355725894
8.97355742233
8.97355757639
8.97355772024
8.97355785243
8.97355797183
8.97355807884
8.97355817389
8.97355825769
8.97355833139
8.97355839606
8.9735584526
8.97355850173
8.97355854399
8.97355857979
8.97355860938
8.97355863288
8.97355864992
8.9735586602
8.97355866426
8.97355866286
8.97355865658
8.97355864584
8.97355863089
8.97355861191
8.97355858895
8.973558562
8.97355853095
8.97355849563
8.97355845567
8.97355841047
8.97355835917
8.97355830126
8.97355823757
8.97355816667
8.97355807044
8.97355709937
)
;
    }
    maxY
    {
        type            calculated;
        value           uniform 1;
    }
    water_to_cooler
    {
        type            calculated;
        value           nonuniform List<scalar> 
150
(
8.97355879234
8.97356336947
8.97356704925
8.97357059432
8.97357410656
8.97357759964
8.97358108327
8.97358456037
8.97358803197
8.97359149852
8.97359496086
8.9735984206
8.97360188028
8.97360534314
8.97360881252
8.97361229103
8.97361577959
8.97361927669
8.97362277806
8.97362627708
8.97362976601
8.97363323766
8.97363668717
8.97364011336
8.97364351927
8.97364691184
8.97365030112
8.97365369922
8.97365711942
8.97366057544
8.97366408083
8.97366764819
8.97367128796
8.97367500694
8.97367880659
8.97368268183
8.97368662045
8.97369060355
8.9736946072
8.97369860531
8.97370257256
8.97370648768
8.97371033562
8.97371410841
8.97371780452
8.97372142677
8.97372497925
8.97372846389
8.97373187789
8.97373521328
8.97373845931
8.97374160755
8.97374465817
8.97374762512
8.9737505375
8.97375343702
8.97375637343
8.97375939948
8.97376256552
8.97376591403
8.97376947525
8.97377326408
8.97377727467
8.97378147877
8.97378583505
8.97379031588
8.97379485581
8.97379933887
8.97380319279
8.97375271201
8.9701570527
8.80060140412
7.1520264104
4.97768358138
5.65269210315
5.65219755873
5.6527191975
5.65221485879
5.65270886543
5.6521970579
5.65268835749
5.14331039319
5.3525039661
6.34520781313
6.92762546358
7.00079270166
7.38902758046
7.63622567602
7.63753418666
7.63702625679
7.6383386352
7.63782126839
7.63904411639
7.63835257057
7.63932187963
7.63855889618
7.63935750345
7.63860350194
7.63935333343
7.63860404065
7.63928182513
7.63847154336
7.63902628431
7.63816183947
7.63859567579
7.63770336116
7.63800511031
7.63709129982
7.63732300623
7.63640553958
7.63661256305
7.63568512975
7.63589836201
7.63496131251
7.63518097174
7.6342268416
7.42017183607
6.73521473507
6.70553671622
7.58797958936
8.57896674459
8.57882181574
8.57919036587
8.57904861379
8.57935554041
8.57910585728
8.51510631338
4.39265284419
1.7425580347
1.44557828823
1.42207916147
1.42158980044
1.43802344318
1.48673476824
1.57043859744
1.78926071847
2.55046354194
4.92356751218
7.30622154421
8.03842869688
8.04040730088
8.01701820827
7.9707753879
8.0399702651
8.05150544715
8.05574511627
8.05158391731
7.74229794663
2.39680302532
1
)
;
    }
    water_to_heater
    {
        type            calculated;
        value           uniform 1;
    }
}


// ************************************************************************* //
