/*--------------------------------*- C++ -*----------------------------------*\
| =========                 |                                                 |
| \\      /  F ield         | OpenFOAM: The Open Source CFD Toolbox           |
|  \\    /   O peration     | Version:  2312                                  |
|   \\  /    A nd           | Website:  www.openfoam.com                      |
|    \\/     M anipulation  |                                                 |
\*---------------------------------------------------------------------------*/
FoamFile
{
    version     2.0;
    format      ascii;
    arch        "LSB;label=32;scalar=64";
    class       volScalarField;
    location    "0.69/water";
    object      p;
}
// * * * * * * * * * * * * * * * * * * * * * * * * * * * * * * * * * * * * * //

dimensions      [1 -1 -2 0 0 0 0];

internalField   nonuniform List<scalar> 
1496
(
100226.857018
100226.858013
100226.862499
100226.868573
100226.875452
100226.883944
100226.89509
100226.909586
100226.926708
100226.941015
100226.976962
100227.09004
100227.410342
100227.869468
100228.481318
100229.263608
100229.980701
100230.340348
100230.778838
100230.675611
100226.309983
100226.311114
100226.315806
100226.322383
100226.329232
100226.336152
100226.344114
100226.354251
100226.338512
100226.350797
100226.583195
100226.919616
100227.373113
100227.92341
100228.4773
100228.732819
100228.346446
100227.867773
100227.514978
100226.221415
100225.709911
100225.711811
100225.717432
100225.725903
100225.734152
100225.741997
100225.749873
100225.712124
100225.64539
100225.672757
100225.883548
100226.252614
100226.680303
100226.858261
100226.384864
100225.285972
100224.311924
100223.857559
100222.690196
100222.800197
100224.985497
100224.999539
100225.037247
100225.066252
100225.084171
100225.090526
100225.008414
100224.745721
100224.446759
100224.274885
100224.275567
100224.255501
100223.558382
100221.998436
100220.202261
100219.155422
100218.692729
100218.280336
100217.103719
100219.145515
100223.696231
100223.727192
100223.893045
100223.665949
100223.292983
100222.900643
100222.531111
100222.117559
100221.712914
100221.33676
100220.712561
100218.912757
100216.111748
100213.566168
100212.232879
100211.230108
100210.830021
100210.009794
100209.903744
100213.114582
100221.47865
100221.137426
100221.769259
100221.601335
100221.002602
100220.251729
100219.470849
100218.697022
100217.815457
100216.358028
100213.375802
100209.427093
100205.843538
100203.407769
100200.926892
100199.120283
100197.308106
100194.591932
100195.408764
100198.607982
100219.343597
100217.225904
100218.61104
100218.229814
100217.172691
100216.025441
100214.837112
100213.200086
100210.363891
100206.004132
100201.313627
100196.736048
100192.92387
100188.389984
100184.053028
100179.523588
100172.625312
100168.188911
100166.394409
100163.989588
100217.555185
100212.258307
100213.903305
100213.385368
100211.75359
100209.846294
100206.961514
100202.692129
100197.416511
100193.157049
100188.121632
100183.368862
100177.168854
100170.524459
100163.093137
100152.060773
100142.264671
100133.388413
100121.021085
100110.806154
100216.042943
100209.114058
100208.792717
100207.542341
100204.975645
100201.272906
100196.589929
100191.553808
100187.795383
100182.469958
100177.120152
100170.217856
100161.405723
100151.584544
100138.687788
100127.82233
100115.896173
100100.257763
100093.034154
100094.031689
100211.694763
100201.980113
100200.331464
100199.015035
100196.268076
100192.250453
100187.241413
100183.137685
100178.152607
100171.568374
100164.060024
100153.442307
100143.744373
100132.903556
100122.210263
100109.503089
100095.936878
100092.602499
100093.13933
100093.203694
100169.384823
100159.44527
100161.419586
100163.007226
100163.792362
100163.178034
100161.231009
100158.900123
100154.263196
100148.724558
100142.698475
100136.272127
100127.273921
100117.373645
100105.412707
100094.859286
100092.048895
100092.319781
100092.382574
100092.439663
100085.78935
100081.020648
100085.415831
100088.162313
100091.076541
100094.935576
100100.085877
100107.315965
100115.684954
100120.451625
100120.697409
100116.300114
100109.739871
100101.277148
100093.972151
100091.413312
100091.493622
100091.566608
100091.638041
100091.705941
100059.398797
100059.270106
100059.250037
100059.278887
100059.638893
100060.809099
100063.431744
100068.832053
100079.31554
100089.997433
100094.655273
100095.165595
100093.74602
100091.613905
100090.48992
100090.788904
100090.88261
100090.935775
100090.99696
100091.060984
100058.101541
100058.077375
100058.061962
100058.040915
100058.020394
100058.00938
100058.012311
100058.035992
100060.195105
100067.816851
100076.003775
100081.656947
100085.666865
100088.133519
100089.52787
100090.285138
100090.333453
100090.388348
100090.445926
100090.509758
100057.01818
100057.015347
100057.017059
100057.019868
100057.022005
100057.023133
100057.023519
100057.022075
100057.030355
100059.461234
100067.096383
100074.81964
100081.477177
100086.253654
100088.876316
100089.821674
100089.876792
100089.921745
100089.976659
100090.035451
100055.939599
100055.936826
100055.937016
100055.938925
100055.940408
100055.940747
100055.940962
100055.940034
100055.941346
100056.606133
100061.683756
100069.832726
100077.731365
100084.042094
100087.621146
100089.135871
100089.485837
100089.525
100089.573079
100089.63224
100054.815121
100054.811477
100054.809765
100054.808854
100054.807038
100054.803383
100054.798779
100054.79207
100054.784884
100054.85776
100056.681595
100063.834582
100072.318458
100080.080063
100085.295145
100088.00677
100088.965895
100089.149449
100089.204306
100089.26796
100053.688468
100053.68415
100053.68027
100053.675464
100053.668391
100053.657362
100053.642355
100053.620862
100053.590811
100053.552111
100053.963475
100057.577044
100064.833437
100072.680148
100079.649128
100084.01415
100086.185296
100087.147335
100087.53841
100087.713705
100052.606885
100052.602361
100052.598097
100052.593018
100052.586304
100052.57653
100052.564189
100052.549344
100052.531671
100052.510907
100052.526452
100053.300272
100057.353476
100063.702235
100070.68894
100076.654608
100080.115569
100081.853975
100082.732386
100083.298729
100051.581162
100051.575019
100051.569037
100051.562032
100051.553344
100051.541797
100051.526367
100051.507716
100051.483503
100051.450319
100051.407339
100051.433068
100052.843982
100056.452655
100061.632705
100067.503949
100072.242536
100074.894242
100076.155967
100076.767589
100050.611803
100050.603038
100050.595746
100050.587999
100050.579139
100050.568652
100050.555258
100050.540279
100050.522079
100050.500804
100050.476739
100050.283023
100050.775658
100052.388945
100055.378225
100059.480865
100064.054507
100067.625329
100069.476762
100070.03747
100049.682965
100049.671332
100049.663123
100049.654823
100049.645065
100049.633561
100049.619168
100049.601808
100049.580613
100049.556236
100049.52936
100049.366956
100049.490412
100050.399593
100052.06718
100054.555004
100057.770854
100061.112895
100063.512907
100064.335618
100048.78355
100048.770349
100048.761997
100048.753206
100048.741891
100048.727796
100048.710218
100048.68888
100048.664005
100048.636537
100048.606972
100048.526757
100048.599633
100049.280477
100050.469591
100052.216662
100054.365355
100056.647156
100058.661719
100059.670168
100047.914698
100047.900837
100047.892394
100047.883007
100047.869545
100047.851193
100047.828674
100047.802703
100047.77416
100047.743378
100047.710339
100047.709895
100047.805823
100048.396616
100049.480539
100050.969193
100052.651016
100054.283633
100055.427434
100056.379844
100047.076715
100047.062293
100047.05376
100047.041969
100047.022715
100046.997207
100046.967017
100046.935515
100046.902997
100046.868584
100046.831806
100046.859554
100046.998064
100047.631431
100048.743261
100050.160886
100051.504886
100052.371278
100052.523717
100054.357435
100046.25741
100046.249439
100046.259922
100046.248604
100046.208614
100046.150594
100046.103544
100046.064345
100046.02564
100045.983578
100045.935073
100045.877508
100046.084263
100046.838706
100047.970453
100049.104108
100049.466158
100049.065646
100050.524487
100052.860613
100045.234157
100045.231247
100045.263452
100045.14459
100045.159494
100045.160554
100045.148149
100045.133594
100045.113547
100045.085825
100045.049707
100045.003515
100045.227147
100045.851706
100046.551667
100046.468299
100045.68233
100046.921126
100049.686491
100051.37634
100043.908413
100043.167124
100043.623711
100043.936403
100044.125366
100044.284204
100044.26663
100044.250811
100044.230436
100044.20123
100044.160283
100044.103857
100044.276127
100044.378326
100043.885756
100043.05852
100044.204239
100046.929624
100048.771807
100050.076317
100042.736694
100040.287071
100041.456946
100042.397543
100042.933006
100043.294067
100043.409745
100043.402157
100043.382834
100043.350251
100043.30182
100043.23357
100043.305403
100042.983188
100042.563887
100043.365507
100045.234627
100046.790574
100047.951085
100049.261759
100041.583568
100037.249827
100039.20596
100040.850152
100041.726734
100042.352749
100042.652029
100042.627992
100042.595208
100042.552023
100042.496576
100042.42754
100042.592362
100042.806371
100043.397669
100044.414105
100045.492942
100046.48353
100047.68006
100049.347475
100040.110647
100034.051557
100036.75982
100038.952683
100040.167494
100040.940126
100041.532187
100041.850406
100041.81254
100041.754292
100041.690282
100041.694498
100041.996908
100042.586076
100043.36452
100044.234022
100045.188476
100046.383906
100047.979414
100049.834456
100038.156455
100031.978222
100034.736484
100036.850217
100038.057401
100039.013378
100039.567123
100040.091568
100040.665441
100040.826705
100040.781807
100040.836013
100041.149687
100041.742167
100042.530667
100043.505948
100044.758041
100046.269718
100047.802294
100048.978641
100035.690842
100030.223004
100032.739399
100034.422575
100035.281517
100036.082103
100036.535335
100036.928778
100037.594736
100038.232725
100038.656733
100039.006847
100039.478078
100040.201638
100041.150986
100042.261414
100043.457485
100044.492816
100045.127602
100045.489562
100032.948279
100027.248264
100029.554692
100031.104521
100031.701369
100031.899991
100032.134803
100032.471884
100032.945578
100033.951773
100034.796822
100035.494347
100036.245975
100037.113217
100037.946368
100038.59514
100039.056754
100039.389416
100039.770928
100040.414594
100030.256355
100023.316194
100025.376029
100026.778001
100026.761239
100026.566184
100027.011889
100026.954111
100026.251156
100026.66485
100027.615013
100028.642138
100029.599222
100030.373704
100030.803924
100031.003362
100031.365542
100031.985248
100032.767775
100033.787021
100027.73385
100019.959294
100021.205522
100021.674074
100021.010194
100020.866864
100020.730104
100019.327057
100017.214593
100015.690449
100016.225068
100017.613189
100018.777905
100019.622593
100020.184357
100020.742909
100021.623969
100022.719429
100023.798473
100025.157075
100015.562419
100008.31514
100010.344275
100011.215234
100011.1402
100010.942929
100009.852693
100007.617302
100004.563459
100002.427191
100003.260452
100004.648895
100005.57337
100006.226996
100006.684177
100007.132978
100007.762835
100008.495018
100009.283419
100010.531436
100237.86948
100238.467932
100239.040775
100239.684453
100240.286461
100240.609983
100240.803647
100241.047493
100241.286772
100241.185607
100239.360118
100239.772793
100240.615053
100240.144351
100240.249972
100240.805126
100230.602203
100232.483395
100233.122994
100233.437781
100233.84592
100234.496284
100235.049638
100235.709064
100236.087967
100236.156867
100236.217344
100236.357484
100236.092643
100233.742072
100231.756109
100233.775236
100234.176995
100233.521767
100233.792576
100234.51227
100228.040462
100229.093956
100229.355254
100229.55713
100229.92907
100230.790052
100231.610326
100232.195491
100232.212105
100231.988694
100231.742622
100230.061838
100226.256165
100223.912522
100225.07988
100227.014849
100226.771018
100225.764557
100226.05537
100227.046592
100224.99643
100225.431893
100225.535515
100225.722082
100226.456597
100227.918294
100229.062118
100229.29602
100228.95088
100228.159189
100223.079391
100218.356293
100216.329461
100216.247322
100217.519075
100217.816685
100216.954699
100215.705017
100215.509373
100216.621949
100220.910107
100221.268339
100221.564142
100222.148876
100224.372773
100226.562736
100227.312673
100226.92908
100225.43699
100216.505132
100210.245004
100209.283078
100209.019662
100209.271965
100208.384819
100206.659452
100205.51757
100204.215675
100203.347749
100204.052053
100215.098538
100215.774547
100216.083076
100217.863627
100222.354583
100224.347894
100223.39281
100220.051105
100209.129541
100203.03765
100203.289915
100203.085402
100202.074625
100199.68548
100196.465445
100194.302702
100192.993214
100191.511875
100190.299344
100190.435692
100200.148906
100200.762117
100201.520301
100204.73233
100211.35078
100212.537733
100206.572016
100195.409343
100191.779211
100193.53101
100192.849184
100190.483398
100187.309945
100184.001255
100181.18585
100179.464476
100178.239324
100176.650719
100175.342997
100175.090148
100159.554389
100155.916605
100153.49702
100153.065238
100158.722373
100159.29189
100154.809863
100156.972951
100162.538231
100165.041937
100164.838329
100163.676943
100162.668588
100161.854449
100161.347885
100161.143399
100160.644895
100159.434313
100158.184323
100157.668618
100106.693302
100103.825129
100101.462926
100097.984299
100095.156416
100096.610731
100103.708889
100111.962219
100118.23737
100123.114794
100127.85024
100131.356397
100133.984194
100136.218729
100138.35881
100140.338074
100141.353367
100140.965373
100139.941414
100139.31099
100094.049659
100094.094335
100094.112185
100094.100308
100094.068254
100094.04827
100094.044828
100095.254748
100097.5188
100100.279156
100104.162755
100108.724474
100112.5553
100115.823394
100118.802239
100121.615538
100123.807673
100124.300303
100123.700112
100123.067435
100093.272008
100093.317176
100093.34864
100093.35926
100093.358026
100093.34539
100093.325239
100093.29017
100093.632402
100094.54282
100096.127972
100098.636869
100101.430406
100104.018105
100106.428909
100108.691607
100110.777163
100111.743133
100111.55191
100111.004324
100092.493811
100092.542086
100092.578055
100092.600458
100092.611372
100092.612875
100092.605264
100092.590327
100092.659074
100093.054302
100093.820173
100095.058787
100096.635189
100098.234474
100099.779656
100101.248335
100102.648321
100103.57352
100103.604886
100103.124944
100091.767212
100091.821911
100091.865384
100091.899832
100091.925424
100091.944521
100091.957639
100091.964412
100092.025518
100092.288405
100092.766881
100093.489168
100094.401095
100095.35582
100096.292759
100097.177538
100098.002896
100098.629669
100098.732708
100098.303321
100091.126684
100091.184763
100091.236869
100091.279799
100091.31676
100091.346154
100091.368451
100091.380384
100091.461353
100091.660146
100092.004022
100092.495147
100093.087025
100093.705188
100094.322069
100094.897914
100095.37982
100095.726436
100095.856674
100095.478111
100090.572738
100090.635083
100090.689989
100090.741341
100090.786672
100090.828929
100090.86674
100090.902754
100091.002609
100091.153082
100091.420838
100091.790348
100092.225897
100092.688922
100093.174337
100093.620086
100093.899298
100094.163453
100094.303899
100094.029369
100090.099578
100090.159737
100090.217745
100090.269805
100090.319268
100090.362214
100090.39776
100090.444232
100090.517396
100090.663063
100090.87149
100091.163655
100091.517153
100091.92307
100092.381131
100092.795021
100092.971523
100093.362834
100093.497083
100093.306491
100089.694705
100089.757149
100089.813269
100089.866929
100089.921027
100089.951492
100089.994374
100090.030738
100090.039133
100090.063251
100090.138174
100090.295391
100090.524808
100090.851122
100091.275812
100091.400546
100091.824702
100092.140788
100092.212234
100092.121209
100089.338458
100089.400956
100089.448449
100089.475093
100089.460073
100089.401126
100089.352586
100089.261785
100089.090899
100088.874584
100088.687836
100088.51206
100088.381385
100088.362777
100088.326686
100088.094055
100088.86981
100089.074216
100089.063592
100089.064878
100087.794397
100087.816792
100087.818849
100087.872513
100087.993004
100088.14957
100088.069103
100087.812019
100087.413104
100086.937003
100086.346141
100085.614015
100084.736222
100083.697355
100081.525319
100082.135981
100082.034441
100082.676636
100083.309256
100083.528581
100083.837201
100084.390398
100084.895958
100085.324628
100085.63531
100085.78308
100085.741516
100085.498415
100085.133196
100084.714745
100084.239654
100083.652365
100082.840575
100081.613798
100081.352191
100081.496703
100080.950387
100081.271245
100081.783637
100081.94915
100077.28552
100078.054242
100078.925968
100079.772592
100080.613675
100081.360553
100081.741596
100081.826683
100081.864237
100081.945867
100082.011443
100081.943169
100081.621713
100080.622616
100080.934016
100080.944598
100080.029039
100080.550506
100080.955714
100081.082985
100070.42892
100071.15805
100072.078799
100073.030733
100074.005472
100075.252042
100076.476696
100077.383214
100078.148491
100078.852748
100079.463182
100079.880608
100080.008341
100079.717972
100080.58723
100080.593247
100079.970868
100080.293863
100080.620392
100080.727869
100064.883079
100065.679262
100066.665868
100067.678764
100068.608936
100069.967662
100071.940446
100073.66461
100075.078947
100076.329816
100077.469959
100078.478665
100079.280356
100079.935982
100080.312257
100080.326635
100079.630155
100080.229893
100080.52514
100080.613863
100060.388906
100061.305675
100062.391235
100063.567091
100064.577808
100065.756213
100068.339792
100070.986406
100072.920377
100074.543947
100076.041197
100077.489933
100078.916366
100079.931524
100080.065934
100079.444815
100079.522379
100080.523274
100080.747461
100080.775112
100057.612115
100058.506256
100059.541507
100060.795021
100062.052221
100063.094056
100065.144673
100068.546211
100071.275015
100073.332685
100075.126471
100076.855029
100078.572064
100079.773023
100079.809496
100078.561026
100080.306263
100081.586422
100081.793416
100081.89348
100055.809118
100056.690749
100057.713134
100059.051004
100060.654133
100062.215236
100064.02431
100067.104373
100070.533907
100073.275083
100075.603053
100077.795518
100079.753545
100080.825475
100080.164513
100080.397676
100083.374451
100084.75245
100085.065201
100085.349363
100054.094783
100055.103031
100056.301206
100057.902032
100059.969518
100062.247484
100064.720895
100067.908593
100071.639192
100075.183061
100078.421624
100081.47977
100083.834204
100084.439907
100084.093277
100087.639147
100091.317616
100092.766771
100093.135705
100093.361166
100052.554383
100053.811472
100055.382497
100057.452911
100060.101708
100063.15191
100066.428525
100070.248503
100074.606232
100079.104647
100083.567736
100087.971266
100091.346888
100092.029586
100093.729533
100100.678515
100105.23486
100107.094946
100107.628974
100107.82114
100051.429101
100053.099279
100055.157419
100057.688146
100060.746525
100064.302078
100068.299709
100072.80635
100077.924333
100083.576479
100089.680408
100096.183909
100102.49642
100106.240551
100109.016781
100118.341728
100125.170326
100127.625813
100127.973794
100128.833037
100051.00746
100053.059921
100055.350699
100057.879226
100060.748186
100064.023588
100067.83838
100072.324745
100077.513602
100083.478944
100090.340008
100098.16971
100106.944935
100115.893638
100119.894041
100124.767903
100139.072813
100142.785252
100142.462904
100143.615742
100051.35539
100053.319158
100055.157879
100057.013698
100058.989816
100061.161992
100063.639161
100066.367222
100069.378804
100072.843981
100076.763052
100080.943496
100085.170512
100084.96434
100077.921656
100073.230809
100069.958313
100077.671043
100085.267315
100089.081576
100051.469186
100052.719008
100053.790484
100054.801991
100055.939052
100056.997249
100057.754801
100058.116523
100058.326015
100058.399458
100057.715777
100055.722666
100036.487558
100018.920853
100024.591559
100024.607039
100024.507953
100024.603052
100028.658729
100031.52234
100049.690822
100050.422251
100051.255067
100052.242741
100053.231962
100053.790293
100053.644834
100052.753766
100051.709284
100050.214991
100048.27038
100040.188252
100011.792968
100022.90964
100022.945931
100022.962242
100022.967247
100022.749471
100023.321694
100023.86977
100046.130084
100047.240424
100048.651865
100050.1947
100051.626621
100052.589061
100052.737638
100051.999719
100050.601407
100048.892642
100046.067648
100025.357487
100015.583961
100021.360275
100021.326572
100021.309106
100021.319206
100020.390491
100020.82531
100021.33925
100041.607985
100043.307048
100045.42422
100047.841093
100050.298091
100052.704206
100054.768652
100056.21199
100057.736687
100058.883217
100048.428781
100012.279684
100017.110593
100019.062079
100019.048113
100019.043801
100019.026439
100017.583188
100018.471702
100019.186347
100035.294949
100037.231258
100039.439645
100041.714115
100044.278791
100046.949511
100049.276881
100051.034143
100048.690983
100023.40096
100008.966505
100015.619291
100016.038771
100016.418534
100016.402218
100016.360003
100014.986306
100010.630064
100009.746642
100010.66285
100026.812238
100028.107743
100028.141811
100026.899902
100021.087939
100012.170414
100006.21904
99997.8406866
99991.8207304
99999.9254289
100001.588555
100001.652471
100002.283453
100005.418361
100007.618354
100007.352387
100004.666966
100001.186095
100000.402468
100000.388841
100012.1068
100013.203845
100013.221623
100005.164865
99997.1337013
99998.2296789
99998.4726577
99999.560967
100000.393447
100000.420558
100000.460108
100000.474508
100000.488129
99999.8992638
99999.501401
99999.2428739
99999.9361004
100000.212596
100000.214385
100000.217977
)
;

boundaryField
{
    emptyPatch
    {
        type            empty;
    }
    minY
    {
        type            calculated;
        value           nonuniform List<scalar> 0();
    }
    maxY
    {
        type            calculated;
        value           nonuniform List<scalar> 
40
(
100000
100000
100000
100000
100000
100000
100000
100000
100000
100000
100000
100000
100000
100000
100000
100000
100000
100000
100000
100000
100000
100000
100000
100000
100000
100000
100000
100000
100000
100000
100000
100000
100000
100000
100000
100000
100000
100000
100000
99999.9978816
)
;
    }
    water_to_cooler
    {
        type            calculated;
        value           nonuniform List<scalar> 
38
(
100240.805126
100234.51227
100227.046592
100216.621949
100204.052053
100190.435692
100175.090148
100157.668618
100139.310989
100123.067435
100111.004323
100103.124943
100098.303319
100095.47811
100094.029368
100093.30649
100092.121209
100089.064878
100083.528581
100081.94915
100081.082985
100080.727869
100080.613863
100080.775112
100081.893479
100085.349325
100093.360599
100107.820067
100128.831732
100143.614881
100089.080731
100031.52135
100023.868594
100021.335363
100019.170528
100010.630111
100000.339163
100000.134041
)
;
    }
    water_to_heater
    {
        type            calculated;
        value           nonuniform List<scalar> 
59
(
100227.197781
100226.309588
100226.435063
100225.8487
100225.800267
100224.916732
100224.294414
100223.403863
100221.841778
100220.957353
100219.481344
100217.710045
100217.457619
100215.863498
100213.184464
100210.687653
100170.383885
100167.346679
100086.047188
100059.66982
100059.329855
100057.984453
100057.739039
100056.652001
100056.360312
100055.332867
100054.976263
100053.849615
100053.539754
100052.512269
100052.290634
100051.209224
100051.094497
100049.903151
100049.889769
100049.008206
100049.205715
100047.799318
100048.048919
100046.594684
100046.885384
100045.382202
100045.486798
100044.126909
100043.750609
100042.637653
100042.312346
100041.207084
100040.574496
100039.461477
100038.348702
100035.8831
100033.970572
100032.866429
100031.023565
100029.910464
100028.367432
100026.921528
100015.877375
)
;
    }
    procBoundary0to1
    {
        type            processor;
        value           nonuniform List<scalar> 
41
(
100227.352424
100227.352586
100227.355296
100227.359833
100227.366166
100227.37555
100227.388982
100227.407206
100227.430459
100227.458044
100227.474442
100227.489924
100227.661255
100228.000732
100228.574611
100229.437078
100230.576707
100231.803195
100233.056817
100234.3121
100242.11509
100242.690705
100243.432661
100244.096351
100244.828985
100245.351784
100245.720311
100246.062037
100246.427807
100246.651143
100246.278952
100245.925875
100246.908403
100246.49419
100246.478657
100246.964689
100234.46098
100235.488295
100236.830033
100237.395064
100237.395064
)
;
    }
}


// ************************************************************************* //
