/*--------------------------------*- C++ -*----------------------------------*\
| =========                 |                                                 |
| \\      /  F ield         | OpenFOAM: The Open Source CFD Toolbox           |
|  \\    /   O peration     | Version:  2312                                  |
|   \\  /    A nd           | Website:  www.openfoam.com                      |
|    \\/     M anipulation  |                                                 |
\*---------------------------------------------------------------------------*/
FoamFile
{
    version     2.0;
    format      ascii;
    arch        "LSB;label=32;scalar=64";
    class       volScalarField;
    location    "0.385/heater";
    object      T;
}
// * * * * * * * * * * * * * * * * * * * * * * * * * * * * * * * * * * * * * //

dimensions      [0 0 0 1 0 0 0];

internalField   nonuniform List<scalar> 
150
(
795.296036564
795.171088703
794.921824597
794.549573188
794.05654031
795.175547516
795.040206676
794.769064281
794.361123487
793.814698935
795.09575243
794.958531219
794.684012792
794.272077906
793.722645043
795.064075268
794.926853049
794.65240537
794.240749638
793.691968368
795.061471055
794.924905254
794.651815308
794.242310333
793.696722308
795.067124865
794.930960017
794.658640613
794.250141255
793.705651802
795.071441406
794.935378245
794.663236761
794.254875165
793.710043673
795.072660067
794.936637441
794.664588134
794.256335922
793.711211535
795.070226458
794.9341234
794.661955785
794.253619531
793.708418754
795.064742682
794.928402984
794.655797378
794.246953781
793.701419032
795.058057982
794.92143856
794.64828903
794.238764976
793.69274818
795.05166712
794.914811411
794.641192958
794.231069543
793.684639711
795.04590185
794.908815732
794.634713467
794.223917059
793.676990551
795.041096192
794.903814663
794.629281465
794.21778769
793.670190043
795.037585514
794.900148057
794.625261974
794.213114834
793.664797582
795.035678237
794.898158609
794.623078171
794.210469856
793.661503737
795.034973225
794.897417482
794.62225508
794.209332721
793.658959003
795.034754152
794.897134448
794.621863495
794.208765469
793.657414447
795.035048707
794.897362684
794.621982011
794.208773682
793.657256951
795.036174446
794.898478869
794.623099114
794.209925692
793.658478703
795.0376125
794.899919885
794.624572932
794.211492859
793.660158641
795.038559504
794.900805506
794.62535667
794.212188027
793.660825961
795.039146183
794.901317811
794.625735592
794.212434496
793.661012112
795.039959243
794.902120781
794.626538332
794.213313225
793.662056692
795.040916725
794.903088404
794.627537134
794.214463188
793.663560601
795.041574616
794.90372173
794.628084961
794.214904619
793.664101624
795.04223686
794.904396935
794.628723717
794.215442008
793.664787213
795.043207206
794.905487964
794.629989634
794.216914843
793.667087083
795.044576789
794.907144871
794.63209745
794.219426617
793.670656064
795.047247256
794.910501729
794.636581783
794.22487123
793.676117514
)
;

boundaryField
{
    emptyPatch
    {
        type            empty;
    }
    minY
    {
        type            zeroGradient;
    }
    maxY
    {
        type            zeroGradient;
    }
    minX
    {
        type            zeroGradient;
    }
    heater_to_water
    {
        type            compressible::turbulentTemperatureTwoPhaseRadCoupledMixed;
        refValue        nonuniform List<scalar> 
60
(
304.846187541
325.742312049
325.744734349
326.773807245
326.774806321
326.510326206
326.510700909
325.081276369
322.735305652
320.942645951
320.942639422
320.698008884
320.698038639
321.212931974
321.212987103
322.565481105
322.742873072
322.978119116
322.97824511
322.880373273
322.880514024
323.079286777
323.079422855
322.932174802
323.025312168
322.871678741
322.871803083
322.79145335
322.791564988
322.283345641
322.283438415
321.034601951
321.080887428
323.702575566
323.702653253
326.995031498
326.995096934
327.571505007
327.5715576
327.560405661
327.881723895
327.671747033
327.671805874
327.893252726
327.893315975
327.629295094
327.629349975
327.798850276
327.532248167
327.678617218
327.678676703
327.410473838
327.410532164
327.378741547
327.378783497
325.909458061
322.672195806
320.437128793
320.437149879
320.360928438
)
;
        refGradient     uniform 0;
        valueFraction   nonuniform List<scalar> 
60
(
0.000603820711058
0.000735010906945
0.000734941622954
0.000735234558802
0.000735207031849
0.000735240306677
0.000735229864214
0.000731493253352
0.000723327264813
0.000716396059936
0.000716396285508
0.000716433113898
0.00071643207255
0.000719058801753
0.000719056911071
0.000725931687302
0.000726043277206
0.000727135971934
0.000727131932898
0.000726106739555
0.000726102211427
0.000727246302467
0.000727241953889
0.000726061367218
0.000726832570048
0.000726055383195
0.000726051375078
0.000726141582749
0.000726137969249
0.000724460286006
0.000724457218796
0.000718894216263
0.000719459756609
0.000730290532803
0.000730288095024
0.000740730426373
0.000740728600516
0.000741359887562
0.000741358449342
0.000740845118962
0.000741809381015
0.00074091795572
0.000740916352496
0.000741778784283
0.00074177707273
0.000740907312264
0.000740905814401
0.000741686720323
0.00074078615649
0.000741466885582
0.000741465263532
0.00074066698693
0.000740665382172
0.000740810031222
0.000740808875216
0.000737534248197
0.00072656836598
0.000717203622694
0.000717202862689
0.00071832369496
)
;
        source          uniform 0;
        value           nonuniform List<scalar> 
60
(
793.762511011
793.713690109
793.472073651
793.472693146
793.380735411
793.380525417
793.349888302
793.350588368
793.357465198
793.359445284
793.368353691
793.368161019
793.372559266
793.371687026
793.372897385
793.370630874
793.36792493
793.367581363
793.360585875
793.360997393
793.352328319
793.351934222
793.343825199
793.34427388
793.336332631
793.33658687
793.329782416
793.329681601
793.324282805
793.324704599
793.321376393
793.323100897
793.320320194
793.317116386
793.315637624
793.31316895
793.313039908
793.313172636
793.31439052
793.314621516
793.316093557
793.316353189
793.317017844
793.316780224
793.316965987
793.317175479
793.318224213
793.317986
793.319712641
793.319503858
793.320047678
793.320221015
793.320906515
793.32081552
793.323116472
793.323559719
793.329842734
793.332650529
793.338064116
793.337478942
)
;
        kappaMethod     solidThermo;
        Tnbr            T.liquid;
        region          solid;
        otherPhase      gas;
    }
    procBoundary2to3
    {
        type            processor;
        value           nonuniform List<scalar> 5(795.051986127 794.91649072 794.644695216 794.235063932 793.686572373);
    }
}


// ************************************************************************* //
