/*--------------------------------*- C++ -*----------------------------------*\
| =========                 |                                                 |
| \\      /  F ield         | OpenFOAM: The Open Source CFD Toolbox           |
|  \\    /   O peration     | Version:  2312                                  |
|   \\  /    A nd           | Website:  www.openfoam.com                      |
|    \\/     M anipulation  |                                                 |
\*---------------------------------------------------------------------------*/
FoamFile
{
    version     2.0;
    format      ascii;
    arch        "LSB;label=32;scalar=64";
    class       volScalarField;
    location    "0.545/water";
    object      p_rgh;
}
// * * * * * * * * * * * * * * * * * * * * * * * * * * * * * * * * * * * * * //

dimensions      [1 -1 -2 0 0 0 0];

internalField   nonuniform List<scalar> 
1497
(
101171.039733
101188.578299
101187.50227
101186.53264
101186.610146
101183.754391
101176.677215
101106.17686
101060.038444
101088.985587
101134.47055
101172.265111
101192.9828
100847.423664
100893.871548
100872.855616
100873.387699
100916.233267
101003.41497
101090.880964
101155.126789
101178.300998
101177.542874
101177.718464
101169.979461
101115.520483
101027.428946
100975.435182
101005.778311
101062.421408
101108.301654
101145.89327
101178.74135
100794.678624
100795.748618
100780.29006
100783.360677
100824.397917
100908.690163
101004.699752
101082.725222
101124.420061
101128.859044
101105.864084
101018.76103
100892.090775
100823.05832
100852.298054
100928.265756
101002.848801
101060.528285
101109.202609
101154.177003
100706.498763
100692.547437
100694.676631
100699.485971
100719.939656
100766.774136
100837.640083
100920.02284
100981.988305
100984.889325
100937.357614
100833.315569
100765.156708
100759.105229
100769.560184
100834.530062
100921.289579
101008.334678
101079.201613
101133.617334
100641.942891
100654.748927
100659.78522
100660.234818
100664.629097
100679.153453
100711.226802
100773.79027
100842.82346
100865.622138
100837.986922
100778.60687
100762.858825
100764.212955
100764.070782
100789.818194
100871.565763
100979.20108
101070.235555
101132.785868
100643.668418
100653.708599
100653.900875
100654.074419
100654.261482
100657.297302
100675.625678
100730.173814
100803.825728
100843.296796
100829.206773
100781.153355
100767.883115
100767.301935
100768.67344
100788.092821
100868.317492
100980.712513
101077.121355
101141.645758
100644.329958
100657.069169
100656.830144
100657.037457
100656.925
100657.271713
100675.556965
100732.60336
100808.299925
100849.458463
100836.62998
100789.859335
100771.046948
100771.990479
100772.105481
100795.038166
100879.270272
100994.10109
101092.778414
101158.003081
100648.462123
100665.777686
100659.795594
100659.710445
100660.056761
100660.201885
100684.342111
100749.586095
100828.694366
100869.426072
100857.649825
100809.821747
100775.410383
100775.550119
100776.54088
100816.731278
100913.167703
101030.629707
101127.073516
101185.864886
100649.749875
100684.497786
100665.711482
100662.821197
100662.969899
100669.199521
100714.087586
100796.770373
100878.365619
100912.260659
100897.744166
100841.565277
100788.981138
100783.931264
100799.821487
100868.22665
100979.418338
101095.281717
101177.568625
101218.930941
100654.355284
100715.232145
100676.158335
100669.390448
100671.494543
100699.402712
100773.871546
100871.806254
100950.478704
100971.595695
100951.229303
100884.486684
100824.551316
100820.821044
100858.638804
100951.647497
101071.034671
101173.609966
101225.554755
101243.250888
100656.350223
100742.847162
100694.320661
100690.890818
100702.685945
100760.159399
100857.368399
100959.539871
101029.453089
101038.04744
101012.146576
100942.846347
100891.046425
100897.39005
100952.824774
101056.973437
101168.384125
101233.144039
101247.620514
101251.813455
100661.6692
100763.767357
100726.135567
100730.760472
100762.17421
100844.772379
100950.721905
101048.48599
101109.963634
101110.757418
101080.639784
101019.470607
100987.811009
101003.989308
101067.344708
101163.558173
101236.393598
101251.929857
101252.796622
101255.875168
100687.5702
100793.773437
100770.542322
100783.757253
100837.706019
100937.493453
101043.256926
101134.003793
101188.101107
101185.493615
101154.849043
101109.698624
101099.332788
101119.243331
101175.292942
101236.340454
101255.083738
101254.606854
101254.795523
101257.592174
100736.577291
100832.199044
100812.572133
100832.779737
100907.873131
101023.261928
101127.413337
101203.594109
101222.530211
101221.382704
101212.050238
101191.925178
101187.89837
101203.211669
101236.578125
101255.794674
101255.793365
101255.211068
101254.934831
101257.090563
100789.997439
100843.077068
100829.870936
100850.514599
100943.590299
101076.807269
101178.254612
101221.014044
101219.567604
101219.210818
101218.059875
101217.889679
101216.905308
101225.795975
101246.251208
101255.496224
101254.749358
101254.355919
101254.142341
101253.453227
100817.668955
100827.750948
100814.135085
100834.294428
100933.060693
101073.446219
101175.938243
101214.187484
101214.506604
101213.384138
101213.938255
101212.828492
101211.981693
101221.689643
101242.966379
101253.783738
101253.631724
101253.540313
101252.65443
101245.068751
100788.808438
100783.313235
100763.334142
100786.696388
100882.139477
101020.488192
101128.266342
101180.953527
101193.951301
101197.424334
101194.289
101188.311767
101188.335512
101208.635847
101235.027995
101251.450568
101254.641524
101254.825595
101250.777434
101232.042757
100710.461384
100686.527921
100687.560987
100708.773824
100769.629868
100867.041573
100961.831976
101029.211738
101070.028598
101089.273306
101096.367679
101104.530889
101131.293021
101172.856418
101216.251987
101246.955585
101258.071069
101258.279396
101249.239853
101218.293602
100614.885322
100621.868142
100641.602099
100651.638519
100668.920868
100701.997177
100745.999626
100794.405587
100842.884798
100884.600171
100923.100798
100969.94369
101032.148692
101104.590948
101180.132452
101239.958901
101263.207338
101263.628212
101249.745378
101207.667848
100570.733173
100621.91784
100637.630482
100635.672106
100635.974191
100640.556536
100652.581674
100674.893433
100706.08882
100746.402163
100798.241616
100864.357011
100945.259805
101039.596288
101142.379012
101232.43589
101270.259299
101271.010284
101252.198325
101198.42406
100573.313828
100659.928504
100647.362
100638.393362
100638.400488
100638.766238
100650.072155
100669.707212
100695.586233
100731.076038
100780.510693
100846.291082
100929.077291
101028.096923
101138.27608
101237.467651
101278.526011
101278.038686
101251.298474
101182.569153
100575.241955
100731.652665
100666.924645
100645.458806
100643.504215
100650.009043
100668.53856
100690.86914
100715.654766
100748.960113
100796.535399
100861.389413
100944.303566
101044.463994
101156.464936
101255.701409
101285.047915
101281.53293
101231.576116
101151.691425
100578.017499
100759.403345
100694.100044
100671.084809
100668.406017
100689.590774
100726.616382
100758.324645
100784.859367
100816.547982
100861.763685
100925.093195
101007.876472
101108.66267
101216.373993
101284.190209
101289.440665
101263.155119
101164.467346
101123.689053
100579.176092
100766.695451
100727.18996
100718.449383
100721.126841
100759.031311
100819.200148
100870.548608
100911.134981
100951.887159
101002.080842
101066.402981
101145.300602
101228.991004
101280.577348
101286.913558
101270.057121
101170.522321
101099.324362
101111.923224
100600.601957
100784.271015
100768.066846
100774.841677
100786.152023
100834.804516
100913.85349
100993.337972
101064.358015
101127.92241
101186.060241
101236.52513
101273.10964
101283.35182
101280.298097
101255.706521
101149.739857
101081.283347
101084.285598
101129.330324
100661.072775
100832.803789
100818.391552
100827.725704
100844.354423
100900.372432
100992.171593
101095.2111
101190.782136
101256.657542
101281.675381
101284.081546
101280.451219
101272.071292
101220.125282
101110.863808
101072.026067
101071.129061
101109.631645
101202.144251
100746.954116
100881.851466
100863.846028
100867.106907
100892.847354
100963.999263
101063.563253
101166.304384
101236.449616
101270.293258
101276.865251
101266.925613
101234.566882
101161.907236
101079.004522
101071.396933
101070.004797
101108.437773
101203.253145
101281.020658
100825.881011
100876.442397
100877.804961
100878.106204
100932.717183
101029.926183
101124.608144
101189.247152
101225.761505
101232.544163
101208.734733
101156.448585
101096.072029
101067.999292
101066.779747
101077.792971
101124.944632
101219.347357
101288.896477
101281.102137
100844.411849
100852.8084
100837.890136
100846.21158
100930.177747
101046.399827
101129.793913
101170.468535
101169.02183
101125.727068
101087.500174
101066.027592
101065.517736
101071.877195
101100.375046
101162.790879
101247.227596
101296.869079
101290.460866
101256.973827
100744.348543
100704.400768
100706.581632
100740.979527
100854.102926
100977.713118
101069.832023
101107.489825
101098.760623
101077.962371
101071.162779
101069.984407
101089.445641
101140.36446
101213.241924
101277.420787
101302.282825
101298.992898
101281.179538
101043.663578
100551.828556
100513.89889
100536.643954
100573.089076
100657.518337
100753.219314
100860.2123
100964.567562
101037.95645
101080.184006
101105.785023
101138.674515
101190.714402
101256.253353
101295.16409
101302.683594
101301.693853
101299.228378
101163.39322
100791.257716
100414.580359
100426.469532
100441.1439
100453.922965
100478.377893
100514.262459
100581.363616
100719.572287
100922.110541
101067.494116
101153.852205
101230.618987
101281.920611
101298.731465
101301.338916
101303.172987
101303.893862
101275.329195
100977.722134
100725.902898
100405.766796
100412.940007
100413.915689
100413.631409
100415.051039
100421.996515
100444.121803
100517.738297
100717.304495
100987.668519
101140.523751
101239.872664
101297.881224
101301.89294
101305.05506
101307.421884
101310.115491
101211.48193
100860.1082
100734.270631
100404.526117
100412.055583
100412.248313
100411.985804
100412.431643
100412.170036
100415.406455
100446.831977
100560.236072
100824.613396
101066.213368
101215.904394
101297.562296
101308.292967
101311.058873
101314.858508
101316.847883
101154.691392
100816.626189
100750.013161
100408.823482
100414.811866
100413.845376
100414.125903
100413.814461
100414.344739
100414.070582
100434.207053
100512.566008
100695.381919
100943.991734
101143.948992
101275.278633
101315.212516
101318.849466
101321.269978
101324.702676
101147.885913
100818.893848
100764.11755
100407.898842
100424.073115
100418.098397
100415.734989
100416.074369
100415.609316
100416.248448
100434.177463
100506.940469
100651.587295
100855.96748
101061.545717
101229.407836
101323.292089
101325.593794
101329.416384
101331.179652
101163.864693
100827.991813
100773.96743
100412.246136
100444.566151
100433.34631
100420.063212
100417.688899
100418.028077
100417.958085
100438.913147
100511.698245
100648.362247
100826.785574
101016.421068
101191.648615
101322.191329
101333.710668
101335.410274
101338.177136
101186.925605
100844.897767
100784.959706
100412.630771
100478.061543
100462.854626
100436.513643
100421.240252
100420.148189
100424.933946
100456.78735
100530.586886
100658.126599
100829.129706
101010.827471
101184.886054
101320.370947
101341.206084
101343.529341
101343.978432
101199.674633
100867.078286
100805.286128
101195.102513
101190.223422
101150.388567
101080.21101
101028.897812
101004.219845
100982.611841
100959.919389
100970.905554
100993.002956
100972.045497
100887.850226
100849.028733
100849.245057
100843.853013
100820.990915
100819.184721
100820.367018
100820.137741
101311.135907
101195.71127
101200.498938
101193.385047
101164.309196
101124.107568
101084.194129
101023.117719
100953.620846
100917.252012
100905.312797
100882.12005
100863.156211
100863.295021
100883.954589
100921.82637
100941.75326
100886.423523
100823.05003
100823.871701
101330.410745
101189.062928
101203.785879
101207.133859
101206.242482
101200.523198
101179.45747
101107.486267
100985.419499
100906.052607
100881.383971
100870.618105
100868.308089
100875.698921
100907.343397
100966.343398
101026.580922
101034.87075
100908.055282
100826.524129
101358.961334
101178.660776
101207.374522
101212.859193
101214.348369
101215.69328
101216.998068
101186.27165
101049.918464
100910.770935
100870.975678
100871.401807
100871.666805
100887.633916
100935.454113
101005.281666
101085.419493
101138.899867
101021.361164
100866.048747
101385.668153
101179.298487
101213.56079
101220.06038
101221.378605
101222.889685
101223.791136
101225.099121
101106.653822
100917.573235
100873.498673
100873.940152
100874.87306
100905.263743
100978.213688
101063.547339
101150.299157
101211.049928
101095.146559
100976.961251
101410.134815
101188.264405
101222.578784
101228.053493
101229.370613
101230.248598
101231.880865
101231.650323
101137.506337
100919.983376
100876.087294
100876.511042
100881.625779
100935.715891
101037.950177
101137.627042
101224.526208
101275.211119
101156.967467
101111.411514
101431.191673
101202.592121
101233.661491
101236.327433
101237.089056
101238.320919
101238.526975
101239.770864
101137.015906
100912.425341
100878.624381
100878.981369
100895.016348
100982.556722
101111.584256
101216.900839
101300.894984
101336.129322
101224.589357
101217.39093
101445.682919
101223.249535
101243.770107
101244.260029
101245.041254
101245.169502
101246.351003
101245.185429
101110.753054
100896.865703
100880.919001
100881.199781
100918.749325
101047.051962
101192.735672
101293.059429
101371.654232
101387.144418
101285.461991
101291.257202
101454.264104
101243.646703
101251.634132
101251.909845
101251.875606
101252.487223
101251.898955
101242.779788
101044.553817
100884.171915
100882.909043
100887.639557
100962.217864
101130.088734
101275.373476
101363.61953
101425.930519
101426.324389
101332.116796
101343.184296
101462.555613
101254.489656
101258.689175
101258.445337
101258.586666
101257.92992
101258.315078
101192.973809
100964.908148
100884.432432
100884.607981
100908.399098
101037.379575
101227.44912
101354.218213
101426.118419
101459.026787
101452.791849
101363.359113
101379.360915
101470.35379
101260.052413
101264.667639
101264.399406
101263.729494
101263.686035
101253.069287
101102.471454
100920.849861
100886.812668
100894.94929
100960.627027
101146.566457
101326.778743
101424.514136
101470.182821
101476.324842
101466.537566
101381.60018
101400.808219
101477.824104
101263.592952
101269.582328
101268.976999
101268.669908
101264.592744
101200.546056
101038.324862
100926.02197
100904.381263
100935.770429
101061.521024
101275.975968
101416.074112
101476.414892
101488.749314
101487.366218
101474.584556
101394.187965
101407.519773
101484.797706
101264.36601
101270.757094
101270.896553
101266.817575
101237.849329
101144.90246
101038.435109
100963.426345
100952.798887
101024.180619
101205.264902
101399.755335
101480.903754
101497.658236
101497.331905
101494.815646
101481.792029
101407.094956
101394.496498
101491.25969
101260.365543
101263.220332
101260.657254
101246.317495
101198.568923
101134.837639
101063.870145
101021.48052
101032.486881
101157.137882
101354.646871
101483.306868
101504.206761
101504.398433
101503.800295
101501.358352
101490.07186
101423.274221
101344.925427
101497.165888
101248.484308
101243.913273
101236.064462
101215.714064
101182.015476
101140.999657
101094.914377
101066.073897
101127.939282
101305.704155
101461.909417
101509.325624
101509.816633
101509.863778
101509.537338
101507.505848
101499.006689
101427.360819
101337.504008
101495.029005
101227.27323
101216.403731
101208.68292
101198.087218
101181.58496
101151.333333
101109.104724
101097.604062
101224.812867
101422.057091
101508.260996
101514.551958
101514.772378
101514.832228
101514.911864
101513.364687
101506.407886
101397.458329
101340.08641
101477.10559
101203.080339
101194.19077
101194.843394
101195.733716
101183.715118
101156.327571
101115.310256
101133.141517
101314.26271
101483.255773
101519.080748
101519.50588
101519.778541
101520.072856
101520.109223
101519.585978
101507.145039
101356.589984
101343.851103
101469.829765
101185.531314
101184.014873
101192.672558
101197.269453
101189.171183
101161.174826
101123.536625
101180.27295
101389.12992
101510.824143
101524.551657
101525.03228
101525.549955
101525.73711
101526.04752
101525.644982
101470.068355
101347.013162
101346.795434
101489.478584
101175.752459
101180.472059
101194.61307
101203.952974
101198.781241
101171.614423
101141.305497
101235.049896
101444.146362
101525.922284
101530.960744
101531.656863
101532.045618
101532.527805
101532.629979
101522.267878
101370.038492
101350.416309
101383.979315
101529.946074
101169.424413
101180.601636
101202.895158
101218.29296
101214.370772
101191.935129
101173.327032
101285.660294
101477.113798
101536.558139
101538.734667
101539.396567
101540.07295
101540.432061
101537.686407
101408.787958
101359.394226
101368.898394
101481.280976
101546.115666
101162.715992
101183.892081
101220.192028
101239.778005
101237.130916
101223.486039
101217.870182
101322.263184
101490.360983
101545.873141
101547.655159
101548.504327
101548.981873
101547.608107
101417.329075
101360.142211
101364.656726
101455.186566
101540.838737
101553.517516
101154.04042
101194.074285
101244.61895
101265.711428
101266.158276
101263.297677
101262.866781
101334.829734
101495.714643
101555.821411
101558.138325
101558.736629
101557.421845
101377.297675
101359.557049
101365.386111
101452.811156
101511.464226
101545.160965
101558.59119
101151.647229
101214.332858
101271.751648
101289.113226
101293.470537
101292.299551
101273.353664
101317.718032
101473.660579
101559.472738
101566.901079
101551.938789
101309.169493
101281.546003
101360.31645
101483.934541
101513.312126
101498.128475
101525.132524
101555.62414
101166.898052
101247.197879
101289.702402
101290.793116
101292.213663
101261.323585
101187.075503
101145.878393
101278.906541
101459.065193
101434.144573
101217.186601
100970.717028
101269.453454
101480.090059
101534.905982
101509.502939
101460.256817
101474.157663
101539.643325
101217.499992
101279.993267
101275.678437
101268.049612
101163.190791
100961.626969
100808.419136
100740.628784
100800.191761
100955.797267
100883.80507
100779.395679
100929.842825
101293.113422
101473.043679
101516.84069
101511.067855
101423.789619
101406.518251
101516.346109
101276.67656
101270.833822
101242.450195
101008.467623
100686.587081
100538.396761
100500.074682
100496.54872
100510.392571
100544.680132
100547.827282
100641.614564
100923.516428
101273.70908
101448.122584
101505.717002
101516.735778
101415.103302
101350.872837
101501.31714
101273.113783
101229.342751
100898.156722
100546.915366
100483.238806
100479.947063
100483.34948
100480.640087
100483.406497
100483.26343
100515.955117
100676.45349
101001.866352
101304.346727
101457.826993
101510.607802
101521.755079
101420.58691
101316.105576
101498.786743
101236.144389
100887.167361
100512.093641
100485.4803
100481.339677
100485.553936
100481.588975
100485.62196
100484.665004
100490.693441
100559.81166
100789.016652
101110.004363
101363.315177
101485.743467
101524.764217
101531.146644
101424.921686
101261.628933
101502.008338
100944.635842
100568.731672
100487.697164
100483.929345
100487.763573
100483.310166
100487.829073
100486.402558
100493.594578
100539.420424
100667.273958
100921.465653
101219.756508
101426.799469
101516.800477
101540.123931
101542.553413
101443.940808
101141.280555
101509.198146
100668.300502
100514.487553
100487.67818
100490.004348
100486.053246
100490.05163
100487.893115
100496.721971
100550.041194
100639.101643
100802.86372
101066.633952
101332.225111
101488.848715
101544.731498
101554.14696
101554.65305
101471.682313
100996.166273
101520.543278
100632.977489
100516.626955
100492.253809
100489.517044
100492.285185
100489.902193
100492.343463
100555.547879
100657.389401
100765.23384
100960.339453
101224.808294
101440.097877
101540.913191
101565.153007
101567.043466
101567.155864
101472.536008
100913.39361
101535.67589
100647.080129
100531.043605
100493.928046
100494.541126
100492.724797
100494.573784
100527.758029
100663.37862
100776.880374
100917.859368
101143.591032
101382.2381
101528.792064
101574.24833
101579.4467
101579.609472
101579.594182
101366.382438
100918.277204
101551.484326
100684.261517
100572.65932
100503.247882
100496.3088
100496.858472
100505.404314
100614.342009
100772.678801
100908.221336
101099.885613
101336.65328
101514.751587
101582.045934
101591.534439
101591.789384
101591.709064
101590.42696
101155.777083
100923.127984
101565.362948
100731.967265
100643.017811
100553.171616
100521.246975
100520.734095
100561.282309
100714.201957
100877.101844
101065.237667
101301.146215
101504.529444
101590.419213
101603.346298
101603.663644
101603.469105
101603.171744
101583.340612
100958.810837
100929.119091
101579.616115
100767.118476
100720.787227
100644.218318
100602.144648
100601.910391
100663.726502
100805.05683
101004.156134
101253.883602
101489.689054
101598.809587
101614.6239
101614.869757
101614.59293
101614.273481
101613.799292
101460.201148
100933.055794
100941.174321
101597.236029
100784.544187
100774.665733
100732.92108
100705.318441
100709.748525
100765.875689
100885.479386
101171.149674
101452.93983
101602.694689
101624.323242
101624.538267
101624.188158
101623.802823
101623.330281
101620.952731
101164.475717
100934.535626
101084.143695
101616.171287
100795.241421
100797.087001
100780.811111
100769.580388
100775.65806
100818.090848
100966.75773
101364.224205
101592.847605
101631.808576
101632.405232
101632.206093
101631.951281
101631.561437
101630.973566
101591.485779
100944.242315
100937.745699
101246.90808
101627.438935
100807.725396
100805.948242
100792.818105
100781.889473
)
;

boundaryField
{
    emptyPatch
    {
        type            empty;
    }
    minY
    {
        type            zeroGradient;
    }
    maxY
    {
        type            prghTotalPressure;
        U               U.gas;
        p0              nonuniform List<scalar> 0();
        value           nonuniform List<scalar> 0();
    }
    maxX
    {
        type            fixedFluxPressure;
        gradient        uniform 0;
        value           nonuniform List<scalar> 
37
(
101311.135907
101330.410745
101358.961334
101385.668153
101410.134815
101431.191673
101445.682919
101454.264104
101462.555613
101470.35379
101477.824104
101484.797706
101491.25969
101497.165888
101495.029005
101477.10559
101469.829765
101489.478584
101529.946074
101546.115666
101553.517516
101558.59119
101555.62414
101539.643325
101516.346109
101501.31714
101498.786743
101502.008338
101509.198146
101520.543278
101535.67589
101551.484326
101565.362948
101579.616115
101597.236029
101616.171287
101627.438935
)
;
    }
    water_to_heater
    {
        type            fixedFluxPressure;
        gradient        uniform 0;
        value           nonuniform List<scalar> 
60
(
100847.423664
100847.423664
100794.678624
100794.678624
100706.498763
100706.498763
100641.942891
100643.668418
100644.329958
100644.329958
100648.462123
100648.462123
100649.749875
100649.749875
100654.355284
100656.350223
100661.6692
100661.6692
100687.5702
100687.5702
100736.577291
100736.577291
100789.997439
100817.668955
100788.808438
100788.808438
100710.461384
100710.461384
100614.885322
100614.885322
100570.733173
100573.313828
100575.241955
100575.241955
100578.017499
100578.017499
100579.176092
100579.176092
100600.601957
100661.072775
100746.954116
100746.954116
100825.881011
100825.881011
100844.411849
100844.411849
100744.348543
100551.828556
100414.580359
100414.580359
100405.766796
100405.766796
100404.526117
100404.526117
100408.823482
100407.898842
100412.246136
100412.246136
100412.630771
100412.630771
)
;
    }
    procBoundary1to0
    {
        type            processor;
        value           nonuniform List<scalar> 
41
(
100415.944128
100522.887758
100503.425459
100468.837291
100438.314326
100435.194511
100450.009087
100497.325601
100576.15005
100692.771309
100847.908508
101023.120359
101196.102672
101329.962141
101349.511503
101349.965378
101351.234735
101195.824432
100894.628087
100841.893149
100783.109417
100822.200883
101063.781679
101524.533637
101636.263245
101638.967584
101638.947692
101638.967916
101638.905027
101638.655158
101637.473289
101428.54879
100938.354503
100947.253938
101353.175302
101634.610718
100829.731391
100815.397681
100796.596262
100783.109417
100781.792872
)
;
    }
    procBoundary1to3
    {
        type            processor;
        value           nonuniform List<scalar> 
41
(
101134.383308
101185.445458
101193.135695
101191.124004
101189.126538
101188.31291
101185.398674
101181.794855
101117.020469
101104.859775
101140.559042
101181.834753
101196.481881
100843.992182
100920.589418
100915.562545
100915.38009
100952.322983
101031.208739
101110.54751
101110.54751
101192.985627
101161.097674
101082.553289
101007.401196
100980.369006
100978.84319
100984.128552
101014.343
101064.184644
101124.465683
101177.961351
101128.700579
100889.464665
100816.392322
100818.168779
100816.034718
100817.689156
100816.383046
100817.278744
101311.646342
)
;
    }
}


// ************************************************************************* //
