/*--------------------------------*- C++ -*----------------------------------*\
| =========                 |                                                 |
| \\      /  F ield         | OpenFOAM: The Open Source CFD Toolbox           |
|  \\    /   O peration     | Version:  2312                                  |
|   \\  /    A nd           | Website:  www.openfoam.com                      |
|    \\/     M anipulation  |                                                 |
\*---------------------------------------------------------------------------*/
FoamFile
{
    version     2.0;
    format      ascii;
    arch        "LSB;label=32;scalar=64";
    class       volScalarField;
    location    "0.595/water";
    object      Ct2;
}
// * * * * * * * * * * * * * * * * * * * * * * * * * * * * * * * * * * * * * //

dimensions      [0 0 0 0 0 0 0];

internalField   nonuniform List<scalar> 
6000
(
1
1.00000188391
1.44308718188
2.84883326528
6.62483739743
8.52145091411
8.91058378207
8.9645611525
8.96935164365
8.9684313262
8.96836548593
8.96847629206
8.96869143976
8.96892972174
8.9691637857
8.96938279086
8.9695841439
8.96976849865
8.96993700852
8.97008956321
1
1
1.00000022836
1.41111970294
2.08454781344
4.8163486429
7.6156204986
8.70568863645
8.94325717927
8.96350205617
8.95950102365
8.95664306122
8.95510941289
8.95433707332
8.95394817766
8.95374037751
8.95361579
8.95352999499
8.95346381481
8.95340960823
1
1
1
1.05508738957
1.45376204646
2.39496149868
5.22050569259
7.81818259692
8.7878016417
8.95994992154
8.96530645765
8.96171571769
8.95936218541
8.95806879026
8.95742731977
8.95713250692
8.95700597857
8.95695606574
8.95693942403
8.95693665287
1
1
1
1
1.26344784516
1.53805660988
2.91467504345
6.07473219359
8.29885852941
8.90768121034
8.96718278367
8.96405294524
8.96079402912
8.95868524107
8.95748802472
8.95686452367
8.95655789482
8.95641187323
8.9563428001
8.95630966519
1
1
1
1
1.00000041784
1.36425353574
1.679196127
3.71132308283
7.13748540961
8.71409143415
8.96069081888
8.96631547305
8.96271843509
8.96003576511
8.95833676902
8.95736813056
8.9568549253
8.95659568915
8.95646773213
8.95640485365
1
1
1
1
1
1.00022743425
1.40006896358
1.93791912192
4.91098864776
8.12038451908
8.91720238254
8.96769076196
8.96437474
8.96130012562
8.95916293736
8.95784516831
8.95710001822
8.95670403318
8.95650180363
8.95640085737
1
1
1
1
1
1
1.01182656086
1.42709988592
2.51520828131
6.52937779568
8.73199544432
8.96507255569
8.96579402397
8.96248992314
8.96000567917
8.95837076596
8.95739417392
8.95685266896
8.95656878609
8.95642632748
1
1
1
1
1
1
1
1.14513872578
1.52814320989
3.83754492005
8.04094285922
8.93846532252
8.96696084104
8.96358402816
8.96082574018
8.95891037636
8.95771156356
8.95702068539
8.95664851847
8.95646037032
1
1
1
1
1
1
1
1.00000010621
1.36147909108
1.92679033498
6.0884490809
8.78382142051
8.96672777812
8.96465299176
8.96165955389
8.95948951161
8.95807640431
8.95723233723
8.956763733
8.95652169488
1
1
1
1
1
1
1
1
1.00275707447
1.42770831958
3.19775519362
8.03426693646
8.94932870777
8.96582579309
8.962586308
8.9601582091
8.9585265909
8.9575176782
8.95693743853
8.95662751341
1
1
1
1
1
1
1
1
1
1.14997485297
1.64573800765
5.59898784008
8.78172935663
8.96612823172
8.96368780942
8.96096222353
8.95908906097
8.95789544263
8.95718368852
8.95678791345
1
1
1
1
1
1
1
1
1
1.00000001915
1.38146566473
2.46057107805
7.6950148043
8.94251198464
8.96500312061
8.96191076586
8.95975797006
8.95835551469
8.95749246848
8.95699392619
1
1
1
1
1
1
1
1
1
1
1.00091967896
1.451402051
4.44150985459
8.68073719561
8.9646997406
8.96297796993
8.96049746397
8.95886152945
8.95783138986
8.95721871602
1
1
1
1
1
1
1
1
1
1
1
1.14014794659
1.883081414
7.22231197732
8.93560357778
8.96411433753
8.96128429057
8.9593822766
8.95816709955
8.95743203988
1
1
1
1
1
1
1
1
1
1
1
1.00000000417
1.4126514355
4.133024156
8.7161619995
8.96428809348
8.96212341239
8.95990642989
8.95847806005
8.95761078948
1
1
1
1
1
1
1
1
1
1
1
1
1.13083504136
2.09005095002
7.89680464109
8.95656246278
8.96302021951
8.96043589474
8.95875451174
8.95774213345
1
1
1
1
1
1
1
1
1
1
1
1
1.0001481479
1.52414247496
6.35951339588
8.922065843
8.9639605492
8.96099811733
8.95900951643
8.95783248584
1
1
1
1
1
1
1
1
1
1
1
1
1.00000000024
1.41612712466
4.71480388644
8.83654861155
8.96488791705
8.96166329724
8.95929463856
8.95791871246
1
1
1
1
1
1
1
1
1
1
1
1
1
1.36283184789
3.32638209397
8.6447021919
8.96534179706
8.96253080371
8.95969252114
8.95806408769
1
1
1
1
1
1
1
1
1
1
1
1
1
1.09229027614
2.14537085827
8.06939377773
8.9611275358
8.96368586477
8.96028996306
8.95834045662
1
1
1
1
1
1
1
1
1
1
1
1
1
1.00000001002
1.47661317159
6.15724758042
8.91561925165
8.96511427888
8.96115452318
8.9588108302
1
1
1
1
1
1
1
1
1
1
1
1
1
1
1.14042409288
2.78433654306
8.52657583508
8.96480559164
8.96230631543
8.95950976675
1
1
1
1
1
1
1
1
1
1
1
1
1
1
1
1.45023770896
6.41953880119
8.93030984367
8.9636922615
8.9604297636
1
1
1
1
1
1
1
1
1
1
1
1
1
1
1
1.04102592815
2.78689407797
8.59740368934
8.9640484589
8.96152344106
1
1
1
1
1
1
1
1
1
1
1
1
1
1
1
1
1.50846706703
7.07760041518
8.94713820195
8.96273534305
1
1
1
1
1
1
1
1
1
1
1
1
1
1
1
1
1.35958808175
4.41373211974
8.84455602373
8.96388775085
1
1
1
1
1
1
1
1
1
1
1
1
1
1
1
1
1.03819299134
2.5408704492
8.52864344447
8.96366598151
1
1
1
1
1
1
1
1
1
1
1
1
1
1
1
1
1.00001105806
1.7627875373
7.88772902872
8.95901400623
1
1
1
1
1
1
1
1
1
1
1
1
1
1
1
1
1
1.48109552204
6.80640217533
8.94275185882
1
1
1
1
1
1
1
1
1
1
1
1
1
1
1
1
1
1.40183596935
5.21250137857
8.89470295745
1
1
1
1
1
1
1
1
1
1
1
1
1
1
1
1
1
1.21627957815
3.44872925503
8.7662622371
1
1
1
1
1
1
1
1
1
1
1
1
1
1
1
1
1
1.00280954174
2.23518962432
8.47196226681
1
1
1
1
1
1
1
1
1
1
1
1
1
1
1
1
1
1.00000001327
1.6801635919
7.92508907099
1
1
1
1
1
1
1
1
1
1
1
1
1
1
1
1
1
1
1.47155874029
7.03194932307
1
1
1
1
1
1
1
1
1
1
1
1
1
1
1
1
1
1
1.40527709197
5.69313908581
1
1
1
1
1
1
1
1
1
1
1
1
1
1
1
1
1
1
1.24213285775
3.98129447393
1
1
1
1
1
1
1
1
1
1
1
1
1
1
1
1
1
1
1.00041847128
2.37525092352
1
1
1
1
1
1
1
1
1
1
1
1
1
1
1
1
1
1
1
1.53121824654
1
1
1
1
1
1
1
1
1
1
1
1
1
1
1
1
1
1
1
1.33029177941
1
1
1
1
1
1
1
1
1
1
1
1
1
1
1
1
1
1
1
1.00000239982
1
1
1
1
1
1
1
1
1
1
1
1
1
1
1
1
1
1
1
1
1
1
1
1
1
1
1
1
1
1
1
1
1
1
1
1
1
1
1
1
1
1
1
1
1
1
1
1
1
1
1
1
1
1
1
1
1
1
1
1
1
1
1
1
1
1
1
1
1
1
1
1
1
1
1
1
1
1
1
1
1
1
1
1
1
1
1
1
1
1
1
1
1
1
1
1
1
1
1
1
1
1
1
1
1
1
1
1
1
1
1
1
1
1
1
1
1
1
1
1
1
1
1
1
1
1
1
1
1
1
1
1
1
1
1
1
1
1
1
1
1
1
1
1
1
1
1
1
1
1
1
1
1
1
1
1
1
1
1
1
1
1
1
1
1
1
1
1
1
1
1
1
1
1
1
1
1
1
1
1
1
1
1
1
1
1
1
1
1
1
1
1
1
1
1
1
1
1
1
1
1
1
1
1
1
1
1
1
1
1
1
1
1
1
1
1
1
1
1
1
1
1
1
1
1
1
1
1
1
1
1
1
1
1
1
1
1
1
1
1
1
1
1
1
1
1
1
1
1
1
1
1
1
1
1
1
1
1
1
1
1
1
1
1
1
1
1
1
1
1
1
1
1
1
1
1
1
1
1
1
1
1
1
1
1
1
1
1
1
1
1
1
1
1
1
1
1
1
1
1
1
1
1
1
1
1
1
1
1
1
1
1
1
1
1
1
1
1
1
1
1
1
1
1
1
1
1
1
1
1
1
1
1
1
1
1
1
1
1
1
1
1
1
1
1
1
1
1
1
1
1
1
1
1
1
1
1
1
1
1
1
1
1
1
1
1
1
1
1
1
1
1
1
1
1
1
1
1
1
1
1
1
1
1
1
1
1
1
1
1
1
1
1
1
1
1
1
1
1
1
1
1
1
1
1
1
1
1
1
1
1
1
1
1
1
1
1
1
1
1
1
1
1
1
1
1
1
1
1
1
1
1
1
1
1
1
1
1
1
1
1
1
1
1
1
1
1
1
1
1
1
1
1
1
1
1
1
1
1
1
1
1
1
1
1
1
1
1
1
1
1
1
1
1
1
1
1
1
1
1
1
1
1
1
1
1
1
1
1
1
1
1
1
1
1
1
1
1
1
1
1
1
1
1
1
1
1
1
1
1
1
1
1
1
1
1
1
1
1
1
1
1
1
1
1
1
1
1
1
1
1
1
1
1
1
1
1
1
1
1
1
1
1
1
1
1
1
1
1
1
1
1
1
1
1
1
1
1
1
1
1
1
1
1
1
1
1
1
1
1
1
1
1
1
1
1
1
1
1
1
1
1
1
1
1
1
1
1
1
1
1
1
1
1
1
1
1
1
1
1
1
1
1
1
1
1
1
1
1
1
1
1
1
1
1
1
1
1
1
1
1
1
1
1
1
1
1
1
1
1
1
1
1
1
1
1
1
1
1
1
1
1
1
1
1
1
1
1
1
1
1
1
1
1
1
1
1
1
1
1
1
1
1
1
1
1
1
1
1
1
1
1
1
1
1
1
1
1
1
1
1
1
1
1
1
1
1
1
1
1
1
1
1
1
1
1
1
1
1
1
1
1
1
1
1
1
1
1
1
1
1
1
1
1
1
1
1
1
1
1
1
1
1
1
1
1
1
1
1
1
1
1
1
1
1
1
1
1
1
1
1
1
1
1
1
1
1
1
1
1
1
1
1
1
1
1
1
1
1
1
1
1
1
1
1
1
1
1
1
1
1
1
1
1
1
1
1
1
1
1
1
1
1
1
1
1
1
1
1
1
1
1
1
1
1
1
1
1
1
1
1
1
1
1
1
1
1
1
1
1
1
1
1
1
1
1
1
1
1
1
1
1
1
1
1
1
1
1
1
1
1
1
1
1
1
1
1
1
1
1
1
1
1
1
1
1
1
1
1
1
1
1
1
1
1
1
1
1
1
1
1
1
1
1
1
1
1
1
1
1
1
1
1
1
1
1
1
1
1
1
1
1
1
1
1
1
1
1
1
1
1
1
1
1
1
1
1
1
1
1
1
1
1
1
1
1
1
1
1
1
1
1
1
1
1
1
1
1
1
1
1
1
1
1
1
1
1
1
1
1
1
1
1
1
1
1
1
1
1
1
1
1
1
1
1
1
1
1
1
1
1
1
1
1
1
1
1
1
1
1
1
1
1
1
1
1
1
1
1
1
1
1
1
1
1
1
1
1
1
1
1
1
1
1
1
1
1
1
1
1
1
1
1
1
1
1
1
1
1
1
1
1
1
1
1
1
1
1
1
1
1
1
1
1
1
1
1
1
1
1
1
1
1
1
1
1
1
1
1
1
1
1
1
1
1
1
1
1
1
1
1
1
1
1
1
1
1
1
1
1
1
1
1
1
1
1
1
1
1
1
1
1
1
1
1
1
1
1
1
1
1
1
1
1
1
1
1
1
1
1
1
1
1
1
1
1
1
1
1
1
1
1
1
1
1
1
1
1
1
1
1
1
1
1
1
1
1
1
1
1
1
1
1
1
1
1
1
1
1
1
1
1
1
1
1
1
1
1
1
1
1
1
1
1
1
1
1
1
1
1
1
1
1
1
1
1
1
1
1
1
1
1
1
1
1
1
1
1
1
1
1
1
1
1
1
1
1
1
1
1
1
1
1
1
1
1
1
1
1
1
1
1
1
1
1
1
1
1
1
1
1
1
1
1
1
1
1
1
1
1
1
1
1
1
1
1
1
1
1
1
1
1
1
1
1
1
1
1
1
1
1
1
1
1
1
1
1
1
1
1
1
1
1
1
1
1
1
1
1
1
1
1
1
1
1
1
1
1
1
1
1
1
1
1
1
1
1
1
1
1
1
1
1
1
1
1
1
1
1
1
1
1
1
1
1
1
1
1
1
1
1
1
1
1
1
1
1
1
1
1
1
1
1
1
1
1
1
1
1
1
1
1
1
1
1
1
1
1
1
1
1
1
1
1
1
1
1
1
1
1
1
1
1
1
1
1
1
1
1
1
1
1
1
1
1
1
1
1
1
1
1
1
1
1
1
1
1
1
1
1
1
1
1
1
1
1
1
1
1
1
1
1
1
1
1
1
1
1
1
1
1
1
1
1
1
1
1
1
1
1
1
1
1
1
1
1
1
1
1
1
1
1
1
1
1
1
1
1
1
1
1
1
1
1
1
1
1
1
1
1
1
1
1
1
1
1
1
1
1
1
1
1
1
1
1
1
1
1
1
1
1
1
1
1
1
1
1
1
1
1
1
1
1
1
1
1
1
1
1
1
1
1
1
1
1
1
1
1
1
1
1
1
1
1
1
1
1
1
1
1
1
1
1
1
1
1
1
1
1
1
1
1
1
1
1
1
1
1
1
1
1
1
1
1
1
1
1
1
1
1
1
1
1
1
1
1
1
1
1
1
1
1
1
1
1
1
1
1
1
1
1
1
1
1
1
1
1
1
1
1
1
1
1
1
1
1
1
1
1
1
1
1
1
1
1
1
1
1
1
1
1
1
1
1
1
1
1
1
1
1
1
1
1
1
1
1
1
1
1
1
1
1
1
1
1
1
1
1
1
1
1
1
1
1
1
1
1
1
1
1
1
1
1
1
1
1
1
1
1
1
1
1
1
1
1
1
1
1
1
1
1
1
1
1
1
1
1
1
1
1
1
1
1
1
1
1
1
1
1
1
1
1
1
1
1
1
1
1
1
1
1
1
1
1
1
1
1
1
1
1
1
1
1
1
1
1
1
1
1
1
1
1
1
1
1
1
1
1
1
1
1
1
1
1
1
1
1
1
1
1
1
1
1
1
1
1
1
1
1
1
1
1
1
1
1
1
1
1
1
1
1
1
1
1
1
1
1
1
1
1
1
1
1
1
1
1
1
1
1
1
1
1
1
1
1
1
1
1
1
1
1
1
1
1
1
1
1
1
1
1
1
1
1
1
1
1
1
1
1
1
1
1
1
1
1
1
1
1
1
1
1
1
1
1
1
1
1
1
1
1
1
1
1
1
1
1
1
1
1
1
1
1
1
1
1
1
1
1
1
1
1
1
1
1
1
1
1
1
1
1
1
1
1
1
1
1
1
1
1
1
1
1
1
1
1
1
1
1
1
1
1
1
1
1
1
1
1
1
1
1
1
1
1
1
1
1
1
1
1
1
1
1
1
1
1
1
1
1
1
1
1
1
1
1
1
1
1
1
1
1
1
1
1
1
1
1
1
1
1
1
1
1
1
1
1
1
1
1
1
1
1
1
1
1
1
1
1
1
1
1
1
1
1
1
1
1
1
1
1
1
1
1
1
1
1
1
1
1
1
1
1
1
1
1
1
1
1
1
1
1
1
1
1
1
1
1
1
1
1
1
1
1
1
1
1
1
1
1
1
1
1
1
1
1
1
1
1
1
1
1
1
1
1
1
1
1
1
1
1
1
1
1
1
1
1
1
1
1
1
1
1
1
1
1
1
1
1
1
1
1
1
1
1
1
1
1
1
1
1
1
1
1
1
1
1
1
1
1
1
1
1
1
1
1
1
1
1
1
1
1
1
1
1
1
1
1
1
1
1
1
1
1
1
1
1
1
1
1
1
1
1
1
1
1
1
1
1
1
1
1
1
1
1
1
1
1
1
1
1
1
1
1
1
1
1
1
1
1
1
1
1
1
1
1
1
1
1
1
1
1
1
1
1
1
1
1
1
1
1
1
1
1
1
1
1
1
1
1
1
1
1
1
1
1
1
1
1
1
1
1
1
1
1
1
1
1
1
1
1
1
1
1
1
1
1
1
1
1
1
1
1
1
1
1
1
1
1
1
1
1
1
1
1
1
1
1
1
1
1
1
1
1
1
1
1
1
1
1
1
1
1
1
1
1
1
1
1
1
1
1
1
1
1
1
1
1
1
1
1
1
1
1
1
1
1
1
1
1
1
1
1
1
1
1
1
1
1
1
1
1
1
1
1
1
1
1
1
1
1
1
8.9702253063
8.970342103
8.97043554293
8.97050001314
8.97052945447
8.97051897756
8.97046710835
8.97037667534
8.97025418472
8.97010934889
8.96995722031
8.96982532731
8.96976969322
8.96990438749
8.97043006114
8.97153853586
8.97282719391
8.97352332618
8.97358843325
8.97361958969
8.95336439725
8.95332733577
8.95329919264
8.95328175411
8.95327811004
8.95329324354
8.95333603949
8.95342475056
8.95359845046
8.95393727989
8.95459316077
8.95582451982
8.95799981673
8.96146406037
8.96607586976
8.97050186637
8.97291022747
8.97350732359
8.97359518073
8.97361179197
8.95693924765
8.95694349268
8.95694826744
8.95695408602
8.95696391928
8.95698571108
8.95703731812
8.95715529088
8.95740861002
8.95791652555
8.95886270427
8.96048262058
8.96297688226
8.96629046236
8.96979172431
8.97232291229
8.97334729942
8.97355865838
8.973593961
8.9736159982
8.95629390967
8.95628732864
8.95628749936
8.95629630053
8.95632122139
8.95637948551
8.95650537296
8.95676132753
8.95725096034
8.95812720272
8.9595798495
8.96177646543
8.96472936788
8.96809863472
8.97108653704
8.97285703661
8.97344911937
8.97356060104
8.97359179002
8.9736143541
8.95637526193
8.95636445289
8.95636778412
8.95638853168
8.95643965438
8.95654893251
8.9567672634
8.95717844519
8.95790527135
8.95910181951
8.96091657452
8.96341154276
8.96643815867
8.96952046929
8.97191741026
8.9731389264
8.97349178917
8.97355995112
8.97359024385
8.9736140881
8.95635366543
8.95633776507
8.95634569974
8.95638302517
8.9564696784
8.95664515766
8.95697591859
8.95756089161
8.9585279748
8.96001162588
8.96210175689
8.96476196159
8.96773513768
8.97049885545
8.97242554687
8.9732871866
8.97350742306
8.97355843025
8.97358968233
8.97361442935
8.95636165748
8.95634276117
8.95635911115
8.95641937701
8.95655123928
8.95680553347
8.95726088389
8.95802321554
8.95921281207
8.96093185175
8.96320926229
8.96592980652
8.96877194877
8.97121606332
8.97275937552
8.97336953874
8.97351307988
8.97355782909
8.97358978327
8.97361540249
8.95637684465
8.95635590808
8.95638408802
8.95647347558
8.95665949554
8.95700273828
8.95758956632
8.95852527946
8.9599137165
8.96181985372
8.96421742851
8.96693272455
8.96960946927
8.9717537917
8.97298343722
8.97341478388
8.97351526155
8.97355792836
8.97359033557
8.97361682395
8.95641391585
8.95638915936
8.95643075842
8.95655390424
8.95680086454
8.95723945664
8.95795905419
8.95905808137
8.96061874382
8.96266877451
8.96513528057
8.96780273747
8.97029836553
8.9721645985
8.97313466361
8.97343930287
8.97351662851
8.97355843939
8.97359121484
8.97361856843
8.95648530737
8.95645128463
8.95650515747
8.95666433081
8.95697622552
8.95751282154
8.95836208537
8.95961098217
8.96131773138
8.96347534826
8.96597277068
8.96856473363
8.97087235818
8.97248050301
8.97323558282
8.97345275645
8.97351796432
8.97355912878
8.97359234991
8.97362054348
8.95659770479
8.95654640204
8.9566095164
8.95680521437
8.95718384389
8.95781833392
8.95879145747
8.96017566354
8.96200470791
8.9642403801
8.96674055029
8.96923819769
8.97135425594
8.97272249658
8.97330167286
8.97346068241
8.97351935136
8.97355988512
8.97359368278
8.97362268152
8.95674321021
8.95666754894
8.95673751122
8.95697035432
8.95741697264
8.95814823974
8.95923873177
8.96074456121
8.96267563322
8.96496603102
8.96744791932
8.96983735921
8.97175925003
8.97290551517
8.97334426024
8.97346596499
8.97352067258
8.97356066699
8.9735951574
8.97362492987
8.9569004167
8.95679773864
8.95687540573
8.95714816142
8.95766523037
8.95849286724
8.95969523693
8.96131121385
8.96332799704
8.96565503096
8.96810244634
8.97037211069
8.97209761365
8.97304128276
8.97337162013
8.97346993071
8.97352181099
8.97356145753
8.97359672023
8.97362724499
8.95704429655
8.95691701314
8.95700733808
8.95732578679
8.95791787315
8.95884311689
8.96015371755
8.96187102444
8.96396083523
8.96631036332
8.96870992295
8.97084888247
8.97237676895
8.97313975358
8.97338950086
8.97347309865
8.97352270587
8.97356224159
8.97359832405
8.9736295904
8.95715459394
8.95700909294
8.95712063097
8.95749335936
8.95816709291
8.95919285675
8.96060983018
8.96242192768
8.96457478623
8.96693508199
8.96927440967
8.97127149643
8.97260288296
8.9732096601
8.97340162367
8.97347563408
8.97352335232
8.97356300452
8.97359993251
8.97363193721
8.95721999015
8.95706551225
8.95720946278
8.95764701471
8.95841032571
8.95954048108
8.96106297951
8.96296461861
8.96517193119
8.96753206335
8.96979829902
8.9716420801
8.97278198577
8.97325853705
8.97341024115
8.97347759309
8.97352378515
8.97356374065
8.97360152486
8.97363426608
8.95724501084
8.95709077435
8.95727860194
8.95779146766
8.95865186981
8.95988975001
8.96151655417
8.96350237978
8.9657554345
8.96810371789
8.97028248988
8.97196210262
8.97292055198
8.97329257544
8.97341666044
8.97347903772
8.97352406505
8.97356446158
8.97360309969
8.97363656956
8.95725737817
8.9571069045
8.95734601861
8.95794129662
8.95890328585
8.96024962992
8.96197745332
8.96404049188
8.96632901113
8.96865172191
8.97072676683
8.97223341649
8.97302552542
8.97331656294
8.97342164706
8.9734800757
8.97352427063
8.97356519934
8.9736046759
8.97363885362
8.95730540265
8.95715123613
8.95744072811
8.95811884154
8.95918144212
8.96063257636
8.96245466639
8.96458514323
8.96689620099
8.96917678774
8.97113035939
8.97245901038
8.97310391097
8.97333399226
8.97342568594
8.97348085707
8.97352449132
8.97356600218
8.97360628897
8.97364113686
8.95744562471
8.95726739051
8.95759594203
8.95834895261
8.95950453677
8.96105159771
8.96295718401
8.96514202535
8.96745955617
8.96967850958
8.97149254601
8.97264321604
8.97316220534
8.97334728353
8.97342912024
8.97348154774
8.973524816
8.97356692323
8.97360798191
8.97364344678
8.9577291314
8.95749451047
8.95784074718
8.9586527281
8.95988752404
8.9615170191
8.96349178837
8.96571490406
8.96801986029
8.9701552767
8.9718130976
8.97279135926
8.9732059321
8.97335802801
8.97343220406
8.97348229367
8.9735253155
8.97356800415
8.9736097919
8.97364581267
8.9581866288
8.95785593605
8.95819176592
8.95904154733
8.96033794779
8.96203363449
8.96406114724
8.9663043957
8.96857547432
8.97060423452
8.97209244352
8.97290911669
8.973239411
8.97336719656
8.97343510695
8.97348318717
8.97352602325
8.97356925847
8.97361173603
8.97364825674
8.95881747829
8.95835131037
8.95864773081
8.95951342502
8.96085350966
8.96259907648
8.9646627076
8.96690722758
8.96912195476
8.97102135797
8.97233163988
8.97300191284
8.97326575318
8.97337530285
8.97343790183
8.97348424416
8.97352692022
8.97357065956
8.97361380047
8.97365078564
8.95959156937
8.95895745065
8.95919005899
8.96005347801
8.96142244325
8.96320407554
8.96528882939
8.96751628384
8.96965217901
8.97140183462
8.97253235951
8.97307455642
8.97328701498
8.97338253717
8.97344056058
8.97348539915
8.97352793097
8.97357213808
8.97361593689
8.97365338522
8.96045760557
8.95963399318
8.95978713318
8.9606372676
8.96202608309
8.96383435245
8.96592809681
8.96812148983
8.97015712524
8.97174089985
8.97269701778
8.97313111446
8.97330443554
8.9733888832
8.97344296817
8.97348651856
8.97352893255
8.97357358949
8.97361806729
8.97365602037
8.96135736291
8.96033384461
8.96040225315
8.96123685894
8.96264340578
8.96447391909
8.96656762297
8.96871143771
8.97062729238
8.97203501437
8.97282892033
8.9731749255
8.97331869669
8.97339421922
8.97344495449
8.97348742768
8.97352977381
8.97357488929
8.97362009526
8.9736586397
8.96224955052
8.96101992402
8.96100531244
8.96182891878
8.96325663658
8.96510891657
8.96719563935
8.96927525417
8.97105437722
8.97228292711
8.97293220231
8.9732086637
8.97333015329
8.97339839528
8.97344633197
8.97348794106
8.97353029781
8.97357591022
8.97362191904
8.97366118264
8.96312296005
8.9616764046
8.96158054398
8.96240001267
8.96385486284
8.96573005324
8.9678031533
8.96980395333
8.97143260657
8.97248611077
8.97301147227
8.97323441675
8.97333900111
8.97340127998
8.97344692636
8.97348788715
8.97353036051
8.9735765364
8.97362344216
8.97366358588
8.96398370629
8.9623076623
8.96212622016
8.96294658855
8.96443410988
8.96633268026
8.96838407413
8.97029087613
8.97175931033
8.97264839455
8.97307129924
8.97325376861
8.97334537376
8.97340277816
8.97344659344
8.97348712218
8.97352984177
8.97357667192
8.97362457969
8.97366578697
8.96482574893
8.962929305
8.96264904478
8.96347119019
8.96499476867
8.96691504048
8.96893415076
8.9707314034
8.97203474558
8.97277506587
8.97311576898
8.97326788818
8.97334938633
8.9734028313
8.97344522487
8.97348553597
8.97352865103
8.97357624586
8.97362526172
8.97366772529
8.9655456971
8.96355302691
8.96315426913
8.96397622027
8.96553767622
8.96747575868
8.96944953478
8.97112246329
8.972261492
8.97287189997
8.97314824928
8.97327762655
8.97335115529
8.97340141683
8.97344275236
8.97348305676
8.97352673227
8.97357521753
8.97362543757
8.97366934226
8.96580638083
8.96418285054
8.96364193956
8.96446161857
8.96606260631
8.96801272573
8.96992621741
8.97146246841
8.97244383284
8.97294447695
8.97317139031
8.97328363377
8.97335082635
8.97339856341
8.97343916256
8.97347966406
8.97352407503
8.97357358668
8.97362508462
8.973670584
8.96481247297
8.96483121424
8.96411706283
8.96493035954
8.96657075846
8.96852402726
8.97036068009
8.97175176074
8.97258728347
8.97299787385
8.97318729158
8.97328649184
8.97334862216
8.97339438582
8.97343452539
8.97347541126
8.97352073225
8.97357140879
8.97362422271
8.97367140784
8.96040868193
8.96552422007
8.96459577741
8.96539175426
8.96706603328
8.9690085311
8.97075071986
8.9719929769
8.97269814324
8.97303659877
8.97319771756
8.97328683265
8.97334489345
8.9733891246
8.97342902532
8.9734704501
8.97351683882
8.97356881068
8.97362293118
8.97367179286
8.94716091378
8.96630047102
8.96510048805
8.96585795642
8.96755307681
8.969465429
8.97109596372
8.97219094609
8.97278299783
8.97306461564
8.97320426686
8.9732854058
8.97334014586
8.97338316682
8.97342297738
8.97346504283
8.97351261985
8.97356599738
8.97362136185
8.97367175238
8.90813022641
8.96720298272
8.9656542249
8.96634014734
8.96803558602
8.96989427349
8.97139830173
8.97235218287
8.97284825736
8.97308539142
8.97320846391
8.97328308803
8.97333503057
8.97337703688
8.9734168188
8.97345955454
8.97350838268
8.97356324467
8.97361974244
8.97367134716
8.76210251976
8.9682303976
8.96627402138
8.96684668794
8.9685161866
8.97029564676
8.97166193217
8.97248406867
8.97289977588
8.97310191806
8.97321176712
8.97328083539
8.97333029413
8.9733713527
8.97341107159
8.97345442216
8.97350448996
8.97356087529
8.97361836776
8.9736707034
8.11069363264
8.96839924
8.96696943896
8.96738331425
8.96899689858
8.97067150004
8.97189263025
8.97259391981
8.97294257488
8.97311670663
8.97321551973
8.97327960365
8.97332670509
8.97336676248
8.97340628953
8.97345011081
8.97350132242
8.97355921777
8.97361755254
8.97366996848
5.8331538095
8.95537861224
8.96774375228
8.96795266494
8.96947898522
8.97102438537
8.97209649011
8.97268815572
8.97298066161
8.97313172517
8.97322084629
8.97328022502
8.97332494267
8.97336384345
8.97340296841
8.97344703593
8.97349921316
8.97355856217
8.97361764049
8.97366948641
2.60510870615
8.80139267741
8.96851602686
8.96855710943
8.96996261365
8.97135640472
8.9722787943
8.9727718322
8.97301694194
8.97314833707
8.97322854187
8.973283293
8.97332549202
8.97336300981
8.97340146633
8.9734454972
8.9734983919
8.97355908494
8.97361884937
8.97366948239
1.47703573947
7.7539726422
8.96669231938
8.96918809619
8.97044376711
8.97166748445
8.97244312291
8.97284841256
8.97305318369
8.97316725598
8.97323898784
8.97328908073
8.97332856974
8.97336444646
8.97340194441
8.97344562939
8.97349895238
8.9735608459
8.97362132212
8.97367028559
1.2501080876
4.72366637146
8.92515146337
8.96983943784
8.97091014774
8.97195389739
8.9725908263
8.97291957154
8.97308992891
8.97318843993
8.97325203619
8.973297433
8.97333403152
8.97336802616
8.97340429441
8.97344733857
8.97350079782
8.973563734
8.97362502599
8.97367215774
1.00001143848
2.16171232666
8.58254592018
8.97045808395
8.97134432992
8.97220992903
8.97272167486
8.97298547765
8.97312663729
8.97321113828
8.97326700066
8.97330774611
8.97334134714
8.97337328513
8.97340811491
8.97345028205
8.97350362944
8.97356747067
8.97362975911
8.97367524358
1
1.46849071313
7.21039245993
8.96770499172
8.97173075689
8.97243139832
8.97283528788
8.97304554352
8.97316215798
8.97323416678
8.97328282644
8.97331908566
8.97334968671
8.97337948747
8.97341276007
8.97345390513
8.97350697805
8.9735716431
8.97363517716
8.97367952458
1
1.35192021739
4.76842440373
8.93208049907
8.97207268604
8.97261714695
8.97293188012
8.97309899689
8.9731951536
8.97325618041
8.97329828152
8.9733303318
8.9733580345
8.97338571638
8.97341741312
8.97345750034
8.97351025191
8.97357575178
8.97364084274
8.9736848042
1
1.02609255778
2.7654661347
8.77132820877
8.97235624313
8.97276856627
8.97301201489
8.97314498365
8.97322424252
8.9732757809
8.97331205092
8.97334026489
8.97336526662
8.97339094383
8.97342114757
8.97346025928
8.97351278225
8.9735792565
8.97364628306
8.97369073059
1
1.00000088302
1.83872426552
8.33521344994
8.97257116084
8.97288771863
8.97307601614
8.97318244701
8.9732479777
8.97329152654
8.97332277316
8.97334761693
8.97337021009
8.97339409235
8.97342298853
8.97346133051
8.97351387622
8.97358163049
8.97365103362
8.97369685691
1
1
1.51478292617
7.51280578975
8.97149842
8.97297682449
8.97312392706
8.97321025891
8.97326496371
8.97330204178
8.97332914975
8.97335117833
8.97337174395
8.97339412856
8.97342199607
8.97345989066
8.97351287416
8.97358240108
8.97365469644
8.97370273111
1
1
1.420951957
6.35024896849
8.96428674718
8.97303855263
8.97315604847
8.97322765953
8.97327417674
8.97330627423
8.97333016279
8.97334998502
8.97336896231
8.97339020589
8.97341739031
8.97345525446
8.97350924037
8.97358111682
8.97365699218
8.97370799669
1
1
1.38577699548
5.06814911417
8.94200711834
8.97307565121
8.97317347115
8.97323469374
8.97327530253
8.97330377314
8.97332530788
8.97334351469
8.97336133998
8.97338180418
8.97340866702
8.97344696597
8.97350251337
8.97357754895
8.97365779024
8.9737124347
1
1
1.275464439
3.8778657531
8.89121070212
8.97309380888
8.97317853202
8.97323251129
8.97326894828
8.97329485307
8.97331472481
8.97333179362
8.97334882256
8.97336880821
8.97339566909
8.97343480962
8.97349258896
8.97357166649
8.97365711283
8.97371597201
1
1
1.06416220323
2.86080172402
8.7812808602
8.97310001522
8.97317447325
8.97322307502
8.97325641638
8.97328042347
8.97329906824
8.97331529767
8.9733317498
8.97335144725
8.97337852981
8.97341887798
8.97347954457
8.97356359803
8.97365511245
8.97371865226
1
1
1.00048853582
2.09314026494
8.53045329908
8.97309946721
8.9731639108
8.9732081797
8.97323904887
8.97326153469
8.97327918286
8.973294714
8.97331067771
8.97333016157
8.97335759546
8.97339944453
8.97346362191
8.97355360634
8.97365204169
8.97372059421
1
1
1.00000000087
1.63864626908
7.95405746722
8.97276769859
8.97314922513
8.97318945857
8.97321815003
8.97323928258
8.97325601144
8.97327085916
8.97328630769
8.97330554107
8.97333335069
8.97337692995
8.97344518177
8.97354205009
8.97364822601
8.97372196571
1
1
1
1.44471590952
6.70983363163
8.96502681762
8.97313212337
8.9731683306
8.97319493804
8.97321476515
8.97323055334
8.97324463692
8.9732594423
8.97327827949
8.97330637772
8.97335181846
8.9734246889
8.97352935557
8.97364404804
8.97372298071
1
1
1
1.37816176949
4.64621688145
8.90203175044
8.97311667809
8.97314626029
8.97317064217
8.97318912966
8.97320388569
8.97321704257
8.97323097842
8.97324916134
8.97327734634
8.97332467201
8.97340263294
8.97351602079
8.97363993724
8.97372390682
1
1
1
1.0731370354
2.59027454451
8.53800373882
8.97276326536
8.97312556845
8.97314710782
8.9731639458
8.97317740028
8.97318931585
8.97320200807
8.97321913263
8.97324706639
8.97329618599
8.97337959923
8.97350252807
8.97363634093
8.97372507495
1
1
1
1.00000028988
1.59847436437
7.03402190785
8.9541304379
8.97311131357
8.97312694964
8.97314128996
8.97315285296
8.97316296725
8.97317383196
8.97318930875
8.97321649244
8.97326717555
8.97335626191
8.97348937287
8.97363363167
8.97372683665
1
1
1
1
1.39443693909
4.03816243973
8.74024347892
8.97296985965
8.97311319408
8.97312346433
8.9731321017
8.97313955137
8.97314777082
8.97316081365
8.97318656488
8.97323838743
8.97333313671
8.97347681284
8.97363195698
8.97372947421
1
1
1
1
1.02735407796
1.94221359109
7.50872316509
8.95811371533
8.97310965376
8.97311268621
8.9731168431
8.97312050246
8.97312511692
8.97313481773
8.97315824245
8.97321039053
8.97331026611
8.973464513
8.97363110022
8.97373317325
1
1
1
1
1.00000000001
1.43321998712
4.648657004
8.76765142579
8.97301680504
8.9731107797
8.97310851549
8.97310721172
8.97310741235
8.97311303354
8.97313318008
8.97318431412
8.97328783538
8.97345187961
8.97363046696
8.97373780834
1
1
1
1
1
1.28768046664
2.36034890068
7.79035448215
8.96133525451
8.97311923784
8.97310821529
8.97310113023
8.97309684522
8.97309860866
8.97311531851
8.97316406165
8.97326838468
8.97343936247
8.97362926961
8.97374267741
1
1
1
1
1
1.00785550341
1.58439865405
5.54402777171
8.82219601269
8.97306462643
8.9731168005
8.973104086
8.97309675992
8.97309697636
8.97311240459
8.97315877375
8.97325970622
8.97343013515
8.97362631888
8.97374610987
1
1
1
1
1
1.00000013472
1.41725516457
3.31544964525
8.20832623449
8.9660882999
8.97313778388
8.97312184363
8.97311582667
8.97312016186
8.97313997914
8.9731865222
8.9732785155
8.97343255716
8.97361952653
8.97374445292
1
1
1
1
1
1
1.34847815483
2.10932574015
6.77768918671
8.89797289494
8.97316782886
8.97317081612
8.97317541795
8.97319355719
8.97322546743
8.97327357304
8.97334522752
8.97345528811
8.97360395891
8.97372970902
1
1
1
1
1
1
1.10369290331
1.60954911505
4.87353584175
8.60982759158
8.97107814753
8.97326485438
8.97328628804
8.97331861772
8.97335495694
8.97338871214
8.97341993731
8.97346780885
8.97356226553
8.97368433627
1
1
1
1
1
1
1.00069294008
1.43511079493
3.19730370184
7.85282167443
8.94752040079
8.97338286658
8.97341140387
8.97344235817
8.97346598524
8.97347503576
8.97346725438
8.97345622972
8.97347903566
8.97356609088
1
1
1
1
1
1
1.00000000007
1.37289201297
2.08703412243
6.36691757014
8.8141575124
8.97275535802
8.973517073
8.97353592279
8.97354759084
8.97355045039
8.97353722081
8.9734920077
8.97340161867
8.97329695637
1
1
1
1
1
1
1
1.06609800133
1.52938119561
4.08279501392
8.20573349272
8.95047499754
8.97355967535
8.97360079489
8.97360965495
8.97361690188
8.97362123115
8.97362095168
8.97359302016
8.97349324824
1
1
1
1
1
1
1
1.00000000171
1.3686899426
1.92044940997
5.42366269623
8.41927954146
8.93628655461
8.9681730164
8.97298252362
8.97314015835
8.97303393117
8.97357993556
8.9736909712
8.97368729675
1
1
1
1
1
1
1
1
1.00000013125
1.3516362506
1.61922313386
3.11404411637
5.17936163689
5.69876046342
8.05727086761
8.95032597136
8.95969003584
8.96810742048
8.97265230167
8.97324836194
1
1
1
1
1
1
1
1
1
1
1.00000698398
1.35240818368
1.32253579902
1
1.31204610909
6.79510706516
8.83218471635
8.91449102733
8.95120434552
8.96857009042
1
1
1
1
1
1
1
1
1
1
1
1
1
1
1
1.03621636062
5.28649981453
8.74235566835
8.86522128686
8.94732318786
1
1
1
1
1
1
1
1
1
1
1
1
1
1
1
1
1.34267162916
8.18289132547
8.8087215039
8.9189706159
1
1
1
1
1
1
1
1
1
1
1
1
1
1
1
1
1
6.42500646804
8.85264404785
8.91864385511
1
1
1
1
1
1
1
1
1
1
1
1
1
1
1
1
1.00510895375
7.8433001158
8.85346667024
8.91831359027
1
1
1
1
1
1
1
1
1
1
1
1
1
1
1
1
1.43746087087
8.66561588059
8.79972189439
8.91798205636
1
1
1
1
1
1
1
1
1
1
1
1
1
1
1
1
1.74938421211
8.74551776684
8.75346641104
8.91764829092
1
1
1
1
1
1
1
1
1
1
1
1
1
1
1
1
3.79932336453
8.7453774181
8.68965441836
8.91730633554
1
1
1
1
1
1
1
1
1
1
1
1
1
1
1
1.00299341711
7.65322295346
8.74523627732
8.51554990017
8.91689592323
1
1
1
1
1
1
1
1
1
1
1
1
1
1
1
1.53276051768
8.72515011571
8.74509664246
8.16745289712
8.90227508103
1
1
1
1
1
1
1
1
1
1
1
1
1
1
1
5.19831156675
8.74472255878
8.7449066944
7.7642216266
8.86812288023
1
1
1
1
1
1
1
1
1
1
1
1
1
1
1.49749650721
8.66770992434
8.74454302885
8.74472928487
7.0370609003
8.65743656214
1
1
1
1
1
1
1
1
1
1
1
1
1
1.01883539845
6.6173410585
8.74430376775
8.74469728307
8.74514727122
5.52038805129
6.11826183404
1
1
1
1
1
1
1
1
1
1
1
1
1
2.5371582162
8.74436578621
8.7446651415
8.74509490161
8.74543770682
3.05132662062
2.10379818766
1
1
1
1
1
1
1
1
1
1
1
1
1.04869310428
5.67385894321
8.74452737206
8.74489718421
8.74522799546
8.74565536698
1.89597118172
1.38482192782
1
1
1
1
1
1
1
1
1
1
1
1
1.12543070902
5.7250391749
8.74466351154
8.74496088923
8.74539684175
8.74567747921
1.42041245924
1.00222884143
1
1
1
1
1
1
1
1
1
1
1
1
1.01912133304
4.84421268577
8.74434339733
8.74471494607
8.74504933329
7.39706843915
1
1
1
1
1
1
1
1
1
1
1
1
1
1
1
2.28239639654
8.4720134642
8.74429090683
8.01409309456
1
1
1.24484587847
1
1
1
1
1
1
1
1
1
1
1
1
1
1.00006466182
2.21343979209
2.02508363017
1
1
1
3.95250121661
1
1
1
1
1
1
1
1
1
1
1
1
1
1
1
1
1
1
1
4.70641920258
1
1
1
1
1
1
1
1
1
1
1
1
1
1
1
1
1
1
1
4.71334260651
1
1
1
1
1
1
1
1
1
1
1
1
1
1
1
1
1
1
1
4.01785868182
1
1
1
1
1
1
1
1
1
1
1
1
1
1
1
1
1
1
1
4.00742643506
1
1
1
1
1
1
1
1
1
1
1
1
1
1
1
1
1
1
1
4.24972038082
1
1
1
1
1
1
1
1
1
1
1
1
1
1
1
1
1
1
1
4.41383203518
1
1
1
1
1
1
1
1
1
1
1
1
1
1
1
1
1
1
1
4.65892089756
1
1
1
1
1
1
1
1
1
1
1
1
1
1
1
1
1
1
1
5.2530128272
1
1
1
1
1
1
1
1
1
1
1
1
1
1
1
1
1
1
1.0000432782
6.3609578276
1
1
1
1
1
1
1
1
1
1
1
1
1
1
1
1
1
1
1.21665332633
7.65811683424
1
1
1
1
1
1
1
1
1
1
1
1
1
1
1
1
1
1.00005146914
1.4473484085
8.45368438511
1
1
1
1
1
1
1
1
1
1
1
1
1
1
1
1
1.00000000019
1.31480154786
2.2162270404
8.64678047383
1
1
1
1
1
1
1
1
1
1
1
1
1
1
1
1
1.03893202387
1.40318389339
3.62585087043
8.64777195285
1
1
1
1
1
1
1
1
1
1
1
1
1
1
1
1.00000000506
1.04641203823
1.3407458315
3.57356145073
8.64727022442
1
1
1
1
1
1
1
1
1
1
1
1
1
1
1
1.00000031001
1.00015693869
1
1.79740419485
8.64813665757
1
1
1
1
1
1
1
1
1
1
1
1
1
1
1
1.00000028079
1
1
1.38842591788
8.64770887782
1
1
1
1
1
1
1
1
1
1
1
1
1
1
1
1.00000025433
1
1
1.14820566664
8.64857309548
1
1
1
1
1
1
1
1
1
1
1
1
1
1
1
1.00000013567
1
1
1.15493735186
8.64811573386
1
1
1
1
1
1
1
1
1
1
1
1
1
1
1
1
1
1
1.31403100298
8.64859645994
1
1
1
1
1
1
1
1
1
1
1
1
1.00000000008
1
1
1
1
1
1.43531384088
8.64811670501
1
1
1
1
1
1
1
1
1
1
1
1.00000000001
1.0000167417
1.00007038723
1
1
1
1
2.97710151443
8.64844223464
1
1
1
1
1
1
1
1
1
1
1
1.00000004074
1.00421011095
1.00018611062
1
1
1
1
8.30293296997
8.64794167694
1
1
1
1
1
1
1
1
1
1
1
1.00004699257
1.08767830983
1.00000000001
1
1
1
1
8.61038560541
8.64816667562
1
1
1
1
1
1
1
1
1
1
1.00000003308
1.00908602033
1.15629243673
1
1
1
1
1
8.63353802459
8.64765558003
1
1
1
1
1
1
1
1
1
1
1.00005227843
1.13633243394
1.15540425829
1
1
1
1
1
8.62599575023
8.64781492005
1
1
1
1
1
1
1
1
1
1.00000002913
1.00535270724
1.32536041724
1.00603127624
1
1
1
1
1
8.54001610667
8.64730284627
1
1
1
1
1
1
1
1
1
1.00013567612
1.1042128616
1.35887728272
1
1
1
1
1
1
8.23984723205
8.64743070197
1
1
1
1
1
1
1
1
1.00000007075
1.01586660319
1.35821317665
1.35843938341
1
1
1
1
1
1
6.72357503775
8.64691195377
1
1
1
1
1
1
1
1
1.00149522248
1.21225555815
1.41632468054
1.01280240217
1
1
1
1
1
1
5.49425275072
8.64705517505
1
1
1
1
1
1
1
1.00000548639
1.11111706509
1.40914318248
1.41730365798
1
1
1
1
1
1
1.00000000001
4.70048990645
8.64653565713
1
1
1
1
1
1
1.00000000001
1.03232766775
1.38059074713
1.52174763983
1.41766976657
1
1
1
1
1
1
1.00010933916
4.62398492571
8.64669443628
1
1
1
1
1
1
1.00052261725
1.33484261005
1.48276019407
1.58896391583
1.12911219684
1
1
1
1
1
1
1.20667726311
5.10570089038
8.64616005948
1
1
1
1
1
1
1.15296572566
1.43367526452
1.66440535699
1.58979171641
1.0000013976
1
1
1
1
1
1
1.42211151412
5.79265482315
8.64633854786
1
1
1
1
1
1.00001012648
1.38524433125
1.58885707432
1.68101352816
1.56770417229
1.0000000002
1
1
1
1
1
1.00101256789
1.65836524237
6.42766179145
8.64580304549
1
1
1
1
1
1.00057135105
1.4114025304
1.65406181367
1.68068060437
1.58387594086
1.0000001201
1
1
1
1
1
1.12507448489
2.32222654742
7.21651610125
8.64600582684
1
1
1
1
1
1.00010387647
1.40744690095
1.63313528438
1.6813789128
1.65593102757
1.02005833169
1
1
1
1
1
1.07182989493
3.17014474742
7.98648969771
8.64548719415
1
1
1
1
1
1
1.29450613554
1.51523319169
1.68079231045
1.68194793081
1.38553079951
1
1
1
1
1
1
1.92632492747
8.15551136665
8.64565511227
1
1
1
1
1
1
1.00060671158
1.40953951228
1.68221674506
1.68098557421
1.47418947741
1
1
1
1
1
1
1.01365892604
6.14912762417
8.64514600447
1
1
1
1
1
1
1.00000000074
1.31574865652
1.66788029423
1.68456537692
1.48052853262
1
1
1
1
1
1
1
2.00970634092
8.64528591073
1
1
1
1
1
1
1.00000000004
1.26660225382
1.60846984935
1.68107552001
1.37652900921
1
1
1
1.00000000005
1
1
1
1.40621154746
8.64478480522
1
1
1
1
1
1
1.00000000779
1.33028952093
1.64424738287
1.68568137942
1.00000146588
1
1
1
1.00156036767
1
1
1
1.15808573897
8.64489100866
1
1
1
1
1
1
1.00015293791
1.40551784905
1.6818417387
1.66272823212
1
1
1
1.00000104014
1.00157700666
1
1
1
1.01559919624
8.57027253505
1
1
1
1
1
1
1.04468898293
1.48815471626
1.68115784725
1.46163092723
1
1
1
1.30560184863
1
1
1
1
1.00182850319
8.37518588129
1
1
1
1
1
1
1.29844743182
1.65323355451
1.68638487177
1.37580729255
1
1
1
1.37131924007
1
1
1
1
1.01157369349
8.26312401906
1
1
1
1
1
1.00000000046
1.39057370335
1.68128395984
1.68116214612
1.23349647939
1
1
1.00013214574
1.39948912568
1
1
1
1
1.10532113969
8.25694999728
1
1
1
1
1
1.00000000032
1.38115808725
1.68065038437
1.68638917481
1.00502012978
1
1
1.12829202772
1.58456248003
1
1
1
1
1.07594014981
8.25143614497
1
1
1
1
1
1
1.31692654606
1.66312844814
1.6811624367
1
1
1
1.04467360193
3.16241124398
1.43886362053
1
1
1
1.00000000118
8.24593806615
1
1
1
1
1
1
1.23842394856
1.65960484027
1.49001699172
1
1
1
1
2.14287090545
5.43793240764
1.40222714686
1
1
1
8.19370398666
1
1
1
1
1
1
1.29531925545
1.57134041254
1.0000001481
1
1
1
1
1.02754079554
4.15745053465
6.53329274806
1
1
1
5.78918006075
1
1
1
1
1
1.00000469126
1.32788010049
1.35296603442
1
1
1
1
1
1
1.448959897
6.54268108017
1.00000148402
1
1
3.910251271
1
1
1
1
1
1.02151942737
1.23276595968
1
1
1
1
1
1
1
1.04957915091
2.33187467284
1.3049513833
1
1
3.66845736354
1
1
1
1
1.00062541993
1.02182020157
1
1
1
1
1
1
1
1
1
1.39534268154
1.39665359436
1
1
4.59329450721
1
1
1
1.00000810635
1.00065160903
1
1
1
1
1
1
1
1
1
1
1.00001360391
1.00000000547
1
1
5.91707544411
1
1
1.00000007831
1.00000902327
1
1
1
1
1
1
1
1
1
1
1
1
1
1
1
5.92481581304
1
1.00000000012
1.00000036473
1.00000000464
1
1
1
1
1
1
1
1
1
1
1
1
1
1
1
5.92454289244
1
1.00000029029
1.00000032906
1
1
1
1
1
1
1
1
1
1.00000000001
1
1
1
1
1
1
5.12337682339
1.00000005886
1.00000024373
1
1
1
1
1
1
1
1
1
1.00000000598
1.00000000109
1
1
1
1
1
1
5.09081052445
1.00000008722
1.00000018031
1
1
1
1
1
1
1
1
1.00000000598
1.00000000659
1.00000000001
1
1
1
1
1
1
5.639316557
1
1
1
1
1
1
1
1
1
1
1.00000000659
1.00000000664
1.00000000011
1
1
1
1
1
1
5.64448029744
1
1
1
1
1
1
1
1
1
1
1.00000000664
1.00000000728
1.00000000732
1
1
1
1
1
1
5.60163480307
)
;

boundaryField
{
    emptyPatch
    {
        type            empty;
    }
    minY
    {
        type            calculated;
        value           nonuniform List<scalar> 
40
(
8.97364353587
8.97364441436
8.97364456236
8.97364473908
8.97364491478
8.97364508162
8.97364523861
8.97364538432
8.97364551753
8.97364563863
8.97364574812
8.97364584673
8.97364593563
8.97364601588
8.97364608836
8.97364615372
8.97364621248
8.97364626496
8.97364631133
8.97364635158
8.97364638482
8.97364640994
8.97364642721
8.97364643751
8.97364644155
8.97364643985
8.97364643278
8.97364642062
8.97364640351
8.97364638154
8.9736463547
8.97364632285
8.97364628573
8.97364624277
8.97364619318
8.97364613654
8.97364607378
8.97364600359
8.97364590784
8.97364493689
)
;
    }
    maxY
    {
        type            calculated;
        value           nonuniform List<scalar> 
40
(
1
1
1
1
1
1
1
1
1
1
1
1
1
1
1
1
1
1
1
1
1
1
1
1
1
1
1
1
1
1
1.00000000664
1.00000000728
1.00000000732
1
1
1
1
1
1
5.60163685221
)
;
    }
    water_to_cooler
    {
        type            calculated;
        value           nonuniform List<scalar> 
150
(
8.97364662988
8.97365121279
8.97365490481
8.97365846876
8.97366200654
8.97366553207
8.97366905523
8.9736725789
8.97367610373
8.97367962946
8.97368315585
8.9736866833
8.97369021329
8.97369374844
8.9736972922
8.97370084818
8.97370441911
8.97370800577
8.97371160602
8.97371521444
8.97371882271
8.97372242086
8.97372599904
8.97372954952
8.97373306827
8.97373655593
8.97374001785
8.97374346368
8.97374690647
8.97375036178
8.97375384657
8.97375737792
8.97376097126
8.97376463809
8.97376838331
8.97377220282
8.97377608182
8.97377999456
8.97378390563
8.97378777369
8.97379155558
8.97379521218
8.97379871338
8.9738020421
8.97380519564
8.97380818552
8.97381103562
8.97381377964
8.97381645764
8.97381911251
8.97382178674
8.97382451905
8.97382734238
8.97383028152
8.97383335166
8.97383655617
8.97383988582
8.97384331789
8.97384681813
8.9738503461
8.97385386418
8.97385734693
8.97386078787
8.97386420046
8.97386761486
8.97387107844
8.97387465192
8.97387841474
8.97388244146
8.97387730251
8.97336994755
8.96865917578
8.94737696553
8.91898846645
8.91865014284
8.91832020832
8.91799021807
8.9176601818
8.91732609072
8.91692864399
8.9023274611
8.86820140714
8.65758750258
6.11938875299
2.10476479235
1.38562823592
1.00223624538
1
1.2458376133
3.95365985325
4.70696258203
4.71355170688
4.01801315179
4.00762579351
4.25000660548
4.41424432484
4.65951260698
5.25384849213
6.36201762934
7.65912696922
8.45432985467
8.647141379
8.6481132964
8.64763703393
8.64854349274
8.64807616255
8.64882131736
8.64830372438
8.64874431765
8.64823656469
8.64854247698
8.6480282101
8.6482443212
8.64772885614
8.64788670118
8.64737589898
8.64750628415
8.6469902063
8.64713612142
8.64661978321
8.64678256093
8.64625225371
8.6464321952
8.64589462581
8.64609224094
8.64556888419
8.64573148409
8.64521326378
8.64534218745
8.64483202319
8.64493255912
8.57031817568
8.37524882551
8.26320028384
8.25703350053
8.25152543264
8.2460231943
8.19377832409
5.78945450543
3.91063039278
3.6689113616
4.5938057399
5.91748983124
5.9251791567
5.92481570997
5.12369198829
5.09106018894
5.63931172371
5.64433301389
5.60200901577
)
;
    }
    water_to_heater
    {
        type            calculated;
        value           uniform 1;
    }
}


// ************************************************************************* //
