/*--------------------------------*- C++ -*----------------------------------*\
| =========                 |                                                 |
| \\      /  F ield         | OpenFOAM: The Open Source CFD Toolbox           |
|  \\    /   O peration     | Version:  2312                                  |
|   \\  /    A nd           | Website:  www.openfoam.com                      |
|    \\/     M anipulation  |                                                 |
\*---------------------------------------------------------------------------*/
FoamFile
{
    version     2.0;
    format      ascii;
    arch        "LSB;label=32;scalar=64";
    class       surfaceScalarField;
    location    "0.14/water";
    object      phi;
}
// * * * * * * * * * * * * * * * * * * * * * * * * * * * * * * * * * * * * * //

dimensions      [0 3 -1 0 0 0 0];

oriented        oriented;

internalField   nonuniform List<scalar> 
2914
(
1.28802705291e-07
9.82727212928e-07
1.62039125623e-07
7.73320291198e-07
1.9297219758e-07
6.53714702584e-07
2.1740885827e-07
5.98382483178e-07
2.32822453966e-07
5.88488649021e-07
2.39567816702e-07
6.05694083329e-07
2.40967184763e-07
6.35220071826e-07
2.39820546769e-07
6.67227292007e-07
2.35683096454e-07
6.98617809119e-07
2.30451098833e-07
7.24592464618e-07
2.27891255942e-07
7.38680124655e-07
2.30963013477e-07
7.3786784474e-07
2.39842684959e-07
7.28072600176e-07
2.50576632659e-07
7.24200076393e-07
2.53634745095e-07
7.44737617775e-07
2.07624484816e-07
8.35964082513e-07
1.16189618324e-07
9.83927590883e-07
4.73078868416e-08
1.09418672723e-06
-5.83154277085e-09
1.1553639674e-06
1.15483676245e-06
-5.17813763649e-08
1.61720197703e-07
9.11595153008e-07
1.84558976969e-07
7.14063475946e-07
2.0728640124e-07
6.16945909333e-07
2.2674672656e-07
5.74137470717e-07
2.37489590808e-07
5.76273978098e-07
2.39396488815e-07
6.03345724522e-07
2.35850142833e-07
6.38617161246e-07
2.27080952049e-07
6.75933442369e-07
2.15434654967e-07
7.10222749358e-07
2.05595254508e-07
7.34392104778e-07
2.02156402899e-07
7.42089357984e-07
2.07784236746e-07
7.32201675276e-07
2.20005879015e-07
7.15828024637e-07
2.33209138746e-07
7.10985390855e-07
2.12052650186e-07
7.65816767227e-07
1.38528916325e-07
9.09366394846e-07
8.53597387585e-08
1.03696621601e-06
4.58040142474e-08
1.13355127483e-06
5.02187269143e-09
1.19592548451e-06
1.19304048858e-06
-3.34696102985e-08
1.85900680305e-07
8.3258782271e-07
2.01180101387e-07
6.59849921327e-07
2.14841368978e-07
5.89203226146e-07
2.22981177445e-07
5.61766597233e-07
2.22838440557e-07
5.75305587347e-07
2.16732922385e-07
6.09157077647e-07
2.05416160191e-07
6.4983905629e-07
1.8991356585e-07
6.91391041138e-07
1.75200304932e-07
7.24900548805e-07
1.64783117411e-07
7.44785814091e-07
1.62977892684e-07
7.4386406136e-07
1.70527536843e-07
7.24632577508e-07
1.84661503639e-07
7.01681756256e-07
1.79444936131e-07
7.16139672126e-07
1.3547409667e-07
8.09712623956e-07
9.7711578473e-08
9.47020499155e-07
7.52849397378e-08
1.05924335758e-06
5.17199962647e-08
1.15693455006e-06
2.60891148138e-08
1.22131199912e-06
1.21899659559e-06
-5.65316408814e-11
2.00274894846e-07
7.62624383164e-07
2.10017592378e-07
6.16517740279e-07
2.13669346626e-07
5.73646272065e-07
2.07275571411e-07
5.64823474164e-07
1.93232206983e-07
5.88546650551e-07
1.76847261392e-07
6.25341345357e-07
1.57739045225e-07
6.68882870401e-07
1.38695744449e-07
7.10401749089e-07
1.2138449969e-07
7.42196771093e-07
1.09585525838e-07
7.56565199796e-07
1.06723215222e-07
7.46713728261e-07
1.11388021703e-07
7.19965912446e-07
1.03027017464e-07
7.09988865113e-07
7.28898024843e-08
7.46240134463e-07
5.69947539144e-08
8.25552002594e-07
6.33726668285e-08
9.40542834171e-07
5.56672371656e-08
1.06683250261e-06
4.47938659223e-08
1.16765473973e-06
3.30349172615e-08
1.23296422641e-06
1.23086920078e-06
2.10220339963e-08
2.07701156207e-07
7.01773827003e-07
2.11437834942e-07
5.87377027653e-07
2.04011032252e-07
5.72150360798e-07
1.83395773216e-07
5.82906038489e-07
1.54015501538e-07
6.17307326168e-07
1.26505284392e-07
6.52699139093e-07
1.03045441217e-07
6.92298633545e-07
8.03770858277e-08
7.33062099433e-07
5.85066205561e-08
7.64067486388e-07
3.70468919187e-08
7.78023525546e-07
1.38213139815e-08
7.69947597552e-07
-1.12873591391e-08
7.45031899657e-07
-4.68027909046e-08
7.45523694601e-07
-6.3952308664e-08
7.63408728181e-07
-4.27862100178e-08
8.0436148214e-07
-9.2556704028e-09
9.06968944524e-07
5.19176871195e-09
1.05232615869e-06
7.82959138832e-09
1.16496350274e-06
9.71588668751e-09
1.23100779789e-06
1.2331851855e-06
7.32984982923e-09
2.259068998e-07
6.2797544202e-07
2.29778689961e-07
5.62277759211e-07
2.18534258779e-07
5.75275985811e-07
1.82392639798e-07
6.16407176348e-07
1.21723158136e-07
6.77249039889e-07
8.00946652055e-08
6.94150172902e-07
5.12028827641e-08
7.21164283078e-07
1.86593045725e-08
7.656062405e-07
-2.66025200974e-08
8.09326386053e-07
-8.98431410405e-08
8.41277811204e-07
-1.65939512821e-07
8.46023084305e-07
-2.28018188443e-07
8.07165389559e-07
-2.4544326776e-07
7.62980201534e-07
-2.27067695724e-07
7.45037759957e-07
-1.85649423518e-07
7.62933715518e-07
-1.28651715332e-07
8.4995056515e-07
-7.929560113e-08
1.00295229958e-06
-5.37423766096e-08
1.13940660615e-06
-2.77815388277e-08
1.20503713255e-06
1.20994468428e-06
-4.6110536663e-09
2.37955186579e-07
5.42919641888e-07
2.59487089444e-07
5.21001324576e-07
2.63513332484e-07
5.62173589767e-07
1.98381468157e-07
6.7789207783e-07
5.49627822028e-08
8.19435291513e-07
-1.97186564143e-08
7.68725657598e-07
-6.98562647443e-08
7.71273579055e-07
-1.31117217109e-07
8.26819112621e-07
-2.17415361444e-07
8.95598218231e-07
-3.17217481447e-07
9.41091329647e-07
-4.06474798691e-07
9.35315949145e-07
-4.35046621121e-07
8.3573592535e-07
-4.14173441103e-07
7.42075584675e-07
-3.75766964286e-07
7.06591654265e-07
-3.24196266305e-07
7.11322422483e-07
-2.52249339807e-07
7.7796462129e-07
-1.77053907349e-07
9.27724972586e-07
-1.24155234983e-07
1.08648518373e-06
-7.15211724847e-08
1.15236072611e-06
1.16000270477e-06
-2.16673169009e-08
2.46852682858e-07
4.48660183197e-07
2.89837535043e-07
4.57272269687e-07
3.08687482129e-07
5.32369619039e-07
1.70376341997e-07
8.10833787163e-07
-1.91428532949e-07
1.18057776171e-06
-3.58438481992e-07
9.3641014286e-07
-4.6384685778e-07
8.76868518747e-07
-5.41483382375e-07
9.04585258388e-07
-5.91585678422e-07
9.45789080891e-07
-6.02374924239e-07
9.51926938951e-07
-5.76791981513e-07
9.09728525478e-07
-5.41084100855e-07
7.99971256056e-07
-5.02052482596e-07
7.02971023413e-07
-4.56687690053e-07
6.61157798535e-07
-4.0495988722e-07
6.59532181574e-07
-3.32953821914e-07
7.05898224713e-07
-2.48994799665e-07
8.43699781776e-07
-1.80225542568e-07
1.01764747964e-06
-1.10181472829e-07
1.08220356215e-06
1.0934764563e-06
-4.37911094312e-08
2.44355692846e-07
3.58031027415e-07
2.99976363779e-07
3.81464264682e-07
3.48928969391e-07
4.72617281644e-07
1.42331332412e-07
1.01231280023e-06
-2.69297968467e-07
1.5930877402e-06
-7.0631050958e-07
1.3745305735e-06
-8.56331131071e-07
1.02735393428e-06
-8.74166613263e-07
9.22603701529e-07
-8.2653236565e-07
8.98282456109e-07
-7.40546381505e-07
8.66016295529e-07
-6.37330595774e-07
8.06525172576e-07
-5.60226850809e-07
7.22822365927e-07
-5.09140702986e-07
6.51819291682e-07
-4.65246304989e-07
6.17198802086e-07
-4.20523133738e-07
6.14748191398e-07
-3.6119597034e-07
6.46507947543e-07
-2.7875507416e-07
7.61180877019e-07
-2.02863152557e-07
9.41672076247e-07
-1.28136122279e-07
1.00737719977e-06
1.01992319107e-06
-5.47202229461e-08
1.99728698284e-07
3.15694286126e-07
2.22678304967e-07
3.40801793728e-07
2.54135261305e-07
4.33038147406e-07
1.07672965623e-07
1.15425409134e-06
1.69501838402e-07
1.53059565564e-06
5.96560010628e-09
1.53828917651e-06
-4.37776516885e-07
1.47135806551e-06
-6.57767148011e-07
1.14287005668e-06
-6.63111332481e-07
9.03829111245e-07
-6.17858075543e-07
8.20881561758e-07
-5.51067663222e-07
7.39797715091e-07
-4.93863510207e-07
6.65627093114e-07
-4.52767506308e-07
6.10697309374e-07
-4.2085367663e-07
5.85243312508e-07
-3.9121619818e-07
5.8506172805e-07
-3.50173687334e-07
6.05405469391e-07
-2.75981496766e-07
6.86903373175e-07
-1.92147260669e-07
8.57737008868e-07
-1.21044747317e-07
9.36159684068e-07
9.48984688544e-07
-5.02291322993e-08
1.70693045951e-07
3.07424103816e-07
1.66884521164e-07
3.28185369872e-07
1.74395037058e-07
4.18894811653e-07
1.94302445547e-07
1.12951559626e-06
2.9738208512e-07
1.42582782276e-06
3.46644532729e-07
1.48850543859e-06
3.60014840441e-07
1.45790329038e-06
1.10732946134e-07
1.39220483934e-06
-2.25889270578e-07
1.240481279e-06
-3.23325457898e-07
9.18366709284e-07
-3.57771265817e-07
7.74275868221e-07
-3.67739214738e-07
6.75593261456e-07
-3.62315855565e-07
6.0525119103e-07
-3.51162087984e-07
5.74051977057e-07
-3.36927742185e-07
5.70776112097e-07
-3.13408005898e-07
5.81823731513e-07
-2.54944732813e-07
6.28351069153e-07
-1.63120280797e-07
7.65790527882e-07
-1.00441841373e-07
8.73346492334e-07
8.85370471941e-07
-3.70030400154e-08
1.53667163507e-07
3.23227784123e-07
1.28774547843e-07
3.37314978511e-07
4.15166837174e-08
4.98823261131e-07
1.25242840619e-07
1.04266357967e-06
2.78272666891e-07
1.27104345208e-06
4.13737907257e-07
1.35227347292e-06
4.93813236269e-07
1.37750485399e-06
5.30414685669e-07
1.35544844243e-06
4.63365237395e-07
1.307421082e-06
1.70770056545e-07
1.21088420002e-06
-4.14994781591e-08
9.86493786028e-07
-1.56091073266e-07
7.90138700287e-07
-2.26446096856e-07
6.75576540296e-07
-2.58126133461e-07
6.05693792186e-07
-2.6261918444e-07
5.75218749605e-07
-2.53639598029e-07
5.7277863241e-07
-2.18618278128e-07
5.93244479193e-07
-1.33934398011e-07
6.80971379815e-07
-7.49675581124e-08
8.14211746156e-07
8.3126984543e-07
-2.10536067033e-08
1.29451272076e-07
3.62278313688e-07
-1.40092340565e-08
4.71943279121e-07
-8.02348794645e-08
5.65761909311e-07
4.66790543701e-08
9.15703812585e-07
2.16257832369e-07
1.10049342334e-06
3.75863978157e-07
1.19197084077e-06
5.11515078849e-07
1.24144307996e-06
6.05403785426e-07
1.2612887053e-06
6.56760392891e-07
1.25585129656e-06
6.48545450407e-07
1.21891819712e-06
4.68343993277e-07
1.1665358173e-06
1.72910393353e-07
1.08545081704e-06
-1.55578037291e-08
8.63957829063e-07
-1.17889576656e-07
7.07970317398e-07
-1.67059528199e-07
6.2433913936e-07
-1.77330245875e-07
5.82989629706e-07
-1.64994765608e-07
5.80832182802e-07
-1.07857381815e-07
6.23717801176e-07
-4.53336001642e-08
7.51513547106e-07
7.87930994989e-07
-2.19423137772e-09
1.05761932852e-07
3.96675091407e-07
5.84235861084e-08
5.0836080201e-07
4.73614833709e-08
5.75955905178e-07
1.3510241987e-07
8.27906598795e-07
2.57850343168e-07
9.77064966094e-07
3.80710964782e-07
1.06851297558e-06
4.93260693055e-07
1.12843623137e-06
5.86279443377e-07
1.16793225632e-06
6.52754810204e-07
1.18910397319e-06
6.75774015496e-07
1.19566622065e-06
6.55340993411e-07
1.1867579267e-06
5.77107717877e-07
1.16348556471e-06
3.22030535611e-07
1.11886959968e-06
6.98937526662e-08
9.59988944639e-07
-3.70845871282e-08
7.31241524344e-07
-8.63578482559e-08
6.32199136377e-07
-9.35911256231e-08
5.87994925471e-07
-7.13409169937e-08
6.01378596974e-07
-1.2025726269e-08
6.92044528538e-07
7.55567253203e-07
2.01562151522e-08
1.32421870184e-07
3.94736451545e-07
1.05138957207e-07
5.1919227659e-07
1.07900768185e-07
5.69062587243e-07
1.89343069411e-07
7.45630766098e-07
2.79686057368e-07
8.85995485009e-07
3.73476104956e-07
9.74100910346e-07
4.60133699294e-07
1.04130246195e-06
5.36294465591e-07
1.09138521518e-06
5.9464586968e-07
1.13044423848e-06
6.31862461812e-07
1.15818092244e-06
6.40268372207e-07
1.17811527432e-06
6.13576625062e-07
1.18995543862e-06
5.51312909339e-07
1.18093111327e-06
3.54326160209e-07
1.15680729147e-06
1.24430162146e-07
9.61010997782e-07
2.44833367916e-08
7.32060505112e-07
-9.8832915985e-09
6.22291769977e-07
-1.29673697124e-08
6.04378462397e-07
2.47917131444e-08
6.54151750865e-07
7.31471798276e-07
4.8705153147e-08
1.38287091616e-07
3.84865813005e-07
1.26132244821e-07
5.11688787225e-07
1.41162930125e-07
5.46550680228e-07
2.1246117677e-07
6.71817764707e-07
2.84704346262e-07
8.12545960722e-07
3.54568272144e-07
9.03484000503e-07
4.20959240036e-07
9.74346730996e-07
4.78682572253e-07
1.03324163321e-06
5.27116926295e-07
1.08166195234e-06
5.60861801102e-07
1.12415202211e-06
5.78550447822e-07
1.16016976877e-06
5.7857653237e-07
1.18970140236e-06
5.47639937641e-07
1.21165766491e-06
4.85022996907e-07
1.21923972467e-06
2.70908742949e-07
1.17497830645e-06
1.44353132525e-07
8.5850920273e-07
7.54164932841e-08
6.91150843506e-07
5.6480031208e-08
6.23239132466e-07
6.68077867084e-08
6.43716401848e-07
7.13626904615e-07
8.44701606028e-08
1.42419292379e-07
3.7118180346e-07
1.3537177162e-07
4.9750628604e-07
1.55675110712e-07
5.16291838836e-07
2.28348027429e-07
5.9500256447e-07
2.97222310225e-07
7.4157852165e-07
3.50801107239e-07
8.48704092292e-07
3.96781915675e-07
9.27662725386e-07
4.38488688236e-07
9.91031112229e-07
4.73301446937e-07
1.04648770573e-06
5.01773236662e-07
1.09537248417e-06
5.21374051712e-07
1.14031407753e-06
5.30856379441e-07
1.17998202344e-06
5.28973944979e-07
1.21333056514e-06
5.10406836996e-07
1.23761383234e-06
4.56136694462e-07
1.22907906081e-06
2.49130732163e-07
1.06538248062e-06
1.57816277775e-07
7.82372690214e-07
1.22504676499e-07
6.58476404943e-07
1.13209502323e-07
6.52915579577e-07
7.03131072658e-07
1.23564687629e-07
1.40605428748e-07
3.59669047585e-07
1.32326741173e-07
4.83185688516e-07
1.49208744437e-07
4.87200135244e-07
2.7138897663e-07
4.66399738395e-07
3.32933947147e-07
6.76868356211e-07
3.68660389652e-07
8.11520291107e-07
3.94666756984e-07
9.0080307284e-07
4.15710481791e-07
9.6947246345e-07
4.35535510835e-07
1.02627019935e-06
4.5198906434e-07
1.0786257198e-06
4.65167417712e-07
1.12687399972e-06
4.72412317758e-07
1.17251432362e-06
4.71196206699e-07
1.21433797179e-06
4.57443459982e-07
1.25118140592e-06
4.14771584399e-07
1.27158372567e-06
3.14001402862e-07
1.16601244201e-06
2.25893717629e-07
8.70373139211e-07
1.79889922895e-07
7.04400884207e-07
1.6043746937e-07
6.72283534895e-07
7.0351389121e-07
1.59917569778e-07
1.52502750096e-07
3.35922123406e-07
1.55756097794e-07
4.55224702439e-07
1.87394582223e-07
4.4126079732e-07
2.33268155622e-07
4.1377860781e-07
3.3309913696e-07
5.7415405918e-07
3.6464605467e-07
7.78251272145e-07
3.76915320008e-07
8.876374129e-07
3.8672057489e-07
9.59100787174e-07
3.94960321095e-07
1.01767027791e-06
4.03693961763e-07
1.06959528737e-06
4.10671782333e-07
1.11966067351e-06
4.15643528134e-07
1.16732308575e-06
4.15985438149e-07
1.21380469583e-06
4.09539393639e-07
1.2574477866e-06
3.90751393566e-07
1.29021033639e-06
3.34448401965e-07
1.22217457156e-06
2.70229014672e-07
9.34479902115e-07
2.25998470243e-07
7.48547303927e-07
2.00822996136e-07
6.97376333551e-07
7.14271460732e-07
1.89955075041e-07
1.48513099034e-07
3.16848459995e-07
1.4921135524e-07
4.28518947593e-07
1.88576295731e-07
3.86306617757e-07
2.0408108998e-07
3.91610587041e-07
2.96052547333e-07
4.79494881845e-07
3.2717981202e-07
7.45819190882e-07
3.37164968458e-07
8.76906347286e-07
3.41309929687e-07
9.5451835395e-07
3.46152242332e-07
1.01249255551e-06
3.51108712339e-07
1.06438895443e-06
3.57426690672e-07
1.11311560475e-06
3.62790739749e-07
1.16176553513e-06
3.66684963044e-07
1.20972601934e-06
3.66531463842e-07
1.25743513606e-06
3.58735193359e-07
1.29785064429e-06
3.33708008387e-07
1.24706318128e-06
2.94992015201e-07
9.73082041663e-07
2.59783127886e-07
7.83669772394e-07
2.31583695085e-07
7.25501621709e-07
7.33168277756e-07
2.12585413786e-07
1.60573396792e-07
2.84955519906e-07
1.72709585246e-07
3.88730077141e-07
1.81992434891e-07
3.62211312944e-07
1.83020005115e-07
3.84408212265e-07
2.02377262908e-07
4.58027661333e-07
2.61398495477e-07
6.8576518662e-07
2.78184296914e-07
8.59492454774e-07
2.85555244275e-07
9.46730717746e-07
2.90598414837e-07
1.00716815935e-06
2.97210654107e-07
1.05753673556e-06
3.04205079018e-07
1.1059247344e-06
3.12335110341e-07
1.15344892986e-06
3.19545864934e-07
1.20234943842e-06
3.25522340308e-07
1.25129904614e-06
3.28055040417e-07
1.29516957971e-06
3.26398163104e-07
1.24858451488e-06
3.09206256034e-07
9.90161873919e-07
2.82441537564e-07
8.10351360298e-07
2.53574296498e-07
7.5429228107e-07
7.5802619661e-07
2.28629459767e-07
1.59618603331e-07
2.53952655985e-07
1.70359465911e-07
3.49374122942e-07
1.66797005317e-07
3.51268212249e-07
1.57779955154e-07
3.87859456649e-07
1.62332568865e-07
4.51761326047e-07
2.45892858934e-07
6.01443478546e-07
2.51192204985e-07
8.53669952687e-07
2.48853634537e-07
9.48734623945e-07
2.4901605271e-07
1.00674457826e-06
2.51415662698e-07
1.05493282424e-06
2.57241095034e-07
1.0999109257e-06
2.64397614436e-07
1.14612773626e-06
2.73228009701e-07
1.19336016131e-06
2.81790475738e-07
1.24258927062e-06
2.91527354723e-07
1.28529037709e-06
3.15022513674e-07
1.22495824096e-06
3.17811377404e-07
9.87262379677e-07
2.98465968384e-07
8.29611095223e-07
2.69140906809e-07
7.83551615048e-07
7.87454338701e-07
2.3963289097e-07
1.41322133906e-07
2.48397535859e-07
1.60659431143e-07
3.02710696897e-07
1.4482541943e-07
3.5424542051e-07
1.30868280505e-07
3.9756641704e-07
1.27063392175e-07
4.54428619228e-07
1.51216418072e-07
5.76867905119e-07
1.73497772236e-07
8.31037105032e-07
1.82342152208e-07
9.39618806009e-07
1.88395370042e-07
1.00048106577e-06
1.9549221386e-07
1.04764757937e-06
2.02776381764e-07
1.09246409898e-06
2.11444582102e-07
1.13730357723e-06
2.19814413287e-07
1.18484750618e-06
2.29255610323e-07
1.23300863383e-06
2.43616268417e-07
1.27079594968e-06
3.03864813697e-07
1.16458502952e-06
3.22802484356e-07
9.68220053064e-07
3.10012782911e-07
8.42328832427e-07
2.8006331956e-07
8.13432288015e-07
8.21459452996e-07
2.45978203839e-07
1.57713640059e-07
2.44889708659e-07
1.35198931923e-07
3.02934573423e-07
1.11575983753e-07
3.68459973998e-07
9.60565642115e-08
4.10415201767e-07
8.81676032884e-08
4.61714836021e-07
1.00762995093e-07
5.64052125454e-07
1.32753576871e-07
7.98799395937e-07
1.41781928944e-07
9.30371254779e-07
1.47887403638e-07
9.94184108743e-07
1.53280019244e-07
1.04209020688e-06
1.59781962585e-07
1.08580745952e-06
1.66123586084e-07
1.13082154701e-06
1.73354348162e-07
1.17748051615e-06
1.81510712482e-07
1.22472186339e-06
2.14007235586e-07
1.23817079155e-06
3.05314228149e-07
1.07315786151e-06
3.29472993727e-07
9.43962352602e-07
3.17321555884e-07
8.54403513813e-07
2.86773397123e-07
8.43919877023e-07
8.63545357721e-07
2.44618753951e-07
1.50063242543e-07
2.5731293732e-07
1.00925090675e-07
3.30627925391e-07
7.54737178899e-08
3.87095418146e-07
6.00018418048e-08
4.24450335895e-07
4.96838286962e-08
4.71776708345e-07
5.38728136534e-08
5.5975457562e-07
1.15635996509e-07
7.36871301108e-07
1.25184589441e-07
9.20635835143e-07
1.28582255507e-07
9.90617946373e-07
1.32371851836e-07
1.03814493426e-06
1.36885307584e-07
1.08115355042e-06
1.43899303398e-07
1.12367286121e-06
1.53904523115e-07
1.16734821201e-06
1.77541022383e-07
1.20095985944e-06
2.68222292533e-07
1.14736752643e-06
3.20446055879e-07
1.0208232526e-06
3.40794603531e-07
9.23529990882e-07
3.21781009277e-07
8.73364491828e-07
2.90549605868e-07
8.75096968579e-07
9.20059443145e-07
2.33964140554e-07
1.20192616044e-07
2.94628219973e-07
6.53762268075e-08
3.63873784802e-07
4.27927335963e-08
4.05321112474e-07
2.7100334811e-08
4.3956806427e-07
1.39086118348e-08
4.84888022123e-07
1.39704730492e-08
5.5963274495e-07
4.66041277483e-08
7.04130184955e-07
8.68804671719e-08
8.80210625926e-07
1.0337066243e-07
9.73974579092e-07
1.12042271844e-07
1.02933082632e-06
1.19809553941e-07
1.07325118122e-06
1.28721003569e-07
1.11463434686e-06
1.4776676519e-07
1.14817879281e-06
2.02637524117e-07
1.14596660091e-06
2.98020981996e-07
1.05186717846e-06
3.42105867618e-07
9.76643442766e-07
3.50706150545e-07
9.1486184551e-07
3.25691867989e-07
8.98339478983e-07
2.8405308879e-07
9.16687525966e-07
9.86773360655e-07
2.17240305119e-07
8.27441583895e-08
3.52807407142e-07
3.49397752749e-08
3.91290401126e-07
1.61495766918e-08
4.22175276931e-07
-6.5311315415e-10
4.5630355859e-07
-1.78483264235e-08
5.02066960864e-07
-2.28640694824e-08
5.64611399385e-07
4.39310560575e-09
6.76800136943e-07
6.68750082921e-08
8.17614084813e-07
9.618742079e-08
9.4452887097e-07
1.10563393336e-07
1.01482128449e-06
1.21552091396e-07
1.06213480704e-06
1.40807103412e-07
1.09525568115e-06
1.87514720961e-07
1.10135101031e-06
2.79571912988e-07
1.05379254504e-06
3.30195954711e-07
1.00114280465e-06
3.59051797688e-07
9.47717982658e-07
3.50415465526e-07
9.23461040789e-07
3.19445213354e-07
9.29257690132e-07
2.55974240141e-07
9.80050199644e-07
1.04436116677e-06
1.98342142023e-07
4.91462460165e-08
3.73904916802e-07
1.65298248796e-08
4.1087177588e-07
1.13101928709e-10
4.38441753952e-07
-1.85489487423e-08
4.75087040428e-07
-3.90039845578e-08
5.22514944625e-07
-5.18347153624e-08
5.77416215428e-07
-3.26164692458e-08
6.57533298046e-07
1.04806110185e-08
7.74436201428e-07
6.56525219753e-08
8.89252361596e-07
1.04345826725e-07
9.76014268184e-07
1.36962693485e-07
1.02940339863e-06
1.88119388771e-07
1.04398607895e-06
2.5752456609e-07
1.03183762176e-06
3.10251345737e-07
1.00096940292e-06
3.49822460029e-07
9.6149222833e-07
3.56618996563e-07
9.40854948403e-07
3.36717769498e-07
9.43298219605e-07
2.86995777494e-07
9.78893092632e-07
2.19266206392e-07
1.04776797684e-06
1.09082173838e-06
1.72748191438e-07
3.23041269907e-08
3.99982674289e-07
1.13631994926e-08
4.26567134677e-07
-5.11477137135e-09
4.55198359308e-07
-2.54375951451e-08
4.95523707374e-07
-4.71714477626e-08
5.44238218082e-07
-6.65981036439e-08
5.96823032341e-07
-6.51288364473e-08
6.5603053533e-07
-2.71984105311e-08
7.36446172313e-07
2.65019090976e-08
8.35466325474e-07
8.36269053159e-08
9.18790495346e-07
1.43376551898e-07
9.69552886094e-07
2.00391064581e-07
9.86873386364e-07
2.55002691477e-07
9.77137766515e-07
3.02448118135e-07
9.53453624369e-07
3.23626293103e-07
9.40262126136e-07
3.16726535062e-07
9.47717792038e-07
2.82452225255e-07
9.7754026881e-07
2.19938867537e-07
1.04142642793e-06
1.74183068522e-07
1.09348940417e-06
1.12925990002e-06
1.35706984541e-07
2.83450326734e-08
4.603395599e-07
1.37271481183e-08
4.40762302973e-07
-4.04004854867e-09
4.73408216666e-07
-2.48132569858e-08
5.16336923981e-07
-4.65611471531e-08
5.65974110866e-07
-6.73590027588e-08
6.17598351218e-07
-8.21422798887e-08
6.70792562606e-07
-7.1218515007e-08
7.25492184374e-07
-2.71066120101e-08
7.91308191562e-07
3.10731042372e-08
8.60556587525e-07
8.88308771445e-08
9.11739655699e-07
1.43422927823e-07
9.32230179443e-07
1.91654445704e-07
9.28862057972e-07
2.25659664317e-07
9.19414122331e-07
2.36253599506e-07
9.2963572717e-07
2.23204928636e-07
9.60744416386e-07
1.77509232555e-07
1.02324327243e-06
1.38054293451e-07
1.08084304087e-06
1.10221014078e-07
1.12129142836e-06
1.15313582416e-06
8.63290547966e-08
5.10366836382e-08
5.67479457543e-07
2.99349161788e-08
4.59986301658e-07
7.59803138037e-09
4.95351445541e-07
-1.50775208765e-08
5.38928458198e-07
-3.73472466808e-08
5.88216597783e-07
-5.90170556996e-08
6.39256540251e-07
-7.82169870094e-08
6.89976667098e-07
-9.16177735798e-08
7.38874174808e-07
-8.20553844984e-08
7.81731887941e-07
-4.77243364225e-08
8.26207067612e-07
-4.37347799569e-09
8.68357361701e-07
3.21190604404e-08
8.95711202197e-07
6.24480621786e-08
8.98509360444e-07
8.20872115484e-08
8.99754937319e-07
9.07817039404e-08
9.20927305743e-07
7.80405953502e-08
9.73478433353e-07
5.40867112927e-08
1.04717159667e-06
4.23598372245e-08
1.09255526988e-06
3.35324248455e-08
1.13012609797e-06
1.15734290583e-06
2.93172171569e-08
9.35389003966e-08
6.45766746997e-07
5.30460744606e-08
4.95598637517e-07
2.10300964396e-08
5.26349562232e-07
-7.5089508147e-09
5.67371611015e-07
-3.36618572033e-08
6.14402313428e-07
-5.76146989053e-08
6.63227573689e-07
-7.94417002394e-08
7.11816261553e-07
-9.86808864932e-08
7.58115618173e-07
-1.15824540089e-07
7.98877749015e-07
-1.19032383194e-07
8.29426840873e-07
-1.13639716385e-07
8.62967845037e-07
-1.08911573468e-07
8.91005476582e-07
-1.02989612145e-07
8.92602568504e-07
-9.8586695731e-08
8.95362109829e-07
-9.64961414872e-08
9.18842168594e-07
-9.29869913785e-08
9.69970520903e-07
-7.75350639936e-08
1.03172568343e-06
-6.3239486396e-08
1.07827674126e-06
-4.69477570544e-08
1.11383854455e-06
1.1382939431e-06
-2.78716320211e-08
1.21599536469e-07
6.89637609596e-07
4.49815763456e-08
5.6332739776e-07
-9.50415622973e-09
5.79599991997e-07
-4.69396593072e-08
6.05044516431e-07
-7.33495086559e-08
6.41025812549e-07
-9.35018066633e-08
6.8353399424e-07
-1.12303593457e-07
7.30704907731e-07
-1.31519325216e-07
7.77391282454e-07
-1.57738541868e-07
8.2515580624e-07
-1.95083721492e-07
8.66799072552e-07
-2.37392296709e-07
9.05389343586e-07
-2.66631836951e-07
9.2030456931e-07
-2.85023374006e-07
9.11034989768e-07
-2.95291357984e-07
9.05656119112e-07
-2.93881331517e-07
9.17452599495e-07
-2.70253734326e-07
9.46363052017e-07
-2.25983653851e-07
9.87477213188e-07
-1.78297483095e-07
1.03060989187e-06
-1.29473475721e-07
1.06504399282e-06
1.08710834317e-06
-7.82691173408e-08
1.6253071936e-07
6.9767115294e-07
6.1716912135e-08
6.53146872024e-07
-1.61015527104e-08
6.54360026197e-07
-6.86103606435e-08
6.56902567242e-07
-9.85101453615e-08
6.71013922814e-07
-1.17257436975e-07
7.02410006523e-07
-1.32284166698e-07
7.45769236921e-07
-1.55654383234e-07
8.00777000188e-07
-1.99956856708e-07
8.69447263654e-07
-2.70225688615e-07
9.37142151472e-07
-3.44296634558e-07
9.79510514394e-07
-3.97354459543e-07
9.73421953014e-07
-4.35234349957e-07
9.48970676619e-07
-4.54774653781e-07
9.25249024805e-07
-4.50162254398e-07
9.12893602383e-07
-4.16160992395e-07
9.12409945611e-07
-3.58199856362e-07
9.29536615857e-07
-2.85199662731e-07
9.57641067686e-07
-2.0627722911e-07
9.8615533034e-07
1.00454230911e-06
-1.23674569513e-07
2.55406581755e-07
6.11647625409e-07
2.09173038596e-07
6.66628156088e-07
1.514581452e-07
6.93583848221e-07
9.63191837261e-08
7.03760492519e-07
4.6212445005e-08
7.17956032196e-07
1.02901571661e-09
7.46581451222e-07
-4.42063580398e-08
7.90781828128e-07
-9.69656373851e-08
8.53573646492e-07
-1.60208287689e-07
9.32823338271e-07
-2.259875935e-07
1.00305678656e-06
-2.91271612704e-07
1.04491697443e-06
-3.57083803719e-07
1.03932599707e-06
-4.19077974379e-07
1.01103469349e-06
-4.62743575367e-07
9.6897225366e-07
-4.75178756001e-07
9.25384658052e-07
-4.52497811251e-07
8.8979773454e-07
-3.99510524846e-07
8.76628403674e-07
-3.27221116596e-07
8.85406427519e-07
-2.43701441766e-07
9.02683139281e-07
9.14490781533e-07
-1.53607851495e-07
2.51651655983e-07
4.72224202602e-07
2.42228784337e-07
6.37258663479e-07
2.42781933267e-07
6.71546557999e-07
2.37815919434e-07
6.97345388983e-07
2.1968288623e-07
7.3046924364e-07
1.87144514123e-07
7.76588304641e-07
1.40741066513e-07
8.36173145542e-07
8.63668220274e-08
9.07608757056e-07
3.64352649175e-08
9.82677513904e-07
-3.8976707541e-09
1.04339691369e-06
-4.03291463347e-08
1.08138278763e-06
-9.53477985927e-08
1.0943887289e-06
-1.72335410999e-07
1.08807572065e-06
-2.57842339979e-07
1.05454381043e-06
-3.24448835513e-07
9.92041160929e-07
-3.47988860468e-07
9.13373037166e-07
-3.24127588259e-07
8.5282224354e-07
-2.73787863191e-07
8.35120701008e-07
-2.1067761202e-07
8.39618862669e-07
8.4699711451e-07
-1.43140567049e-07
1.05593265547e-07
1.24175665421e-07
1.46386331795e-07
1.66038902026e-07
1.77716269465e-07
1.78410407624e-07
1.68005490512e-07
1.52151507608e-07
1.39374650582e-07
1.30002594283e-07
1.15287939096e-07
8.72440209636e-08
4.18916592609e-08
-2.84187430153e-08
-1.14198142754e-07
-1.68891391313e-07
-1.66706591264e-07
-1.41731560433e-07
-1.08643348695e-07
-7.30408603503e-08
-2.44233834468e-08
3.03391459061e-07
-2.19361875248e-08
2.83771874005e-07
-1.96028712686e-08
2.66753784248e-07
-1.7450591895e-08
2.51404188929e-07
-1.54930016003e-08
2.37486473144e-07
-1.36735655776e-08
2.24723693755e-07
-1.19331795977e-08
2.12215197923e-07
-1.02996991491e-08
1.97118962374e-07
-8.82121307533e-09
1.76285841061e-07
-7.42192106217e-09
1.53344835446e-07
-6.04714069486e-09
1.31450467966e-07
-4.65655355275e-09
1.1138745776e-07
-3.24671565516e-09
9.36545497313e-08
-1.88986504207e-09
7.8333441855e-08
-7.50325369363e-10
6.49184780131e-08
5.23264785427e-08
-6.90755898059e-08
8.41727197206e-07
-6.23516499748e-08
5.23209234725e-07
-5.18141961476e-08
3.78315143449e-07
-4.527087992e-08
3.2359526437e-07
-4.01806043581e-08
2.98297478655e-07
-3.55807858571e-08
2.7916998969e-07
-3.13782606074e-08
2.62550242313e-07
-2.75740466136e-08
2.47599635733e-07
-2.4120899151e-08
2.34033253711e-07
-2.09392522805e-08
2.21542043906e-07
-1.7994456512e-08
2.09270400488e-07
-1.53596873822e-08
1.9448419555e-07
-1.30449344455e-08
1.73971086748e-07
-1.09087958489e-08
1.51208697056e-07
-8.86882816738e-09
1.29410498422e-07
-6.8633540718e-09
1.09381982453e-07
-4.86871600115e-09
9.16599091862e-08
-2.94174346045e-09
7.6406466152e-08
-1.24790193117e-09
6.32246330555e-08
5.10785764122e-08
-7.63541060514e-08
8.84367386112e-07
-7.79464001015e-08
5.24667389985e-07
-6.94027034432e-08
3.69738036349e-07
-6.14140400356e-08
3.1559983706e-07
-5.42354936784e-08
2.91115852545e-07
-4.77184741136e-08
2.72651301436e-07
-4.18320827242e-08
2.56663090541e-07
-3.65278149155e-08
2.42295134802e-07
-3.17103388716e-08
2.29215728422e-07
-2.72912493244e-08
2.17122947887e-07
-2.32600919269e-08
2.05239236821e-07
-1.97332519918e-08
1.90957352177e-07
-1.66867460782e-08
1.70924574242e-07
-1.39145291475e-08
1.48436475897e-07
-1.13059478144e-08
1.26801910245e-07
-8.77830631544e-09
1.06854336822e-07
-6.28732134393e-09
8.91689177544e-08
-3.87215470534e-09
7.39912937636e-08
-1.69443298683e-09
6.10469055232e-08
4.93841434017e-08
-7.40156800795e-08
9.58146305985e-07
-8.73989447785e-08
5.37933538038e-07
-8.19006659266e-08
3.64210246529e-07
-7.29869512036e-08
3.06680206761e-07
-6.44120838985e-08
2.82538303471e-07
-5.65963352873e-08
2.64834134169e-07
-4.95347735815e-08
2.49600901792e-07
-4.31461169958e-08
2.35906293097e-07
-3.73217766422e-08
2.23391352736e-07
-3.19777802324e-08
2.11778950724e-07
-2.71265481147e-08
2.00388004278e-07
-2.29281140945e-08
1.86758919869e-07
-1.93431500913e-08
1.67339610057e-07
-1.61116362771e-08
1.45204962885e-07
-1.30977972226e-08
1.2378807104e-07
-1.02010332595e-08
1.03957573081e-07
-7.35779046298e-09
8.63256746509e-08
-4.58819866582e-09
7.12217014575e-08
-2.04583279426e-09
5.85045389826e-08
4.73383106277e-08
-4.90607420772e-08
1.02809748453e-06
-8.22611677779e-08
5.71036352394e-07
-8.5457529758e-08
3.67376995868e-07
-7.78670247059e-08
2.9908403534e-07
-6.92933322897e-08
2.73962116579e-07
-6.11702810862e-08
2.56709755991e-07
-5.36782877798e-08
2.42108316349e-07
-4.67976873639e-08
2.29025515884e-07
-4.04601207998e-08
2.17053751627e-07
-3.46091892489e-08
2.05928018855e-07
-2.92852322136e-08
1.95064047039e-07
-2.46939511727e-08
1.82167641198e-07
-2.08087083234e-08
1.63454367349e-07
-1.73332991302e-08
1.41729555327e-07
-1.41114342075e-08
1.2056620661e-07
-1.10292055306e-08
1.00875345534e-07
-8.00613559786e-09
8.33026052692e-08
-5.04228491189e-09
6.82578514456e-08
-2.27911058046e-09
5.57413653615e-08
4.50592001591e-08
-2.05883487134e-08
1.05587594431e-06
-7.00538223722e-08
6.20354928518e-07
-8.33577264775e-08
3.80633648941e-07
-7.84012660555e-08
2.94120095316e-07
-7.03940081822e-08
2.65952152205e-07
-6.24026228653e-08
2.48716988272e-07
-5.4879744317e-08
2.34584811158e-07
-4.7881534573e-08
2.22027112427e-07
-4.13812110014e-08
2.10553391411e-07
-3.53484576222e-08
1.9989526742e-07
-2.98408501529e-08
1.89556442855e-07
-2.50972640257e-08
1.77424060353e-07
-2.11239585433e-08
1.59481065721e-07
-1.7603630567e-08
1.3820923167e-07
-1.43603886623e-08
1.17322968916e-07
-1.12696222405e-08
9.77845825068e-08
-8.235256391e-09
8.02682432029e-08
-5.23540713475e-09
6.5258005445e-08
-2.39433801868e-09
5.2900299532e-08
4.26648621819e-08
-1.17397689615e-09
1.05233157148e-06
-6.29450285597e-08
6.82025268917e-07
-7.9951147212e-08
3.97579872199e-07
-7.72809965408e-08
2.91439094434e-07
-6.94228409202e-08
2.58090775134e-07
-6.1398733365e-08
2.40691290018e-07
-5.38704487336e-08
2.27055765524e-07
-4.68925084082e-08
2.15048909987e-07
-4.04247046259e-08
2.04085529624e-07
-3.44308572107e-08
1.93901416191e-07
-2.89598758285e-08
1.84085462051e-07
-2.42594667845e-08
1.72723653924e-07
-2.03774015216e-08
1.55599001356e-07
-1.69868690537e-08
1.34818701305e-07
-1.38902916088e-08
1.14226392601e-07
-1.09531446738e-08
9.48474373863e-08
-8.06441634934e-09
7.73795157324e-08
-5.17807042304e-09
6.23716606766e-08
-2.39544099205e-09
5.0117671426e-08
4.02694213009e-08
1.00747262169e-08
1.02046681801e-06
-4.86266307217e-08
7.40584110393e-07
-7.02745185481e-08
4.19140207843e-07
-7.17164846799e-08
2.92861657635e-07
-6.48216179061e-08
2.51191369573e-07
-5.72291020013e-08
2.3309675547e-07
-5.00783204392e-08
2.19903985315e-07
-4.3474427833e-08
2.08444635268e-07
-3.73671973848e-08
1.97978205654e-07
-3.17138690663e-08
1.8824808e-07
-2.65519598048e-08
1.78923556282e-07
-2.21257869729e-08
1.68297486098e-07
-1.85349115019e-08
1.52008130203e-07
-1.54607937416e-08
1.31744587826e-07
-1.26854262429e-08
1.11451029483e-07
-1.00671825816e-08
9.22291973596e-08
-7.48272036793e-09
7.47950571183e-08
-4.86139211878e-09
5.97503356396e-08
-2.2765926065e-09
4.75328751862e-08
3.79928287416e-08
9.93201571081e-10
9.75520768414e-07
-1.88431379721e-08
7.60224121955e-07
-5.00322079813e-08
4.50197454132e-07
-5.87207199347e-08
3.01513007838e-07
-5.49440011132e-08
2.47407281773e-07
-4.89081231025e-08
2.27058131635e-07
-4.28930478729e-08
2.13887551729e-07
-3.72406666953e-08
2.02791672623e-07
-3.1962763239e-08
1.92700132553e-07
-2.70414375325e-08
1.83326728705e-07
-2.25207672414e-08
1.74402885821e-07
-1.86404248681e-08
1.64417146423e-07
-1.55642959523e-08
1.48932002944e-07
-1.30066230862e-08
1.29186917322e-07
-1.07341988979e-08
1.09178606937e-07
-8.60308906625e-09
9.00980897598e-08
-6.48243139726e-09
7.26744004276e-08
-4.27868602226e-09
5.75465915764e-08
-2.03324995773e-09
4.52874406022e-08
3.59595788862e-08
-3.32053926493e-09
9.239785372e-07
6.307519145e-09
7.50436355344e-07
-2.62558764436e-08
4.82632722508e-07
-4.09532114575e-08
3.16152836316e-07
-4.14513650143e-08
2.47893088885e-07
-3.75150347517e-08
2.231179882e-07
-3.30328972346e-08
2.09403586641e-07
-2.86844911855e-08
1.98442405247e-07
-2.45652926478e-08
1.88580638013e-07
-2.06777854793e-08
1.79439165264e-07
-1.70718007139e-08
1.70796899265e-07
-1.39697471575e-08
1.61315097507e-07
-1.16000507343e-08
1.46562310483e-07
-9.73135064286e-09
1.27318221358e-07
-8.11954543272e-09
1.07566805678e-07
-6.62183573726e-09
8.8600383677e-08
-5.10455302776e-09
7.11571208371e-08
-3.45411581266e-09
5.58961573415e-08
-1.67609195528e-09
4.35094198203e-08
3.42834870324e-08
2.16907504753e-09
8.71420922607e-07
2.32894989423e-08
7.29153350153e-07
-2.94520297325e-09
5.08707853594e-07
-2.05421273676e-08
3.33661503102e-07
-2.57545709947e-08
2.53082730502e-07
-2.4224923369e-08
2.21582491235e-07
-2.14206909506e-08
2.0659683482e-07
-1.85209291344e-08
1.95541392474e-07
-1.57293844351e-08
1.85788590074e-07
-1.30603340641e-08
1.76769992159e-07
-1.05545167784e-08
1.68291069544e-07
-8.40017415413e-09
1.59160759152e-07
-6.87745711274e-09
1.4503959698e-07
-5.82383114198e-09
1.26264599597e-07
-4.98912944114e-09
1.06732107631e-07
-4.23354734703e-09
8.78448052482e-08
-3.42501114994e-09
7.03485875151e-08
-2.43365239519e-09
5.49048015121e-08
-1.22624941134e-09
4.230201991e-08
3.30572377404e-08
1.20400369847e-08
8.22193171228e-07
3.87843799148e-08
7.02215698533e-07
1.8369679488e-08
5.2894822758e-07
5.13235198857e-10
3.51403173069e-07
-8.39693016879e-09
2.61953564339e-07
-9.55989219573e-09
2.22735941858e-07
-8.54962039897e-09
2.05583059953e-07
-7.19235115523e-09
1.94182384915e-07
-5.8351354812e-09
1.84430582794e-07
-4.51309483914e-09
1.75447711319e-07
-3.24515130402e-09
1.67023090158e-07
-2.17649601028e-09
1.58092107176e-07
-1.61468938802e-09
1.44477794633e-07
-1.46657961314e-09
1.26116494642e-07
-1.48825642315e-09
1.06753788819e-07
-1.54707233311e-09
8.7903625177e-08
-1.51835472364e-09
7.03198735371e-08
-1.26195270788e-09
5.46484029392e-08
-7.03952036879e-10
4.17440228199e-08
3.23532858101e-08
2.2818650787e-08
7.78114008955e-07
5.10570458523e-08
6.73777640597e-07
3.85048370613e-08
5.41312672532e-07
2.12668966138e-08
3.68507711283e-07
1.05346413672e-08
2.72626857993e-07
6.45448711776e-09
2.26800472359e-07
5.4445612774e-09
2.0658806075e-07
5.10626010411e-09
1.94518369787e-07
4.90700678518e-09
1.84628692774e-07
4.76387113787e-09
1.75590426675e-07
4.67185058352e-09
1.67115024826e-07
4.52103283613e-09
1.58242922613e-07
4.01344040758e-09
1.44985390717e-07
3.1862883319e-09
1.26943651396e-07
2.25542375985e-09
1.07684657262e-07
1.33920942542e-09
8.88198433626e-08
5.48577478354e-10
7.11105085687e-08
2.44734152467e-11
5.5172510058e-08
-1.2360113119e-10
4.1892100569e-08
3.22296847805e-08
3.37673910119e-08
7.41944875793e-07
5.85036855623e-08
6.48833457264e-07
5.80897179151e-08
5.41519886642e-07
4.17157018872e-08
3.84723976877e-07
3.02209044749e-08
2.8404247665e-07
2.34272806584e-08
2.33569640997e-07
2.02004658703e-08
2.09807889611e-07
1.80355218068e-08
1.96680329167e-07
1.61854927363e-08
1.86477200032e-07
1.4499348229e-08
1.77275922566e-07
1.29643682468e-08
1.68649835166e-07
1.14981256024e-08
1.59709150036e-07
9.84223133104e-09
1.46641288022e-07
7.99233130904e-09
1.28793555931e-07
6.12048010804e-09
1.09556512161e-07
4.32492164016e-09
9.06154053914e-08
2.69905004873e-09
7.27363832285e-08
1.37683984848e-09
5.64947231751e-08
4.93628054678e-10
4.27753154125e-08
3.27233129286e-08
4.82649884442e-08
7.13639020229e-07
6.87540483254e-08
6.28151370839e-07
7.46410241671e-08
5.35436567704e-07
6.06916472332e-08
3.98517891605e-07
4.8894939194e-08
2.95749147793e-07
4.02683868345e-08
2.42162970786e-07
3.4937932334e-08
2.15128826142e-07
3.09768997955e-08
2.00637688864e-07
2.74910726293e-08
1.89961155932e-07
2.42713710103e-08
1.80494737321e-07
2.12870548085e-08
1.71633866442e-07
1.84850444011e-08
1.62511120376e-07
1.56618750203e-08
1.49464458279e-07
1.27830226296e-08
1.31672412717e-07
9.97220902991e-09
1.12367329168e-07
7.30395438104e-09
9.32836634358e-08
4.85227489802e-09
7.51880655016e-08
2.73994798405e-09
5.86070527728e-08
1.12100019932e-09
4.43942659959e-08
3.38443132068e-08
6.82753930839e-08
6.93872565221e-07
8.34256917761e-08
6.12807981948e-07
8.93572465628e-08
5.29322742425e-07
7.79374143785e-08
4.09776391457e-07
6.58957896996e-08
3.07692093059e-07
5.6189615728e-08
2.51828399797e-07
4.90633125624e-08
2.22242772752e-07
4.34191949473e-08
2.06277443776e-07
3.83773733136e-08
1.95000821241e-07
3.36922594914e-08
1.85178759526e-07
2.93139784821e-08
1.76011735985e-07
2.5213832285e-08
1.6661118841e-07
2.12538610459e-08
1.53424425516e-07
1.73804603795e-08
1.35545817187e-07
1.36686429283e-08
1.16079149459e-07
1.01672602924e-08
9.67850488915e-08
6.93002248418e-09
7.84253057311e-08
4.06466203626e-09
6.14724154755e-08
1.73569909397e-09
4.67232313002e-08
3.55800123676e-08
9.40780785147e-08
6.84084220006e-07
1.01716911486e-07
6.04988314118e-07
1.04320215682e-07
5.26536553208e-07
9.38652973582e-08
4.20079642683e-07
8.14374358885e-08
3.20020535145e-07
7.08877409995e-08
2.62333147363e-07
6.22635339e-08
2.30852272319e-07
5.50494132892e-08
2.13486601539e-07
4.85368831702e-08
2.0151100521e-07
4.24708355056e-08
1.91243577845e-07
3.67838041429e-08
1.81698247972e-07
3.14606155115e-08
1.71934254623e-07
2.64302311909e-08
1.58454798163e-07
2.16285664437e-08
1.4034748534e-07
1.7082886385e-08
1.20624831965e-07
1.28151860512e-08
1.01052751785e-07
8.85861407566e-09
8.23818797299e-08
5.3030421099e-09
6.50279893556e-08
2.31542794724e-09
4.97108474603e-08
3.78954403663e-08
1.2241242775e-07
6.8506290555e-07
1.21715883675e-07
6.05517244271e-07
1.19206685268e-07
5.28889032328e-07
1.08166789339e-07
4.30971634249e-07
9.53325679511e-08
3.32756233388e-07
8.40109709515e-08
2.73608104817e-07
7.4149838491e-08
2.40697247347e-07
6.55226458202e-08
2.22108408343e-07
5.76551741476e-08
2.0937603404e-07
5.03208857168e-08
1.98576571062e-07
4.34416753602e-08
1.88576869401e-07
3.70085117762e-08
1.7836725611e-07
3.10106742538e-08
1.64452615063e-07
2.53789562347e-08
1.45979205816e-07
2.00948410799e-08
1.25908948971e-07
1.5153502849e-08
1.05994092003e-07
1.05681477017e-08
8.6967236479e-08
6.40914239901e-09
6.91869961264e-08
2.83842417186e-09
5.32815672287e-08
4.07338645826e-08
1.49575157132e-07
6.95249995378e-07
1.40924361122e-07
6.14004849943e-07
1.3255345173e-07
5.37099132612e-07
1.20097037142e-07
4.43295143023e-07
1.06892002476e-07
3.45869471765e-07
9.49631849285e-08
2.85491862866e-07
8.41592171026e-08
2.51484917366e-07
7.43702749771e-08
2.31891866594e-07
6.53439600281e-08
2.18399914924e-07
5.69166896563e-08
2.07002545305e-07
4.9012731526e-08
1.96480211892e-07
4.16301712972e-08
1.85749629944e-07
3.48115338249e-08
1.7127122505e-07
2.8483782314e-08
1.52306959094e-07
2.25867604606e-08
1.31805972454e-07
1.70908755739e-08
1.11489978687e-07
1.19912865984e-08
9.2066826856e-08
7.33858847928e-09
7.38396955219e-08
3.28333450786e-09
5.73368225276e-08
4.40171991239e-08
1.72372196898e-07
7.12668622994e-07
1.56862404876e-07
6.29377704346e-07
1.43133844901e-07
5.50701930738e-07
1.29078928847e-07
4.57223730321e-07
1.15611910247e-07
3.59250562535e-07
1.03272309905e-07
2.97789243475e-07
9.18171984836e-08
2.62924549733e-07
8.11765472404e-08
2.42527254655e-07
7.12604075031e-08
2.28313726787e-07
6.19771288458e-08
2.16284579424e-07
5.32650130982e-08
2.05191723195e-07
4.51354372311e-08
1.93879013685e-07
3.76800539644e-08
1.7872657778e-07
3.08211243526e-08
1.59165889711e-07
2.44621748232e-08
1.38164923197e-07
1.85527843e-08
1.17399370611e-07
1.30731368254e-08
9.7546475421e-08
8.05501576226e-09
7.88578175425e-08
3.6324529217e-09
6.17593863725e-08
4.76496520754e-08
1.90243272052e-07
7.34895136296e-07
1.68598249019e-07
6.50885199858e-07
1.4976456469e-07
5.69396325099e-07
1.3457948754e-07
4.72296991332e-07
1.2131739371e-07
3.72435467795e-07
1.08913475942e-07
3.10155211827e-07
9.70715204944e-08
2.74752520732e-07
8.58346330462e-08
2.53759332986e-07
7.52768563179e-08
2.38869358048e-07
6.53753629269e-08
2.26184919917e-07
5.60819405218e-08
2.14484581745e-07
4.74221152968e-08
2.02538657808e-07
3.95306874148e-08
1.86617976518e-07
3.23206470189e-08
1.6637593101e-07
2.56641033306e-08
1.44821467986e-07
1.94943061572e-08
1.23569169098e-07
1.37798954757e-08
1.0326088708e-07
8.53543949929e-09
8.41022743777e-08
3.8743082644e-09
6.64205185042e-08
5.15239603695e-08
2.02033457536e-07
7.61343107847e-07
1.750310939e-07
6.7777073395e-07
1.51740870681e-07
5.92582103978e-07
1.36080396169e-07
4.87849538013e-07
1.23632734955e-07
3.84812864368e-07
1.11617763228e-07
3.22136984131e-07
9.97312725719e-08
2.86627012014e-07
8.81910269044e-08
2.65295386689e-07
7.72652593566e-08
2.49793204413e-07
6.70060341383e-08
2.36443103402e-07
5.7379299304e-08
2.24110808624e-07
4.8423642778e-08
2.11494153453e-07
4.03101785532e-08
1.94731415705e-07
3.29392965216e-08
1.73746814136e-07
2.61578413882e-08
1.51602924229e-07
1.98879475229e-08
1.29839064262e-07
1.40904699055e-08
1.09058365675e-07
8.7649280964e-09
8.94278170477e-08
4.00099118925e-09
7.11844563103e-08
5.55249515927e-08
2.0823168932e-07
7.92654356032e-07
1.76278978391e-07
7.09605534403e-07
1.49069901269e-07
6.19664879153e-07
1.33855462723e-07
5.02970649419e-07
1.22523486022e-07
3.96085048773e-07
1.11145755721e-07
3.33487543417e-07
9.95068236817e-08
2.98256381099e-07
8.80010015652e-08
2.76797786809e-07
7.7043409117e-08
2.60749157249e-07
6.67395999967e-08
2.46746013244e-07
5.70682036182e-08
2.33781774767e-07
4.8080333057e-08
2.20481895207e-07
3.99773640893e-08
2.02834366711e-07
3.26478061024e-08
1.81076373735e-07
2.59220645562e-08
1.58328667039e-07
1.97178757302e-08
1.3604325451e-07
1.39928426679e-08
1.1478339984e-07
8.73447821162e-09
9.46861824885e-08
4.00720790967e-09
7.5911727638e-08
5.95321595411e-08
2.0800336601e-07
8.30499870612e-07
1.71732666853e-07
7.45769505976e-07
1.41893024093e-07
6.49420247724e-07
1.28289722373e-07
5.16489796307e-07
1.18177145724e-07
4.06147243956e-07
1.07606248627e-07
3.44036864477e-07
9.64419681557e-08
3.09413364327e-07
8.52788537398e-08
2.87958205979e-07
7.46205466136e-08
2.71406109362e-07
6.45896240636e-08
2.56776190141e-07
5.51680652411e-08
2.43202991478e-07
4.64160954422e-08
2.29233772678e-07
3.85571017939e-08
2.10693349833e-07
3.14694014168e-08
1.88164076233e-07
2.49768971395e-08
1.64821172776e-07
1.90000940595e-08
1.42020059166e-07
1.34980409284e-08
1.20285454204e-07
8.4498241928e-09
9.97344003472e-08
3.8945663682e-09
8.04669866328e-08
6.34267259529e-08
2.00744958675e-07
8.74296514146e-07
1.6063354605e-07
7.85790622614e-07
1.30799643855e-07
6.79148197406e-07
1.1967804302e-07
5.2753723613e-07
1.10785403946e-07
4.14998359799e-07
1.01198903247e-07
3.53606873373e-07
9.07487355361e-08
3.19858171337e-07
8.02295285792e-08
2.98475333449e-07
7.01816474935e-08
2.81452894736e-07
6.07209790504e-08
2.66236260788e-07
5.1825578252e-08
2.52098134871e-07
4.35603432399e-08
2.3749894761e-07
3.61596189927e-08
2.18094068988e-07
2.94953702398e-08
1.94828327393e-07
2.33961108687e-08
1.70920433755e-07
1.77916625694e-08
1.47624509156e-07
1.264672446e-08
1.25430393695e-07
7.93566170619e-09
1.04445464365e-07
3.67358873246e-09
8.47290609324e-08
6.71003147408e-08
1.86893371265e-07
9.21255950016e-07
1.43537697613e-07
8.29047107253e-07
1.17382916348e-07
7.05231124493e-07
1.08328320696e-07
5.36534164698e-07
1.00672907136e-07
4.22622308271e-07
9.2205616573e-08
3.62062334533e-07
8.27211510895e-08
3.29338861641e-07
7.31517981576e-08
3.08043110888e-07
6.40110957123e-08
2.90592730893e-07
5.53951702756e-08
2.74851723435e-07
4.72760686418e-08
2.60217053722e-07
3.9720669097e-08
2.45054311917e-07
3.2961499671e-08
2.24853237075e-07
2.68723636179e-08
2.00917466362e-07
2.12986397946e-08
1.76494159654e-07
1.61850469127e-08
1.52738104143e-07
1.15055553444e-08
1.30109886968e-07
7.23355927823e-09
1.08717462042e-07
3.36280732208e-09
8.85998145691e-08
7.04631221294e-08
1.69010744784e-07
9.69416662014e-07
1.24449181806e-07
8.73549600901e-07
1.02685127481e-07
7.26925191896e-07
9.473821176e-08
5.44431062092e-07
8.82759742138e-08
4.29059557343e-07
8.10726027836e-08
3.69257168214e-07
7.28362816571e-08
3.37572502148e-07
6.45127773346e-08
3.16365411555e-07
5.65412633833e-08
2.98563565831e-07
4.89992338665e-08
2.82393404182e-07
4.18585027523e-08
2.6735766109e-07
3.51886686748e-08
2.51724127286e-07
2.92075379628e-08
2.30834368525e-07
2.38027765229e-08
2.06322231029e-07
1.88481444996e-08
1.81448794137e-07
1.43073511361e-08
1.57278899915e-07
1.01664879778e-08
1.34250752167e-07
6.4015857596e-09
1.12482366182e-07
2.98876465128e-09
9.20126376868e-08
7.34518868551e-08
1.50448172121e-07
1.017246324e-06
1.07825830238e-07
9.161010732e-07
8.86330029898e-08
7.46066792978e-07
8.06880516067e-08
5.52337096343e-07
7.48650040941e-08
4.34863664826e-07
6.88598693139e-08
3.75256265182e-07
6.20289747087e-08
3.44401482148e-07
5.51138969971e-08
3.2327956795e-07
4.84506801918e-08
3.05226257005e-07
4.21019593191e-08
2.88741868977e-07
3.60460035563e-08
2.73413536392e-07
3.03540211328e-08
2.57416101025e-07
2.52161293311e-08
2.35972262291e-07
2.05452335278e-08
2.10993130355e-07
1.62508510733e-08
1.85743179351e-07
1.23171506258e-08
1.61212603073e-07
8.74374314648e-09
1.37824161862e-07
5.512175075e-09
1.15713936404e-07
2.58513587848e-09
9.49396791315e-08
7.60370228156e-08
1.29120463801e-07
1.06081921654e-06
9.21291464663e-08
9.53053836229e-07
7.62564522127e-08
7.61890357455e-07
6.79803755864e-08
5.60579271241e-07
6.1999009968e-08
4.40829694462e-07
5.69247050607e-08
3.80326096799e-07
5.14491038544e-08
3.49875665205e-07
4.59074897402e-08
3.28820468489e-07
4.05237200668e-08
3.10609621025e-07
3.53455127687e-08
2.93919890812e-07
3.03606016447e-08
2.7839839583e-07
2.56363601728e-08
2.6214033929e-07
2.13250071857e-08
2.40283617846e-07
1.73708994204e-08
2.14947241707e-07
1.37206926021e-08
1.89393389174e-07
1.03775093618e-08
1.64555789133e-07
7.3541085719e-09
1.40847565144e-07
4.63937944591e-09
1.18428667892e-07
2.18654447798e-09
9.73925165687e-08
7.82235673754e-08
1.014891506e-07
1.09500539094e-06
7.48329230257e-08
9.79664516999e-07
6.51225757942e-08
7.71569701781e-07
5.71495430174e-08
5.68526914316e-07
5.0771545716e-08
4.47195671188e-07
4.63302337438e-08
3.84764048709e-07
4.20086475545e-08
3.5419619005e-07
3.7655901454e-08
3.33172665728e-07
3.33927081444e-08
3.14872505705e-07
2.9249699879e-08
2.98062766595e-07
2.52236735175e-08
2.8242438931e-07
2.13717718666e-08
2.65992240691e-07
1.78039211166e-08
2.43851471415e-07
1.44956175676e-08
2.18255548807e-07
1.14270745825e-08
1.92461935148e-07
8.616826051e-09
1.67366040549e-07
6.08903763341e-09
1.43375355951e-07
3.84089937667e-09
1.206768085e-07
1.81987485847e-09
9.94135435536e-08
8.00434423203e-08
6.68887954647e-08
1.11442010176e-06
5.64271081459e-08
9.90122405578e-07
5.55328427239e-08
7.72443150278e-07
4.85103841938e-08
5.75529808231e-07
4.1578844092e-08
4.54117382171e-07
3.76086874438e-08
3.8873149541e-07
3.41781032169e-08
3.5762596269e-07
3.07635494739e-08
3.36586799311e-07
2.73997310044e-08
3.18236093176e-07
2.40999317411e-08
3.01362472741e-07
2.08677349461e-08
2.85656565477e-07
1.77459835862e-08
2.69113993369e-07
1.4802763078e-08
2.46794694973e-07
1.20395471822e-08
2.21018768175e-07
9.46409711507e-09
1.95037388388e-07
7.10612778858e-09
1.69724012774e-07
4.99876201654e-09
1.45482724312e-07
3.14796008212e-09
1.22527612913e-07
1.49938677251e-09
1.01062119454e-07
8.15428291686e-08
2.88112481242e-08
1.11494587965e-06
4.08343820462e-08
9.78090299608e-07
4.92052806907e-08
7.64060067251e-07
4.29008950063e-08
5.81819528515e-07
3.48478504265e-08
4.62162219215e-07
3.09461031864e-08
3.92631048299e-07
2.80909645e-08
3.60480485045e-07
2.53285093163e-08
3.39348943271e-07
2.2620176126e-08
3.20944260807e-07
1.99570103461e-08
3.04025575573e-07
1.73420290054e-08
2.88271534286e-07
1.47990057041e-08
2.71657018493e-07
1.2355154025e-08
2.49238549339e-07
1.00302730699e-08
2.23343652177e-07
7.85351839222e-09
1.9721414579e-07
5.86184415794e-09
1.71715689626e-07
4.09472981591e-09
1.47249840806e-07
2.56698909654e-09
1.24055355803e-07
1.22738382331e-09
1.02401727013e-07
8.27702130719e-08
-5.0974365476e-09
1.0921719738e-06
3.21763652146e-08
9.4082578219e-07
4.60926577666e-08
7.50141084997e-07
3.96056954477e-08
5.88297998483e-07
3.04313246418e-08
4.71330686953e-07
2.6034340245e-08
3.97026399617e-07
2.34369254814e-08
3.6307747613e-07
2.10893427254e-08
3.41696320042e-07
1.88458809577e-08
3.23187617185e-07
1.66631178791e-08
3.06208301068e-07
1.45316633558e-08
2.90402982522e-07
1.24499442277e-08
2.73738739885e-07
1.04043889924e-08
2.5128410739e-07
8.42759978537e-09
2.25320444296e-07
6.56689860073e-09
1.99074849867e-07
4.86429076524e-09
1.73418299989e-07
3.36385999006e-09
1.48750273987e-07
2.08961508419e-09
1.25329603002e-07
9.98823602332e-10
1.03492520885e-07
8.37690367373e-08
-2.57008030159e-08
1.03963084429e-06
2.6567971112e-08
8.88574481556e-07
4.15804297927e-08
7.35134965506e-07
3.52615638494e-08
5.94615320675e-07
2.6170441115e-08
4.80418944251e-07
2.14371459762e-08
4.01758776659e-07
1.91929514142e-08
3.6532144481e-07
1.73555999803e-08
3.43533567351e-07
1.56207656014e-08
3.24922401641e-07
1.3923320078e-08
3.07905730291e-07
1.22514156446e-08
2.9207488515e-07
1.05877476056e-08
2.7540241e-07
8.88658800994e-09
2.52985269196e-07
7.19669201751e-09
2.27010342566e-07
5.5872899671e-09
2.00684254143e-07
4.10724094338e-09
1.74898351066e-07
2.80569328638e-09
1.50051823431e-07
1.71728572911e-09
1.26418012354e-07
8.1395446596e-10
1.04395854042e-07
8.45829912616e-08
-4.30681638375e-08
9.59057040375e-07
1.34813405842e-08
8.3204809187e-07
3.07399609915e-08
7.17890353051e-07
2.76565013852e-08
5.97703767472e-07
2.08889954653e-08
4.87186797445e-07
1.64505037895e-08
4.06197219514e-07
1.50338153149e-08
3.66738123785e-07
1.40437319936e-08
3.44523654738e-07
1.30026384136e-08
3.25963504267e-07
1.18674492716e-08
3.09040926283e-07
1.06618932632e-08
2.93280444924e-07
9.38070163677e-09
2.76683604004e-07
7.96388838308e-09
2.54402084652e-07
6.4855439308e-09
2.28488688998e-07
5.04408427726e-09
2.0212571596e-07
3.69879997779e-09
1.762436372e-07
2.50446928371e-09
1.5124615585e-07
1.5075192725e-09
1.27414964022e-07
7.00573898968e-10
1.05202801144e-07
8.52835651931e-08
-6.5118869006e-08
8.70605288063e-07
-6.72959110111e-09
7.73686775773e-07
1.73953791586e-08
6.93788113853e-07
2.08531467938e-08
5.94259302117e-07
1.80073266974e-08
4.90037749855e-07
1.38775773137e-08
4.10328437717e-07
1.31481749946e-08
3.67467867316e-07
1.291037885e-08
3.44761601258e-07
1.24011894449e-08
3.26472779048e-07
1.16208340408e-08
3.09821319694e-07
1.06539959988e-08
2.94247294702e-07
9.52899323797e-09
2.77808609508e-07
8.18994413217e-09
2.55741135224e-07
6.73557701328e-09
2.29943057237e-07
5.28944533894e-09
2.03571848851e-07
3.91667877034e-09
1.77616404915e-07
2.67063381291e-09
1.52492201643e-07
1.60063246985e-09
1.28484966271e-07
7.3026896912e-10
1.06073165614e-07
8.60138341847e-08
-7.11734694686e-08
7.9867913344e-07
-1.48956803506e-08
7.17447764426e-07
1.43589262567e-08
6.64570916082e-07
2.3735647045e-08
5.84909578573e-07
2.34508729394e-08
4.90336708226e-07
1.90380159241e-08
4.14746207778e-07
1.74576242683e-08
3.69049380385e-07
1.69039318131e-08
3.45315702329e-07
1.60520190892e-08
3.27324906285e-07
1.48636636128e-08
3.1100977161e-07
1.34626897963e-08
2.95648298395e-07
1.19190697401e-08
2.79352235297e-07
1.02101808704e-08
2.57450025776e-07
8.43558103814e-09
2.31717657838e-07
6.7097714987e-09
2.05297659407e-07
5.0762824126e-09
1.79249894803e-07
3.5630520552e-09
1.54005432654e-07
2.19863907449e-09
1.29849379869e-07
9.82480909391e-10
1.07289324416e-07
8.69963150783e-08
-3.38434942763e-08
1.4953544633e-09
2.47268744944e-08
3.52549872241e-08
3.66514567742e-08
3.35248135041e-08
3.06151265673e-08
2.817348382e-08
2.55208626701e-08
2.26791144941e-08
1.97520647835e-08
1.68708073407e-08
1.41500934476e-08
1.16639861121e-08
9.41051608968e-09
7.3445754763e-09
5.42761470332e-09
3.63943940108e-09
1.96608460489e-09
)
;

boundaryField
{
    emptyPatch
    {
        type            empty;
        value           nonuniform List<scalar> 0();
    }
    minY
    {
        type            calculated;
        value           nonuniform List<scalar> 0();
    }
    maxY
    {
        type            calculated;
        value           nonuniform List<scalar> 
40
(
4.19876732169e-07
5.9249025827e-07
6.3655077036e-07
6.71291954656e-07
7.15452534086e-07
7.74107449658e-07
8.45621068125e-07
9.22951262937e-07
9.951721148e-07
1.05260051308e-06
1.0959847848e-06
1.12234911124e-06
1.13336224639e-06
1.12480376963e-06
1.0777806886e-06
9.68057567378e-07
8.50636578829e-07
8.10165272867e-07
8.06560658088e-07
8.11432813596e-07
7.59525882382e-07
6.82157059187e-07
6.41390363368e-07
5.74423560859e-07
4.88966455019e-07
4.17883680852e-07
3.71961696184e-07
3.47758186995e-07
3.29977949051e-07
3.13851714964e-07
2.98575410636e-07
2.8223350448e-07
2.60170740764e-07
2.3420376479e-07
2.07551128812e-07
1.81315835127e-07
1.55922392751e-07
1.3163755467e-07
1.08962678752e-07
8.89623996831e-08
)
;
    }
    maxX
    {
        type            calculated;
        value           uniform 0;
    }
    water_to_heater
    {
        type            calculated;
        value           uniform 0;
    }
    procBoundary0to1
    {
        type            processor;
        value           nonuniform List<scalar> 
41
(
-1.03566198248e-06
-8.33715217799e-07
-6.96996147054e-07
-6.27804192448e-07
-6.05676566441e-07
-6.13027629909e-07
-6.36825829083e-07
-6.661719114e-07
-6.94532976992e-07
-7.19403815291e-07
-7.3616654626e-07
-7.40980613339e-07
-7.37001463828e-07
-7.34966278277e-07
-7.47813266843e-07
-7.90077654195e-07
-8.92660736007e-07
-1.02546869439e-06
-1.10244055115e-06
-1.1091177727e-06
-3.0623804069e-07
-2.86261629205e-07
-2.6908846257e-07
-2.53556999527e-07
-2.39444198168e-07
-2.26543146631e-07
-2.13955591667e-07
-1.98752444617e-07
-1.77764334988e-07
-1.54744131313e-07
-1.32825257355e-07
-1.12778050919e-07
-9.50643971982e-08
-7.96903006541e-08
-6.60580213555e-08
-5.30768022341e-08
-8.24650717607e-07
-5.30066734953e-07
-3.88893432461e-07
2.72653749808e-08
-3.30147229885e-07
)
;
    }
}


// ************************************************************************* //
