/*--------------------------------*- C++ -*----------------------------------*\
| =========                 |                                                 |
| \\      /  F ield         | OpenFOAM: The Open Source CFD Toolbox           |
|  \\    /   O peration     | Version:  2312                                  |
|   \\  /    A nd           | Website:  www.openfoam.com                      |
|    \\/     M anipulation  |                                                 |
\*---------------------------------------------------------------------------*/
FoamFile
{
    version     2.0;
    format      ascii;
    arch        "LSB;label=32;scalar=64";
    class       volScalarField;
    location    "0.08/water";
    object      p_rgh;
}
// * * * * * * * * * * * * * * * * * * * * * * * * * * * * * * * * * * * * * //

dimensions      [1 -1 -2 0 0 0 0];

internalField   nonuniform List<scalar> 
750
(
101779.569299
101780.178037
101780.797214
101781.454728
101782.10272
101782.713381
101783.270032
101783.763025
101784.196356
101784.584112
101784.942374
101785.281019
101785.598857
101785.887655
101786.150378
101786.413104
101786.711583
101787.104173
101788.856139
101768.10733
101770.864462
101773.776281
101776.506805
101778.897124
101780.843683
101782.373231
101783.551444
101784.449242
101785.136732
101785.673995
101786.105858
101786.454326
101786.724554
101786.920875
101787.056563
101787.146845
101787.197764
101787.146128
101774.383749
101776.671628
101779.054675
101781.648789
101784.49394
101787.223938
101789.638842
101791.648584
101793.179388
101794.287483
101795.067391
101795.612561
101795.99563
101796.262061
101796.439938
101796.556846
101796.637759
101796.694209
101796.674399
101783.341432
101785.783002
101788.22939
101790.559208
101793.218747
101795.97372
101798.993475
101802.272747
101805.250282
101807.626579
101809.3536
101810.532292
101811.295292
101811.757084
101812.016805
101812.159209
101812.236338
101812.317402
101812.239954
101782.356031
101778.254535
101783.49879
101791.018727
101798.201062
101803.492525
101807.945347
101812.607385
101817.154223
101821.398258
101825.10645
101828.016874
101829.930829
101830.970594
101831.485702
101831.751871
101831.872278
101832.009616
101831.642262
101791.180501
101793.205861
101794.203803
101794.88593
101798.357202
101805.650358
101815.090591
101824.401724
101831.694744
101837.807586
101843.706546
101849.267678
101853.340971
101855.524125
101856.491394
101856.930782
101857.06516
101857.251391
101856.06612
101828.228266
101810.762505
101810.977715
101811.382123
101811.845805
101812.322366
101814.854301
101825.959004
101838.898228
101849.572002
101858.675798
101867.33795
101874.605222
101879.334579
101881.790257
101882.978248
101883.349025
101883.778608
101880.937317
101865.359543
101834.281654
101820.161766
101820.907286
101821.561257
101822.140065
101822.56532
101823.888502
101833.869913
101848.008611
101861.391402
101873.176262
101883.369627
101891.491461
101897.006462
101900.306837
101901.732535
101903.177734
101896.925903
101887.73175
101858.290573
101822.901099
101818.392699
101818.736105
101819.037152
101819.254187
101819.365901
101821.639038
101831.370766
101845.226145
101858.811486
101871.13593
101882.674186
101892.406972
101899.397853
101903.263507
101907.305054
101892.96117
101887.811677
101869.66505
101828.7852
101808.72743
101805.753591
101805.341454
101804.965282
101804.625849
101804.94467
101807.606701
101814.635058
101824.450457
101836.800707
101851.896897
101866.663367
101878.543023
101886.294577
101894.291848
101862.492245
101889.588957
101887.962292
101878.825985
101845.262324
101814.602768
101801.03338
101796.098361
101795.576106
101796.348136
101796.725009
101796.415963
101795.14966
101794.252631
101799.439701
101815.093465
101835.756867
101854.457105
101866.742083
101873.168547
101803.592413
101879.310698
101884.626885
101878.707882
101859.032375
101831.813103
101810.284418
101796.305389
101793.049064
101794.110589
101793.260898
101790.927216
101786.073127
101780.042787
101778.194413
101785.911029
101805.326085
101829.543434
101841.337951
101834.821345
101734.055765
101823.933889
101871.501226
101871.2182
101857.632233
101843.554771
101830.862543
101813.118799
101803.80701
101800.781307
101793.932245
101785.630777
101776.775638
101768.612703
101765.228814
101769.107976
101784.595998
101804.133682
101801.347082
101773.57622
101721.201703
101737.334824
101812.426333
101848.448059
101846.124309
101840.368343
101840.312702
101839.022361
101833.627779
101830.743603
101822.244603
101801.006247
101776.821989
101763.29849
101760.41355
101763.157772
101773.38533
101783.713147
101759.259368
101712.951622
101713.38273
101678.476196
101734.149172
101793.842323
101803.202046
101803.804556
101817.180513
101838.496351
101853.825899
101863.163086
101862.06752
101844.88671
101794.656425
101755.403709
101751.675968
101753.811151
101757.693208
101750.06298
101703.891815
101701.74554
101702.216339
101688.105409
101702.885087
101728.180788
101729.865197
101737.523127
101777.91964
101831.14352
101873.014907
101882.476071
101880.333054
101878.099016
101851.595965
101770.631463
101739.252567
101739.249402
101735.574245
101703.835049
101685.891126
101685.636111
101686.241099
101758.272019
101721.972981
101707.116862
101706.882317
101706.702364
101738.740391
101816.23123
101882.712844
101894.022217
101891.989095
101889.963376
101887.585901
101845.785626
101757.211514
101739.274216
101732.688078
101693.205253
101684.196592
101683.98622
101684.699723
101820.594203
101791.722198
101717.402635
101712.250311
101712.388464
101712.534819
101791.500194
101891.794154
101914.533492
101913.492686
101912.379866
101911.085442
101908.554077
101813.874718
101759.041493
101753.748061
101710.564182
101696.288543
101696.083543
101696.965493
101833.929971
101867.028928
101788.632595
101719.064927
101719.052953
101719.196862
101760.859724
101874.686806
101933.510959
101932.738076
101931.976538
101931.08129
101929.910906
101874.553122
101794.203158
101787.65186
101743.600914
101705.167215
101705.084229
101706.073046
101752.414455
101877.495287
101864.21612
101772.436059
101720.868559
101720.95265
101722.359214
101823.643352
101933.262951
101946.480153
101945.613663
101944.715623
101943.603298
101909.00109
101836.756824
101830.129992
101798.050089
101706.333522
101706.264356
101707.444686
101681.353941
101813.537284
101874.816164
101828.775766
101722.225529
101720.933801
101720.851006
101779.524311
101904.432738
101957.383508
101956.165183
101954.94644
101953.67187
101923.985935
101876.235089
101874.863726
101857.115444
101743.082749
101703.191844
101704.522948
101759.055024
101815.065483
101879.540821
101824.542648
101729.404046
101729.619262
101729.920237
101761.767473
101874.810755
101965.299679
101979.415437
101978.810031
101974.892722
101944.732675
101928.606287
101934.174126
101930.925479
101834.073852
101716.836165
101718.406538
101971.731534
101931.552357
101935.433116
101816.501561
101760.488293
101759.757733
101759.319055
101775.68558
101869.170126
101970.056751
102012.163863
102011.058185
102000.638112
101987.286446
101989.164481
101999.888299
102007.867001
101939.981831
101748.182346
101742.05828
102070.597189
102066.943841
102035.977518
101874.829103
101784.387486
101784.210014
101784.280242
101788.167386
101859.880725
101953.907061
102018.333211
102035.321589
102038.402196
102042.578632
102051.580417
102064.11139
102076.152292
102035.577313
101833.809468
101772.386844
101999.40014
102137.579025
102140.504773
102030.878325
101828.584759
101812.279219
101812.888644
101813.455982
101864.600617
101945.975338
102018.892234
102062.241702
102084.010515
102098.409476
102109.509285
102120.614437
102133.227443
102109.738011
101941.065272
101801.769608
101868.553403
102102.992331
102161.202913
102149.460534
101933.916969
101824.530036
101825.727374
101826.637046
101865.932148
101941.371264
102022.458182
102083.13074
102116.675851
102136.305803
102150.459094
102162.890088
102177.597325
102164.830773
102033.957234
101825.082871
101882.134124
102063.267632
102188.147398
102186.827751
102059.71557
101858.6171
101836.229324
101836.556755
101867.606317
101941.486198
102030.079582
102098.482413
102135.275025
102157.897661
102174.590248
102188.192341
102203.937699
102196.753035
102102.399515
101830.67191
101991.432421
102086.411031
102182.339074
102210.008854
102161.759849
101991.602169
101872.732774
101848.30258
101867.664068
101937.602539
102032.803169
102106.60844
102144.342833
102166.414981
102183.332528
102196.298583
102208.262609
102201.981561
102143.879204
101811.674364
102020.184988
102090.62284
102125.373018
102155.909415
102153.386219
102109.607351
101977.248256
101859.276883
101839.321108
101885.410758
101986.131194
102073.584774
102119.452471
102147.400755
102168.391553
102184.648787
102191.809971
102188.084707
102159.005658
101780.963781
101759.250907
101962.222433
101987.074678
102015.808926
102055.781413
102085.444445
102029.768904
101885.042586
101772.446894
101773.273702
101839.31603
101939.353432
102002.877056
102043.244138
102071.345537
102092.720245
102097.283169
102095.188925
102081.379037
101690.841697
101545.394537
101763.9695
101850.848586
101903.751518
101962.406165
102008.262552
102023.212871
101964.718961
101824.638881
101706.75883
101713.159722
101788.991887
101877.186213
101938.049655
101974.950346
101998.231941
102001.368142
101998.144992
101989.855441
101623.05748
101479.088904
101639.635501
101756.644418
101842.641237
101913.381156
101968.636484
102003.163035
102012.218561
101975.507754
101836.001713
101708.524344
101714.482565
101812.421238
101905.064608
101959.796798
101989.536969
101996.268418
101993.87123
101990.641503
101659.158177
101459.234834
101617.383376
101730.314331
101822.771175
101898.7926
101956.400114
101995.113627
102016.818697
102019.127486
101979.797514
101790.588327
101706.391321
101764.486733
101872.575745
101949.005345
101988.006957
102000.305085
101998.220051
101995.606206
101704.14378
101472.232684
101642.236547
101747.335164
101832.465265
101906.331694
101962.158761
101997.763549
102012.387231
102014.097058
102007.128518
101883.268601
101694.207677
101722.609817
101829.908423
101925.580394
101976.422855
101995.168353
101994.164373
101992.429749
101727.622972
101510.984265
101736.66167
101843.435251
101908.841788
101960.917193
102001.436985
102024.581551
102031.066716
102031.851499
102019.803436
101910.969367
101722.457933
101727.469288
101818.532785
101925.267574
101987.507921
102012.764191
102012.252832
102010.735349
101758.792437
101565.454888
101831.372193
101966.727756
102028.350483
102057.341078
102072.12209
102076.960945
102080.840597
102073.052527
102036.435803
101936.774257
101802.501374
101779.260911
101851.646048
101959.003336
102032.991498
102069.976253
102068.546469
102066.104796
101823.235306
101695.540732
101914.401616
102039.263797
102079.291824
102084.679789
102088.343086
102085.42774
102063.48652
102029.412259
102001.847071
101950.687654
101840.392005
101794.69985
101834.043865
101935.396775
102032.291062
102093.719153
102107.866174
102111.349442
101877.920641
101986.418425
102062.075555
102095.030866
102093.656942
102076.377968
102033.735128
101994.402603
101985.137777
101994.021304
101999.699695
101966.714456
101855.924928
101805.672438
101826.028805
101881.721229
101988.638948
102088.93154
102139.534088
102168.998064
101944.429303
)
;

boundaryField
{
    emptyPatch
    {
        type            empty;
    }
    minY
    {
        type            zeroGradient;
    }
    maxY
    {
        type            prghTotalPressure;
        U               U.gas;
        p0              nonuniform List<scalar> 0();
        value           nonuniform List<scalar> 0();
    }
    maxX
    {
        type            fixedFluxPressure;
        gradient        uniform 0;
        value           nonuniform List<scalar> 
38
(
101788.856139
101787.146128
101796.674399
101812.239954
101831.642262
101856.06612
101880.937317
101896.925903
101892.96117
101862.492245
101803.592413
101734.055765
101721.201703
101713.38273
101702.216339
101686.241099
101684.699723
101696.965493
101706.073046
101707.444686
101704.522948
101718.406538
101742.05828
101772.386844
101801.769608
101825.082871
101830.67191
101811.674364
101780.963781
101690.841697
101623.05748
101659.158177
101704.14378
101727.622972
101758.792437
101823.235306
101877.920641
101944.429303
)
;
    }
    water_to_heater
    {
        type            fixedFluxPressure;
        gradient        nonuniform List<scalar> 0();
        value           nonuniform List<scalar> 0();
    }
    procBoundary1to0
    {
        type            processor;
        value           nonuniform List<scalar> 
38
(
101890.932694
101869.035072
101784.263337
101703.028224
101663.988631
101681.715022
101704.654853
101774.794341
101681.425886
101651.232559
101620.313769
101758.19009
102015.380256
101926.71934
101812.542412
101739.687077
101793.759965
101934.289628
101936.623941
101643.662468
101452.710732
101399.539751
101373.698897
101378.412436
101392.662915
101425.721734
101553.422393
101779.20514
101765.102256
101770.50325
101779.870632
101788.573756
101820.562236
101851.124868
101877.94613
101887.518511
101889.478543
101889.478543
)
;
    }
    procBoundary1to2
    {
        type            processor;
        value           nonuniform List<scalar> 
20
(
102653.087251
102537.051975
102411.60767
102228.987115
102149.613753
102101.453235
102087.72845
102065.752728
102041.113707
102001.693243
101921.837558
101806.304294
101733.722284
101731.659898
101737.451727
101786.444042
101889.079779
101986.260075
102039.759643
101793.075081
)
;
    }
    procBoundary1to3
    {
        type            processor;
        value           uniform 101769.741071;
    }
}


// ************************************************************************* //
