/*--------------------------------*- C++ -*----------------------------------*\
| =========                 |                                                 |
| \\      /  F ield         | OpenFOAM: The Open Source CFD Toolbox           |
|  \\    /   O peration     | Version:  2312                                  |
|   \\  /    A nd           | Website:  www.openfoam.com                      |
|    \\/     M anipulation  |                                                 |
\*---------------------------------------------------------------------------*/
FoamFile
{
    version     2.0;
    format      ascii;
    arch        "LSB;label=32;scalar=64";
    class       volScalarField;
    location    "0.07/water";
    object      p_rgh;
}
// * * * * * * * * * * * * * * * * * * * * * * * * * * * * * * * * * * * * * //

dimensions      [1 -1 -2 0 0 0 0];

internalField   nonuniform List<scalar> 
750
(
100192.206576
100200.419806
100192.773267
100127.780642
100153.473699
100377.539965
100443.455989
100201.663736
100196.91255
100292.715459
100109.682264
100058.350488
100037.546164
100037.572366
100453.697674
101007.854999
101020.228656
101014.588022
101014.621671
101017.763694
101019.914723
101021.816187
101023.081522
101023.601352
101023.663691
101023.513258
101021.826994
100989.922314
100807.182784
100390.863309
100122.369063
100055.887422
100037.073108
100037.050703
100359.498678
101024.749854
101049.54624
101044.734291
101043.384672
101044.838887
101046.501872
101048.224266
101049.431181
101049.986432
101050.125861
101050.050738
101048.303604
101013.632853
100803.553452
100433.442822
100130.537719
100054.073672
100036.67661
100036.691067
100290.587366
101034.932161
101075.981239
101072.481428
101070.724963
101070.684495
101071.296899
101072.264664
101072.85128
101072.918693
101072.737523
101072.31888
101069.703647
101021.89352
100749.846994
100445.02857
100135.3978
100053.867395
100036.736614
100036.724494
100276.772328
101054.147872
101101.501505
101098.712689
101096.690394
101095.675091
101095.271659
101095.1813
101094.77575
101094.115679
101093.405119
101092.325543
101087.680775
101009.044995
100663.181072
100448.512965
100141.71253
100057.576854
100036.810727
100036.833578
100289.147984
101080.245983
101127.311269
101125.309331
101123.323796
101121.972634
101121.135882
101120.363544
101119.484702
101118.570748
101117.599758
101116.010488
101107.575806
100978.003667
100589.636719
100457.002889
100153.418398
100069.658636
100036.99228
100036.963536
100321.312655
101111.09652
101153.957359
101152.749313
101151.11076
101149.859164
101149.08656
101148.376728
101147.661532
101146.924939
101146.022272
101144.053629
101128.921875
100944.653362
100551.364191
100471.198466
100167.275801
100086.968042
100037.128196
100037.141178
100381.090054
101145.856647
101180.647129
101180.250011
101179.12328
101178.150473
101177.691108
101177.350106
101177.015203
101176.572834
101175.79953
101173.246713
101148.769817
100920.25694
100529.586326
100487.436249
100174.565963
100098.048094
100037.386464
100037.350255
100455.643608
101179.032013
101205.841344
101206.180791
101205.548978
101204.80783
101204.607697
101204.551869
101204.451855
101204.121569
101203.175816
101199.290443
101163.357267
100892.315732
100500.986724
100501.120592
100177.869549
100100.029495
100037.674751
100037.695537
100524.51967
101209.481161
101230.913065
101231.482542
101230.975382
101230.16988
101229.902657
101229.793619
101229.595659
101229.042875
101227.571727
101222.037749
101174.618452
100842.843053
100510.836793
100510.941544
100166.75685
100091.63238
100038.038112
100037.998619
100564.255257
101237.440874
101256.357205
101256.788031
101256.125145
101255.087592
101254.580347
101254.244812
101253.822821
101253.055578
101251.368465
101245.444893
101188.650665
100798.246616
100518.791834
100518.83672
100140.770317
100071.740366
100038.398854
100038.421907
100570.778633
101262.781707
101282.650966
101283.03255
101282.247164
101281.055242
101280.397899
101279.939811
101279.424517
101278.605571
101276.959697
101271.326236
101211.516933
100769.95253
100528.482871
100528.461383
100115.724828
100052.712088
100038.820055
100038.792053
100557.408122
101286.62519
101309.511058
101310.037699
101309.2903
101308.115739
101307.483392
101307.0906
101306.701566
101306.122023
101304.959157
101300.613394
101243.560606
100776.779236
100540.632952
100540.564211
100100.816856
100043.315685
100039.182051
100039.194893
100515.672906
101307.057493
101336.370958
101337.088148
101336.356673
101335.191327
101334.570342
101334.242342
101334.00196
101333.722456
101333.166755
101330.558486
101285.918014
100816.893507
100552.733575
100552.63573
100091.271545
100041.680516
100039.405663
100039.384316
100418.970715
101312.434998
101362.947618
101363.616567
101362.676991
101361.292958
101360.459703
101359.978436
101359.670422
101359.456658
101359.215194
101357.895869
101332.24213
100915.694398
100562.183483
100562.103758
100083.509917
100044.903552
100039.645673
100042.216281
100232.309646
101260.666484
101386.160558
101387.110727
101386.28018
101384.777164
101383.768093
101383.133455
101382.698317
101382.421455
101382.245522
101381.555133
101372.178701
101083.934164
100568.595931
100568.608566
100103.526919
100052.377103
100041.48399
100043.820108
100096.036896
101129.359748
101407.722904
101410.912372
101410.113556
101408.465122
101407.195978
101406.381678
101405.760124
101405.401499
101405.14435
101404.612853
101401.457588
101249.264392
100614.105594
100575.093607
100155.112152
100065.239184
100049.323236
100046.60525
100050.698918
100926.151267
101426.210609
101435.491292
101435.001302
101433.274049
101431.74686
101430.842121
101430.153081
101429.750563
101429.459425
101428.988901
101427.249533
101358.178269
100730.512931
100583.384995
100182.585658
100088.656179
100067.100609
100054.144834
100050.265532
100580.513646
101418.756483
101461.357444
101461.330225
101459.733178
101457.982186
101457.007919
101456.313343
101455.932082
101455.64245
101455.29094
101454.09362
101424.616859
100904.473314
100593.919112
100164.185923
100119.571401
100089.846782
100065.097099
100054.820552
100206.819272
101312.861962
101484.598706
101486.113227
101485.217224
101483.560409
101482.666093
101482.100415
101481.877145
101481.715937
101481.530618
101480.588444
101459.154145
101002.713632
100604.79492
100172.443738
100141.132377
100103.587306
100071.393748
100053.743655
100060.835351
101063.943423
101502.039328
101509.545682
101509.67439
101508.189952
101507.417628
101507.06575
101507.080354
101507.130027
101507.119012
101506.270387
101482.61916
101000.28824
100627.659833
100208.181939
100145.69908
100103.352946
100070.296805
100049.141633
100028.304626
100671.326444
101502.987394
101535.583398
101536.281883
101535.16673
101534.38901
101534.069567
101534.209586
101534.406831
101534.481719
101533.60114
101504.431713
100937.052926
100717.606905
100252.152629
100137.105719
100093.389074
100061.194223
100038.10344
100026.291609
100290.005691
101419.423693
101561.924651
101563.264328
101562.755227
101562.112834
101561.821942
101562.024496
101562.371568
101562.570869
101561.591101
101523.124922
100836.411615
100771.906114
100261.076623
100128.852635
100078.62131
100045.41407
100027.150937
100025.748401
100140.701882
101299.595803
101583.527779
101587.427184
101587.515274
101587.205238
101587.065053
101587.349611
101587.849505
101588.166433
101586.91843
101532.493559
100686.86818
100783.800098
100219.791281
100135.488584
100071.716689
100032.296931
100025.248684
100025.266166
100121.424355
101235.948419
101605.855705
101612.435017
101612.55486
101612.212994
101611.937071
101612.004263
101612.314749
101612.418658
101610.558464
101535.954442
100669.480043
100742.646902
100203.730785
100145.568601
100071.721176
100026.723348
100024.90273
100024.905642
100132.586055
101241.271751
101629.932362
101637.92982
101637.941988
101637.526832
101637.105186
101636.907474
101636.944175
101636.781844
101634.144621
101540.678905
100678.015063
100610.464091
100218.05559
100144.744821
100066.568589
100025.010207
100024.633946
100024.65248
100175.579446
101289.337452
101656.461486
101664.074208
101664.076637
101663.703217
101663.30363
101663.078641
101663.037263
101662.686941
101658.30425
101528.192683
100665.519466
100422.854178
100257.155008
100129.060938
100054.598735
100024.440922
100024.455131
100024.951848
100297.645562
101421.21211
101685.81623
101690.207386
101690.007632
101689.489499
101688.93205
101688.41424
101687.896843
101686.747251
101674.801194
101440.35217
100563.297868
100274.232856
100273.834172
100110.419126
100047.017698
100024.282583
100024.283154
100030.501749
100594.188277
101598.572773
101714.740095
101715.640121
101715.210259
101714.53333
101713.8181
101713.021703
101712.241256
101710.189081
101676.289232
101194.975805
100378.482213
100231.145164
100216.39679
100105.38789
100047.831896
100024.408438
100024.291817
100087.978317
101067.692729
101711.500985
101740.753975
101740.676531
101740.088653
101739.383364
101738.636764
101737.92577
101737.184551
101733.027316
101622.936337
100760.052032
100252.124046
100223.601955
100154.694374
100108.998619
100054.438081
100025.801988
100027.041595
100332.653093
101528.252177
101765.033495
101768.482677
101767.836469
101766.884697
101765.921077
101764.961556
101764.227809
101763.12304
101750.264281
101360.004003
100366.154473
100224.746129
100224.863838
100147.483994
100113.374279
100061.504511
100030.108097
100051.777766
100870.180631
101743.182988
101792.249412
101792.653366
101792.146503
101791.515709
101790.879847
101790.285644
101790.024462
101788.487122
101728.17378
100854.289009
100242.933805
100227.45463
100227.494415
100177.083295
100118.635632
100063.449818
100040.387916
100226.324723
101457.449253
101813.56726
101820.464462
101820.337088
101819.584956
101818.803225
101818.043532
101817.598367
101817.145159
101813.289029
101563.408603
100439.326686
100240.306078
100234.221434
100230.240797
100207.514229
100120.903918
100063.801499
100067.385476
100746.061068
101766.597295
101844.494444
101845.982911
101846.002682
101845.530499
101844.927251
101844.321581
101844.152744
101843.535537
101828.65101
101184.856409
100257.289115
100247.142955
100261.762491
100235.63455
100199.806853
100115.810379
100068.129912
100203.092561
101382.12838
101858.426282
101871.17304
101871.879353
101871.922787
101871.851043
101871.478496
101871.015044
101870.756362
101869.522782
101794.030228
100731.729863
100208.799143
100257.442007
100298.025266
100245.997968
100160.849174
100105.609784
100079.59909
100610.913414
101765.016289
101897.176819
101899.355683
101899.290721
101899.008031
101898.700116
101898.397136
101898.02071
101897.359442
101893.216172
101606.496734
100393.014828
100189.693665
100258.987749
100304.870956
100258.885413
100115.20242
100098.681965
100158.377341
101136.234298
101886.16466
101921.421809
101922.793772
101923.034798
101923.105799
101923.092145
101923.029665
101922.903879
101922.280014
101899.891728
101206.730177
100243.171169
100181.606349
100247.049063
100308.51195
100269.03095
100098.508979
100098.920678
100320.084707
101620.111357
101942.311211
101949.119409
101949.631461
101949.660467
101949.613962
101949.509998
101949.354053
101949.072078
101947.883922
101841.913989
100797.260186
100210.886801
100180.569514
100228.417228
100291.437456
100259.326147
)
;

boundaryField
{
    emptyPatch
    {
        type            empty;
    }
    minY
    {
        type            zeroGradient;
    }
    maxY
    {
        type            prghTotalPressure;
        U               U.gas;
        p0              uniform 100000;
        value           nonuniform List<scalar> 
20
(
100098.754825
100099.179318
100321.832488
101635.274799
101957.296443
101961.263898
101961.264018
101961.264034
101961.264049
101961.264079
101961.264307
101961.26437
101960.840603
101855.302885
100803.243796
100211.918545
100181.397917
100229.567318
100293.010858
100260.684081
)
;
    }
    maxX
    {
        type            fixedFluxPressure;
        gradient        uniform 0;
        value           nonuniform List<scalar> 
37
(
100390.863309
100433.442822
100445.02857
100448.512965
100457.002889
100471.198466
100487.436249
100501.120592
100510.941544
100518.83672
100528.461383
100540.564211
100552.63573
100562.103758
100568.608566
100575.093607
100583.384995
100593.919112
100604.79492
100627.659833
100717.606905
100771.906114
100783.800098
100742.646902
100610.464091
100422.854178
100274.232856
100231.145164
100223.601955
100224.863838
100227.494415
100230.240797
100235.63455
100245.997968
100258.885413
100269.03095
100259.326147
)
;
    }
    water_to_heater
    {
        type            fixedFluxPressure;
        gradient        nonuniform List<scalar> 0();
        value           nonuniform List<scalar> 0();
    }
    procBoundary2to1
    {
        type            processor;
        value           nonuniform List<scalar> 
20
(
100097.997819
100059.917097
100038.136237
100038.113976
100566.643663
100987.423617
100991.094416
100985.654852
100989.014985
100993.173295
100995.518015
100997.543482
100998.904144
100999.44955
100999.632091
100999.556608
100997.177776
100953.31703
100771.437643
100314.679909
)
;
    }
    procBoundary2to3
    {
        type            processor;
        value           nonuniform List<scalar> 
39
(
100138.674981
100161.152898
100173.707236
100177.818223
100181.304074
100180.151918
100173.203109
100166.445584
100167.224743
100177.985346
100189.826672
100189.826672
100253.6597
100297.448121
100275.020298
100149.046107
100169.446406
100529.054157
100557.466694
100199.774614
100196.794502
100335.698121
100582.791551
100582.791551
100641.778988
100295.631383
100235.876628
100295.697231
100597.340483
100777.661454
100331.737977
100156.903205
100152.515955
100197.395636
100233.62842
100234.650197
100181.739383
100123.186513
100098.302694
)
;
    }
}


// ************************************************************************* //
