/*--------------------------------*- C++ -*----------------------------------*\
| =========                 |                                                 |
| \\      /  F ield         | OpenFOAM: The Open Source CFD Toolbox           |
|  \\    /   O peration     | Version:  2312                                  |
|   \\  /    A nd           | Website:  www.openfoam.com                      |
|    \\/     M anipulation  |                                                 |
\*---------------------------------------------------------------------------*/
FoamFile
{
    version     2.0;
    format      ascii;
    arch        "LSB;label=32;scalar=64";
    class       volScalarField;
    location    "0.355/water";
    object      p;
}
// * * * * * * * * * * * * * * * * * * * * * * * * * * * * * * * * * * * * * //

dimensions      [1 -1 -2 0 0 0 0];

internalField   nonuniform List<scalar> 
1504
(
101029.289225
101029.259503
101029.564475
101029.846134
101030.25885
101030.65098
101031.491913
101032.996111
101034.962034
101037.09674
101039.291825
101041.52679
101043.70269
101045.634313
101047.31643
101048.956443
101050.543738
101052.001212
101053.530949
101055.120015
101026.769339
101026.742113
101026.711406
101026.802678
101027.078193
101027.168385
101027.611972
101028.666432
101030.103388
101031.668644
101033.315558
101035.047344
101036.756224
101038.284807
101039.619569
101040.961409
101042.301123
101043.696525
101045.058824
101046.424994
101024.639205
101024.618592
101024.596138
101024.569469
101024.777544
101024.709033
101024.847608
101025.516895
101026.507054
101027.587515
101028.756721
101030.024369
101031.269272
101032.359918
101033.28383
101034.387084
101035.491806
101036.560144
101037.728066
101038.884214
101022.78537
101022.767859
101022.753338
101022.741193
101022.939253
101022.793552
101022.736493
101023.110352
101023.724813
101024.374267
101025.121759
101025.964929
101026.762962
101027.44638
101028.059554
101028.827801
101029.563313
101030.395288
101031.345789
101032.306989
101021.05739
101021.046477
101021.044731
101021.050423
101021.231911
101021.066125
101020.934185
101021.125077
101021.429761
101021.689769
101022.044873
101022.471643
101022.849994
101023.207789
101023.603311
101024.034505
101024.389752
101024.892427
101025.660227
101026.452796
101019.364691
101019.349681
101019.337352
101019.471808
101019.713577
101019.579692
101019.421544
101019.469461
101019.443868
101019.280112
101019.254095
101019.258155
101019.26249
101019.447426
101019.697453
101019.749647
101019.569649
101019.6933
101020.336787
101020.997222
101017.770999
101017.758462
101017.747816
101018.13441
101018.412372
101018.275258
101018.087878
101017.935282
101017.418044
101016.835989
101016.547485
101016.09666
101015.875546
101015.929626
101015.902835
101015.473988
101014.618158
101014.403346
101015.001297
101015.554575
101016.275904
101016.269871
101016.278492
101016.908766
101017.189091
101017.044269
101016.787417
101016.193231
101015.083611
101014.45515
101013.736901
101012.68619
101012.280703
101012.106831
101011.718132
101010.659354
101009.165105
101008.78123
101009.333041
101009.746037
101014.636122
101014.635415
101015.503781
101016.349508
101016.519785
101016.231541
101015.572093
101014.022941
101012.557933
101011.459132
101010.04012
101008.83255
101008.183981
101007.630825
101006.674221
101004.909751
101002.928162
101002.472791
101002.897757
101003.121867
101012.761054
101012.663018
101014.210025
101015.194259
101015.219443
101014.543127
101012.744969
101010.498199
101008.724022
101007.464116
101005.79763
101003.950308
101002.937587
101001.796906
101000.13544
100997.638244
100995.445683
100994.972931
100995.129254
100995.178402
101010.849144
101009.343788
101012.351905
101013.4295
101012.85389
101010.748191
101007.836964
101005.406395
101003.915067
101002.032925
100999.487836
100997.595145
100996.0131
100994.073098
100991.577375
100988.604528
100986.553986
100985.848061
100985.602738
100985.465791
101009.072602
101004.651012
101008.720998
101009.409639
101006.832604
101003.451019
101000.659604
100998.97881
100996.826901
100994.604169
100992.186461
100989.409373
100987.062491
100984.318221
100981.202086
100978.15241
100976.074309
100974.882817
100974.241919
100973.844007
101007.422804
100999.237267
101002.831781
101001.205686
100997.588583
100994.798692
100993.134656
100990.793355
100988.444432
100985.856494
100982.576013
100979.576976
100976.137796
100972.786982
100969.271762
100966.005723
100963.58443
100962.003901
100961.00856
100960.447933
101005.995033
100995.621464
100994.654736
100992.35571
100989.37009
100987.513935
100984.745294
100981.925874
100978.859507
100975.218054
100971.753804
100967.366824
100963.410818
100959.476896
100955.489228
100951.823825
100948.972122
100947.009323
100945.738011
100945.151505
101005.659051
100992.880694
100989.184939
100986.595044
100983.640263
100979.906053
100975.742711
100971.548745
100966.451576
100961.967854
100956.675427
100952.0232
100947.411445
100943.126233
100938.875503
100934.870464
100931.624247
100929.337198
100927.879149
100927.221439
100992.306447
100975.721238
100972.604436
100970.491309
100966.404547
100960.920165
100955.480467
100948.931339
100943.296414
100937.235135
100932.158635
100927.477098
100923.558514
100919.986912
100916.617713
100913.455972
100910.757627
100908.723743
100907.356176
100906.74447
100883.366184
100863.610878
100871.212112
100878.415937
100883.436448
100888.3618
100891.235851
100892.5206
100891.86988
100890.867198
100889.712748
100888.786346
100888.001412
100887.360143
100886.849074
100886.473244
100886.155708
100885.687093
100885.140254
100885.011307
100780.810857
100777.204794
100780.293183
100784.211946
100789.101213
100796.030754
100805.911528
100817.064612
100826.678942
100833.7439
100839.225958
100843.765762
100847.674998
100851.098405
100854.14598
100856.905953
100859.558508
100861.719621
100862.838176
100863.536136
100772.730904
100772.696972
100772.67549
100772.656219
100772.643946
100772.644639
100773.485892
100777.189362
100784.991433
100794.584925
100802.945475
100809.949822
100816.083851
100821.627278
100826.624676
100831.138605
100835.215161
100839.064301
100841.915761
100843.487427
100771.755714
100771.752308
100771.752225
100771.750202
100771.743424
100771.731966
100771.720955
100772.037958
100773.605973
100778.019473
100784.439918
100790.877667
100796.717354
100802.12059
100807.207769
100811.90211
100816.228573
100820.120692
100823.816479
100826.11383
100770.891798
100770.888401
100770.887821
100770.888649
100770.888568
100770.887309
100770.885118
100770.953648
100771.492428
100773.229452
100776.593213
100781.0718
100785.629575
100790.01543
100794.237735
100798.305613
100802.045146
100805.599015
100808.817229
100811.227006
100770.003735
100770.002416
100770.004665
100770.007991
100770.01018
100770.010153
100770.006641
100770.049101
100770.330787
100771.312621
100773.241465
100775.982851
100779.061149
100782.189498
100785.39981
100788.497116
100791.555646
100794.336349
100796.832259
100798.919283
100769.097813
100769.098406
100769.104826
100769.113659
100769.123469
100769.134536
100769.149084
100769.215282
100769.365058
100770.004281
100771.253294
100772.910279
100774.796822
100776.948614
100779.124232
100781.375374
100783.52202
100785.710488
100787.480967
100788.493658
100768.085613
100768.088201
100768.095737
100768.105183
100768.116445
100768.131831
100768.205533
100768.260668
100768.395266
100768.869169
100769.70734
100770.564974
100771.610631
100772.843011
100774.262665
100775.665894
100777.135826
100778.465552
100779.632667
100780.037191
100766.888391
100766.89259
100766.898683
100766.906966
100766.920468
100766.979658
100767.074057
100767.095444
100767.256139
100767.654502
100768.00319
100768.062614
100768.319332
100769.071793
100769.774109
100770.577842
100771.379065
100772.279536
100772.856376
100771.874408
100765.441376
100765.44565
100765.448702
100765.455772
100765.533245
100765.583264
100765.537007
100765.506792
100765.631302
100765.748667
100765.265988
100764.670976
100764.840076
100764.993621
100765.26978
100765.510366
100765.801475
100766.006522
100765.980078
100764.960036
100763.713381
100763.712972
100763.70957
100763.916223
100764.059087
100763.974676
100763.796668
100763.6864
100763.616067
100762.988775
100761.785823
100761.260106
100760.948579
100760.802449
100760.544549
100760.317251
100760.112619
100759.967763
100759.453221
100757.269079
100761.613432
100761.602668
100762.080472
100762.60177
100762.724457
100762.50055
100762.194187
100761.925486
100761.298977
100759.693867
100758.30897
100757.480292
100756.943295
100756.218501
100755.517457
100754.809828
100754.060719
100753.274757
100752.121361
100750.059801
100757.801199
100758.713761
100760.5217
100761.270308
100761.377077
100761.062485
100760.602549
100759.911401
100758.133098
100755.961628
100754.488173
100753.543071
100752.369164
100751.232394
100750.029525
100748.74978
100747.54654
100746.298934
100744.511016
100741.265833
100754.833367
100754.948034
100757.529579
100758.616913
100758.900218
100758.684144
100758.095074
100756.553689
100753.844835
100751.555126
100750.271613
100748.713366
100747.189505
100745.518941
100743.719715
100741.960033
100740.018565
100738.080469
100735.166275
100732.344646
100753.390634
100752.097327
100755.949311
100757.217174
100757.386523
100756.917256
100755.557358
100752.436006
100749.096396
100747.297157
100745.309442
100743.37042
100741.232332
100738.948719
100736.672301
100734.142742
100731.669727
100728.908943
100725.914046
100722.368209
100754.56836
100750.944944
100755.552125
100756.759293
100756.486474
100755.167805
100751.920185
100747.465954
100744.633528
100742.042398
100739.59123
100736.903502
100734.075512
100731.306519
100728.283802
100725.398697
100722.099342
100718.939584
100715.060581
100711.267493
100755.518664
100748.877433
100753.352804
100754.381192
100753.293287
100750.178856
100744.911089
100740.708271
100737.435911
100734.585279
100731.375382
100728.007696
100724.783676
100721.290015
100717.954868
100714.020761
100710.505477
100706.84888
100703.126238
100699.06272
100752.739426
100743.203982
100745.910839
100746.060849
100743.102216
100737.846761
100732.789551
100728.922132
100725.913366
100722.504961
100718.807075
100715.287877
100711.262532
100707.499223
100703.382798
100699.916445
100696.562361
100693.195024
100689.587725
100685.70519
100739.557672
100726.718656
100726.197208
100725.229076
100721.826612
100717.553179
100713.414857
100710.216392
100706.911997
100702.927803
100699.195712
100694.955481
100691.476406
100688.060158
100685.124778
100682.277209
100679.553901
100676.824224
100674.00362
100671.093981
100688.166706
100673.68019
100675.153999
100676.521482
100675.819246
100673.730789
100671.36154
100669.544374
100667.997111
100667.226669
100666.149303
100665.166206
100663.916902
100662.680716
100661.385223
100660.188206
100659.057906
100657.886992
100656.624438
100655.266183
100599.770091
100586.649607
100590.261581
100592.849252
100594.530711
100596.291394
100599.208892
100603.816227
100610.075463
100616.632372
100622.391962
100626.760301
100629.922459
100632.269457
100634.130245
100635.645479
100636.875543
100637.836825
100638.54952
100639.069328
100576.29494
100574.152712
100574.31514
100574.381911
100574.472101
100574.911877
100575.898333
101072.460035
101073.648419
101074.646499
101075.488555
101076.200486
101076.801473
101077.30558
101077.724329
101078.068425
101078.34749
101078.569863
101078.742797
101078.872663
101078.965327
101079.027067
101079.065095
101079.077695
101057.036027
101058.922857
101060.541219
101061.898797
101063.035845
101063.99142
101064.797175
101065.477509
101066.050709
101066.530555
101066.92873
101067.255915
101067.521412
101067.733189
101067.898132
101068.022267
101068.111088
101068.170411
101068.20709
101068.22104
101048.033685
101049.684046
101051.119137
101052.329766
101053.346411
101054.200797
101054.92039
101055.526934
101056.036844
101056.462767
101056.815705
101057.105519
101057.340601
101057.528077
101057.674084
101057.783976
101057.862596
101057.915043
101057.947516
101057.961322
101040.162033
101041.498737
101042.667963
101043.658443
101044.492166
101045.191824
101045.779516
101046.273411
101046.687213
101047.031687
101047.316363
101047.549596
101047.73836
101047.88853
101048.005151
101048.092618
101048.154879
101048.196091
101048.221564
101048.23371
101033.256311
101034.218684
101035.045594
101035.747131
101036.340124
101036.836253
101037.250784
101037.597206
101037.885589
101038.124027
101038.319811
101038.479188
101038.607273
101038.708338
101038.786036
101038.843554
101038.883734
101038.909619
101038.925443
101038.934325
101027.090747
101027.635106
101028.053916
101028.405631
101028.707332
101028.95811
101029.164708
101029.334621
101029.473293
101029.585345
101029.675125
101029.746269
101029.801674
101029.843717
101029.874423
101029.895567
101029.908721
101029.915677
101029.919482
101029.923494
101021.34457
101021.452451
101021.422364
101021.382312
101021.356889
101021.332784
101021.307112
101021.280288
101021.252357
101021.223831
101021.195596
101021.168349
101021.142523
101021.118416
101021.096262
101021.076287
101021.058687
101021.043928
101021.033813
101021.031455
101015.630738
101015.309776
101014.822807
101014.375788
101014.008304
101013.696634
101013.428256
101013.196016
101012.994213
101012.818927
101012.667345
101012.537095
101012.426065
101012.3324
101012.254483
101012.190941
101012.140566
101012.102475
101012.07723
101012.067241
101009.559019
101008.832539
101007.906407
101007.062159
101006.359332
101005.765557
101005.259322
101004.825915
101004.453908
101004.13491
101003.862433
101003.631101
101003.436324
101003.274145
101003.141145
101003.034396
101002.951333
101002.889781
101002.849093
101002.830594
101002.713273
101001.639133
101000.319886
100999.113562
100998.104866
100997.253573
100996.530474
100995.913863
100995.386973
100994.937213
100994.554687
100994.23127
100993.960103
100993.735312
100993.551833
100993.405325
100993.29201
100993.208545
100993.153138
100993.125737
100994.656875
100993.350064
100991.721765
100990.217638
100988.956808
100987.892527
100986.990058
100986.222072
100985.567334
100985.009687
100984.536366
100984.13694
100983.802646
100983.526008
100983.300589
100983.120882
100982.982127
100982.880022
100982.811714
100982.775563
100984.96453
100983.621696
100981.820185
100980.110117
100978.671568
100977.455826
100976.4256
100975.550101
100974.804879
100974.1711
100973.633841
100973.180933
100972.802192
100972.488955
100972.233785
100972.030335
100971.873175
100971.757339
100971.679022
100971.634809
100973.47009
100972.289013
100970.447345
100968.617589
100967.077187
100965.777584
100964.678898
100963.74791
100962.95751
100962.286716
100961.71897
100961.24087
100960.841294
100960.510849
100960.241521
100960.026515
100959.860103
100959.737021
100959.652659
100959.601593
100960.215422
100959.227639
100957.454233
100955.593422
100954.033229
100952.728127
100951.63216
100950.7093
100949.929664
100949.270379
100948.713727
100948.24563
100947.854604
100947.531101
100947.267072
100947.055766
100946.891619
100946.76954
100946.684333
100946.628186
100944.839698
100944.013536
100942.519028
100940.809292
100939.37068
100938.182988
100937.194578
100936.369149
100935.676027
100935.092169
100934.600213
100934.186734
100933.841044
100933.554443
100933.319713
100933.130893
100932.983216
100932.872392
100932.792997
100932.734191
100926.768274
100926.249944
100925.308721
100924.076327
100922.991361
100922.10393
100921.368833
100920.758405
100920.247477
100919.817167
100919.453725
100919.146884
100918.888721
100918.672967
100918.494521
100918.349243
100918.233999
100918.146071
100918.080351
100918.021841
100906.316906
100906.292774
100905.997051
100905.568833
100905.096411
100904.703841
100904.372365
100904.094578
100903.859499
100903.657826
100903.483281
100903.33163
100903.199919
100903.086042
100902.98842
100902.905875
100902.83781
100902.783886
100902.739938
100902.684734
100885.249236
100885.51957
100885.651776
100886.011277
100886.293415
100886.513665
100886.680406
100886.809492
100886.909503
100886.983923
100887.036251
100887.07006
100887.088763
100887.095563
100887.093411
100887.085023
100887.073243
100887.061224
100887.046793
100886.997833
100864.386478
100864.863796
100865.455028
100866.348765
100867.369462
100868.227595
100868.913805
100869.463686
100869.908319
100870.265736
100870.549956
100870.772744
100870.944079
100871.072577
100871.165797
100871.230512
100871.273349
100871.302604
100871.324554
100871.291557
100844.759295
100845.653585
100846.635602
100847.765161
100849.237045
100850.608679
100851.738135
100852.649803
100853.391504
100853.994069
100854.480266
100854.868598
100855.174439
100855.41081
100855.588971
100855.718869
100855.809681
100855.872013
100855.923826
100855.912096
100827.493607
100828.572823
100829.794054
100831.049637
100832.632823
100834.281235
100835.700883
100836.859168
100837.805681
100838.579756
100839.209454
100839.717367
100840.122289
100840.440203
100840.685035
100840.86927
100841.004198
100841.099782
100841.162601
100841.164265
100812.649157
100813.959094
100815.211601
100816.47854
100817.947525
100819.606184
100821.127372
100822.393201
100823.43295
100824.287893
100824.987423
100825.555019
100826.010298
100826.370047
100826.648988
100826.860528
100827.017022
100827.127111
100827.192015
100827.19343
100800.160112
100801.560925
100802.712567
100803.894184
100805.161576
100806.639501
100808.0941
100809.340195
100810.370901
100811.222336
100811.92238
100812.493102
100812.952975
100813.317877
100813.601753
100813.817199
100813.975398
100814.085123
100814.147937
100814.15272
100789.547814
100790.805108
100791.803004
100792.897469
100793.986029
100795.209026
100796.482299
100797.612586
100798.555157
100799.336178
100799.980412
100800.507342
100800.933146
100801.271716
100801.535182
100801.733729
100801.876943
100801.973489
100802.027363
100802.034142
100780.218866
100781.307923
100782.22199
100783.162906
100784.095605
100785.059812
100786.084662
100787.027138
100787.820381
100788.479896
100789.025406
100789.472727
100789.834905
100790.122958
100790.34542
100790.509761
100790.624813
100790.698408
100790.737108
100790.74187
100771.972696
100772.765119
100773.532261
100774.343618
100775.143191
100775.882397
100776.628764
100777.327115
100777.919773
100778.417028
100778.831913
100779.174104
100779.452341
100779.672359
100779.837326
100779.953919
100780.02946
100780.071624
100780.089457
100780.088206
100764.148319
100764.743785
100765.333012
100765.942608
100766.644924
100767.22255
100767.711483
100768.143657
100768.504333
100768.812705
100769.078397
100769.302574
100769.486515
100769.625974
100769.722153
100769.781014
100769.808146
100769.812617
100769.80669
100769.798217
100756.509991
100756.718512
100757.040871
100757.542049
100758.111594
100758.570205
100758.852153
100759.030052
100759.148227
100759.250751
100759.356534
100759.45596
100759.533568
100759.581259
100759.601843
100759.597342
100759.573547
100759.541303
100759.515382
100759.501215
100748.460943
100748.324872
100748.352297
100748.570648
100749.00619
100749.383637
100749.521939
100749.479389
100749.353463
100749.236223
100749.163956
100749.113806
100749.065411
100749.013856
100748.956844
100748.894163
100748.829519
100748.772848
100748.738297
100748.713726
100739.766973
100739.120784
100738.699101
100738.671612
100738.919021
100739.179793
100739.188518
100738.951041
100738.594627
100738.251614
100737.98015
100737.766998
100737.594752
100737.455563
100737.341768
100737.247283
100737.169257
100737.111402
100737.082402
100737.035877
100730.230632
100728.856607
100727.930061
100727.516458
100727.479802
100727.505382
100727.350794
100726.957519
100726.4269
100725.901863
100725.465812
100725.134129
100724.890712
100724.716117
100724.594136
100724.510366
100724.453368
100724.418443
100724.406603
100724.339727
100719.521575
100717.373408
100715.847817
100714.948212
100714.471307
100714.101505
100713.718713
100713.205746
100712.602489
100712.00886
100711.523625
100711.181472
100710.955553
100710.815131
100710.736014
100710.698444
100710.685325
100710.68506
100710.695132
100710.621656
100707.70476
100704.798489
100702.645921
100701.18491
100700.157633
100699.313065
100698.572066
100697.868085
100697.211463
100696.632475
100696.185648
100695.915606
100695.777923
100695.713317
100695.698765
100695.731713
100695.790631
100695.849989
100695.894321
100695.824435
100695.013823
100691.52518
100688.874859
100686.940612
100685.444033
100684.180036
100683.052618
100682.027138
100681.131207
100680.420205
100679.882426
100679.509846
100679.258796
100679.095404
100679.100777
100679.311274
100679.541582
100679.762115
100679.955115
100679.944944
100681.769051
100678.191608
100675.374348
100673.3112
100671.716004
100670.303851
100668.962114
100667.705047
100666.540718
100665.543712
100664.728007
100663.973265
100663.417433
100663.112065
100663.06834
100663.334238
100663.859638
100664.31531
100664.699562
100664.835004
100668.049465
100665.071469
100662.65499
100660.96054
100659.701934
100658.54163
100657.377563
100656.228996
100655.113594
100654.078763
100653.252569
100653.101725
100653.006824
100653.405206
100653.658547
100653.855848
100654.105885
100654.444099
100654.693984
100654.827163
100653.804199
100652.238216
100650.778831
100649.752822
100649.092323
100648.542286
100647.979085
100647.392408
100646.840334
100646.517229
100646.795288
100646.813119
100647.177841
100647.419237
100647.662872
100647.879523
100648.036883
100648.183251
100648.276684
100648.374396
100639.338529
100639.356875
100639.198053
100639.054293
100639.070176
100639.193692
100639.319541
100639.425416
100639.559583
100639.93031
100640.158242
100640.587741
100640.968929
100641.319626
100641.715184
100642.029097
100642.034589
100642.070747
100642.182815
100642.338939
)
;

boundaryField
{
    emptyPatch
    {
        type            empty;
    }
    minY
    {
        type            calculated;
        value           nonuniform List<scalar> 0();
    }
    maxY
    {
        type            calculated;
        value           nonuniform List<scalar> 0();
    }
    maxX
    {
        type            calculated;
        value           nonuniform List<scalar> 
38
(
101079.077695
101068.22104
101057.961322
101048.23371
101038.934325
101029.923494
101021.031455
101012.067241
101002.830594
100993.125737
100982.775563
100971.634809
100959.601593
100946.628186
100932.734191
100918.021841
100902.684734
100886.997833
100871.291557
100855.912096
100841.164265
100827.19343
100814.15272
100802.034142
100790.74187
100780.088206
100769.798217
100759.501215
100748.713726
100737.035877
100724.339727
100710.621656
100695.824435
100679.944944
100664.835004
100654.827163
100648.374396
100642.338939
)
;
    }
    water_to_heater
    {
        type            calculated;
        value           nonuniform List<scalar> 
60
(
101029.729904
101028.302886
101026.849687
101024.718567
101023.870385
101022.530087
101021.81506
101020.46036
101019.777748
101018.451822
101017.853591
101016.360045
101015.730534
101014.384981
101013.507452
101012.188038
101011.27223
101009.929326
101009.160966
101007.513584
101007.253503
101005.716161
101006.930828
101004.611724
100993.232577
100989.928718
100883.471152
100780.929442
100773.774558
100772.513234
100772.323699
100771.343806
100771.206663
100770.237794
100770.07636
100769.173189
100768.900085
100767.920184
100767.460775
100766.483489
100765.773819
100764.790304
100763.808108
100761.731481
100759.491163
100757.416957
100756.1499
100753.806436
100754.131452
100751.785204
100754.727554
100755.680975
100754.704363
100752.304283
100741.077174
100738.357922
100689.094847
100685.984124
100599.925929
100576.460995
)
;
    }
    procBoundary3to1
    {
        type            processor;
        value           nonuniform List<scalar> 
41
(
100577.448719
100579.848975
100583.715966
100588.989552
100594.989154
100600.754427
100605.716137
100609.949894
100613.590157
100616.731912
100619.425165
100621.740951
100623.738142
100575.865595
100575.815082
100575.792424
100575.773186
100575.75385
100575.735887
100577.448719
100575.720884
100625.413815
100626.723008
100627.815273
100628.536009
100629.128974
100629.767268
100630.380718
100630.947205
100631.510777
100632.08813
100632.730732
100633.319091
100633.891502
100634.469275
100634.932124
100635.2489
100635.017133
100634.896419
100635.250335
100635.521576
)
;
    }
    procBoundary3to2
    {
        type            processor;
        value           nonuniform List<scalar> 
41
(
101032.28346
101032.411011
101033.42554
101034.483162
101035.365523
101036.339467
101037.761404
101039.790591
101042.257609
101044.895093
101047.555023
101050.184562
101052.69191
101054.897838
101056.878436
101058.605204
101060.2127
101061.852436
101063.40435
101065.17848
101084.05733
101085.222007
101086.199787
101087.02537
101087.724623
101088.316365
101088.813988
101089.22792
101089.568007
101089.843509
101090.062621
101090.232541
101090.359633
101090.449842
101090.509608
101090.546189
101090.556197
101067.316029
101069.332003
101071.03738
101071.03738
)
;
    }
}


// ************************************************************************* //
