/*--------------------------------*- C++ -*----------------------------------*\
| =========                 |                                                 |
| \\      /  F ield         | OpenFOAM: The Open Source CFD Toolbox           |
|  \\    /   O peration     | Version:  2312                                  |
|   \\  /    A nd           | Website:  www.openfoam.com                      |
|    \\/     M anipulation  |                                                 |
\*---------------------------------------------------------------------------*/
FoamFile
{
    version     2.0;
    format      ascii;
    arch        "LSB;label=32;scalar=64";
    class       volScalarField;
    location    "0.585/heater";
    object      T;
}
// * * * * * * * * * * * * * * * * * * * * * * * * * * * * * * * * * * * * * //

dimensions      [0 0 0 1 0 0 0];

internalField   nonuniform List<scalar> 
150
(
792.547088179
792.423098728
792.175765732
791.806431833
791.317180879
792.410265644
792.275897499
792.006720654
791.601753378
791.059211986
792.307150542
792.170901817
791.898340304
791.489344601
790.943742857
792.255424753
792.119183538
791.846706658
791.437999329
790.893044565
792.240560557
792.104984354
791.833891788
791.427398777
790.885630025
792.240714468
792.105545462
791.835288492
791.430053441
790.889698538
792.243166799
792.108099289
791.838047308
791.433081436
790.892864404
792.243460404
792.108421323
791.838458319
791.433696631
790.893730441
792.239582718
792.104436825
791.834291498
791.4294086
790.88954276
792.231660492
792.096267625
791.825604033
791.42000833
790.879630104
792.221633999
792.085971045
791.814711632
791.408181544
790.866968528
792.211407137
792.07552622
791.803774546
791.39640565
790.854455996
792.201805089
792.065725342
791.793520409
791.385202182
790.841959021
792.193534338
792.057285454
791.784747271
791.375749926
790.830504049
792.18708496
792.050689977
791.77789108
791.368516609
790.82202544
792.182748482
792.046269071
791.773330275
791.363817373
790.817166246
792.18005977
792.043536445
791.770539066
791.361000397
790.814379485
792.178236405
792.041637369
791.768510682
791.35884503
790.812164208
792.177173126
792.040487146
791.767203594
791.357371806
790.810594201
792.177082299
792.040363442
791.767037672
791.357221048
790.810535916
792.177432573
792.040697607
791.767364286
791.357647052
790.811218049
792.177478704
792.040679192
791.767207815
791.357339538
790.81091809
792.177417659
792.040548247
791.766912275
791.356818521
790.81036046
792.17778702
792.040911711
791.767253171
791.357190368
790.811220144
792.178579897
792.041743261
791.768147829
791.358200931
790.813125489
792.179794399
792.043004377
791.769465687
791.359440675
790.814253359
792.181966293
792.045280053
791.771906794
791.36190164
790.816159972
792.186135355
792.049639056
791.77661969
791.366968773
790.821138372
792.193617544
792.057426829
791.785010166
791.37605599
790.830303924
792.206595167
792.070813215
791.799371589
791.392249365
790.848511786
)
;

boundaryField
{
    emptyPatch
    {
        type            empty;
    }
    minY
    {
        type            zeroGradient;
    }
    maxY
    {
        type            zeroGradient;
    }
    minX
    {
        type            zeroGradient;
    }
    heater_to_water
    {
        type            compressible::turbulentTemperatureTwoPhaseRadCoupledMixed;
        refValue        nonuniform List<scalar> 
60
(
304.838340666
325.784612935
325.787181447
326.714319889
326.71554634
326.430643594
326.431213441
324.936039377
322.80307018
321.993168295
321.99319913
321.792351718
321.792389948
321.816024456
321.816081562
321.763110231
321.87923376
321.830248251
321.830395376
321.908116346
321.908286431
321.819268626
321.819437135
321.669173456
320.585096154
320.344976716
320.345129291
322.623098243
322.623233762
325.534013219
325.534122223
325.812977973
326.141740266
325.981028078
325.981114201
326.188348828
326.188428431
325.948224698
325.94829005
326.079839941
325.846683769
325.934109484
325.934176543
325.727799112
325.727868737
325.712982521
325.713038507
325.46549207
323.867588537
321.888706944
321.888761234
321.119614545
321.119661989
320.929195078
320.929218064
321.00523293
321.19468191
321.816329064
321.816242817
324.261106251
)
;
        refGradient     uniform 0;
        valueFraction   nonuniform List<scalar> 
60
(
0.000603351611476
0.000734770834228
0.000734697515177
0.000734734211662
0.000734700369013
0.000734733529125
0.000734717612001
0.00073073865103
0.000723505074632
0.000721620525535
0.000721619504199
0.000721496102377
0.000721494823365
0.000722026206389
0.000722024294933
0.00072149173915
0.000722141043403
0.000721443935999
0.000721439008691
0.000721952844227
0.000721947161681
0.000721391607665
0.000721385956217
0.000721193785055
0.000716389598697
0.000715678219996
0.000715672758597
0.000725930894333
0.000725926472811
0.000736795889459
0.000736792694784
0.000736397799796
0.000737447157006
0.000736434790686
0.000736432308552
0.00073746327194
0.000737460992546
0.000736424043826
0.000736422157257
0.000737312811569
0.000736388960552
0.000737057953461
0.000737056014014
0.000736341102265
0.000736339073599
0.000736494069873
0.000736492436788
0.000736044028359
0.000730995206355
0.000723423694289
0.000723421858088
0.000720873100681
0.000720871440667
0.00072038678716
0.000720385975212
0.000720749996782
0.000721482614559
0.000724223301833
0.00072422624091
0.000734117205335
)
;
        source          uniform 0;
        value           nonuniform List<scalar> 
60
(
791.025037944
790.976495802
790.718755865
790.719419992
790.604059461
790.603834739
790.553189478
790.553944977
790.548372826
790.548670511
790.552754551
790.552667503
790.555838008
790.5556058
790.556474814
790.556686407
790.552284884
790.552576495
790.542662773
790.542477869
790.529817403
790.530013719
790.517503821
790.517485587
790.506429375
790.506592059
790.495149441
790.491976772
790.483569376
790.480624963
790.475788111
790.476177199
790.473150178
790.473502244
790.471285942
790.470959545
790.469390508
790.469695407
790.469642236
790.469325197
790.470265169
790.470018548
790.469721987
790.46990237
790.469343514
790.469260464
790.470125867
790.470152216
790.473214535
790.475318459
790.476403937
790.477044661
790.478934446
790.479024877
790.483999746
790.483883482
790.49284124
790.492004323
790.510250905
790.507406526
)
;
        kappaMethod     solidThermo;
        Tnbr            T.liquid;
        region          solid;
        otherPhase      gas;
    }
    procBoundary2to3
    {
        type            processor;
        value           nonuniform List<scalar> 5(792.227334481 792.092140137 791.822158144 791.418614874 790.883505203);
    }
}


// ************************************************************************* //
