/*--------------------------------*- C++ -*----------------------------------*\
| =========                 |                                                 |
| \\      /  F ield         | OpenFOAM: The Open Source CFD Toolbox           |
|  \\    /   O peration     | Version:  2312                                  |
|   \\  /    A nd           | Website:  www.openfoam.com                      |
|    \\/     M anipulation  |                                                 |
\*---------------------------------------------------------------------------*/
FoamFile
{
    version     2.0;
    format      ascii;
    arch        "LSB;label=32;scalar=64";
    class       volScalarField;
    location    "0.675/water";
    object      p;
}
// * * * * * * * * * * * * * * * * * * * * * * * * * * * * * * * * * * * * * //

dimensions      [1 -1 -2 0 0 0 0];

internalField   nonuniform List<scalar> 
1503
(
101440.475761
101436.669026
101435.663944
101434.885568
101434.217942
101433.616061
101433.05905
101432.547091
101432.084657
101431.670249
101431.302138
101430.977356
101430.691403
101430.440003
101430.219648
101430.027525
101429.86142
101429.719714
101429.601373
101429.505833
101421.543271
101419.677495
101419.826004
101419.821987
101419.518557
101419.233809
101418.956149
101418.681158
101418.402206
101418.126111
101417.866569
101417.628762
101417.410578
101417.209716
101417.025489
101416.85827
101416.708844
101416.578105
101416.467004
101416.376488
101404.641811
101402.717443
101403.465602
101404.027011
101404.149048
101404.227722
101404.267472
101404.258701
101404.206756
101404.119817
101404.011101
101403.895866
101403.78213
101403.671212
101403.563079
101403.458549
101403.35934
101403.267693
101403.18606
101403.116728
101390.204639
101388.882613
101389.683629
101390.041041
101390.007326
101390.015811
101390.066064
101390.114926
101390.143887
101390.148693
101390.130568
101390.097059
101390.056733
101390.013698
101389.968614
101389.921517
101389.873042
101389.82458
101389.778071
101389.735537
101375.722348
101374.8518
101375.940961
101376.330873
101376.265884
101376.218763
101376.239359
101376.288125
101376.333066
101376.364989
101376.382291
101376.386913
101376.383872
101376.377245
101376.368208
101376.35644
101376.341564
101376.323735
101376.30371
101376.282479
101361.8466
101360.969873
101362.100468
101362.579202
101362.60749
101362.570748
101362.571326
101362.614561
101362.669432
101362.716211
101362.751496
101362.775683
101362.791705
101362.803115
101362.811643
101362.817291
101362.819457
101362.817697
101362.811994
101362.80256
101348.338425
101347.288649
101348.291869
101348.761019
101348.897287
101348.950022
101348.983959
101349.034929
101349.102752
101349.165782
101349.215989
101349.253582
101349.280594
101349.30028
101349.315121
101349.325927
101349.332532
101349.334578
101349.331913
101349.324487
101334.661019
101333.468574
101334.295446
101334.83461
101335.114217
101335.315426
101335.45185
101335.550067
101335.641978
101335.725647
101335.790207
101335.835547
101335.864693
101335.882031
101335.891479
101335.895155
101335.893823
101335.887701
101335.876972
101335.861658
101322.42583
101321.092931
101321.789767
101322.085507
101322.167401
101322.26047
101322.340576
101322.399645
101322.452483
101322.508504
101322.552147
101322.575278
101322.579892
101322.571308
101322.554539
101322.532599
101322.506936
101322.47827
101322.447026
101322.413558
101309.066859
101307.653085
101308.712554
101309.159219
101309.27622
101309.356498
101309.422587
101309.463509
101309.486846
101309.504236
101309.503509
101309.474867
101309.42346
101309.359484
101309.290795
101309.221382
101309.153162
101309.087078
101309.023733
101308.963606
101297.980404
101296.25463
101296.974344
101297.165394
101297.029635
101296.900337
101296.815639
101296.763874
101296.725796
101296.682144
101296.60771
101296.488076
101296.340016
101296.186171
101296.039073
101295.90274
101295.778187
101295.665739
101295.565317
101295.476546
101285.746966
101283.521302
101284.174631
101284.378506
101284.200493
101284.015523
101283.903479
101283.859921
101283.82696
101283.756723
101283.619385
101283.40768
101283.150449
101282.893828
101282.662608
101282.45999
101282.284427
101282.13416
101282.007304
101281.901826
101273.400792
101270.735865
101270.858249
101270.837954
101270.546375
101270.336702
101270.264414
101270.280025
101270.295873
101270.255195
101270.120576
101269.878169
101269.559493
101269.238545
101268.963297
101268.735277
101268.548596
101268.398243
101268.27989
101268.189434
101258.436557
101255.549183
101255.774346
101255.75916
101255.505173
101255.380441
101255.4273
101255.540557
101255.63013
101255.672784
101255.646471
101255.501798
101255.244963
101254.969692
101254.751721
101254.591467
101254.475489
101254.395329
101254.345088
101254.319568
101241.607783
101238.671
101239.060367
101239.115285
101238.947762
101238.970907
101239.156377
101239.361918
101239.548237
101239.740604
101239.931934
101240.046734
101240.045155
101239.993688
101239.982471
101240.018732
101240.081063
101240.157721
101240.244144
101240.337074
101222.550309
101219.618589
101220.433036
101220.806674
101220.969572
101221.272995
101221.655541
101222.030195
101222.415163
101222.856691
101223.337316
101223.792382
101224.201569
101224.560621
101224.901839
101225.243233
101225.567376
101225.862351
101226.128777
101226.369617
101203.434848
101201.431579
101202.852359
101203.584882
101204.043737
101204.553676
101205.105076
101205.665245
101206.248912
101206.862929
101207.494707
101208.1007
101208.730767
101209.43646
101210.124924
101210.757725
101211.323337
101211.81519
101212.238653
101212.603583
101189.341078
101188.461811
101189.658482
101190.340889
101190.771766
101191.233657
101191.759631
101192.312309
101192.853007
101193.378706
101193.876822
101194.358616
101194.869086
101195.542717
101196.33342
101197.084931
101197.747425
101198.316578
101198.799387
101199.207412
101180.313058
101179.497367
101180.382875
101180.652379
101180.70994
101180.84202
101181.076789
101181.357391
101181.640184
101181.893517
101182.154313
101182.483759
101182.827899
101183.237181
101183.821643
101184.451028
101185.015567
101185.498366
101185.907254
101186.249678
101169.130592
101168.552916
101169.955823
101170.405527
101170.528501
101170.65213
101170.826624
101171.0336
101171.22228
101171.321105
101171.395603
101171.572581
101171.821472
101172.070363
101172.360363
101172.704846
101173.014422
101173.272709
101173.490397
101173.669854
101160.64254
101159.786892
101160.854089
101161.093634
101161.044831
101161.022062
101161.091361
101161.192037
101161.160741
101160.944111
101160.873497
101160.916088
101161.081898
101161.290249
101161.389092
101161.439411
101161.429232
101161.389371
101161.347511
101161.304624
101150.666193
101149.465711
101150.602923
101151.002312
101151.056111
101151.098345
101151.165707
101151.101904
101150.678068
101150.383499
101150.202615
101150.105787
101150.208137
101150.373415
101150.370255
101150.183999
101149.871709
101149.528664
101149.217132
101148.940107
101142.214928
101140.456035
101140.982645
101141.17995
101141.101891
101141.003495
101140.838224
101140.310622
101139.728808
101139.30753
101139.123294
101138.924267
101138.833199
101138.933576
101138.889447
101138.536017
101137.974697
101137.378078
101136.839704
101136.362611
101130.078944
101128.259694
101129.422363
101129.805466
101129.773528
101129.632867
101129.242229
101128.494725
101127.795537
101127.59968
101127.241863
101126.84578
101126.633041
101126.601416
101126.582199
101126.153183
101125.43963
101124.683932
101124.004047
101123.399145
101118.38751
101116.448657
101117.669618
101117.905638
101117.654728
101117.24252
101116.466365
101115.466848
101115.130016
101114.601313
101114.163464
101113.58383
101112.848075
101113.072304
101113.15243
101112.781091
101112.083594
101111.307531
101110.59667
101109.955924
101105.096029
101102.857447
101104.287998
101104.547946
101104.187872
101103.563664
101102.592321
101101.947816
101101.233447
101100.716434
101100.033535
101098.638212
101098.571601
101098.775081
101098.857969
101098.609164
101098.04646
101097.337369
101096.661771
101096.047886
101092.287147
101089.730384
101090.864364
101090.935617
101090.35496
101089.531277
101088.600412
101087.598348
101087.030989
101086.298818
101084.555712
101083.989893
101084.135406
101084.206118
101084.226601
101084.041044
101083.593813
101082.945907
101082.303131
101081.732291
101078.731873
101075.50012
101076.071542
101075.960732
101075.304493
101074.506757
101073.457894
101072.621158
101071.670963
101069.823923
101069.130778
101069.396806
101069.270466
101069.077618
101069.017017
101068.932846
101068.644454
101068.096529
101067.50427
101067.000278
101063.008816
101059.574719
101060.043213
101059.766282
101059.028744
101058.093526
101056.869069
101055.484041
101054.128034
101053.578204
101053.696561
101053.579068
101053.279503
101053.192124
101053.113809
101053.211175
101053.055578
101052.659676
101052.176061
101051.793961
101045.826939
101041.504936
101041.642865
101041.174361
101040.233812
101039.162487
101038.009562
101037.224438
101037.023103
101037.010833
101036.997255
101036.814022
101036.644415
101036.426055
101036.558475
101036.714677
101036.658018
101036.47702
101036.216265
101036.05443
101022.81021
101017.53156
101017.865472
101017.80339
101017.724671
101017.70634
101017.68896
101017.979607
101018.366943
101018.683505
101018.796791
101018.755512
101018.679785
101018.744101
101018.959744
101019.182282
101019.299879
101019.422964
101019.562169
101019.77575
100992.0442
100987.077736
100988.507903
100989.675869
100991.045338
100992.413226
100993.700767
100994.997545
100996.193127
100997.187639
100997.888047
100998.490519
100999.109355
100999.678882
101000.203536
101000.621203
101001.049027
101001.584066
101002.319258
101003.104355
100958.58693
100956.579028
100958.877304
100960.427004
100962.20994
100964.412042
100966.789384
100969.135388
100971.361834
100973.348263
100975.119466
100976.82214
100978.442899
100979.816178
100980.829222
100981.593703
100982.5065
100983.544187
100984.951812
100986.458279
100930.715987
100933.089448
100935.305938
100936.496218
100937.761995
100939.685781
100942.347965
100945.298037
100948.274905
100951.168763
100953.912674
100956.532852
100958.966405
100961.039407
100962.592715
100963.965267
100965.234793
100966.639994
100968.456142
100970.582554
100918.447546
100919.378978
100920.751108
100921.564601
100922.264481
100923.361542
100925.365243
100928.065837
100931.088825
100934.207758
100937.287094
100940.248277
100943.019267
100945.435055
100947.420844
100949.138891
100950.73189
100952.230601
100953.976416
100956.285525
100914.908909
100914.845172
100915.081561
100915.302533
100915.521516
100915.826635
100916.733743
100918.445985
100920.723952
100923.295259
100925.972174
100928.634484
100931.208322
100933.489522
100935.404282
100937.228061
100938.851714
100940.224008
100941.804792
100943.92291
100912.442376
100912.400905
100912.356361
100912.3342
100912.397259
100912.400989
100912.67123
100913.575919
100915.018505
100916.778107
100918.68236
100920.673113
100922.727673
100924.537612
100926.094471
100927.533353
100928.932552
100930.341273
100931.747013
100933.473872
100910.438359
100910.41155
100910.399228
100910.390598
100910.436269
100910.345347
100910.324367
100910.749025
100911.585979
100912.64439
100913.787621
100915.17293
100916.586464
100917.749928
100918.625903
100919.756427
100920.927765
100922.064551
100923.29451
100924.602048
101429.434628
101429.389239
101429.367842
101429.367639
101429.386528
101429.423021
101429.476135
101429.545305
101429.630313
101429.731236
101429.848445
101429.982684
101430.135301
101430.308607
101430.505875
101430.72892
101430.974482
101431.247911
101431.619296
101435.370589
101416.308752
101416.265631
101416.245565
101416.245659
101416.263564
101416.297367
101416.345471
101416.406484
101416.479178
101416.562511
101416.655749
101416.758682
101416.871764
101416.995684
101417.129224
101417.266365
101417.399836
101417.531428
101417.678987
101417.686242
101403.062246
101403.025125
101403.005212
101403.000345
101403.008315
101403.027053
101403.054655
101403.089406
101403.12983
101403.174799
101403.223632
101403.276064
101403.331785
101403.389152
101403.44345
101403.487838
101403.518869
101403.541709
101403.566917
101403.463621
101389.698758
101389.670244
101389.651334
101389.64115
101389.638304
101389.6414
101389.64916
101389.660522
101389.67473
101389.691391
101389.710423
101389.731771
101389.754735
101389.777057
101389.794919
101389.80582
101389.812983
101389.825965
101389.844638
101389.754158
101376.260524
101376.239859
101376.222828
101376.209666
101376.199928
101376.193121
101376.188809
101376.186728
101376.186832
101376.189281
101376.194276
101376.201693
101376.210537
101376.218575
101376.223202
101376.224323
101376.226923
101376.236342
101376.241726
101376.16326
101362.788888
101362.772633
101362.756671
101362.741824
101362.728324
101362.716318
101362.705957
101362.697474
101362.691195
101362.687468
101362.686455
101362.687797
101362.690259
101362.691763
101362.690708
101362.688645
101362.691127
101362.697901
101362.696183
101362.635534
101349.311509
101349.294751
101349.277256
101349.26
101349.243523
101349.228262
101349.214618
101349.203015
101349.19386
101349.187456
101349.183788
101349.182268
101349.181556
101349.179896
101349.176684
101349.174705
101349.178306
101349.181733
101349.175945
101349.129414
101335.841468
101335.818581
101335.795835
101335.774076
101335.753774
101335.735322
101335.719083
101335.705411
101335.694594
101335.68675
101335.681639
101335.678487
101335.675953
101335.672683
101335.668978
101335.668285
101335.672148
101335.672004
101335.664818
101335.628822
101322.378316
101322.343727
101322.31209
101322.283631
101322.258355
101322.236291
101322.217501
101322.202069
101322.190015
101322.18119
101322.175116
101322.170883
101322.167224
101322.163236
101322.160018
101322.160928
101322.163983
101322.160969
101322.153848
101322.125309
101308.907487
101308.857726
101308.815446
101308.779668
101308.749518
101308.724364
101308.703754
101308.687348
101308.67481
101308.665693
101308.659307
101308.654661
101308.650632
101308.646813
101308.644924
101308.647311
101308.648943
101308.644203
101308.637749
101308.614491
101295.400001
101295.337101
101295.286956
101295.246906
101295.214914
101295.189512
101295.169631
101295.154467
101295.143329
101295.135514
101295.130191
101295.126374
101295.123171
101295.120704
101295.121043
101295.1247
101295.124993
101295.119698
101295.114106
101295.094625
101281.817098
101281.75244
101281.704398
101281.668646
101281.642075
101281.622507
101281.608392
101281.598602
101281.592237
101281.588486
101281.586515
101281.585481
101281.584841
101281.585258
101281.58878
101281.593678
101281.593308
101281.588416
101281.583797
101281.567097
101268.12416
101268.080403
101268.052507
101268.035414
101268.025684
101268.021015
101268.019853
101268.021132
101268.024058
101268.027976
101268.032275
101268.036431
101268.040391
101268.045354
101268.052894
101268.059245
101268.059172
101268.055373
101268.051851
101268.037302
101254.313973
101254.321842
101254.337102
101254.355991
101254.376194
101254.396352
101254.415692
101254.4338
101254.450441
101254.46546
101254.478726
101254.490237
101254.50056
101254.511373
101254.523349
101254.531421
101254.532509
101254.530199
101254.527865
101254.515084
101240.431193
101240.519062
101240.59725
101240.665952
101240.725781
101240.777562
101240.82217
101240.860459
101240.893185
101240.921001
101240.944475
101240.964277
101240.981668
101240.998652
101241.01472
101241.024499
101241.027149
101241.026374
101241.025176
101241.013909
101226.581857
101226.759971
101226.906183
101227.026672
101227.126246
101227.208719
101227.277131
101227.333929
101227.381066
101227.420118
101227.452408
101227.479305
101227.502718
101227.5247
101227.543492
101227.554348
101227.558255
101227.558625
101227.558274
101227.548277
101212.910549
101213.157645
101213.353446
101213.509882
101213.635685
101213.737394
101213.819967
101213.887213
101213.942067
101213.986834
101214.023421
101214.053737
101214.080139
101214.104328
101214.123441
101214.13398
101214.138095
101214.138766
101214.138691
101214.129648
101199.542796
101199.806476
101200.010908
101200.170878
101200.297037
101200.397214
101200.477219
101200.541414
101200.593095
101200.634801
101200.668635
101200.696735
101200.721555
101200.743958
101200.760283
101200.768494
101200.77121
101200.770987
101200.770391
101200.761873
101186.526295
101186.739104
101186.900428
101187.023735
101187.118718
101187.192446
101187.25009
101187.295461
101187.331375
101187.359975
101187.383076
101187.40266
101187.420806
101187.437088
101187.447426
101187.451088
101187.450615
101187.448179
101187.446181
101187.437663
101173.808963
101173.909818
101173.981174
101174.031503
101174.066939
101174.09191
101174.109565
101174.122135
101174.13119
101174.137902
101174.143381
101174.149077
101174.156182
101174.162683
101174.164452
101174.161666
101174.15646
101174.150664
101174.146481
101174.137414
101161.257235
101161.207753
101161.159526
101161.113906
101161.071888
101161.034074
101161.000706
101160.971778
101160.947135
101160.926639
101160.910443
101160.899161
101160.892635
101160.887215
101160.879026
101160.868695
101160.857829
101160.847956
101160.841081
101160.830977
101148.695684
101148.48747
101148.313189
101148.166721
101148.043573
101147.940226
101147.853789
101147.781867
101147.722488
101147.674167
101147.636051
101147.607714
101147.587315
101147.569803
101147.55176
101147.533873
101147.517253
101147.503184
101147.493494
101147.482015
101135.948274
101135.60256
101135.318779
101135.084629
101134.890951
101134.730678
101134.598209
101134.4891
101134.399856
101134.327892
101134.271462
101134.228987
101134.19684
101134.169039
101134.142717
101134.118382
101134.096777
101134.079015
101134.066797
101134.053808
101122.872867
101122.434611
101122.07608
101121.781589
101121.539176
101121.339511
101121.175236
101121.040586
101120.931124
101120.843588
101120.77554
101120.724226
101120.684388
101120.649703
101120.617863
101120.589132
101120.564037
101120.543619
101120.529514
101120.515095
101109.390665
101108.915863
101108.5258
101108.205087
101107.941303
101107.724453
101107.546563
101107.401407
101107.284263
101107.191628
101107.120567
101107.067189
101107.024996
101106.987895
101106.954095
101106.923668
101106.897085
101106.875417
101106.86032
101106.844741
101095.500063
101095.035808
101094.652942
101094.338163
101094.079895
101093.868455
101093.696016
101093.556514
101093.445407
101093.359237
101093.294658
101093.246742
101093.208277
101093.173843
101093.14211
101093.11309
101093.087331
101093.066051
101093.051016
101093.034693
101081.230984
101080.809508
101080.464636
101080.18389
101079.956202
101079.772243
101079.624548
101079.507474
101079.416886
101079.349469
101079.301479
101079.267126
101079.23907
101079.212859
101079.187595
101079.163394
101079.141014
101079.121933
101079.108131
101079.091602
101066.578558
101066.235691
101065.962963
101065.747475
101065.578305
101065.446488
101065.345116
101065.269224
101065.215273
101065.18018
101065.159882
101065.148059
101065.137867
101065.12601
101065.112075
101065.096475
101065.080302
101065.065425
101065.054159
101065.038083
101051.50963
101051.299999
101051.147394
101051.038649
101050.963612
101050.914385
101050.885292
101050.872621
101050.873841
101050.886371
101050.906119
101050.926821
101050.942772
101050.952002
101050.954735
101050.951886
101050.945034
101050.936567
101050.929278
101050.914447
101036.000074
101036.004319
101036.038204
101036.090525
101036.154171
101036.224158
101036.297514
101036.372888
101036.449541
101036.525987
101036.59872
101036.662365
101036.713018
101036.75023
101036.775099
101036.789263
101036.794938
101036.795166
101036.793354
101036.780674
101020.083122
101020.407436
101020.709745
101020.98641
101021.238055
101021.466019
101021.672473
101021.860143
101022.031277
101022.186424
101022.3236
101022.43933
101022.532119
101022.603261
101022.654992
101022.68987
101022.710884
101022.721826
101022.726837
101022.71725
101003.923762
101004.679289
101005.329956
101005.888475
101006.370057
101006.786941
101007.149483
101007.466485
101007.744555
101007.987391
101008.195591
101008.368541
101008.507588
101008.615944
101008.697171
101008.75487
101008.792873
101008.815753
101008.828433
101008.822758
100987.89455
100989.14681
100990.18694
100991.052139
100991.778246
100992.392182
100992.914752
100993.362193
100993.746419
100994.075075
100994.352116
100994.58036
100994.764084
100994.908391
100995.018189
100995.098095
100995.152738
100995.187393
100995.207707
100995.206426
100972.581441
100974.279099
100975.665182
100976.799558
100977.737554
100978.520143
100979.177963
100979.73416
100980.205634
100980.603867
100980.936195
100981.208741
100981.4283
100981.60154
100981.734464
100981.832501
100981.900879
100981.945355
100981.972122
100981.975186
100958.584685
100960.540979
100962.134721
100963.433515
100964.501353
100965.386868
100966.126413
100966.747304
100967.269639
100967.707517
100968.070788
100968.368022
100968.607659
100968.797296
100968.943556
100969.052289
100969.128988
100969.17957
100969.210467
100969.217211
100946.206746
100948.188456
100949.8101
100951.135035
100952.22409
100953.12563
100953.87647
100954.504566
100955.030736
100955.46987
100955.832939
100956.129677
100956.369071
100956.558862
100956.705686
100956.815335
100956.893164
100956.944866
100956.976741
100956.985954
100935.462256
100937.245491
100938.719384
100939.932322
100940.932554
100941.761103
100942.450556
100943.02628
100943.50741
100943.907766
100944.237978
100944.507609
100944.725132
100944.89767
100945.031278
100945.13121
100945.202289
100945.249606
100945.278946
100945.289002
100926.12942
100927.546025
100928.732819
)
;

boundaryField
{
    emptyPatch
    {
        type            empty;
    }
    minY
    {
        type            calculated;
        value           nonuniform List<scalar> 
40
(
101445.911605
101442.533588
101442.00864
101441.375181
101440.748193
101440.154523
101439.598855
101439.087076
101438.624657
101438.210249
101437.842138
101437.517356
101437.231403
101436.980003
101436.759648
101436.567525
101436.40142
101436.259714
101436.141373
101436.045833
101435.974628
101435.929239
101435.907842
101435.907639
101435.926528
101435.963021
101436.016135
101436.085305
101436.170313
101436.271236
101436.388445
101436.522684
101436.675301
101436.848607
101437.045875
101437.26892
101437.514482
101437.787911
101438.159296
101441.910589
)
;
    }
    maxY
    {
        type            calculated;
        value           nonuniform List<scalar> 0();
    }
    maxX
    {
        type            calculated;
        value           nonuniform List<scalar> 
37
(
101435.370589
101417.686242
101403.463621
101389.754158
101376.16326
101362.635534
101349.129414
101335.628822
101322.125309
101308.614491
101295.094625
101281.567097
101268.037302
101254.515084
101241.013909
101227.548277
101214.129648
101200.761873
101187.437663
101174.137414
101160.830977
101147.482015
101134.053808
101120.515095
101106.844741
101093.034693
101079.091602
101065.038083
101050.914447
101036.780674
101022.71725
101008.822758
100995.206426
100981.975186
100969.217211
100956.985954
100945.289002
)
;
    }
    water_to_heater
    {
        type            calculated;
        value           nonuniform List<scalar> 
61
(
101440.476137
101423.457018
101420.909713
101405.91226
101403.382085
101390.844729
101388.314562
101375.731963
101361.858084
101350.516866
101347.630292
101336.121534
101333.231802
101323.163047
101320.285425
101309.086694
101298.002388
101287.940671
101285.047676
101274.869023
101271.984759
101259.188277
101256.293988
101241.637638
101222.581908
101205.592394
101202.762156
101190.631295
101188.128996
101180.974236
101178.494351
101169.173714
101160.688148
101152.588006
101150.088924
101143.500676
101141.029295
101130.755983
101128.255772
101118.442055
101105.152547
101094.213332
101091.723653
101080.043841
101077.541934
101063.703058
101061.179175
101045.890536
101022.873107
100994.395504
100991.346558
100960.082144
100957.230418
100931.353373
100929.116371
100918.530385
100914.991569
100913.877481
100912.076275
100911.442624
100909.604708
)
;
    }
    procBoundary2to3
    {
        type            processor;
        value           nonuniform List<scalar> 
41
(
100908.537618
100908.511141
100908.49483
100908.483678
100908.574298
100908.451999
100908.304965
100908.495712
100908.994484
100909.544387
100910.131936
100910.833453
100911.728264
100912.280674
100912.499898
100913.133179
100913.970996
100914.975574
100915.947263
100916.848223
100929.719797
100930.538049
100931.216716
100931.781091
100932.251673
100932.644057
100932.969521
100933.237138
100933.455181
100933.630758
100933.769757
100933.877154
100933.957268
100934.014045
100934.051672
100934.075098
100934.084326
100917.855845
100918.8106
100929.719797
100919.618944
)
;
    }
}


// ************************************************************************* //
