/*--------------------------------*- C++ -*----------------------------------*\
| =========                 |                                                 |
| \\      /  F ield         | OpenFOAM: The Open Source CFD Toolbox           |
|  \\    /   O peration     | Version:  2312                                  |
|   \\  /    A nd           | Website:  www.openfoam.com                      |
|    \\/     M anipulation  |                                                 |
\*---------------------------------------------------------------------------*/
FoamFile
{
    version     2.0;
    format      ascii;
    arch        "LSB;label=32;scalar=64";
    class       volScalarField;
    location    "0.075/water";
    object      Ct2;
}
// * * * * * * * * * * * * * * * * * * * * * * * * * * * * * * * * * * * * * //

dimensions      [0 0 0 0 0 0 0];

internalField   nonuniform List<scalar> 
1504
(
1
1
1
1
1
1
1
1
1
1
1
1
1
1
1
1
1
1.00000132037
1.26553812355
1.40949296526
1
1
1
1
1
1
1
1
1
1
1
1
1
1
1
1
1
1.00000000004
1.17487700491
1.3946113825
1
1
1
1
1
1
1
1
1
1
1
1
1
1
1
1
1
1
1.07475288506
1.36648126716
1
1
1
1
1
1
1
1
1
1
1
1
1
1
1
1
1
1
1.01255411763
1.31473311772
1
1
1
1
1
1
1
1
1
1
1
1
1
1
1
1
1
1
1.0004797652
1.24823321672
1
1
1
1
1
1
1
1
1
1
1
1
1
1
1
1
1
1
1.00000923185
1.19314202659
1
1
1
1
1
1
1
1
1
1
1
1
1
1
1
1
1
1
1.00000112502
1.16948862006
1
1
1
1
1
1
1
1
1
1
1
1
1
1
1
1
1
1
1.00000151901
1.17162058852
1
1
1
1
1
1
1
1
1
1
1
1
1
1
1
1
1
1
1.00002783319
1.21040425979
1
1
1
1
1
1
1
1
1
1
1
1
1
1
1
1
1
1
1.00290660713
1.30412742841
1
1
1
1
1
1
1
1
1
1
1
1
1
1
1
1
1
1
1.07461029102
1.3838434497
1
1
1
1
1
1
1
1
1
1
1
1
1
1
1
1
1
1.00000076982
1.27671904151
1.41528288125
1
1
1
1
1
1
1
1
1
1
1
1
1
1
1
1
1
1.00118038313
1.38546947861
1.45686366655
1
1
1
1
1
1
1
1
1
1
1
1
1
1
1
1
1
1.03179682745
1.41441011018
1.53564864159
1
1
1
1
1
1
1
1
1
1
1
1
1
1
1
1
1
1.15589462075
1.44417957918
1.64493615323
1
1
1
1
1
1
1
1
1
1
1
1
1
1
1
1
1.00000000015
1.3228944051
1.49547462922
1.77693810506
1
1
1
1
1
1
1
1
1
1
1
1
1
1
1
1
1.00002083165
1.39951180205
1.56839316374
1.92312235858
1
1
1
1
1
1
1
1
1
1
1
1
1
1
1
1
1.0210271596
1.42751848512
1.64228170391
2.04666140909
1
1
1
1
1
1
1
1
1
1
1
1
1
1
1
1
1.12316513128
1.44517758172
1.67483509874
2.08808406111
1
1
1
1
1
1
1
1
1
1
1
1
1
1
1
1
1.05562037433
1.43588608754
1.65545289962
2.04343035017
1
1
1
1
1
1
1
1
1
1
1
1
1
1
1
1
1
1.37070582491
1.53045063018
1.8359180025
1
1
1
1
1
1
1
1
1
1
1
1
1
1
1
1
1
1.00000000006
1.39986393054
1.55767966613
1
1
1
1
1
1
1
1
1
1
1
1
1
1
1
1
1
1
1.00005761166
1.41140318209
1
1
1
1
1
1
1
1
1
1
1
1
1
1
1
1
1
1
1
1.1133889841
1
1
1
1
1
1
1
1
1
1
1
1
1
1
1
1
1
1
1
1.00000032223
1
1
1
1
1
1
1
1
1
1
1
1
1
1
1
1
1
1
1
1
1
1
1
1
1
1
1
1
1
1
1
1
1
1
1
1
1
1
1
1
1
1
1
1
1
1
1
1
1
1
1
1
1
1
1
1
1
1
1
1
1
1
1
1
1
1
1
1
1
1
1
1
1
1
1
1
1
1
1
1
1
1
1
1
1
1
1
1
1
1
1
1
1
1
1
1
1
1
1
1.00000007047
1
1
1
1
1
1
1
1
1
1
1
1
1
1
1
1
1
1
1
1.00015668957
1
1
1
1
1
1
1
1
1
1
1
1
1
1
1
1
1
1
1
1.00672570226
1
1
1
1
1
1
1
1
1
1
1
1
1
1
1
1
1
1
1
1.04219258624
1
1
1
1
1
1
1
1
1
1
1
1
1
1
1
1
1
1
1.00000000086
1.10671834767
1
1
1
1
1
1
1
1
1
1
1
1
1
1
1
1
1
1
1.0000008485
1.17658175467
1
1
1
1
1
1
1
1
1
1
1
1
1
1
1
1
1
1
1.00004521353
1.23915397867
1
1
1
1
1
1
1
1
1
1
1
1
1
1
1
1
1
1
1.0006901024
1.29308794344
1
1
1
1
1
1
1
3.17918470522
3.51775779437
4.16536817187
5.72360973841
7.82145156627
8.83487981086
8.96992398486
8.97314951056
8.9728946797
8.97282637349
8.97283844324
8.97337639236
8.97348915329
8.97354264055
8.97357514606
8.97360311491
8.97362773332
1.49968363907
1.8321776042
2.46653832423
3.00023578679
3.29416097424
3.70663460621
4.85980144224
7.06630745209
8.66365515918
8.96299340856
8.97318418905
8.9729244857
8.97284489864
8.97285706436
8.97338832485
8.97349625791
8.97354850374
8.97358044025
8.97360788951
8.97363188811
1.45256906628
1.67936956222
2.22793682509
2.82780412573
3.15623316187
3.47285506408
4.29908223236
6.29326038689
8.38289662949
8.94625974954
8.97315925669
8.97295250102
8.97286336876
8.97287637436
8.97340034971
8.97350338346
8.97355433272
8.97358570448
8.9736126751
8.97363608464
1.4236029542
1.55895513481
1.98206436734
2.61718705086
3.0281956482
3.32596065512
3.94586271727
5.61368964657
7.99205682834
8.91154553083
8.97295740325
8.97297753654
8.97288147496
8.97289639343
8.97341238413
8.97351049457
8.97356009093
8.97359090457
8.97361745309
8.97364031328
1.40687973332
1.47882451754
1.76514045589
2.36422457213
2.87853771884
3.20177966699
3.70341060852
5.05956740618
7.51805571916
8.84916504989
8.97231849127
8.9729981584
8.97289863568
8.97291693799
8.97342425659
8.97351749873
8.97356570176
8.97359597088
8.97362216065
8.97364453262
1.39204826494
1.43739951379
1.6116823881
2.10813105851
2.70271149912
3.08041984919
3.52371417724
4.63548203972
7.01917779306
8.75286614978
8.97080812508
8.97301277189
8.97291392916
8.97293756269
8.97343567827
8.97352422481
8.97357103537
8.97360079392
8.9736267067
8.97364867667
1.37838394376
1.42067473888
1.52740846393
1.90784604201
2.52377965921
2.9668820561
3.39422600905
4.34974442786
6.58601453931
8.63174376627
8.96804595333
8.97301998235
8.97292617733
8.97295767859
8.97344625945
8.97353043354
8.97357591755
8.97360523388
8.97363097829
8.97365266131
1.3733475914
1.41573674676
1.49410385148
1.79849946157
2.39171278115
2.88187564423
3.31886978216
4.20952614207
6.32643261391
8.52440825405
8.96440127844
8.97301912964
8.97293414402
8.97297687425
8.97345557167
8.97353585447
8.97358015649
8.97360914091
8.97363485703
8.97365639854
1.37483307904
1.41576094206
1.4893259077
1.7713454425
2.34639318515
2.84975090652
3.29889073316
4.18701763342
6.28159531881
8.49561280034
8.96280838138
8.97301089237
8.97293688537
8.97299550929
8.97346326901
8.97354026126
8.97358359478
8.9736123951
8.97363824928
8.97365981916
1.38558935829
1.42020689073
1.49927848094
1.78832197153
2.36058306676
2.85734807183
3.31705746149
4.24964437688
6.40323575097
8.54244830519
8.96447382121
8.97299736189
8.97293405963
8.97301537855
8.97346919793
8.97354353186
8.97358615028
8.97361493388
8.9736411052
8.97366288736
1.40316138615
1.43793148663
1.54944111329
1.89324524493
2.46476588424
2.92332571757
3.41743748892
4.51709029241
6.86709081888
8.70456640954
8.96956365515
8.97298098352
8.97292596164
8.97304001843
8.97347344655
8.97354568073
8.97358783989
8.97361677107
8.97364343148
8.97366560875
1.42431599746
1.49177165176
1.69091381353
2.15652619789
2.6863889313
3.07705618891
3.65555803234
5.09206270645
7.63242257953
8.87930194734
8.97272627933
8.97296376096
8.97291378211
8.97307389586
8.97347634017
8.97354685585
8.97358877741
8.97361799104
8.97364528403
8.97366802402
1.47565238349
1.62335003723
1.98422280041
2.54564451138
2.94563180276
3.30493666731
4.08161957132
6.00321954921
8.35420680159
8.95348128891
8.97312775442
8.97294758773
8.97289992599
8.97311992008
8.9734784009
8.97354731813
8.97358915748
8.97361873782
8.97364675793
8.97367019937
1.5874134291
1.86921052878
2.40250464931
2.88516294289
3.17299288052
3.60979903268
4.75808150643
7.08475994051
8.75072270571
8.96735655986
8.97311764434
8.97293459104
8.97288772996
8.97317622317
8.97348018324
8.97354734407
8.97358918918
8.97361916474
8.97364794995
8.97367219968
1.76590320626
2.21188233154
2.77707059719
3.10440652163
3.3855488614
4.03455735483
5.67178620481
7.94752748312
8.88460168785
8.968846599
8.9730805619
8.97292711898
8.97288111782
8.97323599584
8.97348213979
8.97354715273
8.97358904424
8.97361940224
8.97364893711
8.9736740722
1.99477174039
2.55668900277
3.01494135569
3.26352205406
3.6279131395
4.60054852914
6.59256313478
8.39519673941
8.92035762101
8.96891690941
8.97304051826
8.97292788855
8.97288470989
8.97329168368
8.9734846385
8.97354691222
8.97358885074
8.97361954848
8.97364976783
8.97367583829
2.24279468507
2.81720089526
3.16400710437
3.41037318313
3.91705947986
5.20939047687
7.22481169999
8.56966606826
8.93028648647
8.96875789264
8.97301586617
8.97294035902
8.97290304645
8.97333839831
8.97348792927
8.97354678076
8.97358874104
8.9736197217
8.97365050673
8.97367751898
2.46498448517
2.98256615577
3.2721313121
3.551694722
4.19893923845
5.6574476613
7.51819726249
8.62412922214
8.93156696838
8.96836691634
8.97299399371
8.97296646396
8.97293223811
8.97336952809
8.97349110409
8.97354675827
8.97358885057
8.97362007857
8.97365126532
8.97367914986
2.60688973673
3.06877601447
3.34349306339
3.65374949173
4.36242626244
5.82670445443
7.58244275938
8.62526197205
8.92667559992
8.96760504932
8.97294462218
8.97300391392
8.97295557046
8.97338355407
8.97349296324
8.97354679307
8.97358931943
8.97362076608
8.97365217575
8.97368079671
2.6398950162
3.0848751078
3.36362095505
3.68239612287
4.37772544473
5.79779776179
7.51186563404
8.56926271174
8.90708786013
8.96576281017
8.97280647543
8.97305151539
8.97296720863
8.973386637
8.97349401875
8.97354725642
8.97359047467
8.97362206369
8.973653453
8.97368257192
2.57696781517
3.03665111696
3.33804196357
3.64932709208
4.25618254303
5.49780338275
7.16861778947
8.38664124837
8.8596625136
8.96050851415
8.97244588961
8.97310577281
8.97296913625
8.97338127119
8.97349486572
8.97354863562
8.97359270652
8.97362430604
8.97365537011
8.97368462929
2.30395163554
2.81998071295
3.19934222197
3.50679797481
3.95273986463
4.9013052553
6.4896062188
8.00148011787
8.74951597859
8.94502328897
8.97145320311
8.97315290528
8.97296929877
8.97336711855
8.9734959762
8.97355143789
8.97359638147
8.97362780165
8.97365819915
8.97368714294
1.88499303955
2.3904537592
2.89202848772
3.26460397014
3.61866938391
4.26005362354
5.57300226229
7.30888906361
8.49540217109
8.89988421974
8.96819318199
8.97314796325
8.97297969519
8.97334143659
8.97349767747
8.97355612288
8.97360177037
8.97363276775
8.97366215775
8.97369028444
1.55787052631
1.89319623467
2.42008054714
2.92985942424
3.31492023418
3.75534107581
4.65210780389
6.29124040942
7.96456861859
8.77592977655
8.95659525848
8.97292903074
8.9730105066
8.97329923615
8.973500283
8.97356305078
8.97360898895
8.97363927624
8.97366735498
8.9736941884
1.42515996973
1.56869107076
1.92419915769
2.48684411953
2.99705027777
3.39673068142
3.96489297001
5.19148803555
7.07359229779
8.47684364273
8.91867409002
8.97181884207
8.97306149541
8.97323499318
8.97350443018
8.97357239666
8.97361795193
8.97364721578
8.97367374604
8.97369890924
1.37438860576
1.4471093318
1.61388839491
2.03429090328
2.63076933011
3.1119219491
3.54412595845
4.34542129888
5.99075806303
7.90357819777
8.81541402018
8.96734574278
8.97311645022
8.97315604331
8.97351192875
8.9735841112
8.97362836297
8.97365629062
8.97368111733
8.97370438258
1.24676432357
1.41526964565
1.49014632855
1.73264062727
2.26294511985
2.84877565442
3.28476202493
3.84017117542
5.06385748885
7.10016461151
8.59520670007
8.95335135566
8.97312849102
8.97311878634
8.97352585266
8.97359788286
8.97363978896
8.97366609587
8.97368913981
8.9737104325
1.15046442906
1.40452551488
1.45002855696
1.5909774174
1.98880289347
2.60835896823
3.10364146056
3.5634787396
4.45956647021
6.29747671608
8.25067174216
8.92183075754
8.97297884229
8.97316245678
8.97354565145
8.97361284443
8.97365166613
8.9736761709
8.9736974299
8.97371679752
1.13607706655
1.40023047989
1.43694738538
1.53430937644
1.83460119073
2.42463485886
2.97331815686
3.40665838606
4.11592347428
5.69103883451
7.86426387751
8.87339299552
8.97253417167
8.97321834357
8.97356598899
8.97362760643
8.97366324691
8.97368595415
8.97370554054
8.97372314724
1.16656075929
1.3999329319
1.43307893173
1.51372297247
1.76453758671
2.31617870222
2.89211871825
3.31845969055
3.93058863116
5.30995592391
7.5425415501
8.82311998175
8.97190542387
8.97327110853
8.97358511373
8.97364137443
8.97367398974
8.97369501109
8.97371310306
8.97372917854
1.23683382296
1.40182402577
1.43286387478
1.50908200746
1.74287898523
2.27421597757
2.85769233629
3.2773356522
3.83954357818
5.10570978315
7.3424830698
8.78985249637
8.97150093382
8.97331824584
8.97360224246
8.97365368438
8.97368357615
8.97370309382
8.97371989959
8.9737346893
1.29749046339
1.40484768078
1.4347198421
1.5119166572
1.74544190966
2.2738272624
2.85582716168
3.2686459653
3.80917934736
5.02971597174
7.2697327995
8.78102390155
8.97149328169
8.97335948245
8.97361701778
8.97366430639
8.97369184592
8.97371008344
8.97372582553
8.97373957069
1.33497795242
1.40755603754
1.43859635999
1.5230633416
1.77095444829
2.30816857367
2.87864949096
3.27908758183
3.81368760145
5.03352688085
7.28478707618
8.78989387466
8.9718369382
8.97339512024
8.9736293432
8.97367318083
8.97369876214
8.97371595902
8.97373086088
8.97374378823
1.35820843796
1.41012481229
1.4437750926
1.54039073056
1.81670959173
2.37701419255
2.92586936815
3.31155525343
3.85465846224
5.11745181682
7.40010422512
8.82001181671
8.97246811126
8.97342550387
8.97363925723
8.97368033605
8.97370435175
8.97372075125
8.97373503253
8.97374735389
1.3735853184
1.41297949301
1.4506305368
1.56262764881
1.87394907125
2.45897524692
2.9805638791
3.35559947148
3.92883926891
5.28537679543
7.60376235329
8.86131416191
8.97297078777
8.97345083347
8.97364683045
8.97368582689
8.9737086621
8.9737245089
8.97373838675
8.9737503024
1.38460401109
1.41651573421
1.46014291405
1.59168118254
1.94400629602
2.54899927134
3.03797179474
3.40663827571
4.02637816213
5.5105667126
7.84513258803
8.90068699416
8.97322339808
8.97347119119
8.97365213302
8.97368970787
8.9737117404
8.97372728019
8.97374097201
8.97375267706
1.39324981983
1.4213089188
1.47381824509
1.63101878634
2.0325184571
2.64942073578
3.0997990916
3.46763135004
4.15353998049
5.79891658183
8.10313634697
8.93227762633
8.97332238721
8.97348664096
8.97365523493
8.97369203884
8.97371363839
8.97372911832
8.97374284217
8.97375452625
1.40066295362
1.42839161256
1.49416492397
1.68596535543
2.14611151528
2.76075665908
3.16747025334
3.54321612689
4.32443996468
6.16941058843
8.36266000728
8.95433770529
8.97333636453
8.97349735364
8.97365623306
8.97369290049
8.97371442407
8.97373008869
8.97374406222
8.97375591502
)
;

boundaryField
{
    emptyPatch
    {
        type            empty;
    }
    minY
    {
        type            calculated;
        value           nonuniform List<scalar> 0();
    }
    maxY
    {
        type            calculated;
        value           nonuniform List<scalar> 0();
    }
    maxX
    {
        type            calculated;
        value           nonuniform List<scalar> 
38
(
8.9736886764
8.97369153539
8.97369430908
8.97369699764
8.9736996031
8.97370213143
8.9737045941
8.97370700952
8.97370940281
8.97371180433
8.97371424723
8.97371676435
8.97371938569
8.97372213599
8.97372503562
8.97372810111
8.97373134693
8.97373478096
8.9737384015
8.97374219086
8.97374610961
8.97375009439
8.97375406213
8.97375791868
8.9737615719
8.9737649449
8.97376798669
8.97377067454
8.97377301383
8.97377503565
8.97377678432
8.97377830878
8.9737796564
8.9737808707
8.97378199071
8.97378305211
8.97378408826
8.97378513149
)
;
    }
    water_to_heater
    {
        type            calculated;
        value           uniform 1;
    }
    procBoundary3to1
    {
        type            processor;
        value           nonuniform List<scalar> 
41
(
1
1
1
1
1
1
1
1
1
1
1
1.00607554272
1.3384454185
1
1
1
1
1
1
1
1
1.40774483833
1.43963973329
1.52535549708
1.76480716264
2.291500612
2.88046738879
3.24176088737
3.63958939377
4.55884272137
6.63459101184
8.60060562293
8.96677110956
8.97331111111
8.9735037454
8.97365530775
8.97369243036
8.97371420674
8.97373028651
8.97374471438
8.97375689129
)
;
    }
    procBoundary3to2
    {
        type            processor;
        value           nonuniform List<scalar> 
41
(
1
1
1
1
1
1
1
1
1
1
1
1
1
1
1
1
1
1.00023160982
1.33269807792
1.42423763526
3.46050890437
3.9821352215
5.01544530573
6.81577525124
8.40218272041
8.92105001882
8.97236682717
8.97309667793
8.9728641445
8.97280799505
8.97282044472
8.97336461643
8.97348209487
8.97353677399
8.97356986077
8.97359839818
8.97362369573
1.56940549347
2.01428688365
2.6927314849
2.6927314849
)
;
    }
}


// ************************************************************************* //
