/*--------------------------------*- C++ -*----------------------------------*\
| =========                 |                                                 |
| \\      /  F ield         | OpenFOAM: The Open Source CFD Toolbox           |
|  \\    /   O peration     | Version:  2312                                  |
|   \\  /    A nd           | Website:  www.openfoam.com                      |
|    \\/     M anipulation  |                                                 |
\*---------------------------------------------------------------------------*/
FoamFile
{
    version     2.0;
    format      ascii;
    arch        "LSB;label=32;scalar=64";
    class       volScalarField;
    location    "21";
    object      p;
}
// * * * * * * * * * * * * * * * * * * * * * * * * * * * * * * * * * * * * * //

dimensions      [1 -1 -2 0 0 0 0];

internalField   nonuniform List<scalar> 
1875
(
107308
107267
107165
107063
106981
106925
106894
106880
106880
106888
106911
106948
106996
107052
107110
107156
107137
107104
107071
107032
107007
107002
107022
107101
107142
106912
106867
106767
106689
106651
106644
106651
106660
106660
106660
106667
106684
106715
106762
106814
106854
106867
106838
106790
106749
106712
106713
106717
106735
106778
106623
106592
106547
106525
106524
106528
106529
106537
106540
106540
106534
106536
106558
106584
106620
106662
106681
106677
106666
106653
106640
106638
106641
106637
106647
106455
106441
106427
106428
106428
106427
106422
106414
106409
106403
106398
106398
106414
106434
106464
106500
106524
106533
106529
106525
106522
106522
106527
106524
106531
106348
106343
106338
106337
106335
106331
106326
106315
106310
106304
106302
106305
106318
106336
106362
106393
106417
106433
106442
106444
106445
106444
106447
106446
106449
106263
106258
106255
106252
106248
106241
106234
106224
106218
106216
106221
106230
106246
106264
106287
106312
106331
106343
106351
106352
106356
106354
106356
106356
106359
106189
106184
106180
106176
106170
106164
106157
106152
106150
106155
106163
106176
106192
106207
106228
106244
106255
106264
106270
106272
106270
106270
106266
106270
106271
106139
106134
106129
106124
106119
106115
106112
106111
106116
106122
106132
106143
106156
106168
106177
106184
106187
106189
106192
106193
106186
106185
106183
106185
106186
106100
106096
106092
106088
106084
106081
106081
106083
106087
106092
106099
106107
106113
106116
106115
106112
106107
106098
106097
106096
106094
106092
106093
106097
106098
106064
106062
106059
106054
106048
106044
106042
106041
106041
106044
106046
106050
106050
106050
106046
106041
106033
106020
106002
105997
106000
106003
106007
106015
106017
106011
106012
106013
106007
105997
105989
105982
105976
105972
105970
105970
105969
105967
105967
105964
105963
105958
105949
105940
105934
105936
105937
105942
105949
105953
105928
105930
105933
105929
105916
105905
105894
105883
105877
105872
105868
105867
105865
105866
105867
105868
105870
105869
105870
105869
105871
105872
105877
105881
105884
105827
105830
105830
105833
105825
105809
105790
105778
105766
105761
105756
105754
105753
105753
105756
105757
105760
105764
105766
105770
105776
105781
105786
105793
105789
105707
105708
105709
105714
105708
105690
105679
105662
105649
105644
105639
105637
105637
105638
105640
105642
105645
105648
105651
105655
105659
105668
105676
105681
105676
105572
105572
105571
105570
105565
105554
105539
105528
105520
105509
105504
105503
105506
105509
105513
105517
105520
105524
105527
105530
105534
105544
105553
105556
105555
105436
105435
105432
105428
105419
105414
105404
105395
105385
105377
105375
105373
105376
105381
105387
105391
105396
105399
105401
105404
105410
105414
105425
105425
105427
105306
105305
105302
105297
105293
105286
105283
105277
105272
105266
105259
105255
105257
105261
105266
105272
105277
105281
105285
105284
105285
105282
105288
105287
105290
105178
105178
105174
105172
105169
105166
105165
105161
105158
105152
105147
105143
105141
105143
105148
105154
105161
105169
105175
105180
105165
105140
105123
105124
105128
105048
105047
105044
105043
105042
105042
105043
105044
105043
105040
105037
105033
105030
105029
105031
105039
105048
105057
105061
105061
105044
105027
105011
105006
105010
104914
104911
104909
104909
104909
104911
104913
104915
104917
104919
104920
104919
104921
104921
104923
104926
104931
104938
104941
104944
104941
104933
104927
104924
104926
104782
104780
104778
104777
104776
104775
104775
104777
104779
104781
104782
104783
104791
104801
104811
104820
104825
104826
104827
104827
104830
104835
104839
104837
104839
104671
104668
104665
104663
104661
104659
104660
104661
104663
104665
104666
104672
104682
104691
104698
104704
104709
104711
104712
104711
104715
104721
104726
104728
104730
104572
104570
104567
104566
104563
104563
104564
104565
104567
104569
104572
104577
104584
104591
104597
104601
104603
104602
104602
104600
104603
104607
104609
104611
104612
104483
104482
104481
104480
104478
104477
104477
104478
104479
104482
104485
104488
104487
104486
104486
104488
104492
104492
104494
104495
104497
104497
104499
104501
104503
104393
104394
104394
104394
104394
104390
104388
104388
104387
104389
104391
104393
104391
104388
104385
104383
104383
104385
104388
104390
104392
104394
104396
104400
104399
104294
104295
104296
104296
104298
104294
104291
104287
104286
104286
104287
104287
104285
104280
104276
104272
104272
104275
104276
104280
104281
104286
104290
104297
104294
104188
104189
104189
104189
104190
104189
104185
104180
104177
104176
104175
104173
104170
104166
104160
104158
104156
104157
104159
104163
104169
104178
104184
104188
104186
104077
104078
104078
104078
104078
104077
104074
104069
104064
104061
104059
104058
104055
104050
104044
104040
104038
104035
104033
104041
104053
104063
104072
104074
104073
103964
103964
103964
103963
103963
103961
103960
103954
103950
103945
103942
103941
103940
103937
103934
103930
103928
103926
103926
103931
103941
103949
103960
103959
103961
103849
103849
103848
103848
103846
103844
103842
103839
103836
103832
103830
103829
103830
103830
103829
103828
103828
103827
103828
103831
103837
103839
103847
103844
103847
103739
103738
103737
103736
103734
103733
103728
103729
103727
103727
103725
103724
103727
103729
103728
103729
103727
103728
103728
103730
103729
103731
103731
103731
103732
103631
103631
103630
103630
103628
103627
103624
103623
103623
103625
103624
103624
103625
103628
103627
103630
103626
103628
103625
103629
103628
103635
103630
103631
103631
103527
103527
103528
103528
103527
103527
103527
103525
103525
103523
103522
103522
103523
103525
103532
103535
103537
103536
103530
103530
103525
103525
103523
103523
103523
103423
103423
103424
103425
103424
103425
103425
103424
103423
103419
103417
103414
103414
103416
103426
103434
103439
103434
103429
103423
103419
103414
103417
103416
103417
103313
103313
103312
103311
103310
103309
103308
103305
103302
103297
103292
103289
103289
103294
103300
103313
103321
103317
103320
103317
103317
103315
103315
103317
103317
103201
103200
103197
103192
103189
103185
103179
103170
103159
103146
103142
103141
103141
103150
103160
103170
103175
103189
103203
103210
103213
103212
103212
103211
103211
103093
103091
103087
103082
103076
103067
103055
103040
103025
103015
103008
103005
103011
103021
103035
103051
103059
103070
103081
103093
103098
103098
103098
103096
103098
102998
102998
102994
102989
102983
102975
102962
102947
102935
102927
102924
102923
102926
102934
102945
102952
102960
102968
102971
102976
102978
102980
102982
102985
102988
102915
102915
102913
102912
102907
102902
102891
102880
102871
102864
102862
102862
102868
102877
102886
102892
102894
102888
102866
102852
102854
102859
102868
102879
102885
102828
102829
102831
102833
102834
102833
102827
102820
102812
102807
102806
102808
102816
102827
102839
102850
102853
102845
102824
102805
102802
102805
102814
102826
102834
102721
102721
102726
102734
102742
102746
102748
102744
102737
102733
102732
102736
102743
102756
102770
102783
102789
102782
102763
102748
102741
102741
102749
102758
102761
102597
102596
102601
102612
102622
102630
102635
102635
102632
102624
102615
102610
102613
102620
102632
102640
102643
102629
102610
102611
102624
102634
102645
102650
102650
102495
102492
102495
102500
102508
102514
102517
102519
102515
102508
102500
102492
102487
102485
102490
102495
102506
102510
102509
102514
102522
102530
102537
102546
102546
102411
102408
102410
102410
102414
102417
102420
102420
102418
102414
102406
102399
102394
102393
102393
102402
102411
102421
102430
102435
102438
102442
102442
102447
102447
102329
102328
102326
102323
102324
102323
102326
102327
102328
102327
102324
102321
102317
102315
102314
102317
102321
102333
102343
102347
102348
102339
102333
102332
102334
102242
102242
102239
102236
102234
102233
102233
102235
102237
102237
102235
102233
102230
102227
102225
102225
102227
102228
102234
102241
102242
102238
102233
102230
102232
102147
102148
102146
102145
102142
102141
102141
102141
102142
102142
102141
102141
102139
102137
102133
102130
102128
102128
102129
102132
102133
102134
102134
102133
102134
102053
102054
102051
102048
102045
102044
102042
102041
102040
102039
102037
102036
102034
102030
102025
102022
102021
102021
102022
102024
102024
102027
102030
102031
102030
101953
101955
101949
101946
101943
101941
101939
101938
101935
101934
101932
101931
101928
101925
101921
101918
101917
101916
101917
101917
101917
101919
101922
101924
101925
101843
101845
101841
101838
101835
101833
101832
101831
101830
101828
101826
101825
101824
101823
101821
101820
101821
101821
101820
101820
101821
101822
101825
101826
101826
101729
101729
101729
101727
101725
101724
101723
101722
101721
101721
101719
101719
101717
101716
101715
101715
101715
101716
101715
101716
101719
101723
101726
101728
101728
101617
101616
101620
101617
101618
101617
101617
101616
101615
101615
101614
101613
101610
101609
101609
101608
101607
101607
101610
101613
101616
101620
101621
101624
101623
101507
101505
101508
101507
101511
101510
101510
101509
101509
101509
101509
101507
101505
101503
101503
101502
101502
101503
101506
101510
101514
101516
101516
101515
101516
101400
101399
101400
101401
101404
101403
101403
101403
101402
101403
101402
101402
101401
101401
101401
101401
101401
101404
101408
101413
101417
101420
101420
101418
101418
101299
101299
101298
101301
101297
101296
101296
101295
101295
101295
101296
101297
101298
101299
101299
101299
101300
101303
101308
101313
101319
101322
101323
101322
101321
101193
101193
101193
101196
101189
101188
101186
101186
101185
101186
101187
101188
101190
101190
101191
101191
101191
101192
101195
101199
101204
101208
101211
101210
101210
101074
101074
101074
101074
101070
101070
101071
101071
101071
101073
101074
101075
101076
101076
101076
101076
101076
101078
101080
101083
101088
101092
101095
101098
101098
100955
100952
100951
100946
100951
100954
100955
100957
100957
100959
100963
100966
100967
100965
100964
100964
100963
100963
100964
100967
100969
100973
100978
100982
100982
100844
100843
100842
100838
100842
100846
100849
100850
100850
100852
100857
100859
100859
100855
100852
100849
100845
100841
100837
100835
100837
100843
100849
100857
100858
100753
100752
100751
100748
100749
100751
100750
100750
100750
100749
100751
100749
100744
100738
100732
100724
100715
100707
100699
100694
100692
100693
100701
100712
100716
100665
100665
100665
100665
100664
100662
100659
100656
100654
100652
100652
100647
100641
100635
100626
100617
100608
100596
100587
100580
100578
100578
100583
100592
100595
100560
100559
100560
100560
100560
100558
100556
100554
100551
100550
100547
100542
100537
100530
100521
100513
100503
100494
100488
100485
100486
100489
100490
100496
100500
100460
100460
100460
100460
100460
100458
100457
100455
100454
100452
100450
100447
100440
100434
100428
100420
100411
100405
100399
100399
100402
100405
100409
100412
100417
100350
100349
100349
100349
100350
100349
100348
100347
100346
100345
100343
100341
100340
100336
100330
100323
100316
100311
100310
100311
100315
100320
100326
100330
100333
100257
100255
100255
100254
100254
100254
100255
100255
100255
100254
100256
100255
100255
100255
100255
100254
100253
100253
100253
100256
100258
100260
100263
100264
100267
100149
100144
100143
100141
100140
100139
100139
100139
100138
100139
100139
100139
100142
100142
100143
100141
100141
100140
100140
100142
100145
100147
100152
100155
100158
100067
100062
100061
100058
100056
100054
100052
100050
100048
100053
100065
100078
100087
100087
100093
100092
100092
100093
100092
100090
100087
100086
100091
100093
100099
100009
100009
100009
100008
100008
100007
100006
100005
100004
100003
100005
100009
100010
100012
100013
100015
100015
100016
100015
100015
100014
100014
100015
100015
100014
100001
100001
100001
100001
100001
100001
100001
100001
100001
100001
100001
100001
100001
100001
100001
100001
100001
100001
100001
100001
100001
100001
100001
100001
100001
100001
100001
100001
100001
100001
100001
100001
100001
100001
100001
100001
100001
100001
100001
100001
100001
100001
100001
100001
100001
100001
100001
100001
100001
100001
100001
100001
100001
100001
100001
100001
100001
100001
100001
100001
100001
100001
100001
100001
100001
100001
100001
100001
100001
100001
100001
100001
100001
100001
100001
100001
100001
100001
100001
100001
100001
100001
100001
100001
100001
100001
100001
100001
100001
100001
100001
100001
100001
100001
100001
100001
100001
100001
100001
100001
100000
100000
100000
100000
100000
100000
100000
100000
100000
100000
100000
100000
100000
100000
100000
100000
100000
100000
100000
100000
100000
100000
100000
100000
100000
100000
100000
100000
100000
100000
100000
100000
100000
100000
100000
100000
100000
100000
100000
100000
100000
100000
100000
100000
100000
100000
100000
100000
100000
100000
100000
100000
100000
100000
100000
100000
100000
100000
100000
100000
100000
100000
100000
100000
100000
100000
100000
100000
100000
100000
100000
100000
100000
100000
100000
)
;

boundaryField
{
    inlet
    {
        type            calculated;
        value           nonuniform List<scalar> 
25
(
107339
107298
107195
107093
107012
106956
106924
106910
106909
106916
106939
106976
107023
107080
107139
107186
107165
107129
107098
107060
107036
107033
107053
107131
107172
)
;
    }
    outlet
    {
        type            calculated;
        value           uniform 100000;
    }
    walls
    {
        type            calculated;
        value           nonuniform List<scalar> 
150
(
107308
106912
106623
106455
106348
106263
106189
106139
106100
106064
106011
105928
105827
105707
105572
105436
105306
105178
105048
104914
104782
104671
104572
104483
104393
104294
104188
104077
103964
103849
103739
103631
103527
103423
103313
103201
103093
102998
102915
102828
102721
102597
102495
102411
102329
102242
102147
102053
101953
101843
101729
101617
101507
101400
101299
101193
101074
100955
100844
100753
100665
100560
100460
100350
100257
100149
100067
100009
100001
100001
100001
100001
100000
100000
100000
107142
106778
106647
106531
106449
106359
106271
106186
106098
106017
105953
105884
105789
105676
105555
105427
105290
105128
105010
104926
104839
104730
104612
104503
104399
104294
104186
104073
103961
103847
103732
103631
103523
103417
103317
103211
103098
102988
102885
102834
102761
102650
102546
102447
102334
102232
102134
102030
101925
101826
101728
101623
101516
101418
101321
101210
101098
100982
100858
100716
100595
100500
100417
100333
100267
100158
100099
100014
100001
100001
100001
100001
100000
100000
100000
)
;
    }
    defaultFaces
    {
        type            empty;
    }
}


// ************************************************************************* //
