/*--------------------------------*- C++ -*----------------------------------*\
| =========                 |                                                 |
| \\      /  F ield         | OpenFOAM: The Open Source CFD Toolbox           |
|  \\    /   O peration     | Version:  2312                                  |
|   \\  /    A nd           | Website:  www.openfoam.com                      |
|    \\/     M anipulation  |                                                 |
\*---------------------------------------------------------------------------*/
FoamFile
{
    version     2.0;
    format      ascii;
    arch        "LSB;label=32;scalar=64";
    class       volScalarField;
    location    "0.81/cooler";
    object      T;
}
// * * * * * * * * * * * * * * * * * * * * * * * * * * * * * * * * * * * * * //

dimensions      [0 0 0 1 0 0 0];

internalField   nonuniform List<scalar> 
750
(
300
300
300
300
300
300
300
300
300
300
300
300
300
300
300
300
300
300
300
300
300
300
300
300
300
300
300
300
300
300
300
300
300
300
300
300
300
300
300
300
300
300
300
300
300
300
300
300
300
300
300
300
300
300
300
300
300
300
300
300
300
300
300
300
300
300
300
300
300
300
300
300
300
300
300
300
300
300
300
300
300
300
300
300
300
300
300
300
300
300
300
300
300
300
300
300
300
300
300
300
300
300
300
300
300
300
300
300
300
300
300
300
300
300
300
300
300
300
300
300
300
300
300
300
300
300
300
300
300
300
300
300
300
300
300
300
300
300
300
300
300
300
300
300
300
300
300
300
300
300
300
300
300
300
300
300
300
300
300
300
300
300
300
300
300
300
300
300
300
300
300
300
300
300
300
300
300
300
300
300
300
300
300
300
300
300
300
300
300
300
300
300
300
300
300
300
300
300
300
300
300
300
300
300
300
300
300
300
300
300
300
300
300
300
300
300
300
300
300
300
300
300
300
300
300
300
300
300
300
300
300
300
300
300
300
300
300
300
300
300
300
300
300
300
300
300
300
300
300
300
300
300
300
300
300
300.000000001
300.000000001
300.000000001
300.000000001
300.000000001
300.000000001
300.000000001
300.000000002
300.000000002
300.000000002
300.000000003
300.000000003
300.000000003
300.000000003
300.000000003
300.000000007
300.000000007
300.000000007
300.000000007
300.000000007
300.000000014
300.000000014
300.000000015
300.000000015
300.000000015
300.00000003
300.000000031
300.000000031
300.000000032
300.000000032
300.000000065
300.000000066
300.000000068
300.000000068
300.000000069
300.00000014
300.000000144
300.000000147
300.000000148
300.000000149
300.000000302
300.000000309
300.000000314
300.000000317
300.000000319
300.000000639
300.000000652
300.000000659
300.000000663
300.000000665
300.000001321
300.000001336
300.000001337
300.000001334
300.000001331
300.000002711
300.000002655
300.000002592
300.000002546
300.000002522
300.000005216
300.000004914
300.00000467
300.000004505
300.000004424
300.000008886
300.000008129
300.000007559
300.00000719
300.00000701
300.000012988
300.000011727
300.000010808
300.000010215
300.000009926
300.000016563
300.000014973
300.00001381
300.000013053
300.000012682
300.000019236
300.000017511
300.000016225
300.000015374
300.000014953
300.000021159
300.000019385
300.000018034
300.00001713
300.000016678
300.000022579
300.000020766
300.000019364
300.000018418
300.000017943
300.000023596
300.000021728
300.000020281
300.000019304
300.000018814
300.000024042
300.000022142
300.000020712
300.000019764
300.000019293
300.000023897
300.000022191
300.000020921
300.000020053
300.000019612
300.000024068
300.000022514
300.000021269
300.000020402
300.000019959
300.00002491
300.000023197
300.000021819
300.000020885
300.000020416
300.000026039
300.000024013
300.00002252
300.000021529
300.000021032
300.000026953
300.000024933
300.000023401
300.000022363
300.000021838
300.000028075
300.00002607
300.000024496
300.000023407
300.000022849
300.000029459
300.000027466
300.000025841
300.000024691
300.000024097
300.000031201
300.000029206
300.000027514
300.000026291
300.000025653
300.000033446
300.000031419
300.000029632
300.000028317
300.000027624
300.000036361
300.000034248
300.000032325
300.000030887
300.000030126
300.000040122
300.000037859
300.000035743
300.000034145
300.000033297
300.000045011
300.0000425
300.000040108
300.000038296
300.000037335
300.000051429
300.000048531
300.000045748
300.000043648
300.000042539
300.000059985
300.000056502
300.000053162
300.000050662
300.000049348
300.000071407
300.000067065
300.000062914
300.000059826
300.000058213
300.000086389
300.00008069
300.000075271
300.000071308
300.000069269
300.00010729
300.000098563
300.000090555
300.000085146
300.000082529
300.000127093
300.000115441
300.000106303
300.000100608
300.000097921
300.000152489
300.000136473
300.000125677
300.000119268
300.000116277
300.00018109
300.000160715
300.000148196
300.000140925
300.000137522
300.00021111
300.000187747
300.000173827
300.000165584
300.000161662
300.000243614
300.000218593
300.000203082
300.000193561
300.000188966
300.000280701
300.000254311
300.000236507
300.000225284
300.000219836
300.000325112
300.000294964
300.000273945
300.000260638
300.000254165
300.000375195
300.000339935
300.000315321
300.00029963
300.000291967
300.000429525
300.000389345
300.000360875
300.000342543
300.000333546
300.000488372
300.000443313
300.000410826
300.000389686
300.000379257
300.000551322
300.000501517
300.00046501
300.000441029
300.000429143
300.000617409
300.00056304
300.000522662
300.000495943
300.000482652
300.000685205
300.000626491
300.00058248
300.00055321
300.000538615
300.000753246
300.000690365
300.000642963
300.00061135
300.000595566
300.00082027
300.000753329
300.000702728
300.00066895
300.00065208
300.000885472
300.000814506
300.00076079
300.000724922
300.00070701
300.000949017
300.000873907
300.000816841
300.00077866
300.000759578
300.00100761
300.000928576
300.000868452
300.000828204
300.000808089
300.001060252
300.000977427
300.000914471
300.000872353
300.000851313
300.001106551
300.001019765
300.000953974
300.00091003
300.000888096
300.001146823
300.001055403
300.000986411
300.000940463
300.000917565
300.001182168
300.001084709
300.001011696
300.000963317
300.000939278
300.001214874
300.001108852
300.001030387
300.000978867
300.000953402
300.001250094
300.001130837
300.001044202
300.000988225
300.000960942
300.001297822
300.001156928
300.00105786
300.000995276
300.000965065
300.001372955
300.001194661
300.001074723
300.001001629
300.000967125
300.001499468
300.001256443
300.001101618
300.001011531
300.000970283
300.001709966
300.001358425
300.001147187
300.001030432
300.000978813
300.002039898
300.001518165
300.00122166
300.00106537
300.000998446
300.002520562
300.001756911
300.00134075
300.001127627
300.001038021
300.003173553
300.002106959
300.001529591
300.001234286
300.001110337
300.004076413
300.002631559
300.00182925
300.001411511
300.001234596
300.005365766
300.003420843
300.002297503
300.001697392
300.001439711
300.007186065
300.004579814
300.003009308
300.002146478
300.001769927
300.009659946
300.006222816
300.004062877
300.002839551
300.002295264
300.012915127
300.00850184
300.00560335
300.003903442
300.003129499
300.017190849
300.011665355
300.007857827
300.00553741
300.004454001
300.022934011
300.016104712
300.011161724
300.008033437
300.0065372
300.030749332
300.022312021
300.015930947
300.011763034
300.009730149
300.041208769
300.0307638
300.022602902
300.017152499
300.014457469
300.05478029
300.041918993
300.031663892
300.024720985
300.021258218
300.071912041
300.056323665
300.043766323
300.035195468
300.030896314
300.093497563
300.074928567
300.059927217
300.049643122
300.044466215
300.121022282
300.099098972
300.081491498
300.069431094
300.063355695
300.155896974
300.130271714
300.109959127
300.096113035
300.089147266
300.19963436
300.170208103
300.147199102
300.131594597
300.123753785
300.255185015
300.221806485
300.196051828
300.178644742
300.169898636
300.327803127
300.28960607
300.260851393
300.2414614
300.231702086
300.427377087
300.381360384
300.348013309
300.32587715
300.314797942
300.558362615
300.503011764
300.463685109
300.437970025
300.425198637
300.725793949
300.659413417
300.612817408
300.582692075
300.56782188
300.936056177
300.856285641
300.801014516
300.765547777
300.748091992
301.201124954
301.106188566
301.04107314
300.999225867
300.978569548
301.543018386
301.43352837
301.357795447
301.308320298
301.283659167
301.984507433
301.86680483
301.780720956
301.722626928
301.693225824
302.539695097
302.419812026
302.324026976
302.257363348
302.223109213
303.194026408
303.069497384
302.967490879
302.8949641
302.857212558
303.872997135
303.75275907
303.65197088
303.579054169
303.540737364
304.488444313
304.378667478
304.285607178
304.217699865
304.181838014
304.952230749
304.850016046
304.764797559
304.702706442
304.669931089
305.246183438
305.110954889
305.020646473
304.957762933
304.924944158
)
;

boundaryField
{
    emptyPatch
    {
        type            empty;
    }
    minY
    {
        type            zeroGradient;
    }
    maxY
    {
        type            zeroGradient;
    }
    maxX
    {
        type            zeroGradient;
    }
    cooler_to_water
    {
        type            compressible::turbulentTemperatureTwoPhaseRadCoupledMixed;
        refValue        nonuniform List<scalar> 
150
(
300
300
300
300
300
300
300
300
300
300
300
300
300
300
300
300
300
300
300
300
300
300
300
300
300
300
300
300
300
300
300
300
300
300
300
300
300
300
300
300
300
300
300
300
300
300
300
300
300
300
300
300
300
300
300
300
300
300
300
300
300
300
300.000002598
300.000013138
300.000034815
300.000060373
300.000077898
300.000084663
300.000085765
300.000084639
300.000082649
300.000080591
300.000079126
300.000078327
300.000077989
300.000078405
300.000079766
300.000081247
300.000082711
300.000084527
300.000087587
300.000092269
300.000098554
300.00010726
300.000120179
300.000139565
300.000168863
300.000209508
300.000265117
300.000346325
300.000465721
300.000629359
300.000841965
300.001084551
300.001343545
300.001601154
300.001861382
300.002099077
300.002319236
300.002529217
300.002733174
300.002933878
300.003134005
300.003335689
300.003538593
300.003739337
300.00393651
300.004132776
300.004338005
300.004571534
300.004865395
300.005274944
300.005908764
300.00697746
300.008874366
300.012277799
300.018233172
300.028025162
300.042918803
300.061239724
300.080883002
300.103575449
300.131030819
300.163770196
300.200843086
300.240318277
300.283944912
300.335980722
300.401858055
300.484492345
300.585587004
300.708663955
300.86031829
301.048671358
301.262968442
301.501422095
301.793420078
302.154118521
302.606469897
303.13645673
303.731889924
304.41495077
305.296476734
306.25767776
307.058366238
307.586254624
307.916519006
308.170196819
308.889153445
316.049907628
)
;
        refGradient     uniform 0;
        valueFraction   nonuniform List<scalar> 
150
(
0.0163695515255
0.0163695515255
0.0163695515255
0.0163695515255
0.0163695515255
0.0163695515255
0.0163695515255
0.0163695515255
0.0163695515255
0.0163695515255
0.0163695515255
0.0163695515255
0.0163695515255
0.0163695515255
0.0163695515255
0.0163695515255
0.0163695515255
0.0163695515255
0.0163695515255
0.0163695515255
0.0163695515255
0.0163695515255
0.0163695515255
0.0163695515255
0.0163695515255
0.0163695515255
0.0163695515255
0.0163695515255
0.0163695515255
0.0163695515255
0.0163695515255
0.0163695515255
0.0163695515255
0.0163695515255
0.0163695515255
0.0163695515255
0.0163695515255
0.0163695515255
0.0163695515255
0.0163695515255
0.0163695515255
0.0163695515255
0.0163695515255
0.0163695515255
0.0163695515255
0.0163695515255
0.0163695515255
0.0163695515255
0.0163695515255
0.0163695515255
0.0163695515255
0.0163695515255
0.0163695515255
0.0163695515255
0.0163695515255
0.0163695515255
0.0163695515255
0.0163695515255
0.0163695515255
0.0163695515255
0.0163695515255
0.0163695515255
0.0163695515255
0.0183685061762
0.0168298304259
0.0165128550795
0.0164006165987
0.0163722379873
0.0165299891068
0.0171163596277
0.0183684117939
0.0202721904591
0.0218967639285
0.0163695439146
0.0163695428029
0.0250816412204
0.0240623828762
0.0227647136288
0.0214696270805
0.0201768348539
0.0189838814927
0.0180301338937
0.0173150295759
0.0168216383822
0.0165279347527
0.0163928165909
0.0163750621052
0.0164459149694
0.0165142327418
0.0164927196168
0.0291427403402
0.0315041626804
0.0315603673448
0.0266123773681
0.0208910069921
0.0152616436318
0.0162480758654
0.0163254305624
0.0163694050238
0.0163641781082
0.0163485978602
0.0163493069651
0.0163546117569
0.0163624512222
0.0163696496264
0.0163722444007
0.0163708850754
0.0163691964392
0.016368745116
0.0163689656091
0.0163693161665
0.0163693429624
0.0163690156976
0.0163686970223
0.0163686954606
0.0163686980381
0.016368694128
0.0163686956453
0.01636832585
0.016364765293
0.0163599564369
0.0163515782969
0.0163510709185
0.0163506778127
0.016350678177
0.0163506778472
0.0163324574678
0.0162688513625
0.0162095098518
0.0161441123806
0.0160550433009
0.0159648718681
0.0159544318435
0.0160442460733
0.0160371416149
0.0160851475006
0.0169552061589
0.0186060045615
0.0189320505777
0.0190310120235
0.019656775334
0.0209936320105
0.0218906304182
0.0214673063228
0.016878553973
0.0149282300332
0.0162315084887
0.0162331340524
0.0158763371067
0.0147520433581
)
;
        source          uniform 0;
        kappaMethod     solidThermo;
        Tnbr            T.liquid;
        region          solid;
        otherPhase      gas;
        value           nonuniform List<scalar> 
150
(
300
300
300
300
300
300
300
300
300
300
300
300
300
300
300
300
300
300
300
300
300
300
300
300
300
300
300
300
300
300
300
300
300
300
300
300
300
300
300
300
300
300
300
300
300
300
300
300
300
300
300
300.000000001
300.000000001
300.000000003
300.000000006
300.000000014
300.000000029
300.000000064
300.000000138
300.000000297
300.000000628
300.000001299
300.000002709
300.00000536
300.000009321
300.000013767
300.000017565
300.000020303
300.000022224
300.000023639
300.000024679
300.000025185
300.000025099
300.000024953
300.000025778
300.000027346
300.000028218
300.000029281
300.000030599
300.000032275
300.000034473
300.000037369
300.000041135
300.000046061
300.00005257
300.000061296
300.000073011
300.000088425
300.000109933
300.000130749
300.000161592
300.000195131
300.000230852
300.000265789
300.000302715
300.000344491
300.000399205
300.00045663
300.000518186
300.000583533
300.000651845
300.000721817
300.000792029
300.000861273
300.000928741
300.000994538
300.001055392
300.001110371
300.001159256
300.001202675
300.001242226
300.001281057
300.001326
300.001390303
300.001495006
300.001674692
300.001978378
300.002461733
300.003175928
300.004115018
300.005321664
300.006958179
300.009195663
300.012162613
300.015969187
300.020819633
300.027177665
300.035697346
300.047039069
300.061703941
300.080145723
300.103302137
300.132793464
300.170181711
300.21662834
300.275146374
300.352510335
300.459289492
300.596877103
300.771372627
300.990655057
301.268116365
301.62453387
302.075466243
302.615537947
303.25950405
303.938575185
304.548250596
305.014657693
305.403948424
)
;
    }
}


// ************************************************************************* //
