/*--------------------------------*- C++ -*----------------------------------*\
| =========                 |                                                 |
| \\      /  F ield         | OpenFOAM: The Open Source CFD Toolbox           |
|  \\    /   O peration     | Version:  2312                                  |
|   \\  /    A nd           | Website:  www.openfoam.com                      |
|    \\/     M anipulation  |                                                 |
\*---------------------------------------------------------------------------*/
FoamFile
{
    version     2.0;
    format      ascii;
    arch        "LSB;label=32;scalar=64";
    class       volScalarField;
    location    "0.43/water";
    object      p;
}
// * * * * * * * * * * * * * * * * * * * * * * * * * * * * * * * * * * * * * //

dimensions      [1 -1 -2 0 0 0 0];

internalField   nonuniform List<scalar> 
1503
(
101324.701338
101320.874907
101319.860625
101319.078066
101318.408199
101317.80619
101317.250646
101316.740944
101316.281119
101315.869797
101315.505515
101315.185467
101314.905236
101314.660565
101314.447952
101314.264572
101314.108194
101313.977155
101313.870355
101313.787125
101305.709712
101303.858888
101304.010291
101304.002451
101303.696281
101303.411986
101303.137085
101302.866017
101302.591414
101302.319623
101302.064565
101301.831994
101301.620105
101301.426623
101301.25084
101301.093107
101300.954189
101300.834945
101300.736266
101300.65899
101288.811826
101286.89608
101287.634282
101288.195526
101288.31817
101288.399562
101288.443924
101288.44057
101288.393911
101288.311628
101288.207126
101288.096487
101287.988421
101287.884508
101287.784776
101287.69005
101287.60204
101287.522939
101287.455101
101287.400646
101274.346537
101273.038652
101273.844163
101274.212623
101274.184879
101274.197662
101274.251786
101274.303599
101274.334329
101274.340039
101274.322642
101274.290816
101274.254136
101274.217094
101274.18037
101274.143911
101274.108234
101274.074556
101274.044585
101274.020028
101259.990777
101259.124621
101260.197331
101260.582583
101260.510147
101260.44981
101260.45498
101260.4889
101260.520479
101260.541471
101260.551216
101260.552493
101260.55096
101260.550616
101260.552165
101260.554734
101260.557427
101260.559873
101260.562279
101260.565041
101246.279602
101245.369257
101246.464063
101246.899035
101246.881487
101246.798972
101246.754579
101246.757872
101246.781119
101246.806204
101246.830323
101246.853501
101246.877605
101246.904607
101246.934646
101246.966388
101246.998146
101247.028518
101247.056597
101247.08173
101231.957557
101230.866849
101232.020736
101232.555828
101232.696473
101232.743236
101232.778535
101232.834745
101232.912438
101232.991649
101233.066263
101233.137368
101233.205701
101233.272118
101233.337023
101233.399786
101233.459207
101233.514038
101233.563287
101233.606111
101217.601112
101216.418161
101217.390679
101217.941063
101218.196333
101218.405082
101218.596649
101218.78231
101218.971859
101219.153199
101219.313586
101219.455939
101219.583506
101219.698023
101219.80126
101219.894416
101219.977884
101220.05157
101220.115274
101220.168631
101202.697552
101201.96582
101203.32223
101203.938382
101204.25014
101204.552297
101204.834266
101205.093244
101205.343003
101205.581869
101205.794498
101205.97954
101206.141645
101206.28289
101206.405423
101206.511536
101206.602834
101206.680217
101206.74423
101206.795124
101190.824073
101189.973002
101191.046737
101191.370381
101191.456824
101191.604418
101191.812246
101192.029189
101192.242655
101192.455345
101192.653563
101192.827278
101192.977034
101193.104033
101193.210406
101193.298609
101193.370609
101193.427713
101193.470799
101193.500606
101177.641485
101176.741923
101178.071087
101178.592727
101178.785912
101178.97767
101179.196037
101179.399807
101179.574214
101179.731693
101179.87782
101180.004024
101180.104083
101180.17801
101180.230707
101180.266497
101180.287985
101180.296845
101180.294323
101180.281606
101167.987698
101166.628574
101167.294666
101167.493464
101167.437283
101167.403512
101167.406882
101167.425585
101167.44262
101167.464069
101167.494374
101167.516593
101167.516967
101167.490167
101167.445124
101167.389969
101167.327598
101167.259385
101167.186668
101167.1108
101156.511936
101154.636694
101155.234458
101155.599236
101155.633393
101155.591106
101155.526803
101155.457136
101155.38934
101155.33737
101155.293508
101155.224652
101155.107245
101154.947176
101154.768668
101154.589874
101154.415919
101154.24771
101154.086474
101153.933292
101146.085325
101143.924112
101144.322669
101144.419585
101144.210961
101143.961681
101143.700369
101143.458639
101143.289257
101143.193394
101143.110206
101142.964822
101142.723336
101142.404711
101142.062007
101141.735093
101141.432699
101141.154322
101140.89959
101140.668168
101133.226583
101130.861473
101131.738098
101132.042273
101131.870493
101131.5645
101131.211128
101130.905434
101130.725893
101130.649352
101130.574856
101130.391227
101130.05255
101129.590705
101129.088194
101128.621608
101128.204321
101127.833243
101127.504965
101127.216735
101121.050674
101118.44245
101119.093249
101119.181174
101118.753134
101118.221235
101117.734969
101117.404147
101117.249919
101117.206481
101117.162393
101117.010469
101116.660573
101116.130145
101115.536358
101114.996817
101114.528952
101114.125303
101113.779092
101113.484975
101106.703039
101103.605527
101104.133655
101104.142582
101103.654445
101103.13449
101102.705012
101102.443158
101102.362076
101102.37438
101102.401677
101102.369727
101102.142739
101101.684537
101101.134708
101100.648086
101100.247724
101099.916438
101099.643293
101099.421528
101090.302672
101087.041399
101087.241217
101087.228755
101086.808267
101086.354768
101086.002413
101085.848369
101085.853282
101085.93282
101086.079722
101086.242978
101086.277245
101086.090948
101085.781802
101085.517757
101085.335954
101085.208843
101085.118686
101085.0593
101071.693342
101068.444287
101068.765527
101068.689755
101068.295137
101067.994029
101067.866238
101067.910413
101068.057447
101068.281413
101068.587569
101068.941638
101069.253086
101069.498761
101069.662083
101069.806593
101069.987379
101070.182311
101070.368744
101070.543506
101050.305199
101047.22235
101048.130138
101048.503578
101048.65617
101048.938107
101049.346089
101049.831583
101050.354237
101050.862976
101051.33728
101051.777257
101052.227395
101052.764076
101053.428872
101054.069468
101054.667379
101055.21738
101055.702512
101056.123786
101030.238906
101028.185828
101029.830763
101030.613752
101031.15225
101031.827373
101032.636496
101033.508497
101034.360575
101035.090728
101035.693817
101036.290074
101036.848939
101037.402332
101038.164634
101039.097939
101039.99027
101040.789836
101041.485176
101042.080402
101015.956052
101015.220434
101016.769061
101017.439272
101017.84835
101018.40166
101019.150974
101020.008107
101020.859156
101021.632473
101022.308764
101022.920113
101023.498004
101024.037515
101024.621795
101025.46237
101026.384401
101027.230646
101027.968808
101028.603826
101006.733992
101006.216286
101007.107813
101007.450669
101007.584799
101007.856419
101008.336877
101008.934318
101009.569541
101010.135963
101010.606827
101011.090383
101011.584668
101012.084537
101012.584229
101013.166425
101013.880735
101014.571851
101015.183923
101015.718993
100996.320904
100996.1074
100997.387545
100997.767854
100997.876386
100998.069075
100998.408983
100998.838862
100999.269406
100999.480312
100999.696763
101000.016062
101000.390222
101000.889921
101001.359524
101001.732905
101002.167635
101002.59064
101002.966335
101003.302911
100987.547501
100987.213074
100988.402164
100988.624272
100988.596236
100988.641547
100988.83033
100989.094683
100989.174272
100989.102411
100989.171219
100989.359734
100989.604255
100989.974619
100990.355377
100990.614297
100990.814259
100990.959182
100991.061632
100991.158172
100977.538794
100977.101233
100978.496918
100978.865875
100978.914266
100978.992138
100979.175359
100979.288452
100979.01656
100978.663233
100978.771928
100978.795859
100978.808671
100978.939718
100979.210392
100979.421131
100979.467332
100979.374273
100979.221702
100979.084367
100969.527184
100968.657154
100969.603739
100969.821714
100969.751771
100969.693257
100969.659816
100969.361511
100968.648693
100968.4139
100968.153063
100968.027746
100967.857223
100967.660593
100967.761758
100967.936879
100967.899446
100967.624058
100967.262095
100966.924158
100959.550303
100958.296946
100959.204559
100959.543809
100959.550428
100959.505139
100959.339232
100958.692747
100957.996567
100957.453046
100957.259478
100956.849511
100956.333798
100955.950072
100955.736151
100955.998408
100955.95233
100955.579232
100955.07776
100954.583633
100949.752614
100948.336154
100949.323144
100949.499078
100949.318362
100949.063819
100948.571312
100947.631189
100946.709834
100946.360041
100945.754293
100945.290151
100944.723784
100943.440414
100943.584896
100943.857736
100943.745271
100943.310514
100942.696633
100942.054185
100937.73438
100936.216503
100937.806484
100938.188827
100938.062553
100937.75988
100937.050498
100935.902677
100935.338865
100934.608303
100934.163786
100933.484598
100931.617691
100931.250531
100931.494328
100931.568258
100931.430111
100930.928753
100930.167892
100929.338297
100928.221429
100926.268224
100927.547218
100927.64859
100927.18667
100926.481196
100925.310732
100924.232878
100923.246576
100922.64564
100921.754144
100920.521096
100919.76024
100919.178723
100919.011327
100919.05535
100918.916407
100918.336937
100917.39585
100916.342748
100917.03565
100914.425921
100915.767022
100915.93308
100915.384496
100914.464715
100913.18986
100911.884269
100911.19179
100910.186286
100909.217036
100907.91044
100906.33742
100906.190013
100906.034875
100905.912344
100905.837378
100905.219048
100904.131985
100902.873022
100906.758836
100903.407478
100904.050762
100903.925973
100903.067643
100901.861544
100900.38705
100899.282777
100898.023742
100896.690472
100895.203298
100893.193481
100893.05516
100892.709505
100892.222219
100892.157364
100892.029397
100891.374983
100890.178177
100888.745613
100894.942161
100890.741293
100891.369808
100890.913267
100889.699415
100888.317363
100886.741799
100885.012386
100883.228651
100881.741553
100880.149397
100879.639343
100879.169719
100878.465844
100877.917849
100877.541239
100877.260748
100876.576596
100875.32831
100873.764495
100883.253544
100878.149069
100878.103787
100877.226787
100875.643665
100873.797041
100871.788164
100870.055662
100868.83131
100867.787325
100866.874986
100865.919723
100864.816478
100863.648142
100862.539738
100861.686157
100861.079321
100860.407479
100859.249538
100857.659272
100873.585358
100866.334507
100865.334198
100864.109035
100862.222848
100860.35237
100858.758275
100857.430431
100856.116065
100854.672879
100852.991749
100851.032151
100848.96606
100846.976485
100845.136372
100843.733602
100842.884619
100842.360207
100841.490578
100840.113654
100861.648046
100851.518739
100850.269806
100849.069405
100847.831774
100846.289443
100844.44222
100842.491415
100840.473561
100838.13515
100835.35109
100832.445398
100829.679289
100827.096223
100824.862301
100823.410029
100822.649186
100822.252965
100821.7133
100820.900492
100834.069512
100822.121928
100822.171286
100823.411391
100823.691544
100822.654545
100820.964223
100819.021406
100816.684378
100813.889612
100810.981025
100808.28023
100805.77745
100803.501787
100801.712369
100800.741642
100800.345279
100800.093102
100799.940072
100800.000565
101313.728526
101313.695246
101313.685036
101313.695034
101313.723136
101313.767874
101313.828302
101313.903912
101313.994546
101314.100354
101314.221774
101314.359621
101314.515309
101314.691208
101314.890639
101315.115431
101315.362296
101315.636577
101316.008443
101319.760057
101300.604803
101300.574707
101300.566669
101300.577712
101300.6055
101300.648135
101300.704059
101300.771935
101300.850598
101300.939076
101301.036713
101301.143377
101301.25961
101301.38618
101301.521921
101301.660813
101301.795558
101301.927976
101302.075996
101302.083471
101287.361494
101287.339166
101287.332912
101287.340446
101287.359579
101287.388256
101287.424626
101287.467039
101287.514102
101287.564779
101287.61849
101287.675073
101287.734321
101287.794665
101287.851408
101287.897684
101287.930045
101287.95373
101287.979403
101287.876348
101274.001808
101273.991145
101273.988615
101273.993204
101274.003563
101274.018338
101274.036333
101274.056594
101274.078482
101274.101733
101274.126396
101274.152541
101274.179572
101274.205291
101274.225885
101274.238844
101274.247442
101274.261344
101274.280537
101274.190355
101260.567446
101260.569756
101260.57343
101260.578679
101260.585163
101260.592522
101260.600496
101260.608999
101260.618176
101260.628368
101260.63995
101260.65295
101260.666485
101260.678378
101260.686043
101260.689418
101260.693585
101260.704016
101260.709985
101260.631889
101247.101816
101247.116315
101247.127275
101247.135804
101247.142468
101247.147754
101247.152155
101247.156224
101247.160586
101247.165857
101247.172435
101247.180151
101247.187901
101247.193678
101247.195925
101247.196273
101247.200419
101247.208269
101247.20719
101247.146998
101233.639875
101233.663937
101233.680958
101233.692784
101233.700743
101233.705962
101233.709457
101233.712175
101233.714984
101233.718569
101233.723234
101233.728629
101233.733572
101233.736393
101233.736559
101233.736986
101233.74222
101233.7467
101233.74155
101233.69557
101220.20942
101220.237589
101220.256459
101220.268603
101220.275924
101220.279983
101220.28211
101220.283443
101220.28492
101220.287173
101220.290363
101220.293997
101220.296907
101220.297827
101220.297155
101220.298524
101220.303732
101220.30444
101220.29779
101220.262431
101206.831577
101206.854458
101206.867712
101206.87433
101206.876488
101206.875908
101206.873994
101206.871873
101206.87039
101206.870018
101206.870734
101206.871916
101206.872442
101206.871477
101206.870229
101206.872299
101206.876
101206.873356
101206.866499
101206.838643
101193.516867
101193.521609
101193.519145
101193.51229
101193.503025
101193.492861
101193.482978
101193.474253
101193.467265
101193.462209
101193.458822
101193.45633
101193.45367
101193.450432
101193.448442
101193.450322
101193.451345
101193.446112
101193.439413
101193.416803
101180.259681
101180.232053
101180.202889
101180.174063
101180.14678
101180.121891
101180.099998
101180.081469
101180.066421
101180.05465
101180.045579
101180.03825
101180.031652
101180.025779
101180.022763
101180.023365
101180.021158
101180.014066
101180.007436
101179.988435
101167.034118
101166.961603
101166.89652
101166.838932
101166.788621
101166.745296
101166.708626
101166.678206
101166.653518
101166.633845
101166.618232
101166.605521
101166.594758
101166.58629
101166.582104
101166.580601
101166.575263
101166.566869
101166.560143
101166.543577
101153.791731
101153.667762
101153.562771
101153.474166
101153.399713
101153.33756
101153.286152
101153.244121
101153.210196
101153.183093
101153.16147
101153.143984
101153.129784
101153.119479
101153.114355
101153.110546
101153.102746
101153.093517
101153.086649
101153.0717
101140.464018
101140.292843
101140.153
101140.038633
101139.945131
101139.868865
101139.806955
101139.757034
101139.717098
101139.685349
101139.660137
101139.640032
101139.624361
101139.613871
101139.608616
101139.603108
101139.593963
101139.584447
101139.577587
101139.563742
101126.971547
101126.773084
101126.615861
101126.490836
101126.391193
101126.311746
101126.248517
101126.198377
101126.158814
101126.127735
101126.103383
101126.084436
101126.070513
101126.062332
101126.058389
101126.052563
101126.043496
101126.034427
101126.027931
101126.014944
101113.24387
101113.055954
101112.912211
101112.801694
101112.71642
101112.650493
101112.599533
101112.560223
101112.530025
101112.506948
101112.489471
101112.476653
101112.46854
101112.465648
101112.464932
101112.460679
101112.453236
101112.445508
101112.439888
101112.427741
101099.249752
101099.124215
101099.034357
101098.970019
101098.924045
101098.891331
101098.868248
101098.852178
101098.841247
101098.834107
101098.829895
101098.828367
101098.830128
101098.835335
101098.839801
101098.839054
101098.834645
101098.829149
101098.824948
101098.813789
101085.028142
101085.018871
101085.023095
101085.035185
101085.051444
101085.069452
101085.0877
101085.105279
101085.121716
101085.13686
101085.150909
101085.164585
101085.179125
101085.194234
101085.205242
101085.209403
101085.208975
101085.206344
101085.203969
101085.194013
101070.705677
101070.84954
101070.973375
101071.079715
101071.17073
101071.248311
101071.314193
101071.369942
101071.417021
101071.456831
101071.49087
101071.520945
101071.548884
101071.573906
101071.591592
101071.601002
101071.604714
101071.605064
101071.604607
101071.596015
101056.483591
101056.779639
101057.019493
101057.215266
101057.37583
101057.50788
101057.616657
101057.70633
101057.780333
101057.841593
101057.892849
101057.936884
101057.975902
101058.008644
101058.031532
101058.045182
101058.052219
101058.054984
101058.056107
101058.048883
101042.578088
101042.978418
101043.296288
101043.550991
101043.756449
101043.92296
101044.058363
101044.168722
101044.258865
101044.332781
101044.394061
101044.446117
101044.491127
101044.527382
101044.552463
101044.568065
101044.576689
101044.580646
101044.58258
101044.576503
101029.133665
101029.557164
101029.891015
101030.156424
101030.368841
101030.539717
101030.677722
101030.789499
101030.880278
101030.954345
101031.015549
101031.067407
101031.11156
101031.145893
101031.169162
101031.183598
101031.191455
101031.194932
101031.19661
101031.191248
101016.1697
101016.530617
101016.814694
101017.039639
101017.218744
101017.362018
101017.477084
101017.569775
101017.644677
101017.705585
101017.756
101017.798959
101017.835073
101017.861898
101017.879148
101017.889099
101017.893682
101017.894885
101017.895143
101017.889924
101003.592089
101003.824802
101004.007449
101004.150894
101004.263835
101004.35304
101004.423742
101004.479949
101004.524837
101004.561137
101004.591521
101004.618016
101004.639853
101004.654382
101004.661929
101004.664463
101004.663538
101004.66086
101004.658643
101004.652953
100991.245557
100991.314977
100991.366675
100991.403944
100991.430133
100991.448097
100991.460117
100991.467927
100991.472947
100991.476573
100991.480341
100991.484856
100991.487857
100991.486634
100991.481747
100991.474666
100991.466545
100991.458758
100991.453248
100991.446519
100978.967255
100978.866444
100978.778648
100978.700896
100978.63182
100978.570667
100978.516909
100978.470073
100978.429857
100978.396305
100978.369658
100978.348842
100978.330234
100978.311182
100978.29216
100978.274067
100978.257661
100978.243961
100978.234608
100978.226365
100966.623595
100966.364074
100966.142304
100965.951485
100965.787013
100965.645445
100965.524039
100965.420506
100965.33309
100965.260595
100965.201874
100965.154079
100965.112515
100965.074645
100965.040617
100965.01077
100964.985476
100964.965407
100964.95188
100964.941736
100954.128333
100953.727184
100953.381205
100953.082718
100952.825641
100952.604915
100952.416256
100952.256007
100952.121224
100952.009545
100951.918322
100951.842953
100951.778012
100951.721026
100951.671664
100951.62975
100951.595286
100951.568615
100951.550725
100951.538352
100941.44937
100940.90998
100940.441693
100940.036498
100939.687285
100939.38767
100939.132018
100938.915415
100938.73375
100938.583365
100938.459895
100938.357056
100938.268954
100938.193037
100938.128414
100938.074429
100938.030744
100937.997396
100937.975049
100937.960147
100928.55877
100927.866677
100927.267978
100926.75162
100926.308096
100925.928926
100925.606648
100925.334772
100925.107716
100924.920155
100924.765707
100924.636503
100924.526319
100924.432344
100924.353093
100924.287474
100924.234837
100924.19496
100924.168199
100924.150504
100915.36481
100914.507417
100913.772713
100913.143767
100912.607069
100912.151089
100911.765934
100911.443092
100911.175073
100910.954427
100910.772493
100910.619989
100910.490413
100910.380548
100910.288353
100910.212353
100910.151642
100910.10581
100910.074951
100910.054302
100901.706742
100900.694686
100899.834806
100899.104381
100898.485798
100897.964297
100897.527344
100897.164138
100896.864906
100896.619695
100896.41751
100896.247933
100896.104235
100895.982752
100895.880991
100895.797187
100895.730277
100895.679773
100895.645595
100895.622045
100887.416289
100886.278781
100885.32186
100884.516272
100883.840396
100883.27629
100882.808718
100882.424382
100882.110915
100881.855668
100881.645528
100881.469351
100881.320277
100881.194298
100881.088653
100881.001437
100880.931575
100880.878667
100880.842595
100880.816545
100872.312608
100871.100539
100870.09698
100869.262672
100868.571742
100868.003217
100867.539217
100867.163853
100866.862057
100866.618652
100866.418997
100866.251776
100866.110236
100865.990294
100865.889194
100865.805121
100865.737195
100865.685329
100865.649571
100865.621889
100856.176793
100854.985314
100854.023423
100853.237674
100852.598807
100852.084151
100851.674057
100851.350586
100851.09652
100850.895004
100850.730947
100850.593646
100850.476928
100850.377099
100850.291806
100850.21965
100850.160225
100850.114046
100850.08161
100850.0537
100838.78869
100837.779814
100836.998881
100836.377602
100835.886991
100835.506473
100835.217169
100835.000925
100834.840052
100834.717781
100834.620203
100834.538327
100834.46731
100834.404519
100834.348541
100834.298818
100834.255777
100834.220867
100834.195387
100834.169161
100820.02845
100819.431547
100819.018118
100818.711287
100818.489017
100818.33943
100818.249016
100818.202843
100818.185737
100818.183681
100818.186052
100818.186937
100818.183838
100818.176003
100818.163589
100818.147388
100818.129049
100818.1113
100818.096624
100818.074263
100799.981673
100800.078904
100800.245437
)
;

boundaryField
{
    emptyPatch
    {
        type            empty;
    }
    minY
    {
        type            calculated;
        value           nonuniform List<scalar> 
40
(
101330.111246
101326.733498
101326.207004
101325.568767
101324.938619
101324.344641
101323.790445
101323.280929
101322.821118
101322.409797
101322.045515
101321.725467
101321.445236
101321.200565
101320.987952
101320.804572
101320.648194
101320.517155
101320.410355
101320.327125
101320.268526
101320.235246
101320.225036
101320.235034
101320.263136
101320.307874
101320.368302
101320.443912
101320.534546
101320.640354
101320.761774
101320.899621
101321.055309
101321.231208
101321.430639
101321.655431
101321.902296
101322.176577
101322.548443
101326.300057
)
;
    }
    maxY
    {
        type            calculated;
        value           nonuniform List<scalar> 0();
    }
    water_to_cooler
    {
        type            calculated;
        value           nonuniform List<scalar> 
37
(
101319.760057
101302.083471
101287.876348
101274.190355
101260.631889
101247.146998
101233.69557
101220.262431
101206.838643
101193.416803
101179.988435
101166.543577
101153.0717
101139.563742
101126.014944
101112.427741
101098.813789
101085.194013
101071.596015
101058.048883
101044.576503
101031.191248
101017.889924
101004.652953
100991.446519
100978.226365
100964.941736
100951.538352
100937.960147
100924.150504
100910.054302
100895.622045
100880.816545
100865.621889
100850.0537
100834.169161
100818.074263
)
;
    }
    water_to_heater
    {
        type            calculated;
        value           nonuniform List<scalar> 
61
(
101324.701723
101307.610567
101305.080465
101290.082244
101287.552139
101274.986618
101272.456516
101260.000411
101246.291095
101234.172201
101231.237172
101219.064718
101216.168738
101203.418059
101200.608144
101190.844339
101177.663799
101170.08672
101167.320789
101157.933134
101155.143801
101146.805678
101144.039495
101133.257322
101121.083675
101108.833044
101106.039737
101091.73619
101088.943645
101072.449624
101069.580278
101050.345572
101030.282177
101017.908483
101015.368824
101007.960156
101005.610082
100996.96217
100994.609334
100987.60306
100977.596254
100971.326204
100969.007672
100960.787023
100958.437555
100950.397556
100948.076573
100937.800919
100928.290732
100918.871348
100916.518513
100908.000527
100905.664406
100895.607093
100893.249436
100883.331661
100873.662667
100864.145398
100860.911487
100835.904983
100832.372994
)
;
    }
    procBoundary2to3
    {
        type            processor;
        value           nonuniform List<scalar> 
41
(
100771.483934
100764.685967
100772.794003
100776.820661
100779.574006
100780.988577
100781.401021
100781.152679
100780.438301
100779.530065
100778.668399
100777.938515
100777.24784
100776.589343
100776.157779
100776.156073
100776.453062
100776.715199
100777.124577
100778.008386
100800.416734
100800.588734
100800.767888
100800.952612
100801.136126
100801.309725
100801.465338
100801.597876
100801.705955
100801.790494
100801.853438
100801.897153
100801.924253
100801.937984
100801.942626
100801.942217
100801.926054
100779.150741
100780.183625
100800.416734
100781.099912
)
;
    }
}


// ************************************************************************* //
