/*--------------------------------*- C++ -*----------------------------------*\
| =========                 |                                                 |
| \\      /  F ield         | OpenFOAM: The Open Source CFD Toolbox           |
|  \\    /   O peration     | Version:  2312                                  |
|   \\  /    A nd           | Website:  www.openfoam.com                      |
|    \\/     M anipulation  |                                                 |
\*---------------------------------------------------------------------------*/
FoamFile
{
    version     2.0;
    format      ascii;
    arch        "LSB;label=32;scalar=64";
    class       volScalarField;
    location    "0.205/water";
    object      p;
}
// * * * * * * * * * * * * * * * * * * * * * * * * * * * * * * * * * * * * * //

dimensions      [1 -1 -2 0 0 0 0];

internalField   nonuniform List<scalar> 
1504
(
101102.234022
101094.916273
101093.342163
101091.876149
101089.847621
101087.564646
101085.055909
101082.777105
101080.973242
101079.327939
101077.414231
101075.524665
101073.747099
101071.859126
101069.911967
101068.182953
101067.055451
101066.426367
101066.069191
101065.355572
101078.025098
101068.928618
101067.397396
101066.040589
101064.828941
101063.553473
101061.985499
101060.639719
101059.398827
101057.860645
101056.046161
101054.14848
101052.22569
101050.328391
101048.486386
101046.952069
101046.22382
101045.823416
101045.595913
101045.215404
101035.087055
101025.48974
101025.361416
101026.159824
101027.66623
101029.026657
101029.755173
101030.055344
101029.904019
101029.284725
101028.328686
101027.31115
101026.359504
101025.458643
101024.550467
101023.897827
101023.621972
101023.783043
101023.831195
101023.799556
100983.982561
100976.309795
100978.440845
100980.838406
100983.420718
100986.340269
100989.365359
100991.801764
100993.567043
100994.814095
100995.782847
100996.66241
100997.526743
100998.31756
100998.939611
100999.45532
100999.954232
101000.686151
101001.2436
101001.843241
100939.789193
100935.838286
100938.102689
100940.139636
100942.188514
100944.549854
100948.118379
100952.178242
100955.979569
100959.414979
100962.600988
100965.623096
100968.48852
100971.138128
100973.448852
100975.37971
100976.773379
100978.157866
100979.362238
100980.557172
100906.236272
100905.562739
100907.495638
100908.823325
100910.247545
100911.732085
100914.328186
100918.454887
100923.296559
100928.319626
100933.2507
100937.973737
100942.420766
100946.525231
100950.170313
100953.286473
100955.682467
100957.602083
100959.318099
100960.934556
100889.004969
100888.997867
100890.302677
100890.431845
100890.662116
100891.564966
100893.288752
100896.579934
100901.132066
100906.346281
100911.751015
100917.029363
100922.038424
100926.690801
100930.866706
100934.514818
100937.428484
100939.79727
100941.776882
100943.447022
100884.420142
100884.565111
100885.82936
100885.837245
100885.792429
100885.996565
100886.564646
100888.185001
100891.087448
100894.895392
100899.179479
100903.590564
100907.981736
100912.182271
100916.038341
100919.464698
100922.443075
100924.678645
100926.678575
100928.456218
100881.87372
100881.959725
100882.487826
100882.504261
100882.50948
100882.678454
100882.96399
100883.849005
100885.707186
100888.358998
100891.507481
100894.852585
100898.282852
100901.684352
100904.858543
100907.686309
100910.109061
100912.379786
100914.284242
100915.946304
100879.217393
100879.221933
100879.307049
100879.381066
100879.414159
100879.648662
100879.834037
100880.439641
100881.800636
100883.759864
100886.040186
100888.465802
100891.111311
100893.739845
100896.187938
100898.369442
100900.451327
100902.200941
100903.914521
100905.620343
100877.154461
100877.135375
100877.113973
100877.090871
100877.071584
100877.412657
100877.532735
100877.970234
100878.955088
100880.271147
100881.724549
100883.484669
100885.363709
100887.243703
100889.094602
100890.695244
100892.079107
100893.764993
100895.222659
100896.572887
100874.86225
100874.846197
100874.839851
100874.830383
100874.814944
100875.27458
100875.313097
100875.60071
100876.262638
100877.036459
100877.925629
100879.040978
100880.384936
100881.736616
100882.956994
100884.06508
100885.142261
100886.171915
100887.383603
100888.714658
100872.68815
100872.670615
100872.656277
100872.641474
100872.621606
100873.004481
100872.862748
100872.940818
100873.3035
100873.656621
100874.107616
100874.961298
100875.828118
100876.570225
100877.464723
100878.179959
100878.598167
100879.561304
100880.492478
100881.343358
100870.68015
100870.663579
100870.648997
100870.632502
100870.610352
100870.866559
100870.594331
100870.434409
100870.506861
100870.52563
100870.712929
100871.08246
100871.622577
100872.11929
100872.471937
100872.826687
100872.969124
100873.254201
100874.050604
100874.936924
100868.905789
100868.890707
100868.875909
100868.858615
100868.836001
100868.999343
100868.693054
100868.364413
100868.18449
100867.874896
100867.619475
100867.804938
100867.942202
100867.813017
100867.934775
100867.885565
100867.329797
100867.759299
100868.21315
100868.575423
100867.337525
100867.323944
100867.312675
100867.298857
100867.279255
100867.428655
100867.166474
100866.708616
100866.288465
100865.62527
100865.055932
100864.694466
100864.483329
100864.16185
100863.579016
100863.02749
100862.382477
100862.044185
100862.333322
100862.736016
100865.952152
100865.940561
100865.932353
100865.923026
100865.908496
100866.072112
100865.853847
100865.359341
100864.787153
100863.806487
100862.682169
100861.99685
100861.29011
100860.194599
100859.26316
100858.109707
100856.744892
100857.001873
100856.796427
100856.590388
100864.684617
100864.67759
100864.679485
100864.685889
100864.695551
100864.855088
100864.60778
100864.094167
100863.344995
100861.941508
100860.375509
100859.014008
100857.851929
100856.457395
100854.741439
100852.917552
100852.14747
100851.406442
100850.80532
100850.425241
100863.380384
100863.376893
100863.383552
100863.396077
100863.522144
100863.636603
100863.381547
100862.862324
100861.926202
100860.012275
100857.773388
100856.128182
100854.395874
100852.235914
100850.248134
100848.030858
100846.313338
100846.125026
100844.81256
100843.605964
100861.87288
100861.871841
100861.885507
100862.163486
100862.414358
100862.426878
100862.145182
100861.526922
100859.92691
100857.182062
100854.724722
100852.631339
100850.45706
100848.063299
100845.365416
100842.495818
100841.320365
100839.745262
100838.288159
100836.857519
100860.005877
100860.007038
100861.092104
100861.877347
100862.015585
100861.750261
100861.139953
100859.570371
100856.505373
100853.333442
100850.788184
100848.549994
100846.003149
100842.973672
100839.953357
100836.768796
100834.331026
100833.602218
100831.620617
100829.76822
100857.745151
100857.817196
100860.874475
100861.969479
100861.720867
100860.793676
100858.701137
100855.078065
100851.442619
100848.546413
100846.049076
100843.352775
100840.416753
100837.217091
100833.481066
100829.772178
100827.824241
100825.835086
100823.940284
100822.059197
100855.581089
100854.440884
100859.422341
100860.561765
100859.517697
100856.697136
100852.374588
100848.564227
100845.515384
100842.840687
100839.925131
100836.848216
100833.564341
100829.646999
100825.716759
100821.79385
100818.836631
100817.342521
100815.079453
100813.045944
100853.593837
100849.04279
100854.866449
100855.688776
100852.598852
100847.811339
100844.092618
100841.077886
100838.40142
100835.318381
100831.978819
100828.462579
100824.534537
100820.427586
100816.020893
100811.789436
100808.878446
100806.473188
100804.370027
100802.308955
100851.668015
100843.347076
100847.239356
100846.019831
100841.190802
100837.848295
100834.96732
100832.392513
100829.260096
100825.657078
100821.925425
100817.654244
100813.344705
100808.481518
100803.907719
100799.338306
100795.755405
100793.232043
100791.029213
100789.12404
100852.201745
100840.31606
100839.949847
100836.949461
100832.948462
100829.169471
100825.701423
100822.021787
100817.502795
100813.019928
100807.783486
100802.924808
100797.733408
100792.839333
100787.997507
100783.186609
100779.433284
100776.709361
100774.842189
100773.247423
100832.371541
100815.625622
100817.099018
100815.976493
100811.859166
100807.665908
100803.588699
100798.181517
100793.112243
100787.834636
100782.955299
100778.183787
100773.831424
100769.788492
100765.812189
100762.051014
100759.01682
100756.851618
100755.412362
100754.509321
100720.149002
100702.207981
100710.752544
100717.107974
100721.50529
100726.214136
100731.278893
100735.908889
100738.223202
100738.507002
100737.812568
100736.88023
100735.986394
100735.223266
100734.613562
100734.186993
100733.76083
100733.238015
100732.866982
100733.046542
100616.594983
100611.580157
100615.123019
100618.735995
100622.543791
100627.84286
100635.924227
100647.631419
100660.900535
100671.781353
100679.47117
100685.332982
100690.190861
100694.406531
100698.247528
100701.818569
100705.213399
100707.632718
100708.975578
100710.486852
100608.055378
100608.013424
100607.998075
100607.98748
100607.983067
100607.986946
100608.003132
100609.085645
100614.038581
100624.187612
100635.873076
100645.625664
100653.65702
100660.713493
100667.031423
100672.873841
100678.277917
100683.215875
100686.374702
100688.574848
100607.096422
100607.096626
100607.103281
100607.109374
100607.113515
100607.114711
100607.112268
100607.112323
100607.650135
100610.039874
100616.064692
100624.254751
100631.960214
100638.834928
100645.230808
100651.171753
100656.753361
100661.936912
100665.9104
100668.626273
100606.212256
100606.212088
100606.215957
100606.223141
100606.232025
100606.241651
100606.250767
100606.2588
100606.514244
100607.525515
100610.066348
100614.491643
100620.084906
100625.50996
100630.66869
100635.631578
100640.234315
100644.572034
100648.367384
100650.741207
100605.220162
100605.221573
100605.227696
100605.239279
100605.255529
100605.276295
100605.299997
100605.329707
100605.451531
100605.978039
100607.418293
100609.891795
100613.241118
100616.900671
100620.541124
100624.062613
100627.502674
100630.492537
100633.132084
100635.167092
100604.067586
100604.070241
100604.077685
100604.090661
100604.10871
100604.135189
100604.173011
100604.250494
100604.202132
100604.393691
100605.186687
100606.607368
100608.485014
100610.621716
100612.800549
100615.095452
100617.154888
100619.064875
100620.448708
100621.0076
100602.705525
100602.705279
100602.703195
100602.698896
100602.691407
100602.680531
100602.73515
100602.698648
100602.512706
100602.584074
100603.044896
100603.816905
100604.599953
100605.42437
100606.547221
100607.597968
100608.735019
100609.501123
100608.787054
100609.227205
100601.194766
100601.196544
100601.194275
100601.187257
100601.179466
100601.180405
100601.201088
100600.863374
100600.551332
100600.508831
100600.667605
100600.630588
100600.397209
100600.592587
100600.804511
100601.135057
100601.233878
100601.045016
100599.928748
100598.87573
100599.600141
100599.600443
100599.588799
100599.56411
100599.530835
100599.570496
100599.311178
100598.73549
100598.269359
100598.010927
100597.559887
100596.715756
100596.209144
100595.925484
100595.797695
100595.49922
100595.259199
100594.542815
100592.155718
100591.556625
100598.063666
100598.06236
100598.046212
100598.016852
100597.979952
100598.059444
100597.720937
101079.018318
101078.268614
101077.651348
101077.142777
101076.725678
101076.388003
101076.120038
101075.909457
101075.741909
101075.604873
101075.490943
101075.395648
101075.316668
101075.252692
101075.20365
101075.169228
101075.138925
101064.17898
101063.08797
101062.244572
101061.567496
101061.018714
101060.57654
101060.219663
101059.932505
101059.705934
101059.532289
101059.40149
101059.300403
101059.218153
101059.148335
101059.087943
101059.035552
101058.991138
101058.955492
101058.92939
101058.901057
101044.686119
101044.076989
101043.643963
101043.324463
101043.081577
101042.900242
101042.764829
101042.664666
101042.595339
101042.553447
101042.532457
101042.522241
101042.514345
101042.50451
101042.491479
101042.475455
101042.457676
101042.440619
101042.426213
101042.401738
101024.040919
101024.172567
101024.328798
101024.501611
101024.669625
101024.830798
101024.98105
101025.118725
101025.246951
101025.368673
101025.482743
101025.583474
101025.666018
101025.728941
101025.773402
101025.801518
101025.816345
101025.821908
101025.82191
101025.803136
101002.777506
101003.830635
101004.716978
101005.479553
101006.130191
101006.687109
101007.163311
101007.569749
101007.919342
101008.222982
101008.486234
101008.708983
101008.890733
101009.033442
101009.140955
101009.2176
101009.268208
101009.298776
101009.314783
101009.303075
100981.957906
100983.817168
100985.43729
100986.791812
100987.925249
100988.876709
100989.677031
100990.350137
100990.918814
100991.401943
100991.812019
100992.154687
100992.433956
100992.655148
100992.824824
100992.949404
100993.035563
100993.090901
100993.122877
100993.118931
100962.612973
100964.926498
100967.133747
100968.9853
100970.528138
100971.81679
100972.895399
100973.798272
100974.55609
100975.194306
100975.731322
100976.177842
100976.541769
100976.831352
100977.055384
100977.222076
100977.339491
100977.416732
100977.462905
100977.466595
100945.309391
100947.741651
100950.301516
100952.497474
100954.328309
100955.85709
100957.135567
100958.204668
100959.100043
100959.851446
100960.481405
100961.004254
100961.430764
100961.771215
100962.035974
100962.234424
100962.375622
100962.469497
100962.526539
100962.536948
100930.334775
100932.64092
100935.267298
100937.617727
100939.588468
100941.237562
100942.618754
100943.775145
100944.743901
100945.556362
100946.236877
100946.801676
100947.263033
100947.632267
100947.920422
100948.137403
100948.292577
100948.396297
100948.459835
100948.475387
100917.747017
100919.745945
100922.161842
100924.461359
100926.418137
100928.063863
100929.4476
100930.609828
100931.585676
100932.405223
100933.092277
100933.663125
100934.130234
100934.504886
100934.798019
100935.019351
100935.17806
100935.284232
100935.349452
100935.368114
100907.131335
100908.817597
100910.865364
100912.946169
100914.761121
100916.299601
100917.600574
100918.698392
100919.623563
100920.402715
100921.057202
100921.60193
100922.048437
100922.407183
100922.688299
100922.900794
100923.053127
100923.154762
100923.217052
100923.236587
100898.050694
100899.443329
100901.082003
100902.846192
100904.435322
100905.796772
100906.955714
100907.938861
100908.770976
100909.474118
100910.066175
100910.559792
100910.964924
100911.29068
100911.546018
100911.738876
100911.876706
100911.967943
100912.023374
100912.041564
100889.851329
100891.099455
100892.414824
100893.858862
100895.194078
100896.347574
100897.33363
100898.173133
100898.886026
100899.490082
100899.999687
100900.425003
100900.774112
100901.054616
100901.274112
100901.43931
100901.556447
100901.632767
100901.678242
100901.693007
100882.564993
100883.623446
100884.650119
100885.773786
100886.834996
100887.759206
100888.551858
100889.228425
100889.804487
100890.293764
100890.707214
100891.052356
100891.335228
100891.561804
100891.738276
100891.870042
100891.962009
100892.020046
100892.053155
100892.062477
100875.778206
100876.768839
100877.579211
100878.395804
100879.166718
100879.841884
100880.423349
100880.921173
100881.346549
100881.709091
100882.016249
100882.272612
100882.481908
100882.648372
100882.77672
100882.870961
100882.934558
100882.971837
100882.990707
100882.992556
100869.524759
100870.372589
100870.990807
100871.511161
100871.977273
100872.384079
100872.739055
100873.045829
100873.310438
100873.538075
100873.732447
100873.894809
100874.026236
100874.129057
100874.206467
100874.261055
100874.294713
100874.310003
100874.313527
100874.305943
100863.30658
100864.084541
100864.558335
100864.824187
100864.996562
100865.131884
100865.257139
100865.370407
100865.472273
100865.563659
100865.644665
100865.71298
100865.766736
100865.80625
100865.83321
100865.848805
100865.853309
100865.847217
100865.835517
100865.816906
100857.130803
100857.581435
100857.950149
100858.015265
100857.930325
100857.813755
100857.723522
100857.655278
100857.604154
100857.567467
100857.542428
100857.523354
100857.505319
100857.486628
100857.4676
100857.448224
100857.427208
100857.402791
100857.377795
100857.347369
100850.259845
100850.516502
100850.718808
100850.685916
100850.444137
100850.14793
100849.891302
100849.678104
100849.501328
100849.357324
100849.24283
100849.150148
100849.071834
100849.004502
100848.947473
100848.899967
100848.859589
100848.822199
100848.787912
100848.746251
100843.018864
100842.816202
100842.743065
100842.578774
100842.294073
100841.946614
100841.607005
100841.304399
100841.040302
100840.815797
100840.631423
100840.480346
100840.353907
100840.24766
100840.16039
100840.091298
100840.037936
100839.994391
100839.957072
100839.907217
100835.572697
100834.759711
100834.33081
100833.938645
100833.611154
100833.294338
100832.938491
100832.574394
100832.237535
100831.940215
100831.68997
100831.483102
100831.310758
100831.16747
100831.051218
100830.96112
100830.896073
100830.850755
100830.818088
100830.767322
100828.200793
100826.910874
100825.93652
100825.350413
100824.877203
100824.562229
100824.1529
100823.654922
100823.190365
100822.783329
100822.440964
100822.159101
100821.927069
100821.736818
100821.583831
100821.465426
100821.380797
100821.328393
100821.304409
100821.263735
100820.293356
100818.783287
100817.55713
100816.614442
100815.919018
100815.405379
100814.982138
100814.417971
100813.799566
100813.257557
100812.801697
100812.426807
100812.121051
100811.873732
100811.677252
100811.525882
100811.416549
100811.348235
100811.321609
100811.291193
100811.232445
100809.580603
100808.249985
100807.092447
100806.299815
100805.689665
100805.337714
100804.736655
100803.913769
100803.193287
100802.598455
100802.113637
100801.722148
100801.409043
100801.162914
100800.974822
100800.838491
100800.749609
100800.704699
100800.674773
100800.38957
100798.821155
100797.415942
100796.365754
100795.429315
100795.022804
100794.467031
100793.91866
100793.03924
100792.195137
100791.499424
100790.931155
100790.471681
100790.103977
100789.814502
100789.592361
100789.429475
100789.319152
100789.254917
100789.221683
100787.463791
100785.887134
100784.702944
100783.595163
100782.94894
100782.369081
100782.25211
100781.756821
100780.880453
100779.977352
100779.237817
100778.634835
100778.14661
100777.75462
100777.444399
100777.204448
100777.026227
100776.903034
100776.828375
100776.79346
100771.831703
100770.715856
100769.692034
100769.036438
100768.36548
100768.348724
100768.293862
100767.893885
100767.085475
100766.269949
100765.599083
100765.048702
100764.599299
100764.234868
100763.943185
100763.714561
100763.542237
100763.42125
100763.347089
100763.312195
100753.780137
100753.105666
100752.719247
100752.299001
100752.301264
100752.243901
100752.553573
100752.32171
100751.731195
100751.138266
100750.641677
100750.226296
100749.880211
100749.593778
100749.359864
100749.172728
100749.028641
100748.925643
100748.861708
100748.827958
100733.346878
100733.671389
100733.910182
100734.360852
100734.590655
100735.342719
100735.782604
100735.689326
100735.328681
100734.985613
100734.696016
100734.447506
100734.233648
100734.050556
100733.896266
100733.769048
100733.66809
100733.59302
100733.544008
100733.509819
100711.884168
100713.082765
100714.273162
100715.182057
100716.419752
100717.62031
100718.190152
100718.28647
100718.210738
100718.14077
100718.076778
100718.011011
100717.942895
100717.874816
100717.810589
100717.753124
100717.70362
100717.661535
100717.628014
100717.589806
100690.789895
100692.705514
100694.350091
100696.134309
100697.684669
100699.240412
100699.999032
100700.400995
100700.678185
100700.907185
100701.085217
100701.213648
100701.299544
100701.35274
100701.384171
100701.401446
100701.406368
100701.398339
100701.378084
100701.332401
100670.995446
100673.148097
100675.261283
100677.059093
100679.321441
100680.880878
100681.84474
100682.555911
100683.151735
100683.652922
100684.058085
100684.374012
100684.611939
100684.785976
100684.907479
100684.984556
100685.027873
100685.042862
100685.031398
100684.980271
100653.071351
100655.044416
100656.822174
100659.031485
100661.220209
100662.738138
100663.921678
100664.93215
100665.813198
100666.560583
100667.175995
100667.669046
100668.054206
100668.339299
100668.534517
100668.660007
100668.733927
100668.76532
100668.763032
100668.71435
100636.762959
100638.216697
100639.900007
100641.619563
100643.408303
100644.886193
100646.278914
100647.584532
100648.743042
100649.728126
100650.548319
100651.217114
100651.734451
100652.112503
100652.379495
100652.559189
100652.667056
100652.718176
100652.728638
100652.685951
100622.415666
100623.288345
100624.112857
100625.475024
100626.758126
100628.094045
100629.50652
100630.899412
100632.18907
100633.331533
100634.317104
100635.124975
100635.751903
100636.228581
100636.579574
100636.821366
100636.971217
100637.04901
100637.077411
100637.04147
100609.682333
100609.863289
100610.351746
100610.872391
100611.628949
100612.538615
100613.653794
100614.896175
100616.168604
100617.395778
100618.489069
100619.447128
100620.237669
100620.854544
100621.319287
100621.650129
100621.865364
100621.988683
100622.04795
100622.024081
100599.304594
100598.897827
100598.458148
100598.490493
100598.432213
100598.559509
100598.964759
100599.79693
100601.051347
100602.419575
100603.573894
100604.595293
100605.602526
100606.423518
100607.051503
100607.512937
100607.828821
100608.024933
100608.13328
100608.133555
100591.066673
100590.312075
100589.688742
100589.069541
100588.68633
100588.586557
100588.539891
100589.082901
100590.09372
100590.786475
100590.960071
100591.436679
100592.565389
100593.703702
100594.583694
100595.221872
100595.667334
100595.9562
100596.125176
100596.161857
)
;

boundaryField
{
    emptyPatch
    {
        type            empty;
    }
    minY
    {
        type            calculated;
        value           nonuniform List<scalar> 0();
    }
    maxY
    {
        type            calculated;
        value           nonuniform List<scalar> 0();
    }
    maxX
    {
        type            calculated;
        value           nonuniform List<scalar> 
38
(
101075.138925
101058.901057
101042.401738
101025.803136
101009.303075
100993.118931
100977.466595
100962.536948
100948.475387
100935.368114
100923.236587
100912.041564
100901.693007
100892.062477
100882.992556
100874.305943
100865.816906
100857.347369
100848.746251
100839.907217
100830.767322
100821.263735
100811.291193
100800.674773
100789.221683
100776.79346
100763.312195
100748.827958
100733.509819
100717.589806
100701.332401
100684.980271
100668.71435
100652.685951
100637.04147
100622.024081
100608.133555
100596.161857
)
;
    }
    water_to_heater
    {
        type            calculated;
        value           nonuniform List<scalar> 
60
(
101102.988225
101100.309224
101078.105195
101035.166159
100986.532011
100983.242058
100941.400347
100938.354679
100907.004091
100904.316597
100889.105419
100884.523573
100883.526408
100881.467167
100880.006662
100878.631546
100877.57191
100876.278681
100874.95372
100872.779834
100871.770331
100870.43935
100869.647718
100868.349863
100867.763959
100866.432983
100866.047444
100864.781791
100864.469723
100863.151024
100862.644136
100861.30855
100860.445507
100859.112623
100857.855078
100855.69408
100854.779989
100853.355385
100852.599041
100850.997108
100852.902887
100850.640224
100832.496488
100720.278508
100618.586366
100616.121211
100608.806732
100607.535923
100607.373374
100606.614888
100606.291921
100605.302451
100604.720309
100603.964726
100603.165782
100602.421186
100601.471036
100600.715434
100599.687083
100598.151175
)
;
    }
    procBoundary3to1
    {
        type            processor;
        value           nonuniform List<scalar> 
41
(
100597.008878
100596.336537
100595.660676
100594.536487
100593.408339
100592.692123
100592.269832
100591.673116
100591.101344
100590.336352
100589.357615
100587.447214
100585.474439
100596.649355
100596.643819
100596.624114
100596.593839
100596.557168
100596.646974
100597.008878
100596.401182
100585.226286
100584.534764
100583.831809
100583.317643
100582.986514
100582.736209
100582.752581
100583.349601
100583.613731
100582.685462
100581.938462
100582.644589
100583.577975
100584.426968
100585.282473
100585.926567
100586.379616
100586.681564
100586.862879
100586.921188
)
;
    }
    procBoundary3to2
    {
        type            processor;
        value           nonuniform List<scalar> 
41
(
101115.791267
101110.215579
101109.457141
101108.403131
101106.771072
101104.922561
101102.823914
101100.668661
101098.719877
101096.720568
101094.951538
101092.827649
101091.404121
101090.152063
101088.718872
101087.298223
101086.340798
101085.758741
101085.126148
101083.971167
101095.577566
101094.722287
101094.009134
101093.415362
101092.923097
101092.519855
101092.194568
101091.934745
101091.725411
101091.553928
101091.41211
101091.295058
101091.199585
101091.123837
101091.066739
101091.027466
101090.997018
101082.392839
101081.024015
101079.924802
101079.924802
)
;
    }
}


// ************************************************************************* //
