/*--------------------------------*- C++ -*----------------------------------*\
| =========                 |                                                 |
| \\      /  F ield         | OpenFOAM: The Open Source CFD Toolbox           |
|  \\    /   O peration     | Version:  2312                                  |
|   \\  /    A nd           | Website:  www.openfoam.com                      |
|    \\/     M anipulation  |                                                 |
\*---------------------------------------------------------------------------*/
FoamFile
{
    version     2.0;
    format      ascii;
    arch        "LSB;label=32;scalar=64";
    class       volScalarField;
    location    "0.165/water";
    object      epsilonm;
}
// * * * * * * * * * * * * * * * * * * * * * * * * * * * * * * * * * * * * * //

dimensions      [0 2 -3 0 0 0 0];

internalField   nonuniform List<scalar> 
1497
(
9.25496142798
5.54010791726
3.24260605282
1.87406316154
1.1239718446
0.73607997728
0.534354150378
0.422745003589
0.357428721204
0.321807729539
0.310283354564
0.293225439325
0.264801501172
5170.60269757
1635.32838102
496.915584929
170.306679481
71.1249652753
36.7143689299
21.6660116908
13.3238325002
7.94095920526
4.40690743366
2.32177188503
1.27592890923
0.776772189617
0.532011389437
0.402725308945
0.328897665038
0.284601530984
0.258466657516
0.234816592867
0.217517311825
8027.8024749
1981.04642153
588.032851455
200.170397003
84.5543731928
44.6710771991
27.4100085189
17.6115534878
10.7632442018
5.8190921856
2.79669630669
1.42856422595
0.821074717067
0.536716696975
0.39104505114
0.309667875097
0.260803776971
0.228532357997
0.201414172325
0.192314115868
8276.88467673
2001.5291532
608.969118607
211.536485436
90.0224924186
48.5214020727
31.2434347009
21.3704988526
13.6260442138
7.20851337843
3.07204624391
1.4935351387
0.840163227781
0.53990300923
0.387546261576
0.301836981523
0.250853012774
0.215086418731
0.186267106155
0.188085418376
7658.15144919
1895.03656813
573.333603226
195.453989097
83.727875454
48.1016084088
33.9150626306
24.8841963281
16.5618562933
8.53613577254
3.12531095724
1.46745468054
0.832717160799
0.541604125104
0.391395417296
0.305311179891
0.253350980964
0.21520058189
0.188020914874
0.217081710812
7336.71914288
1798.33197787
528.540550272
174.951963321
77.2744417292
48.1745116795
36.6600705108
28.2606305228
18.8840891321
8.68528904816
2.96198298989
1.3982549164
0.818607163994
0.547963029232
0.403577930921
0.318775610799
0.266642273123
0.228004029659
0.210932823524
0.287564961511
7266.8229577
1761.07445647
505.54193531
165.397397822
74.7930909012
49.2438111275
39.529836607
31.5967808151
21.1688862629
7.71695936191
2.7285579199
1.34603400053
0.81852512069
0.564561925968
0.423824442189
0.341135545123
0.290288141085
0.256599849691
0.269616441462
0.475823776837
7188.76712375
1750.70367942
497.759158864
163.315612259
74.4526253206
50.2660680386
41.5336352487
33.8281097914
22.5281268609
6.96271001992
2.6465930085
1.36233149583
0.847078151794
0.59413609117
0.451348623473
0.371820899768
0.327220398371
0.311355469532
0.382108746315
0.604149144397
7109.19853212
1736.71760018
491.643157121
162.521109027
74.7326652637
50.7901016897
42.2998093675
34.4355257264
22.3478242826
6.87314993226
2.74122004273
1.42674648652
0.891947528894
0.628782083267
0.483568595128
0.412302393
0.386277107704
0.407488963635
0.532052075137
0.801748512976
7021.840883
1719.49194458
480.614027419
159.441402052
73.9856092732
50.3989131111
41.7855909899
33.3207011214
20.3806687039
6.6698113228
2.77591669485
1.47279788687
0.928468562351
0.658482853592
0.518500634825
0.470161896081
0.482884120854
0.538902433506
0.615999850792
1.00690163607
7078.38774645
1698.66196499
465.761022439
154.868313664
72.4528436594
49.3359488689
40.4022546339
31.0336620776
16.6494161208
5.97365268389
2.67217542847
1.46918866378
0.941270965499
0.677352649888
0.55938351694
0.559325988624
0.614352042888
0.607338063648
0.781736088344
1.15388675602
7313.39652544
1699.13372984
454.239000939
150.604606583
70.974095591
48.192579334
38.6142315546
28.2157832967
12.453757463
5.09962703623
2.47374909595
1.41705220213
0.926931771231
0.686410857751
0.61543553049
0.690640134159
0.719885393846
0.697795076016
0.960445104021
1.24357586571
7784.8498227
1749.27162553
453.063924181
148.82837083
70.4460074716
47.413185503
36.617750151
23.746531791
9.68373359541
4.31843899481
2.23774974821
1.3305722148
0.89101433726
0.691959370683
0.69552623119
0.835437731666
0.761793896535
0.854743340277
1.11962107403
1.28317936804
8418.57458513
1846.33911543
464.839862704
151.103686573
71.488685999
47.1667136674
34.1752840433
17.8275773503
7.66531872539
3.68350911712
2.01009807134
1.23083511779
0.845888268253
0.699323173313
0.79413265369
0.936285215069
0.85866506506
1.05270602344
1.25454877615
1.29422589363
9189.97296366
1987.93005074
495.093436687
160.043531024
74.935438927
47.5493250976
30.5799393354
13.7986787768
6.36785367469
3.24214835448
1.82992361416
1.14177095439
0.804028887528
0.707741606555
0.884748034906
0.99713827435
1.02214917294
1.25387996646
1.37478538239
1.26470272274
9906.9118042
2151.41551804
538.624516124
174.014356889
79.7876252222
47.7418694887
25.4787756149
11.7106123028
5.70528916497
3.00660307926
1.72158394792
1.07879646974
0.770357393195
0.716983944671
0.960584293648
1.06306382965
1.2111399358
1.4477892848
1.4724055142
1.17371438659
10527.2184252
2323.98171292
593.469033499
192.11175382
85.7447283206
47.6951855272
22.7799266106
10.8944246286
5.50736198205
2.94695254745
1.68281800113
1.04177666292
0.745958450588
0.737119282074
1.04692221151
1.15230194584
1.41152806742
1.63684037363
1.54852664254
1.00123504856
10943.1983361
2457.96020581
639.714876832
208.613934871
90.3952882149
45.359412838
21.7232356283
10.7974664817
5.58928396036
3.00422005774
1.6907957922
1.02315846326
0.73782743892
0.788588197499
1.17689670652
1.28294885919
1.63706740247
1.84510374038
1.587177323
0.841965070115
11390.5809682
2557.86912351
675.996149638
221.247309664
93.1785688801
43.4084451767
21.4328185953
10.978813082
5.76974228925
3.10210487588
1.71482384513
1.01884517177
0.760315915228
0.901841909367
1.34106957362
1.48286847137
1.91221066273
2.07186421135
1.55978775012
0.733679493864
11979.4661773
2643.93624542
698.521121827
227.072263849
90.3163538155
42.46889014
21.332032807
11.1099850626
5.89303499157
3.16647949467
1.72792954459
1.03067827094
0.839869547614
1.11966469056
1.47011871014
1.73073257607
2.2191357414
2.30142907532
1.48975674757
0.658872516541
13000.8956805
2755.6094548
716.648119523
227.253466262
90.0839895776
41.8839520645
21.0211119608
10.9773460963
5.85253008398
3.14417806695
1.71315564981
1.07289830598
1.02586511777
1.467950218
1.57240522983
2.0308123084
2.53941680986
2.48639722911
1.4122849599
0.602998390078
14663.1835945
2951.94000905
756.225443658
235.471154436
92.0916008449
41.3005627706
20.2794663647
10.507569917
5.60805683409
3.01050789163
1.67420350035
1.189930103
1.37659754238
1.69553055599
1.80468911813
2.3954138444
2.81349329814
2.54385075333
1.29608341624
0.555074096011
16813.7443727
3319.46056332
834.072062797
259.950773077
95.3845379423
40.3898275968
19.1127114832
9.7521359531
5.16793517078
2.77472734581
1.65601128706
1.46342722523
1.79247077073
1.74992379674
2.12326469911
2.71088849573
2.94977204838
2.37158814996
1.13227449388
0.512124983887
18146.7085633
3689.28704316
963.483291748
290.2604339
99.7162269224
39.4283467124
17.7871245413
8.826482937
4.58297241738
2.50165791107
1.76481485566
1.88243606348
1.84228916193
1.94462063216
2.4563133076
2.87539555916
2.84213027607
1.97144602972
0.952948557788
0.477325416079
19559.5455726
3950.43830103
1061.62694838
315.88502166
102.887905747
38.0937816971
16.2652268692
7.72778424062
3.9182953969
2.32293805884
2.05772271276
2.00282212826
1.8808815144
2.2203005654
2.6381941558
2.77915072714
2.42774046419
1.52569208068
0.801072410287
0.458912566021
20644.6467387
4292.70755081
1135.38541957
325.826459357
100.860035739
35.2109582384
14.2445316973
6.48773390012
3.31931450895
2.35458305459
2.2218988666
1.89885884016
2.03869773867
2.36872154144
2.53990166509
2.36466936075
1.84781960582
1.1777948749
0.700083965179
0.463283252866
18682.8480407
3957.52892333
1045.59392886
294.799294805
88.4540529287
29.9111209776
11.8041532753
5.29267575588
2.93131977503
2.45484106515
2.03009377059
1.91211749045
2.11466888113
2.24505311382
2.15193814932
1.82533468865
1.4071326842
0.968307293533
0.65043479624
0.489550047344
15337.4739499
3221.25897957
843.853729933
233.855264892
69.6387396115
23.9024700671
9.54214360545
4.34159264539
2.75202093291
2.31386633678
1.89807638615
1.91085787103
1.97833784462
1.92880457047
1.73747838766
1.45446085851
1.16194559275
0.854142593741
0.636286016483
0.526350545038
11445.4660914
2397.90663366
623.41231711
174.379839596
54.0339062235
19.4598776288
7.92447144712
3.81966555761
2.68689224747
2.12429920049
1.8601139491
1.83209356841
1.77829364138
1.66467331168
1.47803767073
1.23853907752
0.981843232306
0.744376402572
0.62165881909
0.553318375187
7669.84174764
1747.24242729
472.94923043
138.967191772
45.8546392676
17.3266090518
7.38427827082
3.81319949696
2.63885063923
2.06959002706
1.86251941544
1.7425465738
1.6136238104
1.46201454267
1.24850189015
0.981581172653
0.751337110492
0.618313641375
0.575614561984
0.549838351867
5514.84597154
1441.8009646
416.533454008
130.569801875
46.4010283476
18.2483974755
7.93718148741
4.13794123728
2.7148324975
2.11546113892
1.82001555223
1.58229803412
1.37048042256
1.14842284717
0.906999193741
0.696517155437
0.546388566471
0.478318604026
0.483617284728
0.50676128312
5125.34108079
1499.68069292
453.840808012
149.552052554
53.6818776723
21.1320205712
9.27332454208
4.77742891511
2.99789357252
2.17922901273
1.68667196601
1.32606546123
1.04643144792
0.813539874518
0.623644424494
0.479654975288
0.382338633013
0.341875504415
0.358967324569
0.410897690743
5706.17003055
1802.67597747
558.952036866
173.821263526
60.7732966342
24.2008400047
11.0127318613
5.83773917595
3.55511366373
2.33771486136
1.59373955508
1.11631943268
0.803723811815
0.590513676049
0.445060756161
0.34396799573
0.275538041731
0.241286047833
0.24731415346
0.290560177763
6141.18754118
1840.33063531
565.246314426
184.413547121
66.2675610119
27.0823717873
13.031688236
7.23189935768
4.36963720986
2.67805351661
1.65977946909
1.04600181844
0.689686324933
0.481783579859
0.359940807904
0.282132084878
0.225717842336
0.188313072637
0.179246676124
0.200665615614
5376.42032483
1457.41811124
457.442543612
162.67176172
65.4948649304
29.8383672234
15.4103774032
8.82963462112
5.32441182763
3.14770490899
1.86375309651
1.10158272331
0.678487997594
0.457134052817
0.340617691968
0.271757613649
0.217548491885
0.173157483537
0.151149234885
0.154925759194
4482.50721588
1194.0133246
377.469529598
140.339974397
61.074538752
30.405553282
16.8686753669
10.1321983422
6.25626902523
3.70130157618
2.13080782436
1.22426346254
0.727769679441
0.479151656778
0.358260675839
0.290550603837
0.233577159033
0.180792331235
0.148343571137
0.140473766084
3971.45619986
1033.64239645
322.772222024
122.117666604
55.7594411779
29.4897069036
17.2556483775
10.7389760063
6.7792045414
4.08918884876
2.35927739582
1.35236796677
0.798398533306
0.523319995978
0.394088157191
0.323627211231
0.261004826069
0.199631768418
0.158882289385
0.14335229216
3737.30429654
935.924853676
285.046736961
107.639465304
50.3858796704
27.6561168015
16.7601249196
10.6846881634
6.83813412827
4.15345176479
2.43703920926
1.41640483546
0.850138591278
0.568588100524
0.436633594241
0.362633588345
0.292103449861
0.222633163909
0.175823063844
0.155273398085
0.296811533363
0.468709190656
1.39171094066
5.05353698998
7.30889776163
3.90939344285
0.65255815647
0.205661588367
0.0779475999565
0.0311664495295
0.0107603044124
0.00306229887898
0.00242097546642
0.00736706731618
0.0163535741106
0.027736354517
0.0387659416294
0.0430548262283
0.0364472174813
0.0249409421058
0.274538409966
0.508522282055
2.11595908839
5.95429821601
7.1373812332
2.66045136695
0.46255408851
0.161233208583
0.0679138439342
0.0285942883005
0.010762753148
0.00351867931753
0.00273171754878
0.00774498275437
0.016793270576
0.028435033962
0.040427141791
0.0461208238853
0.0386170443699
0.0250587959527
0.280924501451
0.746331596664
3.11861295482
6.0208821276
6.40474156412
1.67118724223
0.333846935084
0.130150893738
0.0591278160256
0.0258921092063
0.0101331827079
0.00363857543334
0.00299085467321
0.00811061632088
0.0172319798448
0.0291137158381
0.0420660161742
0.0496533885268
0.0418820077224
0.0258868171279
0.314929339721
1.03895141628
3.53762083134
5.49936170716
5.09391167579
1.02311206954
0.247634589427
0.106036097963
0.0519689268389
0.0236840082661
0.0094142468359
0.00356542863523
0.00320316720654
0.00847417874504
0.0176923394027
0.0298015768042
0.0436793912761
0.0536675025388
0.046869087133
0.0276399194637
0.499819596607
1.49141672925
3.52134694333
4.61075243213
3.45940822197
0.642141041547
0.19076084553
0.0872368965395
0.0462179255341
0.0220027461167
0.00877876462602
0.00342223017509
0.00338549086172
0.008858090867
0.0182043292274
0.0305317887534
0.0452608266908
0.057973853588
0.0543147783179
0.0314545848583
0.706449427011
1.89300860538
3.26585352042
3.75364294817
2.04910233067
0.423070001182
0.149465330074
0.0729872619058
0.0414084597956
0.0205701801001
0.0081868290867
0.0032450500036
0.0035548090611
0.00928669035524
0.0187943670332
0.0313308570158
0.0468116720772
0.0621584659758
0.0631845109279
0.0388135799818
0.949599144583
2.0328031723
2.89825313484
2.9080208486
1.16455708477
0.289361715979
0.116074598123
0.0620854057262
0.0371338225674
0.019049881219
0.0075472607674
0.00302844138543
0.00372791598123
0.00977817751521
0.01947612818
0.0322097913498
0.0483486322565
0.0661209004836
0.0724289148528
0.0489382716662
1.23158736709
2.02034791241
2.45800161492
2.055823788
0.670689476207
0.204422008484
0.0921943571561
0.0538830586158
0.0334382122625
0.01737188668
0.00682653404096
0.00276057045052
0.00392183370267
0.0103438238878
0.0202505797545
0.0331649895698
0.0498767313722
0.0698574981188
0.0817197550603
0.0612473105841
1.40125076585
1.89857759051
2.02988702549
1.27912705677
0.411437945121
0.153192659484
0.0765077098966
0.0480944187504
0.0303506014475
0.0155616282092
0.0059447534392
0.00243375174857
0.00415602987598
0.0109896335941
0.0211103039193
0.0341847576504
0.0513902302301
0.0733637527438
0.090846446353
0.0755347257225
1.46060962687
1.7260495881
1.58403907546
0.77156371692
0.274154927617
0.122252248356
0.0672851071124
0.0441918594305
0.0272652496229
0.013238046132
0.00483827714325
0.00207286685114
0.00445242682497
0.0117176765721
0.0220413891489
0.0352473118434
0.0528726150772
0.0766302518744
0.0996382251607
0.0914352003278
1.44552536514
1.50048651672
1.11249397534
0.482826123571
0.197321400596
0.100549781636
0.062734054015
0.0414337527398
0.0238827701734
0.010484296155
0.00363347226919
0.00172706951005
0.00482616866317
0.0125188124779
0.0230178398697
0.036321403632
0.0543016585496
0.0796424665467
0.107952663512
0.108470530785
1.37133268604
1.23417263924
0.718490554031
0.323538208646
0.15568894791
0.0916136038172
0.0614128836552
0.0389795807313
0.0200284958898
0.0076280361164
0.00249862980652
0.00145592874925
0.00528050472537
0.0133693646948
0.0240017942629
0.0373724735084
0.0556534255105
0.082384342017
0.115672448552
0.126104745091
1.25507247989
0.916566248884
0.478516905133
0.236814806471
0.136117675694
0.0910145657703
0.0617204904751
0.0359246945018
0.0156437240205
0.00501677015866
0.00155405159727
0.00130328253107
0.00580466747051
0.0142324091243
0.024954120228
0.0383691279221
0.0569045984867
0.0848440457296
0.122711782684
0.143798240256
1.08197872083
0.63556096946
0.344721609246
0.191041982533
0.129273307396
0.0946368297025
0.0619611729855
0.0315092785876
0.0109733620795
0.00293389869215
0.000861160270567
0.00127973226634
0.00637218004919
0.0150673812896
0.0258423753706
0.0392852361374
0.0580363987968
0.087018593409
0.129025963276
0.161062616209
0.847580509911
0.461630735468
0.271012987571
0.17165366606
0.132063157607
0.100307542706
0.0606441477468
0.0254245083994
0.00666283624258
0.00150829420083
0.000439199244496
0.00136179549733
0.0069451749789
0.0158410928532
0.0266441327743
0.0401029905587
0.0590370476681
0.0889158412651
0.134618613069
0.177520598232
0.637563964917
0.363720233325
0.232227126576
0.168868766692
0.13894389157
0.106205244557
0.0569077494521
0.0183233335437
0.00348946878786
0.000703839765215
0.000238398903299
0.00150532586312
0.00748865429548
0.0165337541795
0.0273492488643
0.0408157822805
0.0599040252636
0.0905552836873
0.139545093987
0.192971503473
0.504678877271
0.304600870304
0.217186475005
0.174172538513
0.146529270301
0.110968420495
0.0515679753766
0.0120684418793
0.00175999671035
0.000346580870828
0.000164402019755
0.00167150043201
0.00798300565195
0.0171424320273
0.0279635565423
0.0414317206445
0.0606476789316
0.0919696938788
0.143909800787
0.207442538715
0.423705221336
0.270031189361
0.214128431597
0.181301926645
0.1541664525
0.115479319184
0.0477640333721
0.00843498671422
0.0010778166228
0.000218776582884
0.000146938085511
0.00184158469368
0.00842878678208
0.0176837004668
0.0285106330239
0.0419755106639
0.0612936837912
0.0932044827355
0.147850126619
0.221185514786
0.369347023187
0.253789999248
0.215856201708
0.187763334854
0.16182700302
0.121719271093
0.0477219562277
0.00732774120113
0.000897395685047
0.000183586516232
0.000152615249948
0.00201460309272
0.00884598746496
0.0181913410312
0.029028496154
0.0424853707822
0.0618805612149
0.0943122807002
0.151506142478
0.234594332642
0.335373865966
0.246987090886
0.218712025377
0.193987640629
0.169243183463
0.127720164388
0.0499543147681
0.00749471621351
0.000907563675557
0.000183873460335
0.000169360111023
0.00220082003458
0.00926758824187
0.0187079076596
0.0295606919035
0.0430042263336
0.062451269882
0.095341563838
0.154981627111
0.248059244302
0.317156446782
0.246272450333
0.222330256353
0.200917023126
0.17664892433
0.13361096195
0.0525843251122
0.00802594119799
0.00099276904631
0.000199448246724
0.000194486036621
0.00241568318622
0.00972907281376
0.0192731319081
0.0301451743647
0.0435690707097
0.0630428477028
0.0963257265857
0.158313295987
0.261811481013
0.308859841386
0.249335506776
0.22886045178
0.210081761998
0.185036130256
0.139434725154
0.0552477865793
0.00875841399794
0.00112319579421
0.000222581514386
0.000229203635465
0.00267531214455
0.0102593234365
0.0199149961152
0.030806520303
0.0442037483361
0.0636796679162
0.0972775469418
0.161457939872
0.275804825894
0.308692872617
0.258229740315
0.241358747622
0.223720528102
0.195660025507
0.145517982517
0.0571547760404
0.00923918313605
0.00125707540116
0.000246570023556
0.000276695708017
0.0029936800486
0.0108751204573
0.0206450347466
0.0315524010578
0.0449160404023
0.0643709774722
0.0981905684037
0.164299690489
0.289643684497
0.318151300366
0.277169365979
0.262277125029
0.243643766473
0.209708927544
0.150101902222
0.0561598969683
0.00907600601693
0.00134851916877
0.000264189423963
0.000341700914574
0.00337921518852
0.0115763188289
0.0214549766466
0.0323714806921
0.045695935861
0.0651094787876
0.0990418031427
0.166670526374
0.302563048367
0.340927430061
0.307869896793
0.292664068536
0.270604894997
0.228593301013
0.150773265684
0.0503695623
0.00801114605683
0.00136283644693
0.000267369536669
0.000429795725483
0.00382963062595
0.0123411610982
0.0223148171823
0.0332329890188
0.0465154250003
0.0658706889676
0.0997953962213
0.168383677618
0.313500767158
0.378166507544
0.349489448877
0.331985570714
0.304214766129
0.252956290845
0.145664095758
0.0404906075434
0.00651055301384
0.00128205029042
0.000256453342757
0.00054602009217
0.00432718619227
0.0131256056088
0.0231760512427
0.034091243814
0.0473328124145
0.0666168032426
0.10040981288
0.169277871031
0.321296504545
0.426678803599
0.398738846772
0.377949665214
0.343049220793
0.271146571607
0.135535462248
0.0299877822317
0.00520141663238
0.00115321182071
0.000244961790278
0.00069081108382
0.00483772880579
0.0138715133315
0.0239828057512
0.0348964945329
0.0481026918168
0.0673058567523
0.100850293313
0.169267109405
0.324988283752
0.478198836487
0.449222785945
0.426001017831
0.384162233645
0.287282738882
0.126055588442
0.0224268778918
0.00429456926086
0.00100922194165
0.000246626714159
0.00085658752607
0.00531826795341
0.0145232272741
0.0246877080678
0.0356085334957
0.0487880450159
0.0679034843904
0.10110225399
0.168377950461
0.324096717629
0.51963422186
0.490880017052
0.467342577195
0.421267103103
0.30531684601
0.122536994033
0.0187802575348
0.00372809450495
0.000888770006069
0.0002654651994
0.00101887568749
0.00572051188741
0.015045413292
0.0252671169084
0.036208129419
0.04936914064
0.068391833041
0.10118088549
0.166766767702
0.318779688579
0.533071894565
0.508997058608
0.488926098671
0.445933032852
0.31959108878
0.124823707303
0.0175693901863
0.003257838025
0.000791294344339
0.000284139507009
0.00112871589465
0.00599633159172
0.0154338926359
0.0257255617467
0.0366957417328
0.0498362865762
0.0687532354256
0.101099434997
0.164672187402
0.309928950228
0.50361008415
0.488947311986
0.478950530119
0.451504921802
0.330288903734
0.133226341066
0.0181924534263
0.00291322022127
0.000724375962502
0.000296863630913
0.00117276088001
0.00614472716874
0.0157024618942
0.0260799003341
0.0370872081675
0.0502028840588
0.0690021362746
0.100904132896
0.162359254133
0.298816051328
0.437046483949
0.429719139987
0.434176471574
0.437097209386
0.342359604239
0.152513442668
0.0215154569457
0.00273610970935
0.000707830153697
0.000304370835118
0.00115694717328
0.00618865890221
0.0158806902023
0.0263606684176
0.0374125868848
0.0504995455256
0.069174693194
0.100664896954
0.160109107165
0.286862041565
0.343487382525
0.353369423797
0.368345146331
0.412292117735
0.336652147708
0.172661002097
0.0271943423657
0.00273416323586
0.000737759503978
0.00031101141656
0.00109903458092
0.006165875291
0.0160087685672
0.0266066707689
0.0377094155194
0.0507648666124
0.0693147348489
0.100449018323
0.158158971713
0.275413390335
0.241511529443
0.267794622539
0.306626513264
0.39293095263
0.332851477459
0.182977824924
0.0322056530929
0.00292622523562
0.000815958156698
0.000323431781708
0.00102214164281
0.00611993052479
0.0161284110617
0.0268560454963
0.0380138056798
0.0510359867365
0.0694628985459
0.10030694479
0.156667058357
0.265540256602
0.177255483051
0.194328698609
0.257405940546
0.389258419105
0.330548030593
0.181689581732
0.0341770951079
0.00329014346298
0.000947811873526
0.000347625821788
0.000948422788231
0.00609225643429
0.0162763726886
0.0271407116169
0.0383551691272
0.0513429291813
0.0696504290374
0.100265637063
0.155699143495
0.257941008208
0.150302014256
0.156117308583
0.233991102546
0.398174311844
0.323914230257
0.172804204693
0.0339520910255
0.00382218975542
0.00114079139198
0.000387281787425
0.000896464150766
0.00611927717021
0.0164842594345
0.0274869886343
0.0387568411548
0.0517087647782
0.0698992622565
0.100330687079
0.155232681254
0.252930042663
0.146215109896
0.147425691616
0.245823520213
0.409914864019
0.315139259579
0.163209615001
0.0329572594588
0.0045073665366
0.00139446435289
0.000441989848114
0.000881401450575
0.00623138612507
0.0167788497644
0.0279158447287
0.0392360439926
0.0521494275954
0.0702223286099
0.100490433687
0.155168956573
0.250457901825
0.154887342566
0.159653596639
0.29738531217
0.431241567533
)
;

boundaryField
{
    emptyPatch
    {
        type            empty;
    }
    minY
    {
        type            fixedValue;
        value           nonuniform List<scalar> 0();
    }
    maxY
    {
        type            inletOutlet;
        inletValue      nonuniform List<scalar> 0();
        value           nonuniform List<scalar> 0();
    }
    maxX
    {
        type            fixedValue;
        value           nonuniform List<scalar> 
37
(
0.476527188428
0.493938304341
0.514239877795
0.538526383169
0.569182195735
0.606542869423
0.648043451394
0.692417007861
0.738722996711
0.785885048559
0.832760140874
0.878247284188
0.921408289257
0.961562200873
0.998352601479
1.03179977291
1.06231815694
1.09063599647
1.117598739
1.14388692388
1.16976840611
1.19495859578
1.21860293098
1.23936052185
1.2556180461
1.26584497608
1.26904000027
1.26508919149
1.2549024347
1.24059328299
1.22435865718
1.20828637769
1.1941238687
1.18306626908
1.17570282805
1.17204530437
1.17153409977
)
;
    }
    water_to_heater
    {
        type            fixedValue;
        value           nonuniform List<scalar> 
60
(
19967.7733098
19967.7733098
30990.8998425
30990.8998425
33683.3427352
33683.3427352
32428.7385622
31477.3885233
31178.4031157
31178.4031157
31115.6428804
31115.6428804
30957.7403291
30957.7403291
30928.841009
31246.5173648
32253.7512884
32253.7512884
33868.4235312
33868.4235312
36265.35764
36265.35764
39231.4665783
42292.556848
44950.7115147
44950.7115147
46966.252583
46966.252583
48710.0579021
48710.0579021
50412.369252
53040.275128
57447.6640883
57447.6640883
64010.2734637
64010.2734637
68185.1564944
68185.1564944
71585.3257253
73837.8269413
65484.4403188
65484.4403188
50935.834966
50935.834966
33892.6269436
33892.6269436
20160.2376766
14417.1763645
14773.8543489
14773.8543489
18733.3981232
18733.3981232
22786.3778163
22786.3778163
22331.3208226
19668.1996274
17567.835866
17567.835866
16292.077856
16292.077856
)
;
    }
    procBoundary1to0
    {
        type            processor;
        value           nonuniform List<scalar> 
41
(
3712.75811647
881.707839732
258.508802892
95.7088168317
45.0883414962
25.2457767646
15.6123594348
10.0764133834
6.46432401979
3.94025376844
2.35722320564
1.40287147096
0.871422255263
0.607702177512
0.482269004326
0.404786996401
0.3231792407
0.245715741979
0.19520080856
0.172129016206
0.308603554156
0.154600441101
0.0314363694942
0.00532965135999
0.00168755232709
0.000504874637383
0.000914533864376
0.00644837182456
0.0171760112503
0.0284369168118
0.0397986737313
0.0526698749885
0.0706233179111
0.100724103026
0.155342196823
0.249942698215
0.171372559879
0.187418980166
0.364166440835
0.308603554156
0.468196012061
)
;
    }
    procBoundary1to3
    {
        type            processor;
        value           nonuniform List<scalar> 
41
(
6.70697414464
4.08781906771
2.53270661052
1.58745090041
1.02715247882
0.715528364141
0.545316974137
0.44791093706
0.391041285753
0.368787602407
0.388066774463
0.38879412803
0.342530929615
3055.45379917
1099.62334532
384.533175484
138.720075468
56.6291758506
27.6482879309
15.5138179632
15.5138179632
0.343677223489
0.490307494193
1.0204732315
3.6192556953
6.73775306893
5.12832804889
0.917495334955
0.269937907231
0.0895583418687
0.0319953404849
0.00925173189019
0.00228141190397
0.00207937920728
0.00698737718149
0.0159100883248
0.0270046077433
0.0371080190598
0.040474476535
0.0351423755549
0.0255845731189
)
;
    }
}


// ************************************************************************* //
