/*--------------------------------*- C++ -*----------------------------------*\
| =========                 |                                                 |
| \\      /  F ield         | OpenFOAM: The Open Source CFD Toolbox           |
|  \\    /   O peration     | Version:  2312                                  |
|   \\  /    A nd           | Website:  www.openfoam.com                      |
|    \\/     M anipulation  |                                                 |
\*---------------------------------------------------------------------------*/
FoamFile
{
    version     2.0;
    format      ascii;
    arch        "LSB;label=32;scalar=64";
    class       surfaceScalarField;
    location    "0.08/water";
    object      phi;
}
// * * * * * * * * * * * * * * * * * * * * * * * * * * * * * * * * * * * * * //

dimensions      [0 3 -1 0 0 0 0];

oriented        oriented;

internalField   nonuniform List<scalar> 
1441
(
5.0612660028e-07
1.23872739243e-08
4.94816088993e-07
1.6222061015e-08
4.83652488169e-07
1.76168419192e-08
4.72329504243e-07
2.06188603874e-08
4.6132204554e-07
2.36529951367e-08
4.50414497257e-07
2.68346156277e-08
4.39855874266e-07
2.99201060449e-08
4.29185028215e-07
3.29783888997e-08
4.17623407489e-07
3.62323785129e-08
3.95185783545e-07
4.58335037014e-08
3.20645786279e-07
8.88217656664e-08
2.35107856463e-07
1.04309767071e-07
1.5872510923e-07
1.42194218063e-07
1.8711205304e-07
8.06549435399e-08
2.28243830877e-07
1.010060527e-07
2.77542195622e-07
1.00489157172e-07
3.26766236448e-07
1.02524152327e-07
3.66103495962e-07
1.05477206739e-07
3.85559060763e-07
1.07945788088e-07
1.0673163232e-07
4.46164876749e-07
1.16902585814e-08
4.40486150167e-07
1.5308787087e-08
4.34698783784e-07
1.70431171028e-08
4.28927490517e-07
1.97294723783e-08
4.23515296964e-07
2.22594343307e-08
4.18358967173e-07
2.48186604732e-08
4.11981892204e-07
2.77739448716e-08
3.96463109546e-07
3.37622429682e-08
3.21191927897e-07
8.40729839699e-08
2.31375598944e-07
1.08438644797e-07
1.00097211269e-07
2.06866003944e-07
2.50646675542e-08
1.76156529626e-07
6.14239705628e-08
1.03048611199e-07
5.18763248787e-08
9.03659232943e-08
6.98513221807e-08
8.23221092318e-08
8.75823691337e-08
8.13924717043e-08
1.02891779781e-07
8.53369333736e-08
1.15446157073e-07
9.11048014822e-08
1.24401875868e-07
9.7836405366e-08
1.07209183078e-07
4.42057553794e-07
1.20896476255e-08
4.39540701419e-07
1.37891701978e-08
4.36372679272e-07
1.57217436239e-08
4.33265943775e-07
1.79144760538e-08
4.29527489106e-07
2.01021742443e-08
4.05306004749e-07
3.67721375795e-08
3.11162644454e-07
9.41759543594e-08
2.05467226336e-07
1.03990867677e-07
6.66852097049e-08
2.08037239027e-07
-3.7220731296e-07
5.45064974684e-07
-7.05999123876e-07
5.45166764392e-07
-7.24755795182e-07
1.98591286608e-07
-7.25095961823e-07
1.05080617781e-07
-7.28634880277e-07
9.47366141253e-08
-7.37887131657e-07
9.27450963502e-08
-7.47972528922e-07
9.23657946054e-08
-7.55244842009e-07
9.29682156114e-08
-7.59479457352e-07
9.54537427463e-08
-7.62054209526e-07
1.00453079456e-07
1.10350287033e-07
4.42542581869e-07
1.16776748531e-08
4.37351273194e-07
1.3491241344e-08
4.27266689785e-07
1.84634495605e-08
3.67401093446e-07
6.07344173836e-08
2.76970909719e-07
8.04787317117e-08
1.86188232694e-07
1.04057605006e-07
8.68073749946e-08
1.82460320376e-07
-3.15733607206e-08
2.20835293382e-07
-1.03963688547e-07
2.83758964486e-07
1.19080224147e-07
3.27560267772e-07
3.33817506681e-07
3.34054468057e-07
2.30030198438e-07
3.01443072926e-07
1.00276961224e-07
2.31413161698e-07
1.79461901949e-08
1.72109919997e-07
-3.63053020785e-08
1.4177114255e-07
-7.5850436033e-08
1.27392480407e-07
-1.06259901098e-07
1.19974164673e-07
-1.31086943908e-07
1.17780651745e-07
-1.5273170495e-07
1.19969650959e-07
1.27545560902e-07
4.29973111038e-07
3.03476172657e-08
3.77245933703e-07
4.45962953077e-08
3.13566635678e-07
6.28576289822e-08
2.57896261811e-07
1.10815169867e-07
2.02165739458e-07
1.2910983745e-07
1.56879614567e-07
1.43672902953e-07
1.76333236319e-07
1.63059171373e-07
2.09959261261e-07
1.89514990544e-07
2.80569108239e-07
2.18448509217e-07
3.69936060148e-07
2.4550332583e-07
4.52816290791e-07
2.57716969925e-07
5.08110821267e-07
2.49511312574e-07
5.08966643677e-07
2.30048819497e-07
4.71250148229e-07
2.05056623539e-07
4.2397827433e-07
1.81162007399e-07
3.77915124525e-07
1.63910748561e-07
3.34018402717e-07
1.53675359739e-07
2.92081560443e-07
1.49471793797e-07
2.51576076458e-07
1.505970322e-07
1.54172398348e-07
6.30159433438e-07
2.69874737389e-08
5.72920916908e-07
5.36173932635e-08
5.23881615137e-07
7.2223774888e-08
5.24614678406e-07
9.15782748797e-08
5.31028300415e-07
1.06689127224e-07
5.38552172699e-07
1.20435566379e-07
5.50150804166e-07
1.3681704554e-07
5.71066353001e-07
1.5556218244e-07
6.03447754019e-07
1.74978506956e-07
6.47453761836e-07
1.91581215389e-07
6.9320481379e-07
2.02016304772e-07
7.2697690042e-07
2.04405993885e-07
7.44781380585e-07
1.99010563506e-07
7.45855213106e-07
1.88945853046e-07
7.3304684676e-07
1.7758577005e-07
7.12674851904e-07
1.67334024834e-07
6.89662568573e-07
1.59928748851e-07
6.67319755016e-07
1.55891362656e-07
6.48366957223e-07
1.54885180763e-07
1.56874724699e-07
1.72771229804e-07
1.21689009596e-08
1.85067834e-07
3.34354443673e-08
1.97685283715e-07
5.17388616908e-08
2.14254613557e-07
6.72036160879e-08
2.31077155963e-07
8.16712891704e-08
2.4694603041e-07
9.5951258259e-08
2.64478611688e-07
1.10390640126e-07
2.85874383707e-07
1.2508905475e-07
3.12262391219e-07
1.39285096647e-07
3.42558160008e-07
1.51580196879e-07
3.736249975e-07
1.60548191625e-07
4.01481689438e-07
1.65269143393e-07
4.22505520004e-07
1.65873894037e-07
4.35515197098e-07
1.63297550203e-07
4.41396813206e-07
1.58989466809e-07
4.4195065821e-07
1.54443013367e-07
4.39549767221e-07
1.50737827895e-07
4.36295642506e-07
1.48556137867e-07
4.33526921784e-07
1.4821431987e-07
1.49780076132e-07
7.96916478488e-08
7.53256721548e-09
8.7961372331e-08
2.14421152251e-08
1.00122026745e-07
3.54627858443e-08
1.138317611e-07
4.89340285495e-08
1.28633940242e-07
6.18261146539e-08
1.44585781211e-07
7.44212382844e-08
1.62083857943e-07
8.67394580287e-08
1.81718276474e-07
9.87008881897e-08
2.03706899009e-07
1.09911181936e-07
2.27485977289e-07
1.19751314937e-07
2.51704393262e-07
1.27620417402e-07
2.74525823881e-07
1.33160723661e-07
2.94353559459e-07
1.36360401828e-07
3.10207847544e-07
1.37611418363e-07
3.21918503216e-07
1.37580766606e-07
3.30027038118e-07
1.37028380247e-07
3.35405180931e-07
1.36647314058e-07
3.39050796437e-07
1.36944376746e-07
3.41926613368e-07
1.3822124209e-07
1.40716610446e-07
4.77808425198e-08
5.07708671415e-09
5.24016062634e-08
1.47897744781e-08
6.05237678502e-08
2.50518212415e-08
7.12976383063e-08
3.55235954675e-08
8.40443363893e-08
4.59880920328e-08
9.85113407025e-08
5.63047396485e-08
1.14606373023e-07
6.63651280072e-08
1.32288754931e-07
7.60740721742e-08
1.51420663052e-07
8.51532424859e-08
1.71565616924e-07
9.33111832201e-08
1.9196428591e-07
1.0031562102e-07
2.11693076229e-07
1.06032325814e-07
2.29856719685e-07
1.10471308947e-07
2.45812080048e-07
1.1380473268e-07
2.59270442085e-07
1.16349539669e-07
2.70279519469e-07
1.18511828721e-07
2.79111246892e-07
1.20726437526e-07
2.86168245758e-07
1.2334836115e-07
2.91899598141e-07
1.26611101369e-07
1.30715164724e-07
4.40181021072e-08
3.49131931903e-09
4.68359826825e-08
1.02307887625e-08
5.24510856187e-08
1.75338992991e-08
6.06214145799e-08
2.51890575726e-08
7.10231039541e-08
3.30169476762e-08
8.3344019826e-08
4.08730363873e-08
9.73357754962e-08
4.86325965349e-08
1.12830841593e-07
5.61536369172e-08
1.29568385449e-07
6.32771842431e-08
1.47154706487e-07
6.98847190924e-08
1.65021770719e-07
7.59732060897e-08
1.82541747867e-07
8.15268487804e-08
1.99150623041e-07
8.65358552022e-08
2.14423287734e-07
9.10539742802e-08
2.28103462326e-07
9.5230425454e-08
2.40044962996e-07
9.93519709148e-08
2.50187247449e-07
1.03749699348e-07
2.58493504816e-07
1.08744814379e-07
2.65037966784e-07
1.14436518464e-07
1.20650362807e-07
6.00124754394e-08
2.29524443596e-09
6.1150614542e-08
6.70658272653e-09
6.47070488636e-08
1.15026120134e-08
7.06648302966e-08
1.65519730217e-08
7.8892990363e-08
2.17279718819e-08
8.9203808911e-08
2.69530600472e-08
1.01376061371e-07
3.21811849702e-08
1.15102747274e-07
3.73955968631e-08
1.30050509369e-07
4.25123637191e-08
1.45675627795e-07
4.76907768009e-08
1.61425846301e-07
5.30138616294e-08
1.76832778085e-07
5.84422392763e-08
1.91580025663e-07
6.38444289314e-08
2.05449685577e-07
6.91792689892e-08
2.18179341669e-07
7.46356631839e-08
2.29504833044e-07
8.04959875863e-08
2.39147546763e-07
8.70904570889e-08
2.4689774859e-07
9.46500481243e-08
2.52646534677e-07
1.03095381316e-07
1.11739460815e-07
1.09395589429e-07
1.33381995e-09
1.07691646808e-07
3.7702619764e-09
1.08226588276e-07
6.32349096642e-09
1.11217529106e-07
8.80614463227e-09
1.1668976144e-07
1.12158482068e-08
1.24565478877e-07
1.35928600007e-08
1.34663803111e-07
1.60432072688e-08
1.46657422896e-07
1.87482348767e-08
1.59566291659e-07
2.23700602836e-08
1.72899241662e-07
2.66934856363e-08
1.85890420003e-07
3.21489606544e-08
1.98320080595e-07
3.81422768474e-08
2.10479466679e-07
4.39925463012e-08
2.2215711816e-07
5.01427830469e-08
2.3312630248e-07
5.67939982932e-08
2.43022611333e-07
6.43566401727e-08
2.51489599058e-07
7.31171194779e-08
2.58239818327e-07
8.31830607948e-08
2.63151633329e-07
9.42203216619e-08
3.42258641621e-07
6.1798592912e-10
3.30498856444e-07
1.64933167718e-09
3.20862387409e-07
1.95628670068e-09
3.13479015362e-07
1.94759224566e-09
3.08484933045e-07
1.67175704151e-09
3.06029588411e-07
1.29340195102e-09
3.06279200756e-07
9.8871386939e-10
3.09528656706e-07
7.86494797992e-10
3.16424953182e-07
9.64670722064e-10
3.21495926882e-07
7.56424439572e-09
3.24341946993e-07
1.60551771278e-08
3.28311710859e-07
2.19195462478e-08
3.32585966345e-07
2.85448150364e-08
3.37260964703e-07
3.5503925538e-08
3.4188008041e-07
4.35818459161e-08
3.46342738682e-07
5.28287905157e-08
3.50273222561e-07
6.37357258208e-08
3.53626465885e-07
7.59247622456e-08
8.88731245289e-08
6.05255504081e-07
3.2819295587e-10
5.85204257197e-07
8.71030430106e-10
5.64646088218e-07
1.33695350647e-09
5.43215952901e-07
1.44225459975e-09
5.2060405218e-07
1.13381408577e-09
4.96742899688e-07
6.4716901291e-10
4.72363434801e-07
1.3468128953e-10
4.4961579621e-07
-3.09489286155e-10
4.3049442579e-07
-4.89256320618e-10
4.21209746099e-07
-5.54614731837e-10
4.22277175816e-07
-3.16493767427e-10
4.2224045851e-07
7.60727516513e-09
4.22341991137e-07
1.4831026504e-08
4.22284088891e-07
2.28723886341e-08
4.22612313073e-07
3.17505972528e-08
4.20773243629e-07
4.46377287118e-08
4.18119910313e-07
5.8021805074e-08
4.15644966692e-07
7.16583463015e-08
8.55065163113e-08
5.46035259326e-07
2.06450100533e-10
5.27569483951e-07
6.52921999922e-10
5.09219801268e-07
9.90873871545e-10
4.90684535908e-07
1.15687850061e-09
4.71640733234e-07
1.05366994227e-09
4.52001612262e-07
5.26649606292e-10
4.31391075259e-07
-1.49146069202e-10
4.10025055394e-07
-7.84575475731e-10
3.89610541763e-07
-1.19644268201e-09
3.7077794181e-07
-1.58615674336e-09
3.56327991869e-07
-1.83547077488e-09
3.52906004487e-07
-1.7840912924e-09
3.58684839084e-07
-1.7380087651e-09
3.72923597347e-07
-1.39462089396e-09
3.7489742868e-07
1.96012198274e-08
3.71625234053e-07
3.82438223544e-08
3.6692956759e-07
5.35986198297e-08
3.62130908843e-07
6.78820530158e-08
8.20262944017e-08
4.19796740473e-07
1.28093233284e-10
4.04994728664e-07
5.12604194309e-10
3.90164677598e-07
8.26849473018e-10
3.75180217563e-07
9.58596901069e-10
3.59748384802e-07
9.00678033325e-10
3.43688108154e-07
3.15241045474e-10
3.26775762472e-07
-4.27556441521e-10
3.09392501634e-07
-1.11185853256e-09
2.92425493901e-07
-1.54469355418e-09
2.77430950298e-07
-1.95431920335e-09
2.6282092274e-07
-2.37642151967e-09
2.51524243142e-07
-2.78620418553e-09
2.4074814793e-07
-3.14493841428e-09
2.34151602134e-07
-3.20233624582e-09
2.34675178587e-07
1.30772370661e-08
2.34817633788e-07
3.36310630659e-08
2.3449929555e-07
4.92966302865e-08
2.33939717107e-07
6.3509893795e-08
7.76090265741e-08
4.3107544241e-07
8.72730028361e-11
4.15855276562e-07
4.6732104727e-10
4.00585531311e-07
7.63059499092e-10
3.85033782019e-07
9.60289873044e-10
3.6933105433e-07
6.25555278473e-10
3.52903992384e-07
7.10231037484e-12
3.35372830249e-07
-7.17277042146e-10
3.17075602689e-07
-1.28525683982e-09
2.99626103764e-07
-1.69215477126e-09
2.82558048075e-07
-1.82118109063e-09
2.67537980724e-07
-1.76689409112e-09
2.51839367022e-07
-1.88803645545e-09
2.38884339498e-07
-2.08961455837e-09
2.27027053639e-07
-1.95186639342e-09
2.19781191454e-07
1.448441576e-08
2.19473039783e-07
3.09759846443e-08
2.21000731555e-07
4.53472267129e-08
2.23155836755e-07
5.90399602456e-08
7.27526250736e-08
5.61077731364e-07
1.38883621477e-10
5.4187645716e-07
5.8749625319e-10
5.22547219274e-07
8.96717582048e-10
5.02974636798e-07
9.20967219367e-10
4.82523674266e-07
5.6256636236e-10
4.60630681428e-07
-9.29958910048e-11
4.3752290533e-07
-8.19876028189e-10
4.14820611135e-07
-1.36626236312e-09
3.9401032777e-07
-1.77982134274e-09
3.7764685545e-07
-1.89422318786e-09
3.64227025606e-07
-1.74587009233e-09
3.51974158914e-07
-1.46980365543e-09
3.35168988421e-07
3.35684984657e-09
3.11955614363e-07
1.0248490192e-08
2.97716523788e-07
1.90455575932e-08
2.89431552133e-07
3.10528532269e-08
2.84025119443e-07
4.36343311939e-08
2.804457997e-07
5.64289752481e-08
6.95467504712e-08
5.22549101372e-07
2.01834902659e-10
5.04304618439e-07
7.46880464107e-10
4.85876908453e-07
1.13217457027e-09
4.67001756791e-07
1.30323003338e-09
4.47693654834e-07
8.78249046198e-10
4.27647840623e-07
2.26476543821e-10
4.06743810849e-07
-5.60633869254e-10
3.85543507703e-07
-1.31238135534e-09
3.6567387053e-07
-1.85072453502e-09
3.46684833406e-07
-2.28139212389e-09
3.31235288676e-07
-2.68422601048e-09
3.19237348837e-07
-2.76476326731e-09
3.14200161679e-07
-1.37273516433e-09
3.05068335663e-07
1.06679759031e-08
2.94068708416e-07
2.12787619501e-08
2.84800859716e-07
3.15203795436e-08
2.7727944582e-07
4.25496014464e-08
2.7131896782e-07
5.41753648816e-08
6.64632578624e-08
4.0830009823e-07
2.70482217123e-10
3.93261946655e-07
8.94796624136e-10
3.78042473067e-07
1.37676700626e-09
3.62510615245e-07
1.61897895214e-09
3.46132463035e-07
1.65991202663e-09
3.2922885777e-07
1.05746893878e-09
3.11613341419e-07
3.41360320858e-10
2.93299902232e-07
-3.56507821817e-10
2.74903193369e-07
-9.12559521157e-10
2.578880981e-07
-1.31006412636e-09
2.41223971978e-07
-1.66878811897e-09
2.27784028954e-07
-1.96421511569e-09
2.1818531366e-07
-1.3391562405e-09
2.13639168154e-07
9.17899055711e-09
2.11348694284e-07
1.85014852891e-08
2.10180331591e-07
2.74604194744e-08
2.10424955815e-07
3.68405230773e-08
2.11936153877e-07
4.70212289405e-08
5.79994021471e-08
7.92803609445e-08
2.72739102728e-10
7.62472325099e-08
8.84239210573e-10
7.32211987657e-08
1.37060233719e-09
7.00998658285e-08
1.68694390791e-09
6.69410021928e-08
1.76481868495e-09
6.33881402975e-08
1.64307740398e-09
5.95522123856e-08
1.37784179394e-09
5.55568514813e-08
1.06184571298e-09
5.14848464637e-08
8.33928310397e-10
4.73404028429e-08
7.75736327485e-10
4.28863612624e-08
1.0119465948e-09
3.75950203146e-08
1.8704423887e-09
3.08844614364e-08
4.29873035748e-09
3.17881930823e-08
7.53772668381e-09
3.66347812773e-08
1.27809853962e-08
4.38963779603e-08
1.89723732559e-08
5.2494197949e-08
2.65955728767e-08
6.23655535204e-08
3.50902317431e-08
4.55453726766e-08
1.21046645685e-07
1.41587662245e-10
1.16488929182e-07
5.38173846259e-10
1.12169195927e-07
8.13115025546e-10
1.08013922498e-07
9.60750962428e-10
1.03941905134e-07
9.62448998567e-10
9.99116063987e-08
8.17053972331e-10
9.62368555556e-08
2.64633709178e-10
9.27656623008e-08
-1.40367447297e-10
8.9491727708e-08
-4.15678102184e-10
8.647459781e-08
-5.42335407436e-10
8.37945677694e-08
-4.08351021299e-10
8.16872531837e-08
1.51753233462e-10
8.12661247991e-08
1.16483262376e-09
8.29442587169e-08
2.53347030963e-09
8.82790527474e-08
4.27927836751e-09
9.75436042043e-08
6.62333823984e-09
1.10436583695e-07
1.06522182484e-08
1.19717473013e-07
2.29355360521e-08
3.39200862979e-08
4.24462726414e-07
-1.45314525177e-10
4.09074755987e-07
-2.42292173577e-10
3.93913587926e-07
-3.45007194146e-10
3.78801600099e-07
-4.851302224e-10
3.63608135373e-07
-6.60934185353e-10
3.483164761e-07
-8.62514703142e-10
3.3280381685e-07
-1.03858808433e-09
3.17647030149e-07
-1.2616417927e-09
3.03271173321e-07
-1.50304358594e-09
2.89941899713e-07
-1.72052995472e-09
2.7766297761e-07
-1.60822845356e-09
2.66192814489e-07
-7.87723545156e-10
2.56037391159e-07
-1.0385981563e-11
2.4717068696e-07
1.15614859476e-09
2.39634061291e-07
2.67334938446e-09
2.33334258843e-07
4.91037449176e-09
2.28696210356e-07
8.4974121348e-09
2.28260472634e-07
1.81907341935e-08
2.30947220283e-07
2.78558208624e-08
3.75210911691e-08
6.39508535406e-07
-3.56044582801e-10
6.1519716478e-07
-3.60159231421e-10
5.90561648524e-07
-4.83994498041e-10
5.66032379433e-07
-6.36406117423e-10
5.42286490044e-07
-8.10751741967e-10
5.1905102055e-07
-1.01247665947e-09
4.97213107687e-07
-1.23180060859e-09
4.75729827001e-07
-1.45073810557e-09
4.5592467583e-07
-1.6786196504e-09
4.36866042857e-07
-1.90236944849e-09
4.19720104498e-07
-1.9806959875e-09
4.04294532292e-07
-1.92234896114e-09
3.90471621937e-07
-1.88681923546e-09
3.77905109098e-07
-1.25242578251e-09
3.62163954812e-07
4.24003267605e-09
3.44494138211e-07
9.45918566753e-09
3.26327680258e-07
1.4843675768e-08
3.13670113799e-07
2.0749768276e-08
3.05230876836e-07
2.81870942835e-08
3.62751837242e-08
6.39834885672e-07
-6.04753189601e-11
6.15067588437e-07
-1.81304388632e-10
5.89871711734e-07
-2.81035597658e-10
5.64776029203e-07
-3.87479881826e-10
5.40044640719e-07
-5.03343813078e-10
5.16391312991e-07
-6.35375918773e-10
4.92968676329e-07
-7.784908806e-10
4.71106938082e-07
-9.26016515333e-10
4.49286042105e-07
-1.06887032272e-09
4.29344180017e-07
-1.20215417037e-09
4.09544711225e-07
-1.31774918428e-09
3.91970802588e-07
-1.36522829347e-09
3.74789117167e-07
-1.29974764313e-09
3.59753813517e-07
-4.13220400855e-10
3.44538226301e-07
7.02271002304e-09
3.3063378349e-07
1.24943286591e-08
3.18492098816e-07
1.72350157732e-08
3.08077534258e-07
2.2387355406e-08
2.99896143663e-07
2.85599558328e-08
3.61082468865e-08
9.40534310529e-08
2.05860319935e-10
8.92373703184e-08
7.09890074261e-10
8.39348883124e-08
1.17376349869e-09
7.81781486372e-08
1.6339738891e-09
7.19897969595e-08
2.10168825059e-09
6.5380195207e-08
2.58680013439e-09
5.83657755264e-08
3.09398088333e-09
5.09671022955e-08
3.62694262897e-09
4.32088980899e-08
4.18879610832e-09
3.51105431632e-08
4.7869356001e-09
2.66744970167e-08
5.43851364805e-09
1.78871415816e-08
6.19567586662e-09
8.5590179688e-09
7.25706385262e-09
-1.22378793328e-09
9.13606709891e-09
-5.26423657446e-09
1.09359525434e-08
-6.10041103739e-09
1.31829818827e-08
-4.34034180251e-09
1.51926837263e-08
1.22795950649e-10
1.74463822965e-08
6.71926559067e-09
2.12892076472e-08
2.80539973943e-08
9.73669448387e-08
3.89872279063e-10
9.27090507032e-08
1.25615152334e-09
8.77006312014e-08
2.11732723432e-09
8.23560088454e-08
2.98374661309e-09
7.66986418692e-08
3.86624196946e-09
7.0747552138e-08
4.77607562879e-09
6.45277327676e-08
5.71462440532e-09
5.80700091421e-08
6.67708735495e-09
5.14096682573e-08
7.65808925752e-09
4.4595840301e-08
8.64837660587e-09
3.77112269797e-08
9.63190227444e-09
3.09079951504e-08
1.05880951264e-08
2.456629629e-08
1.14779161385e-08
1.97538582663e-08
1.20978384111e-08
1.67245802683e-08
1.23370644866e-08
1.69260496155e-08
1.15108350187e-08
2.21533284341e-08
8.55678769636e-09
3.19821403574e-08
6.16140815947e-09
4.60036495841e-08
5.69476513552e-09
7.83498213763e-09
8.98994902278e-08
4.59507435588e-10
8.56712417634e-08
1.51281920652e-09
8.12411660973e-08
2.59917778025e-09
7.66051015585e-08
3.70744912058e-09
7.17754054506e-08
4.83482854212e-09
6.67689987551e-08
5.98417409496e-09
6.16148500545e-08
7.15207664741e-09
5.6350898352e-08
8.32972886163e-09
5.10291886761e-08
9.50111601772e-09
4.5726134191e-08
1.06347860065e-08
4.05608422008e-08
1.16722422735e-08
3.57311155261e-08
1.25094509273e-08
3.15685220036e-08
1.29611956474e-08
2.84813063914e-08
1.2735933999e-08
2.71199213707e-08
1.14598804469e-08
2.74104548008e-08
9.17868989552e-09
2.78375397891e-08
6.33828747228e-09
2.87615709837e-08
3.78823674443e-09
3.06839362627e-08
2.65203267689e-09
4.96617341773e-09
9.10993649714e-08
4.94611958342e-10
8.67334511454e-08
1.65319946604e-09
8.22414968659e-08
2.88177371812e-09
7.76023231141e-08
4.15791519315e-09
7.28021758352e-08
5.47199831441e-09
6.78408698035e-08
6.82442435641e-09
6.27274876253e-08
8.22250569356e-09
5.74612335636e-08
9.67487198454e-09
5.20393719505e-08
1.11695018636e-08
4.6471156516e-08
1.26641079877e-08
4.07831484341e-08
1.40823416892e-08
3.50150503026e-08
1.53029961783e-08
2.9203161402e-08
1.61323175736e-08
2.3398446418e-08
1.62528370872e-08
1.78866967985e-08
1.50472268782e-08
1.23683669262e-08
1.31728267407e-08
6.16282623066e-09
1.14398594737e-08
-5.10049899034e-10
9.74939566484e-09
-8.02240419928e-09
9.74997414753e-09
1.45637615056e-08
1.06480415135e-07
5.74858548425e-10
1.01325384188e-07
1.86646128776e-09
9.60843559441e-08
3.24920222155e-09
9.07312267047e-08
4.72295342784e-09
8.52228527432e-08
6.29213935779e-09
7.95283918821e-08
7.96657597643e-09
7.36369003559e-08
9.76426309207e-09
6.75357506242e-08
1.17056641904e-08
6.11918337815e-08
1.37937845938e-08
5.45425254665e-08
1.60094054302e-08
4.7501753309e-08
1.82974532831e-08
3.99473100201e-08
2.05648680033e-08
3.16916693901e-08
2.26677620462e-08
2.23652008681e-08
2.44460999303e-08
1.09123873927e-08
2.59621280555e-08
-3.23635883723e-09
2.73937820737e-08
-2.03568168057e-08
2.90870984209e-08
-4.12039351222e-08
3.15066055262e-08
-6.54216754721e-08
3.52126293542e-08
4.1367656724e-08
5.050233579e-08
6.35146837132e-10
4.80452968683e-08
2.03885065231e-09
4.5545565287e-08
3.56686034398e-09
4.29546394619e-08
5.24528472986e-09
4.01768829598e-08
7.10867597883e-09
3.71250015085e-08
9.18691363877e-09
3.37434124879e-08
1.15011768356e-08
3.00004586622e-08
1.40655439718e-08
2.58557109536e-08
1.6897138989e-08
2.12441618468e-08
1.99991704305e-08
1.6097496393e-08
2.3313466112e-08
1.032087941e-08
2.67558343459e-08
3.73870277918e-09
3.02355569328e-08
-3.99961836003e-09
3.3713068472e-08
-1.32420577738e-08
3.72032715887e-08
-2.4286358179e-08
4.08570568205e-08
-3.73480598514e-08
4.49018673577e-08
-5.23436363416e-08
4.94900910835e-08
-6.88382796867e-08
5.48494031094e-08
6.12080608369e-08
4.56995202705e-08
6.67228243564e-10
4.37542583277e-08
2.12148739514e-09
4.18754061374e-08
3.72775720246e-09
4.00154004442e-08
5.53563415746e-09
3.80703332387e-08
7.61071207453e-09
3.5937818219e-08
1.00101208246e-08
3.35343360662e-08
1.27706411406e-08
3.07856587359e-08
1.59215057416e-08
2.75956769217e-08
1.95186406167e-08
2.39500896578e-08
2.34840740247e-08
1.98426848156e-08
2.7743471611e-08
1.52412188455e-08
3.22210721933e-08
1.00267151716e-08
3.6893135494e-08
4.03218253776e-09
4.17447804555e-08
-2.93486330946e-09
4.67681326757e-08
-1.10323109427e-08
5.20083676446e-08
-2.02469517924e-08
5.75491319164e-08
-3.05287668918e-08
6.34677177699e-08
-4.16945709485e-08
6.98622353261e-08
7.67389163967e-08
1.96600240733e-08
6.69763582384e-10
1.8969668279e-08
2.10174970334e-09
1.84418319926e-08
3.69260193748e-09
1.80366431158e-08
5.50696085524e-09
1.76578198423e-08
7.63677921524e-09
1.72155681437e-08
1.01686131877e-08
1.66178471401e-08
1.31768628954e-08
1.57398848461e-08
1.67476328304e-08
1.44868371957e-08
2.09185206849e-08
1.28951644243e-08
2.54810281611e-08
1.08629177676e-08
3.05076583836e-08
8.27358405936e-09
3.59416492158e-08
5.00799562007e-09
4.17558844702e-08
9.49088208685e-10
4.79133973192e-08
-4.06243609295e-09
5.43698617038e-08
-1.0100283667e-08
6.11181812358e-08
-1.71571155296e-08
6.81236418558e-08
-2.51696794006e-08
7.53546891428e-08
-3.40101352065e-08
8.28329853186e-08
9.04699495905e-08
1.25391288558e-08
6.17514544045e-10
1.23303119899e-08
1.90947798003e-09
1.24169189083e-08
3.34925500466e-09
1.27634882272e-08
5.01217824845e-09
1.32803130696e-08
7.01409592072e-09
1.38841177695e-08
9.47576379205e-09
1.44677540182e-08
1.25306078758e-08
1.48892930629e-08
1.63196870514e-08
1.51255161297e-08
2.07713971394e-08
1.498487961e-08
2.58588362259e-08
1.42588031075e-08
3.16882299946e-08
1.27921548214e-08
3.81513977275e-08
1.04968102699e-08
4.51592367509e-08
7.32250327747e-09
5.26313554836e-08
3.23097359633e-09
6.04950404427e-08
-1.8397494887e-09
6.87102210736e-08
-7.9543902838e-09
7.72159296148e-08
-1.50908461968e-08
8.59161233458e-08
-2.31608230717e-08
9.47593823886e-08
1.03539870896e-07
9.33949203043e-09
4.96059095144e-10
9.49168068755e-09
1.50603656381e-09
1.01111715713e-08
2.62897590825e-09
1.11866563977e-08
3.93528690944e-09
1.26649258243e-08
5.55120937503e-09
1.44982587504e-08
7.63201690249e-09
1.65614790009e-08
1.04217888796e-08
1.8707225039e-08
1.41034440005e-08
2.06913622514e-08
1.87228901748e-08
2.20417343798e-08
2.45093725274e-08
2.26634486573e-08
3.12014291441e-08
2.22592188375e-08
3.89022746968e-08
2.08322113292e-08
4.72319946764e-08
1.84517527274e-08
5.60386218035e-08
1.51738949894e-08
6.52482261814e-08
1.10402375635e-08
7.4819295174e-08
6.01930233837e-09
8.47423399937e-08
1.1005049086e-11
9.49808627589e-08
-7.1295085646e-09
1.05470257311e-07
1.1578900428e-07
2.13524544044e-09
3.20383621289e-10
2.70593912628e-09
9.17335116939e-10
3.9033167251e-09
1.54483700641e-09
5.72714836915e-09
2.27668390494e-09
8.19288715849e-09
3.20664656642e-09
1.13840861554e-08
4.46537002811e-09
1.53942613879e-08
6.30796789681e-09
1.98996090199e-08
9.35268527872e-09
2.39846800171e-08
1.42629801647e-08
2.74037760393e-08
2.06254683249e-08
2.89610625324e-08
2.91905870954e-08
2.89466662299e-08
3.8629910165e-08
2.7747466414e-08
4.84443530145e-08
2.56813281451e-08
5.8522560011e-08
2.28804053429e-08
6.89526913239e-08
1.93939866026e-08
7.97585781505e-08
1.51926170405e-08
9.09903361394e-08
1.01267625877e-08
1.02730323904e-07
3.90526194619e-09
1.1504060668e-07
1.27938444214e-07
2.32642644112e-09
7.64701174319e-12
3.27676442369e-09
-7.80507455858e-11
4.98111310698e-09
-1.45983219423e-10
7.40713649956e-09
-1.9400897203e-10
1.06458777154e-08
-2.24494139628e-10
1.494677931e-08
-2.30103151684e-10
2.08251842063e-08
-2.19171300147e-10
2.92786233731e-08
-8.24223076454e-11
3.88480813503e-08
3.15920212856e-09
4.20516213102e-08
1.52979806168e-08
4.23697160027e-08
2.67226720004e-08
4.13595960603e-08
3.7805281081e-08
3.98973143774e-08
4.86320442541e-08
3.83616373795e-08
5.95369889753e-08
3.69446928271e-08
7.07490220784e-08
3.57335339513e-08
8.2356333003e-08
3.470659398e-08
9.44689732155e-08
3.37174471787e-08
1.07254310549e-07
3.24317934118e-08
1.20889956912e-07
1.3564347566e-07
6.2807071779e-07
6.06444720175e-07
5.83730050141e-07
5.60055503754e-07
5.36407089497e-07
5.14024406107e-07
4.93789011447e-07
4.77194666453e-07
4.66926205841e-07
4.60168551626e-07
4.53228071266e-07
4.45538241165e-07
4.37114807958e-07
4.2802829129e-07
4.18421679227e-07
4.084278926e-07
3.98143125878e-07
3.87621955168e-07
3.76833524143e-07
)
;

boundaryField
{
    emptyPatch
    {
        type            empty;
        value           nonuniform List<scalar> 0();
    }
    minY
    {
        type            calculated;
        value           nonuniform List<scalar> 0();
    }
    maxY
    {
        type            calculated;
        value           nonuniform List<scalar> 
20
(
-6.97466770733e-10
-6.4464144082e-10
-5.20443351859e-10
-4.48011101078e-10
-4.23816877993e-10
-4.30363532282e-10
-4.43906798529e-10
-4.08611204862e-10
9.21869355777e-10
1.29258880886e-08
2.58398699231e-08
3.75966326264e-08
4.87234630408e-08
5.99202457017e-08
7.14229472792e-08
8.33340958431e-08
9.57895926256e-08
1.08984025975e-07
1.23126286418e-07
1.38842646443e-07
)
;
    }
    maxX
    {
        type            calculated;
        value           nonuniform List<scalar> 0();
    }
    water_to_heater
    {
        type            calculated;
        value           uniform 0;
    }
    procBoundary3to0
    {
        type            processor;
        value           nonuniform List<scalar> 
20
(
-1.37613880322e-08
-1.58591952269e-08
-1.71931300789e-08
-2.01932729794e-08
-2.33475715998e-08
-2.66800961229e-08
-2.98514156929e-08
-3.28031279166e-08
-3.57132222158e-08
-3.84545920499e-08
-4.0803550239e-08
-4.70090815431e-08
-8.40549657797e-08
-1.19568683679e-07
-1.53063304861e-07
-1.60896901356e-07
-1.62405582849e-07
-1.54197959092e-07
-1.3469687367e-07
-1.20331822388e-07
)
;
    }
    procBoundary3to1
    {
        type            processor;
        value           uniform 3.94404231804e-07;
    }
    procBoundary3to2
    {
        type            processor;
        value           nonuniform List<scalar> 
39
(
1.23487373932e-07
-7.65221903142e-07
-1.72215020265e-07
2.15926070989e-07
6.3190585391e-07
4.31969938795e-07
3.44453600768e-07
2.96484377033e-07
2.69967076899e-07
2.56502165016e-07
1.05224534705e-07
2.66170767922e-07
3.5638498194e-07
4.13646652757e-07
3.57565950737e-07
2.33225943341e-07
2.2578378338e-07
2.78379497814e-07
2.6674277442e-07
2.14660591061e-07
7.24202736065e-08
1.28791603615e-07
-4.52251627139e-08
2.36834067044e-07
3.00097390065e-07
2.92944574732e-07
1.38696228729e-08
6.45192611582e-08
3.26737965106e-08
-1.7871883607e-08
-9.0811920133e-08
-8.55417996016e-08
-5.32524507992e-08
-4.33434487572e-08
-3.18532484712e-08
-1.51901297109e-08
-4.2392812135e-09
3.01091514956e-08
3.64029347111e-07
)
;
    }
}


// ************************************************************************* //
