/*--------------------------------*- C++ -*----------------------------------*\
| =========                 |                                                 |
| \\      /  F ield         | OpenFOAM: The Open Source CFD Toolbox           |
|  \\    /   O peration     | Version:  2312                                  |
|   \\  /    A nd           | Website:  www.openfoam.com                      |
|    \\/     M anipulation  |                                                 |
\*---------------------------------------------------------------------------*/
FoamFile
{
    version     2.0;
    format      ascii;
    arch        "LSB;label=32;scalar=64";
    class       volScalarField;
    location    "0.25/water";
    object      epsilonm;
}
// * * * * * * * * * * * * * * * * * * * * * * * * * * * * * * * * * * * * * //

dimensions      [0 2 -3 0 0 0 0];

internalField   nonuniform List<scalar> 
1496
(
3767.20360456
1279.83718037
514.63065377
244.033450828
132.256718786
78.1152540177
47.5563358256
27.8542691455
14.8543000538
7.60768804315
3.74184637556
1.8658002231
1.01114232639
0.616533084807
0.425649617968
0.327185052504
0.272315988275
0.23819881552
0.210955019857
0.180348309256
3167.1288954
1075.35229499
437.403650953
214.440229055
122.751380747
77.7563354946
51.3211401376
33.1903528768
19.6993365104
10.5092544952
5.25415602829
2.56802754764
1.32096048588
0.759141523037
0.498712328146
0.370905842907
0.302689534753
0.260569079166
0.226002626592
0.187825803594
2726.47006135
906.723731693
363.954461519
179.580693704
105.683248279
69.9424028342
48.7773506992
33.6464492541
21.5475266911
12.2102505854
6.34439943382
3.15259102731
1.60647539111
0.899957504013
0.573753629128
0.417830405166
0.337147030506
0.287156416741
0.244774957005
0.198272958886
2431.80386333
785.409368503
306.333651116
148.848202387
88.0799664613
59.6853999277
43.1671943696
31.1557803481
20.9858175508
12.4471814111
6.70145974429
3.42930328493
1.7790063944
1.00125460649
0.636863711868
0.462626393397
0.373140661116
0.316244575589
0.265417390632
0.209822770272
2242.2427004
705.140472478
266.247913974
125.628949528
73.336537249
49.9356652312
36.7978902242
27.2687255131
18.9100413126
11.5591568012
6.4165834707
3.39351670349
1.81801656076
1.05029694043
0.68131934068
0.502230273097
0.408816138062
0.345988891534
0.285592767251
0.220402221517
2156.04691142
658.849793928
241.170348703
109.577829272
62.0455230824
41.6703799182
30.712848866
22.9001410198
16.0102362486
9.97384476406
5.71024317898
3.13628215439
1.75204315961
1.05406785763
0.708175203458
0.536516259186
0.443403620204
0.374413930879
0.302546802774
0.228358430574
2223.15022725
645.458622865
227.414168046
98.7935737833
53.5096726245
34.8525981125
25.232104105
18.562728171
12.83827644
8.14387500654
4.81690474921
2.76310518841
1.62378693207
1.0285517403
0.723619769666
0.568084556934
0.476786228521
0.398956169829
0.31378625829
0.232964735602
2322.64374754
666.560516918
225.022460738
92.5050554417
47.3675710099
29.4973688484
20.6366430832
14.7515393538
10.0804567976
6.49198572578
3.96536077111
2.38489162958
1.48362986951
0.995887964961
0.737756036052
0.600447366206
0.507917300243
0.41651758464
0.3181415669
0.233983179742
2495.67505093
716.521685371
234.717048138
91.4830645381
44.0903157073
25.9376268587
17.2869078881
11.9402866926
8.07156753714
5.24962816179
3.30640668611
2.08624290475
1.37417060958
0.975625905707
0.759383891592
0.634611514511
0.534063831092
0.424322329272
0.316249022706
0.23088975282
2684.43438034
782.41474321
254.806023873
96.5158783895
44.2911327141
24.5436697962
15.4547092321
10.2567859002
6.82021233257
4.45752403971
2.88357107041
1.89889190562
1.3137986715
0.978521692438
0.791325878303
0.668086857761
0.551059227465
0.42175193997
0.309783409937
0.223093445669
2815.94435608
839.280271993
278.330101945
105.9171486
47.487482297
25.0583310469
14.9248597032
9.49716980176
6.18199543888
4.040252122
2.66504489779
1.81217775279
1.29996223256
1.00528655323
0.82930139641
0.696062606061
0.555663218032
0.411927702418
0.299621095624
0.210326999299
2836.44008204
866.593395554
295.76040202
115.166701047
51.5968169041
26.4483806508
15.1361603435
9.30411568692
5.93810185022
3.87059644829
2.58484645905
1.79445240552
1.32349748695
1.04626681038
0.865118753618
0.713287294646
0.54891017499
0.399431784515
0.28605640145
0.19284509484
2760.2200954
859.197782569
300.749414212
120.059980758
54.285944894
27.5603748712
15.4465441453
9.30186558723
5.86472818444
3.81970657839
2.57344865494
1.81653905022
1.36636234525
1.08707291853
0.891091418659
0.716971123344
0.535911194851
0.386497041907
0.269756416965
0.172168900511
2632.25736585
823.405401719
291.517469421
118.480227443
54.2106940451
27.5856301534
15.3896732104
9.21337282643
5.79692763202
3.79239603326
2.58101164963
1.8523336288
1.40857089899
1.11572151408
0.901635632069
0.70794052545
0.521759537833
0.374042439335
0.25184144012
0.15227689879
2499.1365104
772.728890343
272.268882269
111.154192202
51.2882960837
26.3326336853
14.8048570788
8.92329241191
5.65838806232
3.7390922906
2.58239035419
1.88128940489
1.43454326201
1.12471986692
0.894220425487
0.689783713088
0.508587332205
0.362349620603
0.234840498549
0.143045329992
2391.01871505
711.905644608
246.214871788
99.7985680312
46.3052162079
24.1216402165
13.8013302949
8.45746413136
5.44513965385
3.65305593062
2.56649405129
1.88921883398
1.43371602495
1.10972451979
0.869351656796
0.667138078828
0.496517531097
0.350738014702
0.225145662654
0.170911823337
2289.26154163
642.308961323
215.936854843
86.5342750678
40.4422512298
21.5093732162
12.615393211
7.9079811264
5.18847982232
3.54562132715
2.52812238806
1.86448958483
1.39918800886
1.06957223121
0.830644323804
0.642911159076
0.483730122792
0.340907434171
0.246971135515
0.289924655335
2101.60724858
568.69963227
186.856497579
74.3457380329
35.0962446628
19.10258418
11.5056078238
7.38326299901
4.94260192733
3.43148585809
2.46029671001
1.79745899069
1.32980486044
1.00788554668
0.785347762564
0.61773525548
0.46821208453
0.351911427998
0.362695658375
0.731110652794
1886.18852517
506.702294549
165.926090821
65.67835528
31.2203185626
17.322625447
10.6767861493
6.99653988343
4.75403806627
3.31491364676
2.35193280449
1.68669502964
1.23273751733
0.934223055474
0.741982842852
0.592260777734
0.458503887017
0.444023740258
0.677470795138
2.51443208939
1768.89231476
477.371215536
155.201543835
61.0098728878
29.1517032631
16.4238025483
10.304038422
6.83307083769
4.63792168928
3.17956439614
2.19831581933
1.54475580298
1.12192365403
0.862503167111
0.706039783647
0.569530480596
0.499365271942
0.627946584606
1.90896970432
2.54022366898
1782.56227086
479.123026761
153.910609619
60.4519767845
29.1659091821
16.6569794867
10.5247319292
6.91656141788
4.56517609879
3.01300809198
2.01574687787
1.39250196211
1.01512789919
0.805849183907
0.680154998662
0.568743162951
0.588427652669
1.1977124075
2.15106941012
2.98476962374
1840.52207772
499.406119379
161.00139803
64.0674019044
31.5595713918
18.1962188046
11.3402115922
7.18698653309
4.51454448291
2.83660885625
1.83313699878
1.2518558031
0.927632747967
0.769730910949
0.664533797899
0.609312577202
0.770322047914
1.75381129939
2.26070957456
3.4298748497
1846.62261603
517.696013231
172.670898835
71.7005890869
36.394603737
20.89014241
12.6114909085
7.62084779515
4.52241306436
2.691119136
1.68068576188
1.14104211973
0.866804004327
0.751020372807
0.668070012936
0.658611778132
1.12545911602
1.65287320802
2.64784210275
3.72994956322
1775.40082012
527.694844993
188.51310853
83.4395471908
43.2351462853
24.4586630112
14.3290413489
8.29197599061
4.65823010001
2.62954224707
1.59042877527
1.07390425802
0.831142831156
0.745039240392
0.693060982222
0.776499014698
1.32281043581
1.85954561704
3.17393863306
3.995429336
1835.509648
566.134377668
218.130220421
100.684449029
52.1306029428
29.1368902593
16.7155372596
9.36807070983
5.05213792979
2.73695307423
1.6042721114
1.05857601921
0.815292143382
0.751299989869
0.740138056371
0.967572486688
1.42177555484
2.35548359686
3.8082254046
4.17968225548
2271.64836682
694.972292953
274.368030973
125.480482154
64.5130638073
35.9963688439
20.4475216122
11.2168763807
5.88347176324
3.09851898265
1.75162538238
1.10202947346
0.820764850174
0.771245829058
0.84013196288
1.22677836352
1.79657918315
3.15801515123
4.59909804965
4.24772846972
2827.35163828
900.549171732
354.840330236
162.387497873
84.6765386051
47.2123009285
26.4430543152
14.2470094812
7.36115574952
3.81939081763
2.08391441686
1.23620576441
0.861342065699
0.797381539544
0.987871218612
1.607082088
2.47462162799
4.50086366766
6.04057742435
4.42402313587
3706.36068319
1202.27732492
482.398527097
227.322640847
119.500354829
65.8682325771
36.1843208184
19.1339506151
9.76448345897
5.03674632291
2.71937686467
1.54897636705
0.980367459136
0.818783291727
1.07397844579
1.97390610293
3.24453934998
6.61328743902
9.37847233627
5.33447534121
5171.44772885
1731.41586525
723.960686966
346.761584513
178.828744665
95.0822231106
50.3987352252
26.0273399918
13.3282552619
7.10749043697
3.9519203315
2.215003165
1.27178516746
0.867413694201
0.97859638084
1.89123073471
3.40185302887
8.01814116908
15.3568023359
8.15695800005
6270.22367369
2419.0930307
1065.75854059
489.010730151
233.116962493
115.224667648
59.1579871034
31.7100070327
17.9225421258
10.516830568
6.15557626832
3.47313827218
1.88805975433
1.06036415919
0.816147828187
1.27407016796
2.71577689204
6.44143041929
19.7543826209
12.6368718581
7366.03339759
2983.39352869
1207.73682277
503.356161141
218.459921013
106.519542942
57.6193048967
34.1377703628
21.627140362
14.0314599877
8.92044369298
5.33208486108
2.9432173674
1.52427992469
0.841060276339
0.750766009218
1.46353488237
3.67464484338
18.6972320912
16.5853940917
7589.5884521
2682.94678133
1012.61578568
420.734634502
190.125060249
97.6720349101
57.1187143897
36.5064371492
24.5877484396
16.761664039
11.1368310314
7.03571693156
4.1645618016
2.22829330744
1.10675698441
0.617780122297
0.675161994093
1.90069469008
13.0043125782
19.6210580683
6788.47070995
2277.8911924
869.09766783
372.43985824
178.414407835
97.5208598331
59.9202543317
39.6745757712
27.3085585693
18.9665568492
12.9080972647
8.31574709356
5.06349965318
2.89934455789
1.49095600469
0.720384946173
0.452554993854
0.829346656507
7.40706617959
19.7978228677
6269.97870692
2049.63474404
790.009555604
347.992242483
174.079619461
99.0637154476
62.4611624201
41.901618135
29.0266206928
20.2945599292
13.9681121465
9.19735974214
5.68445095175
3.34466195822
1.8216408178
0.897170235286
0.454339924564
0.494703027815
4.07304589101
18.1881030195
5969.06525714
1908.20142144
726.912575016
324.73217256
167.421550275
97.8763469602
62.6282042679
42.2554456549
29.3416813868
20.5853418572
14.262577836
9.49288131425
5.93183499417
3.54744481079
2.01156711649
1.0501614558
0.532695681723
0.420628018781
2.5096531562
15.971801824
5880.83312479
1817.24874913
673.325348834
300.418116502
157.750711558
93.8404662544
60.5492630122
40.9562774627
28.4580481468
19.9780118006
13.8472506679
9.20832058818
5.78607898257
3.50171295959
2.03513430966
1.12459787056
0.629209057136
0.505426640549
1.98761588143
13.7497013818
5880.25451041
1784.72703935
643.84535365
283.311872872
149.096788792
89.1527912293
57.6533107011
39.0311530812
27.1479460605
19.07203932
13.1997856168
8.73395614329
5.48280852242
3.33513107192
1.97126699656
1.14603067327
0.729465833238
0.675463004111
1.74987111575
11.9583763531
0.0342896940438
0.0350313241853
0.0855762026405
0.556110368196
1.57339538845
2.41300331435
2.27186862282
1.71925459057
0.8328154509
0.3349055682
0.144841245131
0.0671440396281
0.0381885274565
0.0325808047992
0.0492984939596
0.144477356786
0.150535222513
0.130007524981
0.106092315673
0.0651945246419
0.0322882920753
0.0325566908656
0.0809209401419
0.463395504647
1.27285715488
2.03416921854
2.035159556
1.56206078152
0.745200173719
0.308773789132
0.135099814095
0.0642247819811
0.0375455633956
0.0320126673962
0.0456073589521
0.124232057254
0.151028018814
0.12363119604
0.0952986332401
0.0582179102311
0.0309893696307
0.0314403824894
0.0778454339144
0.409873116083
1.13350641621
1.79636244029
1.88114050739
1.41569169859
0.681780089195
0.294016779586
0.129136866406
0.0620985921384
0.0368922901112
0.0314778111844
0.0424651555853
0.107228002341
0.154589735879
0.121054239122
0.0884568389585
0.0534895937819
0.0300990762864
0.0319605706471
0.0767896525915
0.37838809325
1.09517347576
1.65813162033
1.78242534949
1.31570227773
0.65445199173
0.29367272096
0.129019954427
0.0616976663355
0.0366646327479
0.0311672859389
0.0400457337025
0.0939024525798
0.159590705562
0.120645579519
0.0841214088448
0.0502852800191
0.029260096885
0.0343346323402
0.0794735944498
0.372695701685
1.11553300339
1.56600501749
1.70044951081
1.26733448885
0.664941759227
0.31005269606
0.136521848442
0.0641889488536
0.03736917726
0.0312747341626
0.0384140563261
0.0839379502094
0.164575973843
0.120894135025
0.0809799421075
0.0478450589405
0.029011019879
0.0386703569877
0.0892256694089
0.398725266588
1.16023012863
1.48189733287
1.62797893275
1.27419830043
0.709240593324
0.342910196166
0.152907111229
0.0706545086334
0.0396318573264
0.0319615635997
0.0374483719676
0.0762038167572
0.168372719469
0.120570428285
0.0779678504122
0.0454755056808
0.030665785516
0.0459025256218
0.108143988999
0.473421830206
1.19870935163
1.40743414991
1.60961538248
1.33635915873
0.783015398311
0.390579252412
0.177235766196
0.0808359422602
0.0435399873243
0.033254362409
0.0369682812208
0.0695452427686
0.16997773386
0.118606475366
0.0742109628107
0.0428936889966
0.0352652009297
0.0587336896622
0.142564344095
0.666330050529
1.20043455027
1.39290952826
1.65905055523
1.44366360887
0.882682163897
0.451273116287
0.20995400916
0.0961624737073
0.0497281916713
0.0352371826414
0.036692120803
0.0629999416388
0.168443713404
0.114023653042
0.0690605770613
0.04105841891
0.0441309978931
0.0835029077456
0.208856891965
1.06468916142
1.16884075469
1.41711604421
1.75067208281
1.57267007856
0.985967063037
0.506006011814
0.244703474167
0.11539355149
0.0584043409305
0.0381031426336
0.0364276286457
0.0553625151871
0.162810397443
0.106113419554
0.062507413779
0.0434679397491
0.0616756592569
0.135196426927
0.410657752606
1.2447566604
1.13748093828
1.46991738146
1.85593727157
1.69579143731
1.06450414886
0.53526419574
0.264051635042
0.128273596476
0.0660598667816
0.0412075631835
0.0364056291094
0.0462553391118
0.152364279725
0.0948701150855
0.0567170871625
0.0552062717969
0.100740850436
0.239753783746
1.0555869736
1.09561290641
1.13912340141
1.56661200725
1.98183209369
1.80286236916
1.10512187174
0.540676215186
0.265972178977
0.131007659413
0.0692615876248
0.0433605418454
0.0372420671376
0.0375685436192
0.137139143759
0.082043151162
0.0589843073874
0.0842645081583
0.187658722978
0.649882462412
1.16358112061
0.987260079859
1.17445809121
1.72620961123
2.13687592698
1.88632495946
1.09511638306
0.520790326795
0.253926831663
0.126999461073
0.0686256038283
0.0440062264211
0.039650892047
0.0332207520269
0.118846435284
0.0742005333974
0.0790206322733
0.155956062817
0.425045617729
1.32110855262
1.0242295634
0.946793485653
1.27540865602
1.96215734004
2.31074419276
1.91477295462
1.0249663413
0.477795254574
0.228581329628
0.116242221688
0.0648989998414
0.0434691794833
0.0435718402089
0.0399072794278
0.102947376758
0.0843347345945
0.135143524177
0.310628125027
1.35249320483
1.1577723689
0.916066951898
0.959272093287
1.46998521097
2.24700796167
2.47861560307
1.84479904608
0.906742151813
0.417406926009
0.194767996449
0.100655065257
0.0584666159766
0.0416648284347
0.0472795256304
0.0607525177211
0.102641231156
0.129471870336
0.275122448654
1.01244123054
1.40254840772
1.01148097781
0.861525582345
1.03054012104
1.75219098158
2.52448252199
2.58730350397
1.66529118256
0.765256498852
0.342665817415
0.15754459974
0.0830380686092
0.0506018566598
0.0391915092849
0.0503578560656
0.0828517734523
0.140319056564
0.262569310876
0.799990191954
1.86302590356
1.25824467026
0.909957249006
0.82966582452
1.16461938993
2.07419306452
2.7667900951
2.56098761392
1.40464675538
0.618928461016
0.263455507745
0.122186193871
0.0661534981971
0.0427593837752
0.036770893651
0.0532238459226
0.104581746655
0.268781987123
0.773465762135
2.49460459183
1.74580440007
1.10030659978
0.819414637076
0.799065016524
1.34617973618
2.37969834458
2.96279688774
2.34683241665
1.12229802729
0.474900723227
0.195113723577
0.0923162757232
0.0519006643148
0.0360685427993
0.0349892353822
0.0560812282468
0.12561597877
0.780251239588
2.79067792178
2.48238062815
1.64337430559
0.957880816882
0.708554165971
0.799728243402
1.56870429388
2.66161739751
3.03655842493
1.97964399327
0.868489799263
0.34364266489
0.14153343327
0.0692807673815
0.0410178837726
0.0310506196431
0.0340929319057
0.058918163461
0.145796236335
2.73882467642
2.82689067194
2.64173521088
1.47656994504
0.823371087564
0.637156185392
0.877191306559
1.86375455705
2.93526718331
2.90407362487
1.56747275616
0.64915841477
0.24430375119
0.102535529051
0.0526680300994
0.033358277765
0.0277326401027
0.033957295651
0.0616635983302
0.164938652593
2.76418217743
3.28964326832
2.49129335558
1.26913313895
0.731997140129
0.669134866872
1.07779379784
2.27120402462
3.17496040651
2.55599748703
1.20147561947
0.45579157294
0.171540188799
0.0754199599177
0.0411279520617
0.0282513874325
0.0259018814344
0.0344397339383
0.0643995106301
0.182571976914
3.31384993191
3.23797041955
2.09481293711
1.09871825333
0.692882212543
0.813697918629
1.48583381807
2.75249539795
3.2445508818
2.07524489316
0.882462635246
0.308261997272
0.119644321009
0.0562111242844
0.0332494470079
0.0250407608677
0.0253408914663
0.0356668465048
0.0674303641496
0.197560617522
3.56312455817
2.79345798348
1.7360920135
1.01442903513
0.793440315953
1.1240311815
2.16157686015
3.19045340812
3.02483393276
1.59726840477
0.584339601837
0.201356080841
0.0830317506305
0.0429664692865
0.0280982357554
0.0233928247754
0.0260599148264
0.0380711747822
0.0712119938536
0.207603578539
3.43100301326
2.38609926335
1.52091143211
0.988689207479
1.02107610272
1.65870668203
2.87439291828
3.45533607483
2.58018266526
1.13314343173
0.359378214291
0.127836875028
0.0582004520108
0.0341339671541
0.0251976376801
0.0234920143917
0.0284409738722
0.0424026306661
0.0762796154195
0.208334012138
3.25942993872
2.13576524047
1.42063931327
1.12759882001
1.4111388445
2.45978902413
3.53184163016
3.52854415946
2.09054258796
0.711659787425
0.215614038465
0.0823430373711
0.0432284202432
0.02956141182
0.0248834500221
0.0258454613087
0.0329269638439
0.0494298307893
0.0831972004945
0.194210845195
3.11282765995
2.02407679048
1.43883107587
1.3697200514
2.03379096714
3.20502352628
4.1681773295
3.56582787002
1.73174673441
0.573254044135
0.170811676705
0.0673582508764
0.0406407104113
0.0320024559821
0.029367034658
0.0313057420163
0.0399391036127
0.0596152834903
0.0922523697738
0.163159565391
2.92322084396
1.94803073733
1.53003782572
1.65500340729
2.52332547259
3.81636113927
4.68458850961
3.69089775507
1.82246612231
0.755408182562
0.267141643555
0.108133066665
0.0667777664722
0.053359568636
0.0462959695823
0.0442431335225
0.051433211341
0.0741407992927
0.106541097119
0.120463890942
2.66445859771
1.8147612729
1.55071251585
1.76143816585
2.73532134073
4.05854051228
4.79523321306
3.7854444336
2.266197122
1.35883280943
0.808938314019
0.417579270716
0.232560678622
0.170007713079
0.1314972589
0.0926933538016
0.0783139268138
0.0955991298166
0.143824347441
0.126447246232
2.42231858164
1.64929210815
1.46105733484
1.73067435463
2.54898900208
3.68731988568
4.25138274969
3.50415980269
2.60327070406
2.37417687965
2.23048620294
1.67254955431
0.906136409403
0.610263966996
0.622568152646
0.482673467399
0.18686941597
0.125708364026
0.194070206455
0.323409864984
2.34842800789
1.48092673379
1.28991046559
1.45037697862
2.09662567676
2.87859458372
3.23713228189
2.83827561679
2.62338710306
2.6779677603
2.47503177078
1.94872947416
1.33701676299
1.08014588347
1.26569517849
1.23768388291
0.56826359426
0.186256019059
0.214808000973
0.5107256187
2.73766493311
1.37962857046
1.09004524547
1.08316627359
1.31381012685
1.79937948681
2.09601587485
1.93598864217
2.06540171804
2.40042303782
2.38022773938
1.80778155705
1.18427048243
1.03357799657
1.26329941182
1.5785885571
0.821572714843
0.287260347464
0.215459182355
0.598413839829
4.03596025545
1.54234751102
0.929451024551
0.799357779577
0.81562977147
0.895170035105
0.922838408929
0.876151534032
1.28212318645
1.9037871428
2.01337239874
1.36030860369
0.773699255021
0.762048061263
1.28523416273
1.80656548079
1.17561205473
0.355695169551
0.210086354868
0.602671913303
6.25530523818
1.99727550524
0.932404203186
0.608665847073
0.513922259403
0.509290382612
0.488213169541
0.44496767798
0.715181677384
1.41331992523
1.57622756928
0.898239793229
0.382220593435
0.576665309208
1.06769446359
1.73336117386
1.37994306758
0.404672909104
0.208484288576
0.564325261856
9.72661008424
2.90592222235
1.03487864901
0.541147471881
0.343600862338
0.292389956766
0.273144397774
0.262739554958
0.411849044912
1.05060189919
1.20473179363
0.579407615405
0.191728204633
0.386412180855
0.77007628178
1.45187386372
1.46330521541
0.466674157832
0.197691193614
0.505856360052
13.7814961527
4.28814859053
1.27105864437
0.51139742339
0.278036337726
0.183842928674
0.174741312406
0.188755423323
0.343457611849
0.823491612368
0.924258509865
0.395976459254
0.119657241601
0.22552611907
0.626239322598
1.10565780263
1.39524114995
0.520421241743
0.184901626695
0.441319092308
15.6274360037
5.56850334999
1.53512272964
0.53508487419
0.246107333826
0.142208432203
0.139873396085
0.171358305315
0.384523892756
0.690376049008
0.716411407618
0.293176877335
0.0883555977553
0.116628414429
0.382091428987
0.758813236339
1.20537571188
0.595388094547
0.175441280012
0.372632317549
15.6984102779
6.04584846649
1.64183221243
0.558277765651
0.245682705897
0.138057180634
0.143129094908
0.195342507653
0.422005761259
0.614938135341
0.553724287579
0.240979012605
0.0764408681502
0.071431274258
0.172584655731
0.558049605197
0.98633086643
0.66533149969
0.163123039662
0.286708708313
14.6116363314
5.41400572836
1.52382140477
0.542365393797
0.256594659486
0.155825591609
0.172475626249
0.318460585204
0.455448066939
0.56806889563
0.445652255459
0.223076071856
0.0779115766288
0.0642509093807
0.0999395508232
0.26580221423
0.830565131257
0.618624894903
0.144683324658
0.175261315847
13.133445083
4.6490446599
1.39989286245
0.530494864521
0.263958931625
0.188062692602
0.241331958059
0.354240068258
0.47952636403
0.544624870044
0.40396474762
0.206042922662
0.0863882516159
0.0735856098102
0.093699530162
0.177734723597
0.69221623567
0.564402513833
0.126015829661
0.0595284028752
)
;

boundaryField
{
    emptyPatch
    {
        type            empty;
    }
    minY
    {
        type            fixedValue;
        value           nonuniform List<scalar> 0();
    }
    maxY
    {
        type            inletOutlet;
        inletValue      uniform 0.0001;
        value           nonuniform List<scalar> 
40
(
5880.25451041
1784.72703935
643.84535365
283.311872872
149.096788792
89.1527912293
57.6533107011
39.0311530812
27.1479460605
19.07203932
13.1997856168
8.73395614329
5.48280852242
3.33513107192
1.97126699656
1.14603067327
0.729465833238
0.675463004111
1.74987111575
11.9583763531
13.133445083
4.6490446599
1.39989286245
0.530494864521
0.263958931625
0.188062692602
0.241331958059
0.354240068258
0.47952636403
0.544624870044
0.40396474762
0.206042922662
0.0863882516159
0.0735856098102
0.093699530162
0.177734723597
0.69221623567
0.564402513833
0.126015829661
0.0595284028752
)
;
    }
    maxX
    {
        type            fixedValue;
        value           nonuniform List<scalar> 
38
(
0.436866683264
0.408643488642
0.386627037785
0.371096345813
0.361211267078
0.354951826713
0.35038189838
0.345523567889
0.338619176825
0.330267440187
0.323771448981
0.324401085504
0.339563556479
0.368925345628
0.399482813272
0.430518691717
0.461597210923
0.492016048017
0.521449641439
0.550392670098
0.579797950493
0.610021953806
0.639353439485
0.665657791315
0.692748602985
0.733548149125
0.880664645537
1.22254358976
1.46980088416
1.54269750583
1.49169301311
1.37893738594
1.23146396428
1.07046480366
0.898492480804
0.697158032579
0.454174807128
0.191893813894
)
;
    }
    water_to_heater
    {
        type            fixedValue;
        value           nonuniform List<scalar> 
59
(
14120.8053597
14120.8053597
11897.6052036
10157.6369357
8944.48268913
8944.48268913
8150.98625203
8150.98625203
7732.97264208
7732.97264208
7900.53189147
8446.33424048
9278.65018202
9278.65018202
10195.3277297
10195.3277297
10869.3024662
10869.3024662
11093.5200464
10868.5594831
10353.348737
10353.348737
9720.9429489
9720.9429489
9040.69787827
9040.69787827
8050.83574423
6574.44809886
5251.65759368
5251.65759368
4593.48354241
4593.48354241
4574.30103887
4574.30103887
4872.48417392
5173.62979669
5381.51907617
5381.51907617
5919.5057587
5919.5057587
7080.75539372
7080.75539372
8595.91711088
11360.0715494
15640.2962961
15640.2962961
21952.452387
21952.452387
33127.7926836
33127.7926836
41372.1974923
42894.7005415
41581.8015123
41581.8015123
39767.3235787
39767.3235787
38680.9901322
38680.9901322
38463.4950972
)
;
    }
    procBoundary0to1
    {
        type            processor;
        value           nonuniform List<scalar> 
41
(
4457.83997489
1477.62497906
570.116250571
253.650060591
125.948871524
66.8272810204
35.9087717872
18.3510885964
9.45378209398
4.81519771169
2.46865444337
1.32728986217
0.780714498755
0.509007082547
0.368199759372
0.292121571548
0.248312700632
0.221258551238
0.200728772667
0.17730519218
0.0369249806138
0.0390640689598
0.0918985685234
0.670747436079
2.04843631797
2.96917678249
2.59217020595
1.85662710568
0.916939828934
0.364701078662
0.154349388957
0.0695056367809
0.0383895466456
0.0330302548631
0.0533204930772
0.16690742391
0.154771547899
0.1413094714
0.12197665828
0.0748711819334
0.0748711819334
)
;
    }
}


// ************************************************************************* //
