/*--------------------------------*- C++ -*----------------------------------*\
| =========                 |                                                 |
| \\      /  F ield         | OpenFOAM: The Open Source CFD Toolbox           |
|  \\    /   O peration     | Version:  2312                                  |
|   \\  /    A nd           | Website:  www.openfoam.com                      |
|    \\/     M anipulation  |                                                 |
\*---------------------------------------------------------------------------*/
FoamFile
{
    version     2.0;
    format      ascii;
    arch        "LSB;label=32;scalar=64";
    class       volScalarField;
    location    "0.51/water";
    object      p;
}
// * * * * * * * * * * * * * * * * * * * * * * * * * * * * * * * * * * * * * //

dimensions      [1 -1 -2 0 0 0 0];

internalField   nonuniform List<scalar> 
1497
(
100717.959476
100720.053788
100722.629618
100725.373005
100727.621765
100729.303219
100730.342457
100731.010997
100731.344505
100731.352316
100731.089056
100730.564727
100729.833613
100694.466515
100690.679323
100691.936292
100692.510263
100692.82085
100693.340987
100694.30129
100695.837158
100698.046682
100700.948689
100704.29543
100707.701875
100710.847663
100713.554821
100715.686701
100717.235185
100718.301096
100718.947766
100719.18722
100719.04778
100702.707848
100702.648925
100702.613797
100702.58183
100702.550097
100702.520771
100702.495125
100702.473146
100702.448138
100702.427368
100702.783047
100703.500218
100704.543294
100705.895569
100707.352903
100708.662108
100709.689347
100710.387221
100710.708891
100710.621334
100702.226849
100702.22179
100702.220831
100702.216291
100702.20993
100702.202682
100702.195403
100702.189086
100702.184502
100702.178834
100702.373243
100702.785405
100703.260565
100703.786409
100704.292159
100704.719642
100705.04768
100705.224307
100705.145664
100704.711747
100701.879401
100701.876781
100701.876496
100701.876253
100701.875292
100701.873725
100701.871627
100701.86886
100701.864563
100701.857475
100702.037869
100702.380764
100702.742298
100703.029928
100703.084961
100702.859599
100702.490232
100702.075608
100701.474373
100700.583555
100701.538657
100701.538126
100701.539667
100701.541398
100701.542516
100701.543197
100701.543817
100701.543928
100701.542558
100701.538628
100701.699648
100701.958008
100702.220359
100702.365694
100702.168737
100701.535121
100700.712793
100699.86093
100698.867893
100697.497161
100701.181767
100701.184137
100701.189522
100701.196856
100701.203261
100701.208966
100701.214697
100701.220459
100701.220934
100701.274146
100701.462966
100701.717298
100701.938818
100701.981161
100701.507469
100700.432879
100699.224263
100698.125934
100696.681713
100694.935019
100700.697784
100700.714191
100700.757051
100700.79072
100700.814933
100700.831161
100700.839557
100700.84299
100700.87944
100701.00294
100701.249216
100701.521394
100701.689407
100701.421736
100700.320312
100698.821631
100697.626563
100696.157595
100694.442664
100692.315141
100699.476702
100699.477666
100699.929937
100699.879797
100699.748434
100699.6399
100699.597846
100699.653969
100699.845468
100700.109965
100700.430616
100700.676272
100700.514008
100699.449043
100697.801336
100696.521669
100695.160659
100693.576186
100691.667671
100689.139037
100697.707011
100697.744311
100699.338174
100699.349634
100699.090384
100698.819918
100698.633161
100698.563227
100698.611037
100698.750475
100698.838711
100698.49137
100697.291245
100695.551867
100694.228837
100692.979694
100691.594324
100689.83841
100687.300749
100684.518606
100694.186603
100695.960871
100698.306641
100698.084639
100697.442133
100696.986112
100696.682931
100696.454036
100696.220319
100695.79016
100694.891437
100693.341775
100691.575772
100690.365972
100689.20522
100687.966684
100686.256624
100683.889768
100681.649761
100679.278744
100690.172463
100693.533935
100696.80192
100696.316888
100694.915997
100693.812125
100692.859675
100691.757555
100690.439288
100688.809566
100687.183128
100685.646304
100684.725929
100683.672167
100682.565171
100680.972261
100678.89545
100677.326259
100675.776399
100673.801863
100685.154719
100688.48214
100691.493753
100690.87301
100688.909804
100686.891448
100684.841123
100682.963471
100681.195161
100679.945186
100678.643025
100677.766715
100676.67337
100675.609526
100674.162629
100672.135935
100671.035914
100670.090161
100668.872234
100667.447077
100678.897063
100680.971407
100685.04966
100684.09703
100681.533022
100678.735522
100676.244534
100674.210345
100672.737194
100671.082623
100669.842086
100668.439473
100667.135034
100665.744728
100663.356042
100662.261133
100661.620876
100660.778706
100659.887583
100659.150137
100673.269816
100671.654712
100675.920092
100675.03964
100672.261876
100668.946595
100665.809008
100663.547525
100661.224463
100659.491699
100657.743814
100656.152526
100654.638277
100651.73213
100650.304054
100649.770158
100649.035921
100648.319012
100647.797419
100647.804
100656.556871
100650.607467
100655.154124
100655.50039
100653.424983
100650.209299
100647.198631
100644.62359
100642.803936
100641.122556
100639.715438
100638.170577
100635.132246
100633.538097
100633.150413
100632.736848
100632.269949
100632.037312
100632.18046
100632.884996
100612.009172
100604.544469
100610.396332
100612.84412
100613.315397
100612.812752
100612.11756
100611.712445
100611.418899
100610.829564
100609.870018
100607.83191
100607.627663
100608.491636
100609.459407
100610.070315
100610.801221
100611.794834
100613.080727
100614.674232
100549.442548
100543.906461
100547.878442
100550.090416
100551.854307
100554.001269
100556.294774
100558.193778
100559.385839
100561.123995
100563.390937
100567.510639
100571.968628
100576.241765
100579.813785
100582.970649
100586.024264
100589.08669
100592.043037
100594.861875
100526.815759
100525.832906
100526.054954
100526.10652
100525.882725
100525.576578
100525.577881
100526.21075
100527.657099
100529.927764
100533.319879
100537.451088
100542.111337
100547.04063
100552.232688
100557.533745
100562.617032
100567.521801
100572.063041
100575.971113
100525.979396
100525.923281
100525.881866
100525.838995
100525.794568
100525.755162
100525.725513
100525.708836
100525.705996
100525.715657
100526.085096
100527.357668
100529.402313
100532.157897
100535.768522
100540.293342
100545.367241
100550.518352
100555.495339
100559.813707
100525.230122
100525.219736
100525.214009
100525.205951
100525.196878
100525.188669
100525.18195
100525.177703
100525.17566
100525.174542
100525.183865
100525.461913
100526.14114
100527.298062
100529.084632
100531.671495
100535.032155
100538.843346
100542.853707
100546.661388
100524.603053
100524.595472
100524.591408
100524.58815
100524.584942
100524.583141
100524.582455
100524.582587
100524.582632
100524.581383
100524.587339
100524.631181
100524.785591
100525.189891
100525.950292
100527.16041
100528.798105
100530.817753
100533.198185
100535.765701
100523.957031
100523.951757
100523.949622
100523.94854
100523.947772
100523.94894
100523.952791
100523.959373
100523.968973
100523.980533
100523.952198
100523.793042
100523.625101
100523.539505
100523.620724
100523.879547
100524.122802
100524.38196
100525.06801
100526.071122
100523.261345
100523.257934
100523.256687
100523.259181
100523.263596
100523.269488
100523.277761
100523.288309
100523.300884
100523.246393
100522.984963
100522.65094
100522.255224
100521.845042
100521.405555
100520.625945
100519.098971
100517.657552
100516.760801
100515.895239
100522.409104
100522.428419
100522.455177
100522.477311
100522.492813
100522.507424
100522.526653
100522.53689
100522.414358
100522.072308
100521.570792
100520.943187
100520.22225
100519.286374
100517.637587
100514.719409
100511.516975
100508.990423
100506.139264
100503.209456
100520.349991
100520.602142
100520.957231
100521.007061
100520.994934
100520.971092
100520.848546
100520.509195
100520.045468
100519.365629
100518.471379
100517.364872
100515.818107
100513.077346
100509.016246
100504.913545
100501.328025
100497.527804
100491.84187
100490.750086
100516.680344
100517.186357
100517.716708
100517.45371
100516.974367
100516.486186
100515.998684
100515.421446
100514.609184
100513.542146
100512.083264
100509.827844
100506.190561
100501.607747
100497.642398
100493.912079
100489.552259
100482.763464
100480.05708
100480.294682
100508.15268
100507.759036
100508.617927
100508.415615
100507.941781
100507.4324
100506.805609
100505.947239
100504.775096
100503.111562
100500.523926
100496.787434
100492.627682
100489.23573
100485.704692
100480.455546
100473.770397
100471.222752
100471.318541
100469.584684
100488.986929
100488.233424
100490.763461
100491.248216
100491.327795
100491.233718
100490.839496
100489.926357
100488.375023
100486.090892
100483.246038
100480.129332
100476.988871
100473.231031
100468.295753
100464.143174
100463.423835
100463.7856
100462.523126
100460.850583
100458.976755
100459.542107
100463.582881
100465.081094
100465.821851
100466.273201
100466.396046
100465.864685
100464.680597
100463.115934
100461.216618
100458.963623
100456.554377
100454.474207
100454.058579
100454.900235
100455.599033
100455.137825
100454.174285
100451.25954
100420.02416
100421.42885
100425.693118
100428.053726
100429.872259
100431.80914
100433.937575
100435.684845
100436.767035
100437.310532
100437.646611
100438.52741
100439.930409
100441.769799
100443.660433
100444.97966
100445.689755
100445.814812
100443.867199
100438.573821
100394.597896
100395.306698
100395.311049
100395.667943
100397.146793
100399.40081
100402.764801
100407.212598
100411.834715
100416.042877
100419.83987
100423.398607
100426.690549
100429.601886
100432.012285
100434.050292
100435.210634
100434.617919
100431.607837
100427.038971
100393.177448
100393.147757
100393.11012
100393.041401
100392.974509
100392.923337
100393.106423
100394.307694
100397.079378
100401.519901
100406.273982
100410.579453
100414.431706
100417.868402
100420.875124
100423.096192
100423.934582
100423.449825
100422.184818
100418.856989
100391.9034
100391.885909
100391.867204
100391.837961
100391.796597
100391.741772
100391.690147
100391.661094
100391.818719
100393.398688
100396.729191
100400.601305
100404.550248
100408.10579
100410.960869
100413.174251
100414.795689
100416.062557
100415.556524
100411.888954
100391.004911
100390.992734
100390.984063
100390.972297
100390.955951
100390.936793
100390.9158
100390.891105
100390.864838
100391.03564
100392.445706
100394.960302
100397.996016
100401.10337
100404.044995
100406.870841
100409.558715
100411.037377
100410.896443
100409.630227
100390.212061
100390.202345
100390.197118
100390.190973
100390.183523
100390.175562
100390.167385
100390.159887
100390.153237
100390.174491
100390.811699
100392.53591
100394.93664
100397.752332
100400.740009
100403.895528
100406.51228
100408.493857
100408.660873
100409.95061
100389.455323
100389.447096
100389.44175
100389.434514
100389.425228
100389.416818
100389.409317
100389.402897
100389.396147
100389.427303
100389.912124
100391.289896
100393.38319
100395.951899
100398.871158
100401.812894
100404.74886
100406.610185
100406.713081
100409.666793
100388.703879
100388.696453
100388.691516
100388.683831
100388.672712
100388.66187
100388.652503
100388.644525
100388.63693
100388.674393
100389.117604
100390.265581
100392.071078
100394.322816
100396.856386
100399.858956
100402.33196
100403.161314
100405.342647
100408.16185
100728.987886
100728.186036
100727.558727
100727.224814
100727.267014
100727.56534
100727.982588
100728.569592
100729.466033
100730.919173
100733.384833
100736.15375
100737.58661
100739.554996
100743.731023
100747.948703
100746.077008
100743.598623
100742.03941
100741.203736
100718.580903
100717.881646
100717.07064
100716.216398
100715.301039
100714.132879
100712.532256
100710.397238
100707.613371
100704.151007
100699.135536
100688.754348
100679.53451
100679.133318
100679.19051
100680.6521
100686.747333
100691.353636
100693.918162
100695.001762
100710.104407
100709.207537
100708.006891
100706.5175
100704.710218
100702.550395
100699.966591
100697.046929
100693.634577
100689.83676
100683.08482
100674.680923
100676.26239
100676.452418
100676.707352
100676.45764
100677.591997
100678.858763
100679.621929
100680.02665
100703.856609
100702.589359
100700.930741
100698.87878
100696.548885
100693.87167
100690.951869
100687.523791
100683.944464
100678.991617
100670.739326
100672.4228
100672.556949
100672.551645
100671.585392
100671.340937
100672.256492
100672.792106
100673.086622
100673.314963
100699.281822
100697.591624
100695.508162
100693.141843
100690.38102
100687.457381
100684.059724
100680.502909
100675.564668
100668.228081
100670.119469
100670.215228
100670.258984
100670.265616
100667.644864
100668.389961
100669.221316
100669.546058
100669.727276
100669.942497
100695.761799
100693.605347
100691.199071
100688.38091
100685.378544
100681.89753
100678.267982
100672.853977
100666.506756
100668.597474
100668.676301
100668.740082
100668.787495
100668.799692
100666.717428
100667.035685
100667.62124
100667.824728
100667.967977
100668.21724
100692.720343
100690.204918
100687.280357
100684.149755
100680.563135
100676.765839
100671.138027
100665.451525
100667.360791
100667.435457
100667.503646
100667.576394
100667.670174
100667.769103
100666.66008
100666.652877
100666.881214
100666.933374
100667.033036
100667.316314
100689.763691
100686.76627
100683.46798
100679.733286
100675.650826
100669.840255
100664.751469
100666.203405
100666.269577
100666.309609
100666.332902
100666.340777
100666.328039
100666.115879
100665.790203
100665.83032
100665.87134
100665.865038
100665.965801
100666.289543
100686.161833
100682.750706
100679.027037
100674.841015
100669.279879
100664.463682
100665.271571
100665.321119
100665.35384
100665.377709
100665.398629
100665.414605
100665.422106
100665.264477
100665.178834
100665.160862
100665.077194
100665.044035
100665.139438
100665.497168
100681.429343
100677.942808
100673.699636
100668.598269
100664.507406
100664.291709
100664.605699
100664.597557
100664.60188
100664.619622
100664.646444
100664.687487
100664.741915
100664.906318
100664.807497
100664.686879
100664.528821
100664.4501
100664.502609
100664.879847
100676.391368
100672.744072
100668.603963
100665.372068
100664.048447
100663.725479
100663.827641
100663.824056
100663.826302
100663.8336
100663.853872
100663.87747
100663.985716
100664.08259
100664.150393
100664.088112
100663.959589
100663.860437
100663.85771
100664.247088
100671.298166
100668.498209
100666.087872
100664.467097
100663.420144
100663.080829
100663.098135
100663.06493
100663.050328
100663.049347
100663.053104
100663.13832
100663.746131
100663.785037
100663.755724
100663.652259
100663.493946
100663.336052
100663.225575
100663.569026
100665.946921
100664.627291
100663.668252
100662.886793
100662.312402
100662.199107
100662.305512
100662.255373
100662.266394
100662.287065
100662.320849
100662.728014
100663.045885
100663.013355
100662.917228
100662.785725
100662.597427
100662.397575
100662.180463
100662.408457
100658.81897
100658.883493
100659.096449
100659.420977
100660.042656
100660.892633
100661.595043
100661.506395
100661.497447
100661.488478
100661.570532
100662.185798
100662.044508
100661.517871
100661.12335
100660.768761
100660.436822
100660.156763
100659.868033
100659.954652
100648.397752
100649.302773
100650.474909
100652.018684
100654.172192
100656.710409
100658.575068
100659.282421
100659.447851
100659.501315
100659.90488
100659.743165
100658.631596
100657.539981
100656.749876
100656.092618
100655.5622
100655.186183
100654.916598
100654.9081
100634.028578
100635.471483
100637.304005
100639.635366
100642.642423
100646.373277
100649.503974
100650.920011
100651.12402
100651.189774
100651.623084
100651.09603
100649.895074
100648.938408
100648.163041
100647.521884
100647.021404
100646.695789
100646.522318
100646.525823
100616.499603
100618.57068
100620.933345
100623.73198
100627.034155
100630.960803
100634.793196
100636.956587
100637.718092
100638.127772
100638.246781
100637.937781
100637.273809
100636.620637
100636.063341
100635.60384
100635.250534
100635.034168
100634.92606
100635.019248
100597.606775
100600.382703
100603.263783
100606.396514
100609.841441
100613.573573
100617.347342
100619.890684
100621.010976
100621.631902
100621.832991
100622.301052
100622.216187
100621.945301
100621.686835
100621.458689
100621.271906
100621.163306
100621.054032
100621.178638
100579.415602
100582.67786
100585.890344
100589.196632
100592.645883
100596.163857
100599.575729
100602.087611
100603.183852
100603.580194
100604.635859
100605.906487
100606.299275
100606.402224
100606.445346
100606.451185
100606.431655
100606.428955
100606.367075
100606.304361
100563.403169
100566.703487
100569.921853
100573.165278
100576.433398
100579.643366
100582.686454
100584.962188
100585.732779
100585.895163
100588.249637
100590.049515
100590.787408
100591.201245
100591.505147
100591.725033
100591.875178
100591.9961
100592.071283
100591.709953
100549.85823
100552.778284
100555.681437
100558.650294
100561.626867
100564.500055
100567.1806
100569.165439
100569.515218
100569.930039
100573.321522
100575.40616
100576.375366
100577.003833
100577.48606
100577.854188
100578.120188
100578.300663
100578.171532
100577.788309
100538.162423
100540.510092
100542.936223
100545.530848
100548.18334
100550.76284
100553.157254
100554.892916
100554.862341
100555.801596
100559.95692
100562.266376
100563.392186
100564.149977
100564.743272
100565.210716
100565.517958
100565.628265
100564.580736
100564.723596
100527.429963
100529.176266
100531.106904
100533.32528
100535.705988
100538.117173
100540.417928
100542.122149
100542.000995
100543.264494
100548.020913
100550.655868
100551.929618
100552.781222
100553.491063
100554.102981
100554.500495
100552.95276
100552.831303
100553.625317
100516.228301
100517.545463
100519.150139
100521.114417
100523.408763
100525.869539
100528.354184
100530.47224
100530.870116
100532.027246
100537.392359
100540.507911
100541.800952
100542.573991
100543.251105
100543.746442
100542.121873
100540.487913
100542.54555
100542.503115
100503.766627
100504.966468
100506.2225
100507.842492
100510.016977
100512.626025
100515.508717
100518.442378
100520.435316
100521.908614
100527.808753
100531.889551
100532.644838
100532.773692
100532.275213
100526.639756
100522.772245
100525.475564
100526.069155
100525.206661
100491.564506
100491.75556
100491.867205
100492.194989
100493.038601
100494.614867
100496.873837
100499.649976
100501.922617
100502.577095
100506.13193
100513.746128
100514.460541
100509.213974
100496.973755
100494.157331
100496.920992
100497.485368
100497.072534
100496.433073
100479.0851
100477.83312
100475.755203
100472.597298
100469.215809
100466.074289
100461.674731
100454.727819
100448.226866
100443.56587
100438.145653
100435.977522
100436.976953
100438.412184
100445.335402
100451.005719
100453.733832
100454.672344
100454.617769
100454.548177
100467.812275
100464.566689
100458.469017
100450.863519
100441.992981
100428.631123
100416.946573
100414.881501
100415.189854
100415.180561
100415.180829
100415.18574
100415.211801
100415.266638
100415.868118
100418.551716
100421.239673
100423.214665
100424.133422
100424.237952
100457.463372
100450.331018
100441.493995
100429.673753
100414.287677
100413.495345
100414.491025
100414.494439
100414.522614
100414.550436
100414.571228
100414.581546
100414.588061
100414.595725
100414.635304
100415.049767
100415.620647
100416.246922
100416.577134
100416.375425
100444.473869
100435.452995
100422.386462
100411.670723
100414.035018
100414.039123
100414.070153
100414.098705
100414.121695
100414.140327
100414.153817
100414.1609
100414.164202
100414.165437
100414.148515
100414.237765
100414.374605
100414.554548
100414.66269
100414.393922
100430.995705
100419.417573
100411.398166
100413.651585
100413.671143
100413.697334
100413.719344
100413.740728
100413.76045
100413.775979
100413.787085
100413.79372
100413.79845
100413.801233
100413.796969
100413.87249
100413.966689
100414.063767
100414.140136
100413.873691
100419.268853
100411.384616
100413.268332
100413.295456
100413.321579
100413.34335
100413.365967
100413.387279
100413.405731
100413.42064
100413.431909
100413.439789
100413.447488
100413.456002
100413.464541
100413.543179
100413.641263
100413.728764
100413.798783
100413.593687
100411.479343
100412.904881
100412.931709
100412.955584
100412.974447
100412.99419
100413.013721
100413.031573
100413.04713
100413.059276
100413.067387
100413.071555
100413.073194
100413.059566
100413.086803
100413.185042
100413.286387
100413.369927
100413.426885
100413.313186
100411.736755
100412.606637
100412.61009
100412.617987
100412.628645
100412.641915
100412.656361
100412.67171
100412.687037
100412.700513
100412.710004
100412.715751
100412.720123
100412.695706
100412.731059
100412.835261
100412.922659
100412.991019
100413.022943
100412.980125
100412.164735
100412.200681
100412.224308
100412.237361
100412.247071
100412.257096
100412.269801
100412.289619
100412.321089
100412.346992
100412.363821
100412.370043
100412.370037
100412.318085
100412.352882
100412.427086
100412.47634
100412.502356
100412.488873
100412.468511
100411.865885
100411.842238
100411.830939
100411.823462
100411.816938
100411.81054
100411.80566
100411.796733
100411.747469
100411.642641
100411.563946
100411.507642
100411.455453
100411.413153
100411.49904
100411.567622
100411.589789
100411.577412
100411.522829
100411.501161
100411.197437
100411.383246
100411.367492
100411.350565
100411.333445
100411.316928
100411.289383
100411.203622
100410.984038
100410.736754
100410.464649
100410.227817
100410.09311
100410.049202
100410.132188
100410.129784
100410.05504
100409.963794
100409.862716
100409.824725
100410.098285
100410.853294
100410.83936
100410.812504
)
;

boundaryField
{
    emptyPatch
    {
        type            empty;
    }
    minY
    {
        type            calculated;
        value           nonuniform List<scalar> 0();
    }
    maxY
    {
        type            calculated;
        value           nonuniform List<scalar> 0();
    }
    maxX
    {
        type            calculated;
        value           nonuniform List<scalar> 
37
(
100741.203736
100695.001762
100680.02665
100673.314963
100669.942497
100668.21724
100667.316314
100666.289543
100665.497168
100664.879847
100664.247088
100663.569026
100662.408457
100659.954652
100654.9081
100646.525823
100635.019248
100621.178638
100606.304361
100591.709953
100577.788308
100564.723596
100553.625316
100542.503115
100525.206661
100496.433073
100454.548177
100424.237951
100416.375425
100414.393922
100413.873691
100413.593687
100413.313185
100412.980125
100412.468511
100411.501161
100409.824725
)
;
    }
    water_to_heater
    {
        type            calculated;
        value           nonuniform List<scalar> 
60
(
100696.487228
100694.019284
100703.613209
100702.093662
100702.58111
100701.554874
100701.962951
100701.62232
100701.972475
100701.046103
100701.288814
100700.329521
100699.863017
100698.825702
100697.848213
100694.339399
100691.664184
100689.899893
100686.367173
100684.302989
100679.675188
100677.309019
100673.455599
100656.736707
100614.623655
100611.37775
100551.141942
100548.127908
100527.598925
100525.308282
100526.168634
100525.381132
100525.682827
100524.430587
100524.727091
100523.474134
100523.733617
100522.480099
100522.590078
100520.549451
100518.415271
100516.386923
100509.602873
100507.138092
100489.883424
100487.177919
100459.204545
100420.253987
100396.505163
100394.277777
100394.141599
100392.644988
100392.410853
100391.114988
100391.176061
100390.379776
100390.593082
100389.299441
100389.522965
100388.22711
)
;
    }
    procBoundary1to0
    {
        type            processor;
        value           nonuniform List<scalar> 
41
(
100387.94972
100387.944266
100387.944214
100387.93115
100387.918012
100387.905996
100387.895282
100387.885813
100387.87482
100387.908916
100388.25322
100389.117359
100390.514175
100392.215318
100394.322824
100396.460467
100398.243824
100399.140343
100401.867534
100404.154525
100410.774384
100410.656577
100410.406172
100410.055731
100409.497898
100408.792854
100408.119074
100407.709718
100407.570398
100407.548269
100407.626173
100407.51405
100407.330419
100407.174836
100407.046394
100406.987551
100406.197521
100407.468382
100407.887842
100410.774384
100408.009502
)
;
    }
    procBoundary1to3
    {
        type            processor;
        value           nonuniform List<scalar> 
41
(
100763.160373
100761.098903
100759.235266
100757.156937
100755.381894
100753.338133
100751.524215
100749.623488
100748.06488
100746.583072
100745.038704
100743.393092
100741.703543
100712.548465
100703.936362
100711.032737
100714.156529
100715.047924
100715.521799
100716.505842
100716.505842
100740.080791
100738.708941
100737.781392
100737.489001
100737.93643
100739.00776
100740.578371
100742.664249
100745.371235
100748.838463
100752.97051
100757.700128
100762.850665
100767.891794
100772.475229
100776.241704
100775.523247
100772.040561
100769.839267
100768.916156
)
;
    }
}


// ************************************************************************* //
