/*--------------------------------*- C++ -*----------------------------------*\
| =========                 |                                                 |
| \\      /  F ield         | OpenFOAM: The Open Source CFD Toolbox           |
|  \\    /   O peration     | Version:  2312                                  |
|   \\  /    A nd           | Website:  www.openfoam.com                      |
|    \\/     M anipulation  |                                                 |
\*---------------------------------------------------------------------------*/
FoamFile
{
    version     2.0;
    format      ascii;
    arch        "LSB;label=32;scalar=64";
    class       surfaceScalarField;
    location    "0.51/water";
    object      phi;
}
// * * * * * * * * * * * * * * * * * * * * * * * * * * * * * * * * * * * * * //

dimensions      [0 3 -1 0 0 0 0];

oriented        oriented;

internalField   nonuniform List<scalar> 
2916
(
-1.8762460315e-08
6.75383547377e-07
-3.45287368498e-08
6.84665217386e-07
-4.19852276327e-08
6.79522952802e-07
-3.76727034605e-08
6.64844340405e-07
-2.28573558175e-08
6.50226379186e-07
-7.76377604535e-10
6.40858117078e-07
2.47721286409e-08
6.37344985771e-07
5.14010592516e-08
6.36735623996e-07
7.73808686555e-08
6.36581540554e-07
1.03288307917e-07
6.34976150911e-07
1.29743312721e-07
6.31500973484e-07
1.56866261056e-07
6.26349496312e-07
6.18837969063e-07
1.85217606679e-07
2.25660424873e-07
6.4218605657e-07
2.55075003991e-07
6.27045600101e-07
2.51791516147e-07
6.48069716372e-07
2.20792601361e-07
6.57861817438e-07
1.8094234623e-07
6.62950821669e-07
1.41322681288e-07
6.75670853167e-07
1.02650838074e-07
6.9458295937e-07
6.52106493731e-08
7.12231584663e-07
3.12396874117e-08
7.18207395636e-07
7.45539789881e-09
7.02922820346e-07
-1.29228445355e-09
6.73238691359e-07
3.6025404617e-09
6.45014628098e-07
1.87859063144e-08
6.25394425723e-07
4.1220778313e-08
6.14656394588e-07
6.67140776538e-08
6.11000187915e-07
9.26466607289e-08
6.10400132591e-07
1.18587231169e-07
6.08771654021e-07
1.45186472864e-07
6.04622072737e-07
1.72836824771e-07
5.98403954343e-07
5.89436217222e-07
2.01925289035e-07
3.00352490452e-07
4.49213396269e-07
2.84506828413e-07
5.99832494252e-07
2.77532638814e-07
6.30109767709e-07
2.68615214008e-07
6.52680274252e-07
2.48890996122e-07
6.75519777353e-07
2.19822323629e-07
7.01419486227e-07
1.85539285681e-07
7.27311341726e-07
1.52541871955e-07
7.44350732847e-07
1.28264451954e-07
7.41825966349e-07
1.0529447042e-07
7.25323636936e-07
9.11717204976e-08
6.86855003879e-07
8.51056677782e-08
6.50639981414e-07
8.71540508132e-08
6.22976137948e-07
9.66152813519e-08
6.04892996429e-07
1.118910128e-07
5.95471036763e-07
1.30131564223e-07
5.91919117549e-07
1.49853327333e-07
5.88798976853e-07
1.71329248181e-07
5.82881019641e-07
1.94814615631e-07
5.7463888706e-07
5.63410454359e-07
2.20546017185e-07
1.03154943698e-07
3.7203707321e-07
1.35207238228e-07
5.42193707381e-07
1.56030890738e-07
5.92041344433e-07
1.70734180449e-07
6.28306897745e-07
1.77480522768e-07
6.63870397347e-07
1.76506606849e-07
6.99966923809e-07
1.68715045445e-07
7.33787682719e-07
1.57891296112e-07
7.5430188388e-07
1.48976381907e-07
7.50030282537e-07
1.51538064947e-07
7.22126232057e-07
1.52483749202e-07
6.85328551676e-07
1.51446415474e-07
6.5115670576e-07
1.51180864382e-07
6.22796038012e-07
1.53690566172e-07
6.0202557968e-07
1.59774893289e-07
5.89110874401e-07
1.6908729806e-07
5.82370319272e-07
1.80896286899e-07
5.76751970072e-07
1.95432779869e-07
5.68095190316e-07
2.12896474457e-07
5.56913333526e-07
5.4272694213e-07
2.33305883731e-07
5.0486397191e-08
3.42245904065e-07
6.27526180022e-08
5.13089009338e-07
7.96097213142e-08
5.63940150834e-07
9.827534063e-08
6.03341214707e-07
1.13579877285e-07
6.4524177015e-07
1.24935358374e-07
6.86796995503e-07
1.33984584361e-07
7.236054601e-07
1.4317630827e-07
7.44267947086e-07
1.5349235444e-07
7.38997018515e-07
1.70438136018e-07
7.04533491121e-07
1.79621449548e-07
6.75551299878e-07
1.8364048713e-07
6.46602471059e-07
1.8522189363e-07
6.20752583533e-07
1.86321165443e-07
6.00554186217e-07
1.88305351126e-07
5.86844885477e-07
1.92203572258e-07
5.78239991048e-07
1.9832221002e-07
5.70403541545e-07
2.07264366741e-07
5.58915342135e-07
2.19229225964e-07
5.4470309414e-07
5.27259834021e-07
2.34441059093e-07
1.64465737507e-08
3.5220437164e-07
1.17575232538e-08
5.10075930968e-07
2.33146073511e-08
5.46810613064e-07
4.33704073185e-08
5.79961495301e-07
6.3012779772e-08
6.23614146008e-07
7.97891090952e-08
6.68741054318e-07
9.81433447589e-08
7.04308340688e-07
1.20902863359e-07
7.20734430366e-07
1.49527706592e-07
7.09679270118e-07
1.73918106445e-07
6.79504458792e-07
1.86228614881e-07
6.62652210255e-07
1.92290446037e-07
6.40010280677e-07
1.9473443489e-07
6.17852297856e-07
1.95394128961e-07
5.99529758714e-07
1.95594571895e-07
5.86370882164e-07
1.96369498716e-07
5.77240763512e-07
1.99204981412e-07
5.67342014649e-07
2.04478160099e-07
5.53411907874e-07
2.12298989537e-07
5.36644125435e-07
5.16249162189e-07
2.23065748942e-07
-3.39916110782e-08
4.31029870663e-07
-6.66748126341e-08
5.52313967904e-07
-6.32377762844e-08
5.47122240519e-07
-3.05207618369e-08
5.47157404631e-07
-2.03800641194e-09
5.94199146967e-07
2.1313118671e-08
6.44506512842e-07
5.00660810827e-08
6.74795861474e-07
9.79557378612e-08
6.72154706546e-07
1.41780600234e-07
6.65209971005e-07
1.61110484567e-07
6.59573987804e-07
1.74854194723e-07
6.48351900227e-07
1.82771186785e-07
6.31593048035e-07
1.86439798069e-07
6.13759057384e-07
1.87225201591e-07
5.98412574405e-07
1.86077455984e-07
5.87271402663e-07
1.84477669294e-07
5.78622723651e-07
1.8504007823e-07
5.66559119004e-07
1.87566052431e-07
5.50658365789e-07
1.92128516178e-07
5.31850543684e-07
5.08936488767e-07
1.99202695723e-07
-1.32212225732e-07
6.09459053096e-07
-2.26830503669e-07
6.72980990489e-07
-1.49786694005e-07
4.82577188482e-07
-1.00096881484e-07
4.98834873241e-07
-5.00428139822e-08
5.43724760247e-07
4.18830264138e-09
5.89643429947e-07
5.85155006142e-08
6.19832504e-07
9.57773705649e-08
6.34291267519e-07
1.20320996048e-07
6.40097456598e-07
1.39225303202e-07
6.40134689115e-07
1.5304844339e-07
6.34034142284e-07
1.61798843768e-07
6.22405733047e-07
1.65987887121e-07
6.09211745457e-07
1.65997868415e-07
5.98132115437e-07
1.62694796092e-07
5.90359213474e-07
1.59774123073e-07
5.81330647111e-07
1.58526742605e-07
5.67585753658e-07
1.58611028557e-07
5.50352373098e-07
1.6019727418e-07
5.30037183683e-07
5.0512977948e-07
1.63773694538e-07
-8.1750278832e-08
7.64016146339e-07
-1.14332649358e-07
7.22866921726e-07
-7.83545796508e-08
4.52722092683e-07
-5.20958673102e-08
4.73047106833e-07
-2.20829622744e-08
5.13266977178e-07
1.30870251198e-08
5.5394676361e-07
4.76666160617e-08
5.84732800004e-07
7.67218725084e-08
6.04736961717e-07
9.93921457216e-08
6.16951255178e-07
1.16408060119e-07
6.22671889828e-07
1.28772532801e-07
6.21264384448e-07
1.36123318989e-07
6.14710581867e-07
1.38080534457e-07
6.06984555409e-07
1.34905363117e-07
6.01094430337e-07
1.29861187853e-07
5.9519868736e-07
1.25867016755e-07
5.85111453487e-07
1.22752250409e-07
5.70485316494e-07
1.20346714631e-07
5.52538195475e-07
1.18456203644e-07
5.31705387132e-07
5.05730095051e-07
1.17630640204e-07
-1.56115424365e-07
9.93773616655e-07
-5.44558487819e-08
6.51708769573e-07
-4.52478204021e-08
4.48512261946e-07
-2.61385958357e-08
4.54496374186e-07
-3.50910080986e-09
4.90314495252e-07
2.25716222289e-08
5.27460132092e-07
4.81654211548e-08
5.58735127685e-07
6.9616991719e-08
5.82894589069e-07
8.61664222422e-08
6.00030696279e-07
9.83381481081e-08
6.10158524383e-07
1.05874552105e-07
6.13429675798e-07
1.0786623827e-07
6.12474586605e-07
1.04443836652e-07
6.10204502393e-07
9.81063614998e-08
6.07235739619e-07
9.20572832577e-08
6.0104324535e-07
8.65865165991e-08
5.90375300061e-07
8.1181903982e-08
5.75677612346e-07
7.50897604114e-08
5.58412961018e-07
6.91254090921e-08
5.37446550252e-07
5.10762225836e-07
6.38488601537e-08
7.20381452684e-08
1.00086948141e-06
3.76315692014e-08
6.73878604176e-07
9.61522889858e-09
4.76471798293e-07
1.30823401548e-08
4.51530104415e-07
2.59180175561e-08
4.77357270229e-07
4.20879302144e-08
5.11010836791e-07
5.76215376721e-08
5.42917306388e-07
6.98162167555e-08
5.70427796249e-07
7.77946817735e-08
5.91798201282e-07
8.14649893975e-08
6.06258980482e-07
8.05260071155e-08
6.1416725878e-07
7.5421384334e-08
6.17394091354e-07
6.7679047556e-08
6.17761062255e-07
5.98872895097e-08
6.14831902111e-07
5.24751534312e-08
6.08257728476e-07
4.45932258204e-08
5.98055132226e-07
3.50044457783e-08
5.85052346646e-07
2.43785860063e-08
5.68808182241e-07
1.34580739488e-08
5.4811698275e-07
5.21562468687e-07
2.40862725832e-09
1.64896589238e-07
9.36602663094e-07
1.18041093812e-07
6.88680949071e-07
7.65738626824e-08
5.10690266881e-07
6.46156477565e-08
4.62710608e-07
6.5581569053e-08
4.76256972243e-07
6.98878016022e-08
5.06529146715e-07
7.2253565018e-08
5.40374843818e-07
7.13151209486e-08
5.71196518109e-07
6.75794308565e-08
5.95366800791e-07
6.13178296012e-08
6.12355383381e-07
5.27590734679e-08
6.22553378255e-07
4.2751359486e-08
6.27227814719e-07
3.29632780427e-08
6.27363076618e-07
2.34680023027e-08
6.24137967428e-07
1.36306071908e-08
6.17899586279e-07
9.1384761233e-10
6.10558777186e-07
-1.35835108946e-08
5.99312477966e-07
-2.85557344558e-08
5.83524905978e-07
-4.46176677523e-08
5.63920506152e-07
5.40357108596e-07
-6.36712472303e-08
2.01714929912e-07
8.52156526212e-07
1.69755459283e-07
6.8107176865e-07
1.30562273388e-07
5.37257312316e-07
1.09100683422e-07
4.81483055653e-07
9.87757724611e-08
4.86116464748e-07
9.08510600525e-08
5.1429051986e-07
8.05440155847e-08
5.50542398103e-07
6.85472958629e-08
5.83045689161e-07
5.54161645141e-08
6.0834744515e-07
4.17880613713e-08
6.25821085233e-07
2.80775868641e-08
6.36100374494e-07
1.50371972177e-08
6.4009234634e-07
2.46209402196e-09
6.39758323487e-07
-9.75442870723e-09
6.3616522729e-07
-2.49537533938e-08
6.32893250588e-07
-4.24229300377e-08
6.27792547095e-07
-5.97756722568e-08
6.16409728877e-07
-7.79968551636e-08
6.01484133353e-07
-9.96889123136e-08
5.85345219044e-07
5.68181646363e-07
-1.27793774902e-07
2.08762819217e-07
7.71814691381e-07
1.97337078407e-07
6.53753851283e-07
1.63236406276e-07
5.56768515835e-07
1.35067941284e-07
5.05777319971e-07
1.14518318775e-07
5.05859006565e-07
9.61878344637e-08
5.32408449004e-07
7.7351348183e-08
5.692324626e-07
5.87730538537e-08
6.01483380331e-07
4.05442990101e-08
6.26424271848e-07
2.25322691705e-08
6.43680754805e-07
5.24220379682e-09
6.53225420555e-07
-1.13254975212e-08
6.56490213723e-07
-2.69764367077e-08
6.55229817198e-07
-4.35815492114e-08
6.52578713774e-07
-6.42532401105e-08
6.53350496599e-07
-8.27540472059e-08
6.46043074576e-07
-1.00961800817e-07
6.34359160151e-07
-1.20951719379e-07
6.21207951776e-07
-1.46132608214e-07
6.1024274664e-07
6.00420568087e-07
-1.78689833442e-07
2.01975470362e-07
7.06773906282e-07
1.93252980119e-07
6.29445239669e-07
1.60928983781e-07
5.75699536356e-07
1.29009268897e-07
5.33779389021e-07
1.02651973402e-07
5.31322910672e-07
7.90349165199e-08
5.55798042705e-07
5.66422279631e-08
5.91485463837e-07
3.52407107277e-08
6.22744276734e-07
1.43136112103e-08
6.47212326108e-07
-6.21235568849e-09
6.64054818299e-07
-2.61231626871e-08
6.72978420171e-07
-4.48565967228e-08
6.75056872476e-07
-6.3470099669e-08
6.73664475585e-07
-8.5964730642e-08
6.74894332584e-07
-1.05560834234e-07
6.72699987241e-07
-1.22156901907e-07
6.623866919e-07
-1.38649986311e-07
6.50594121981e-07
-1.56579077982e-07
6.38865884094e-07
-1.79740299191e-07
6.33096316788e-07
6.28453008421e-07
-2.08130642808e-07
1.78004525281e-07
6.73218409046e-07
1.51310478319e-07
6.30860916847e-07
1.12380461059e-07
6.0418543086e-07
7.63192268361e-08
5.66842681032e-07
4.87606932926e-08
5.5824922207e-07
2.59164775895e-08
5.78479989005e-07
6.23278428665e-09
6.11046480163e-07
-1.29335254139e-08
6.41788064908e-07
-3.25253030859e-08
6.66668310896e-07
-5.26354931916e-08
6.84028052987e-07
-7.34940764145e-08
6.93690858437e-07
-9.52446488893e-08
6.9664466988e-07
-1.18735815396e-07
6.96999776319e-07
-1.397373736e-07
6.95661912605e-07
-1.52517213727e-07
6.85230323402e-07
-1.63233806965e-07
6.72853999269e-07
-1.73778633779e-07
6.60883658951e-07
-1.85393323503e-07
6.50207532726e-07
-1.99995555793e-07
6.47374039514e-07
6.4496952812e-07
-2.16888127296e-07
1.55978449185e-07
6.68771622374e-07
1.03804825236e-07
6.64538896438e-07
5.11598946132e-08
6.50247171403e-07
4.25257039844e-09
6.12286796978e-07
-2.71822885222e-08
5.89507411717e-07
-4.73496967374e-08
5.98605560678e-07
-6.08170650627e-08
6.24433768111e-07
-7.43317824946e-08
6.55187813235e-07
-9.19012324662e-08
6.84115258743e-07
-1.15399262472e-07
7.0739166009e-07
-1.42008281451e-07
7.20135282985e-07
-1.69013415048e-07
7.23478871627e-07
-1.90597016666e-07
7.18351770319e-07
-1.98692396745e-07
7.03504076744e-07
-2.00489123842e-07
6.86778278391e-07
-2.01170981307e-07
6.73292096341e-07
-2.02134232688e-07
6.61597464368e-07
-2.03767324847e-07
6.51570467296e-07
-2.06450667272e-07
6.49732190056e-07
6.48568431348e-07
-2.10428243731e-07
1.55282610819e-07
6.7787366803e-07
1.07802203374e-07
7.01405330121e-07
6.2256351231e-08
6.91908478998e-07
1.25488509257e-08
6.60549312835e-07
-2.96616327595e-08
6.31282070881e-07
-5.86128510229e-08
6.27407067466e-07
-7.94319699378e-08
6.45118575253e-07
-1.0065933105e-07
6.76255078298e-07
-1.30812356447e-07
7.14087095334e-07
-1.69864568375e-07
7.46209511432e-07
-2.07507467829e-07
7.57540745015e-07
-2.32485312591e-07
7.48183820192e-07
-2.40018410793e-07
7.25603167725e-07
-2.35751097577e-07
6.98968577563e-07
-2.27410112413e-07
6.78187363673e-07
-2.18101074211e-07
6.63743335313e-07
-2.09830557326e-07
6.53086168095e-07
-2.02309418291e-07
6.43791254954e-07
-1.94710814098e-07
6.41818467083e-07
6.4208739321e-07
-1.88604393188e-07
2.31876258058e-07
6.17439251706e-07
2.38319766737e-07
6.6796990171e-07
2.21591483076e-07
6.9020866996e-07
1.73123302743e-07
6.98654304316e-07
1.10921279417e-07
6.88519048854e-07
5.20000695708e-08
6.84275533611e-07
-2.42600492559e-09
6.98743027419e-07
-5.75174236095e-08
7.30965006511e-07
-1.16514323555e-07
7.72784785364e-07
-1.72402836737e-07
8.01795739355e-07
-2.07589009047e-07
7.92397844682e-07
-2.17798416046e-07
7.58053332432e-07
-2.15675113105e-07
7.23151008313e-07
-2.09710923586e-07
6.92704068522e-07
-2.01281126656e-07
6.69490507816e-07
-1.90370847576e-07
6.52593013579e-07
-1.79530213654e-07
6.42015182453e-07
-1.69639424339e-07
6.33660186717e-07
-1.58100765246e-07
6.29988406131e-07
6.31032042042e-07
-1.47408331858e-07
2.77024269672e-07
4.62577535705e-07
2.90876777101e-07
6.15201756054e-07
3.00488263614e-07
6.56649110711e-07
2.95570601745e-07
6.89806575851e-07
2.55808671959e-07
7.21148479951e-07
1.8753064486e-07
7.49233845242e-07
1.04568203574e-07
7.80284793184e-07
1.95871384405e-08
8.15270843584e-07
-5.35019323186e-08
8.45397820892e-07
-1.10003934207e-07
8.57866590284e-07
-1.24796810321e-07
8.06764110114e-07
-1.21942365041e-07
7.54777947885e-07
-1.19238047376e-07
7.20048621762e-07
-1.18318105881e-07
6.91422221002e-07
-1.1712930277e-07
6.67988791029e-07
-1.14126188086e-07
6.49329706978e-07
-1.0938210139e-07
6.37045375625e-07
-1.04637803483e-07
6.28689790545e-07
-9.71657059615e-08
6.22252597753e-07
6.2149551487e-07
-8.79726903847e-08
1.35613613189e-07
4.06845759823e-07
1.61867435289e-07
5.58734960835e-07
1.83702296864e-07
6.16291545448e-07
1.93367142965e-07
6.7005862403e-07
1.81163996605e-07
7.2824067728e-07
1.50079230536e-07
7.77865690228e-07
1.04946635951e-07
8.24240207534e-07
5.9080796859e-08
8.60469663262e-07
2.5096492602e-08
8.78873912525e-07
2.87285266557e-09
8.79617171066e-07
4.59738025467e-09
8.04568113313e-07
7.11253787703e-09
7.51793236351e-07
5.48186385838e-09
7.21232072109e-07
4.25812524675e-10
6.96069131299e-07
-6.1766114605e-09
6.74237601416e-07
-1.26068109924e-08
6.55472896475e-07
-1.73516545092e-08
6.4156068372e-07
-2.07441337598e-08
6.3186337796e-07
-2.09252885418e-08
6.22188590099e-07
6.17454795513e-07
-1.72044943933e-08
9.28691108129e-08
3.93053913208e-07
9.71357466139e-08
5.30669559293e-07
1.10100327193e-07
5.9048574196e-07
1.18565532075e-07
6.54975066896e-07
1.11819316765e-07
7.31637521283e-07
9.43266068352e-08
7.93709688636e-07
7.17832402039e-08
8.4591183091e-07
5.49410122739e-08
8.76736993893e-07
5.42254526267e-08
8.79104027459e-07
8.62124807241e-08
8.47155690799e-07
1.12415328004e-07
7.77880825441e-07
1.16599695124e-07
7.47128081387e-07
1.13417264841e-07
7.23956076542e-07
1.05836585442e-07
7.03230160129e-07
9.58091183348e-08
6.83902287343e-07
8.48706920246e-08
6.66118146697e-07
7.44119925472e-08
6.51788879784e-07
6.51933045179e-08
6.40866846113e-07
5.93335024059e-08
6.27814113917e-07
6.19466785509e-07
5.70218187449e-08
6.46158952803e-08
4.11215923508e-07
5.36047492447e-08
5.27366653512e-07
6.32501930172e-08
5.74592288994e-07
6.87119051383e-08
6.45687849335e-07
6.10963283718e-08
7.37113706267e-07
4.32848200299e-08
8.10407139931e-07
2.62719928221e-08
8.62279317385e-07
2.47547233044e-08
8.77756656708e-07
7.93456854564e-08
8.2404640948e-07
1.56163768076e-07
7.69860017495e-07
1.81955799106e-07
7.51610568161e-07
1.91776727224e-07
7.36834637592e-07
1.92263729031e-07
7.23018349222e-07
1.8692423102e-07
7.08158243917e-07
1.78057932129e-07
6.92415532144e-07
1.67055990767e-07
6.76838480953e-07
1.5481942471e-07
6.63804750522e-07
1.43490259329e-07
6.51983959121e-07
1.35570239462e-07
6.35507022436e-07
6.25587111238e-07
1.291590761e-07
2.42496573609e-08
4.92534715813e-07
-9.75258897549e-10
5.54990944015e-07
1.66024563944e-08
5.56964198373e-07
2.72160548519e-08
6.33230636294e-07
2.43655089948e-08
7.38629564265e-07
1.31256763289e-08
8.20839175838e-07
1.50519572304e-08
8.59812800726e-07
8.30123627146e-08
8.09330409876e-07
1.55622730173e-07
7.50977428262e-07
1.91762113383e-07
7.33272055013e-07
2.17495424888e-07
7.25435827155e-07
2.32897449841e-07
7.21001105949e-07
2.40303907928e-07
7.15203995733e-07
2.41542158661e-07
7.0655378249e-07
2.37908751901e-07
6.95743773532e-07
2.29707262932e-07
6.84802159125e-07
2.19026922615e-07
6.74283182555e-07
2.10595178078e-07
6.6020286731e-07
2.04435278298e-07
6.41441746262e-07
6.34427770889e-07
1.95297652392e-07
-6.61093206204e-08
6.73463373913e-07
-8.41160635758e-08
5.88670016058e-07
-7.30903398461e-08
5.52737052295e-07
-3.88565424101e-08
5.99993173552e-07
-6.5732489331e-09
7.05827040124e-07
2.38795509254e-08
7.89818103567e-07
9.29939983256e-08
7.90194009096e-07
1.53062143985e-07
7.4880764759e-07
1.86537451654e-07
7.1707743158e-07
2.15405453101e-07
7.04001983432e-07
2.38049922139e-07
7.02406169716e-07
2.55424787946e-07
7.03260729895e-07
2.67722009579e-07
7.0257393972e-07
2.7436725884e-07
6.99624542735e-07
2.74664812543e-07
6.95218508867e-07
2.70608951696e-07
6.8866351846e-07
2.66669720877e-07
6.7801791263e-07
2.66119533661e-07
6.60541788087e-07
2.62390589448e-07
6.44941325831e-07
6.41648044756e-07
2.54818507694e-07
8.45738837588e-08
7.09771819812e-07
4.7472299893e-08
6.09961232581e-07
1.8695057611e-08
5.78989326374e-07
1.41786223805e-08
6.04309221495e-07
4.0042254091e-08
6.79606487659e-07
9.14324897817e-08
7.37935782221e-07
1.40166683392e-07
7.41005881378e-07
1.76663207222e-07
7.11896847854e-07
2.04738208838e-07
6.88625202134e-07
2.27994040485e-07
6.80399605915e-07
2.48610987994e-07
6.81471035182e-07
2.66311889778e-07
6.85275284895e-07
2.79433836142e-07
6.89210939539e-07
2.86600347535e-07
6.92258767205e-07
2.89793282714e-07
6.91843016472e-07
2.92416598203e-07
6.85844976171e-07
2.98283330729e-07
6.71954876147e-07
3.03569128649e-07
6.5504825906e-07
3.00979677918e-07
6.47225458603e-07
6.27093088314e-07
3.15082601895e-07
1.84389880288e-07
6.59264213946e-07
1.50262578238e-07
6.14172583068e-07
1.14140052349e-07
6.05417411737e-07
8.80581410609e-08
6.27967619599e-07
9.02566698167e-08
6.76660946758e-07
1.18928076229e-07
7.08783792705e-07
1.55398327352e-07
7.04129635267e-07
1.84688154959e-07
6.82243014956e-07
2.07069705341e-07
6.65919850865e-07
2.26632288964e-07
6.60552256768e-07
2.44633990451e-07
6.6322485321e-07
2.5952339198e-07
6.70182432281e-07
2.69634089375e-07
6.78922880327e-07
2.76993323052e-07
6.84725573143e-07
2.84826414232e-07
6.83822096153e-07
2.95513688294e-07
6.74966275852e-07
3.05111378234e-07
6.6215216552e-07
3.09485449408e-07
6.50375048943e-07
3.26702770069e-07
6.29573006406e-07
5.89223706752e-07
3.64122890331e-07
1.79674268285e-07
6.25566122408e-07
1.53814881746e-07
6.12724281805e-07
1.20979884525e-07
6.2775189795e-07
8.72145267979e-08
6.58544382124e-07
8.35042475735e-08
6.79438246144e-07
1.07444531058e-07
6.84386443158e-07
1.38546304209e-07
6.72672798871e-07
1.64125822075e-07
6.56353101308e-07
1.83631378112e-07
6.46144580912e-07
1.99253406727e-07
6.4470386463e-07
2.12694433514e-07
6.49599376831e-07
2.23751428432e-07
6.58960387428e-07
2.3344009138e-07
6.69065865568e-07
2.44467409374e-07
6.73516444642e-07
2.56412008063e-07
6.71683606274e-07
2.66236420263e-07
6.64939734068e-07
2.75075575738e-07
6.53015933543e-07
2.94141026255e-07
6.30906433301e-07
3.34571588248e-07
5.88720918776e-07
5.35795183992e-07
3.87569968512e-07
1.56796274837e-07
6.20201868164e-07
1.22776466284e-07
6.24532881495e-07
7.56368640608e-08
6.6612933963e-07
3.11346095709e-08
7.00228227576e-07
2.7912797822e-08
6.81973555028e-07
5.12854500226e-08
6.60673082192e-07
8.11959462152e-08
6.42478670027e-07
1.06241921769e-07
6.31053093027e-07
1.24435981699e-07
6.27728053452e-07
1.37885326325e-07
6.31062473851e-07
1.48694000069e-07
6.38622002545e-07
1.58952662702e-07
6.48539736771e-07
1.70729708716e-07
6.57117411676e-07
1.82258179119e-07
6.61799170777e-07
1.91801078234e-07
6.6191998756e-07
2.03635720609e-07
6.52795696527e-07
2.25881910102e-07
6.30380220663e-07
2.66883272264e-07
5.89495677967e-07
3.18769678825e-07
5.36418980117e-07
4.75970039839e-07
3.78229075323e-07
1.52533720081e-07
6.23461898866e-07
9.45094540703e-08
6.64836494716e-07
8.05103601157e-09
7.45831108985e-07
-5.07773391159e-08
7.57699846164e-07
-5.85450569748e-08
6.89499945104e-07
-4.16606782613e-08
6.43578731555e-07
-1.63640371391e-08
6.16960966512e-07
7.99468236871e-09
6.06483778844e-07
2.80522946337e-08
6.07470402183e-07
4.41982311711e-08
6.14727673557e-07
5.60589435586e-08
6.26579593788e-07
6.6645679209e-08
6.37759585468e-07
7.71604456345e-08
6.46380832586e-07
8.90015446521e-08
6.49689988128e-07
1.0629367494e-07
6.44286083432e-07
1.35077228967e-07
6.23631230923e-07
1.78176413907e-07
5.86879510184e-07
2.2917058305e-07
5.38113025474e-07
2.85131513078e-07
4.80124888361e-07
4.23404743752e-07
3.3744897232e-07
1.64974187053e-07
6.23287689002e-07
6.58194075103e-08
7.51603923903e-07
-6.38405470565e-08
8.75702522942e-07
-1.28194663662e-07
8.245902102e-07
-1.4911036026e-07
7.11270808705e-07
-1.48674600273e-07
6.43175886512e-07
-1.35828263057e-07
6.03960725846e-07
-1.17183820406e-07
5.8765524634e-07
-9.71684654645e-08
5.87267470686e-07
-7.88857738629e-08
5.96249973738e-07
-6.33144510097e-08
6.1078923822e-07
-4.65620843746e-08
6.20758000967e-07
-2.65888275371e-08
6.26125422142e-07
3.46891997214e-10
6.22439434406e-07
3.87132405492e-08
6.05581319007e-07
8.43389527943e-08
5.77649130502e-07
1.34564373089e-07
5.36312167357e-07
1.85929764798e-07
4.8645930024e-07
2.32488528474e-07
4.33347722904e-07
3.87371764853e-07
2.68330658058e-07
1.81404114438e-07
6.10089166478e-07
7.41843527643e-08
8.48194048535e-07
1.67823023623e-08
9.33434878346e-07
-6.29478045047e-08
9.06183287412e-07
-1.23969980918e-07
7.73253830474e-07
-1.65458153181e-07
6.85228872232e-07
-1.91692532643e-07
6.30268623072e-07
-2.01049180729e-07
5.96881226846e-07
-1.95873287176e-07
5.81914685768e-07
-1.80328804087e-07
5.80504318809e-07
-1.56019104174e-07
5.86246991956e-07
-1.24980165069e-07
5.89464654642e-07
-8.75413508302e-08
5.88413223406e-07
-4.41899609794e-08
5.78790712952e-07
2.09418013758e-09
5.58995166353e-07
4.93554998504e-08
5.30103180392e-07
9.34168805253e-08
4.92012204664e-07
1.30929469179e-07
4.48752260904e-07
1.60499960033e-07
4.03594340631e-07
3.68611912534e-07
1.7906425739e-07
1.81223398522e-07
5.50747618911e-07
2.19902461718e-07
7.85704701819e-07
2.63195999176e-07
8.79184300178e-07
2.65306586661e-07
8.99212160223e-07
1.62686522774e-07
8.7392962806e-07
1.83062363983e-08
8.28974279075e-07
-9.64884160141e-08
7.44762307471e-07
-1.67376561087e-07
6.67630300987e-07
-1.9636248672e-07
6.1071116264e-07
-1.9158306875e-07
5.75504979406e-07
-1.67237930485e-07
5.61671831025e-07
-1.33925840763e-07
5.55911480904e-07
-9.44460811433e-08
5.48683093833e-07
-5.29992459495e-08
5.37102027097e-07
-1.40256296893e-08
5.19801583337e-07
1.94633002522e-08
4.9642327872e-07
4.59821423556e-08
4.65316628079e-07
6.66970807314e-08
4.27860004677e-07
8.00002196793e-08
3.90098497903e-07
3.68447793463e-07
7.99700719381e-08
1.61757862386e-07
4.74901045962e-07
2.13888726216e-07
7.05363263951e-07
2.72791143258e-07
8.03997829773e-07
3.12759838317e-07
8.50566623935e-07
3.17093283301e-07
8.6522213817e-07
2.75194505694e-07
8.68698570074e-07
1.58714506323e-07
8.60221460532e-07
-6.2755007349e-09
8.32097884508e-07
-1.02756998726e-07
7.06811106062e-07
-1.25342986629e-07
5.978259668e-07
-1.17672134341e-07
5.53765445073e-07
-9.79691467053e-08
5.35992401234e-07
-7.22940835641e-08
5.22820752955e-07
-4.68103413204e-08
5.11453431765e-07
-2.73206452782e-08
5.00155401264e-07
-1.27192765884e-08
4.81659001782e-07
-1.91352202688e-09
4.54343691561e-07
3.96947297906e-09
4.21793277502e-07
-3.60054285393e-10
3.94251294803e-07
3.93756391312e-07
-2.58759848127e-08
1.31679631211e-07
4.30394772093e-07
1.63266876682e-07
6.46653318618e-07
2.06943761094e-07
7.44590007502e-07
2.46200890633e-07
8.02715224322e-07
2.6536796417e-07
8.4160448497e-07
2.59092578026e-07
8.72629616449e-07
2.22478851937e-07
8.95591922958e-07
1.51069424244e-07
9.02762337797e-07
1.32516054574e-08
8.44123077813e-07
-3.67025777823e-08
6.47396830143e-07
-5.26240801389e-08
5.69405120154e-07
-5.24496768361e-08
5.35592055153e-07
-4.72243193816e-08
5.17421125914e-07
-4.187760875e-08
5.05965041896e-07
-3.94549230016e-08
4.9758263933e-07
-3.86068597556e-08
4.80655941287e-07
-4.05652526058e-08
4.56134943136e-07
-4.90993298655e-08
4.30166565212e-07
-6.91704035577e-08
4.14159193987e-07
4.43946169417e-07
-1.19746281415e-07
1.10217199798e-07
4.10046341521e-07
1.27060295106e-07
6.03970882524e-07
1.59176736627e-07
6.97302761665e-07
1.86014997794e-07
7.67647717344e-07
1.99586530203e-07
8.23773688601e-07
1.99478286142e-07
8.70508250656e-07
1.81892869969e-07
9.11928455949e-07
1.40261502443e-07
9.43606899997e-07
8.00514465003e-08
9.03759384465e-07
2.72957909836e-08
6.99698287472e-07
-2.63744354333e-09
5.98995941449e-07
-1.83487082034e-08
5.51049084604e-07
-2.82896268868e-08
5.27178540544e-07
-3.68685117424e-08
5.1440226087e-07
-4.60164088027e-08
5.06583790776e-07
-5.66502454426e-08
4.91132951135e-07
-7.1343976572e-08
4.70673716189e-07
-9.37200945261e-08
4.52378886536e-07
-1.351177982e-07
4.55330602212e-07
5.09287008432e-07
-2.00991740471e-07
9.73397647614e-08
4.03313537683e-07
1.09421030273e-07
5.63891602527e-07
1.40335405942e-07
6.49768751232e-07
1.67363704163e-07
7.31640233607e-07
1.74813351098e-07
8.11670514265e-07
1.70974251137e-07
8.71943072962e-07
1.57408716692e-07
9.24175061189e-07
1.33967572043e-07
9.66210695235e-07
1.01373803621e-07
9.35742481495e-07
6.26755011162e-08
7.37915168032e-07
3.13431392511e-08
6.29949777205e-07
7.03440069383e-09
5.75072099928e-07
-1.25331965605e-08
5.46545003847e-07
-3.00834479676e-08
5.3180798072e-07
-4.80080966425e-08
5.24358105811e-07
-6.82059744657e-08
5.1117936445e-07
-9.36210313568e-08
4.959230608e-07
-1.29165506609e-07
4.87745832233e-07
-1.89285017066e-07
5.15131996768e-07
5.68304815425e-07
-2.48854529041e-07
8.27558081018e-08
8.82169304619e-08
1.25967837584e-07
1.57449705656e-07
1.68191694726e-07
1.62605815844e-07
1.49553800481e-07
1.33843832282e-07
1.16645078575e-07
8.83126743135e-08
5.87475123023e-08
3.11160212832e-08
5.89618480175e-09
-1.81590900805e-08
-4.26926407375e-08
-7.01177456035e-08
-1.03419592618e-07
-1.5448763505e-07
-2.23321975742e-07
-2.73535310774e-07
2.13619198872e-07
5.79748933586e-07
2.41956235077e-07
5.14988380485e-07
2.73137670295e-07
4.55272811855e-07
3.09168600662e-07
4.01074883109e-07
3.47914373338e-07
3.50859429038e-07
3.8481891895e-07
3.00781339458e-07
4.19082199611e-07
2.5167957723e-07
4.51825281424e-07
2.0663462525e-07
4.85816407543e-07
1.68458138079e-07
5.25884893595e-07
1.40104087304e-07
5.70917510114e-07
1.17950989163e-07
6.09182819722e-07
1.06237211339e-07
6.16412014289e-07
1.29749308563e-07
5.16942395951e-07
2.68111609303e-07
-1.35961937369e-07
9.67138972198e-07
-5.39704454094e-08
-7.69268572324e-08
-3.23642905041e-08
-1.12093258881e-07
-2.00255490461e-08
-1.10003305742e-07
-9.85645357182e-09
-1.01175152059e-07
-8.66062152877e-08
2.31324594747e-07
5.50030493218e-07
2.60026417039e-07
4.85974716194e-07
2.89072799565e-07
4.25918900727e-07
3.19968662321e-07
3.69871255532e-07
3.53009071165e-07
3.17508390656e-07
3.85845912515e-07
2.67638406844e-07
4.17049704896e-07
2.20182141352e-07
4.46996161836e-07
1.7640785937e-07
4.77056352766e-07
1.38126964893e-07
5.09630091449e-07
1.07270503417e-07
5.42786037238e-07
8.45774700028e-08
5.54769938601e-07
9.40487681659e-08
4.40555833027e-07
2.43664066849e-07
-8.1187915639e-08
7.89500575147e-07
-2.89784090065e-08
9.1477950275e-07
-4.54545166694e-09
-1.01524297982e-07
-3.9256062905e-09
-1.12719016987e-07
-3.45246128032e-09
-1.1047667002e-07
-2.06839465421e-09
-1.0255942045e-07
-8.86746140557e-08
2.47409813627e-07
5.22871752979e-07
2.74221710964e-07
4.58881907664e-07
3.01206967644e-07
3.98667170802e-07
3.28432462135e-07
3.42394323736e-07
3.55867281706e-07
2.89837185349e-07
3.82612946722e-07
2.4066998961e-07
4.07590715648e-07
1.94998995685e-07
4.30044338154e-07
1.53764486356e-07
4.49126089221e-07
1.18876395853e-07
4.64888867779e-07
9.13525600065e-08
4.66651433371e-07
8.26776174454e-08
3.38698208083e-07
2.21747648455e-07
-5.45336589791e-07
1.12730273626e-06
-7.96189843604e-07
1.0399731679e-06
4.46176773679e-08
7.36332094683e-08
3.45887872773e-08
-9.16321597561e-08
2.33690601767e-08
-1.01503878673e-07
1.38042766252e-08
-1.0091181762e-07
6.1103346272e-09
-9.48654115399e-08
-8.25642825109e-08
2.55711204821e-07
5.00195095701e-07
2.78904078352e-07
4.35435060915e-07
3.0266261659e-07
3.74672983656e-07
3.26676101214e-07
3.18162094328e-07
3.50537389694e-07
2.65770594001e-07
3.73559857366e-07
2.17458660173e-07
3.94574174175e-07
1.73808597611e-07
4.12140030367e-07
1.36043372863e-07
4.2413108886e-07
1.0673947851e-07
4.20951164472e-07
9.44011211194e-08
3.44272807737e-07
1.59126624033e-07
-3.08993557079e-07
8.74621014956e-07
-1.77830629684e-07
9.95761001142e-07
-7.56863800179e-08
9.37482805468e-07
3.97422625954e-08
-4.20897320319e-08
3.35136613005e-08
-8.54340677924e-08
2.43477881134e-08
-9.23382262495e-08
1.49602735791e-08
-9.1524282908e-08
6.54316883109e-09
-8.64482761003e-08
-7.60211157665e-08
2.52231663764e-07
4.82154105677e-07
2.71569205816e-07
4.15863899955e-07
2.91931429787e-07
3.54095003606e-07
3.13002939787e-07
2.96889475031e-07
3.34133729115e-07
2.44458161105e-07
3.54190704572e-07
1.97229870386e-07
3.7154839119e-07
1.5629859726e-07
3.82638620701e-07
1.2481165621e-07
3.75907453741e-07
1.13339926686e-07
2.98523746743e-07
1.71543634175e-07
-2.58852198611e-07
7.16096924905e-07
-2.01155823573e-07
8.16526526793e-07
-1.08794539818e-07
9.03024955603e-07
2.62456950855e-08
8.02081572338e-07
4.71383169275e-08
-6.31736588273e-08
3.8203230147e-08
-7.6515109513e-08
2.76537208122e-08
-8.17888015526e-08
1.71351342271e-08
-8.10056600978e-08
7.6033129576e-09
-7.69164106719e-08
-6.84178054165e-08
2.36657560589e-07
4.68323175856e-07
2.52302640983e-07
3.99999246742e-07
2.69516916845e-07
3.36675722007e-07
2.87553785061e-07
2.7866962432e-07
3.05318667164e-07
2.26523476212e-07
3.21086871653e-07
1.81313150937e-07
3.32667662365e-07
1.44582148211e-07
3.25084607802e-07
1.32259652685e-07
2.30211953687e-07
2.07934157515e-07
-2.83657838734e-07
6.84975310785e-07
-2.92889524237e-07
7.24905840448e-07
-2.52413582651e-07
7.75651191495e-07
-7.17403596356e-08
7.21968225131e-07
6.39101755953e-08
6.66067467938e-07
5.38472974717e-08
-5.33118410364e-08
4.26496425869e-08
-6.53298800136e-08
3.07558344088e-08
-6.989503378e-08
1.91980739992e-08
-6.9447889997e-08
8.65528546028e-09
-6.63736007429e-08
-5.97625240022e-08
2.09035763752e-07
4.58260726713e-07
2.21340570599e-07
3.87480808729e-07
2.35203865383e-07
3.22622658037e-07
2.49507689542e-07
2.64190021109e-07
2.62491560787e-07
2.13385889949e-07
2.71653813309e-07
1.72010903132e-07
2.63892665128e-07
1.52201236452e-07
1.65581067169e-07
2.30265731389e-07
-3.38846489231e-07
7.11897445709e-07
-3.88729976377e-07
7.34418102071e-07
-4.39484685097e-07
7.7524240424e-07
-4.35175471325e-07
7.70940724936e-07
-4.15113056448e-07
7.01527126238e-07
7.32817430411e-08
1.77304917852e-07
5.76688389909e-08
-3.78168366534e-08
4.49124727775e-08
-5.25775601977e-08
3.21828425772e-08
-5.71654530497e-08
2.01706694733e-08
-5.74357521201e-08
9.20173953362e-09
-5.54046897561e-08
-5.05607888298e-08
1.69781024001e-07
4.52028879665e-07
1.78500538641e-07
3.78558046514e-07
1.88371698621e-07
3.12565595915e-07
1.97761956034e-07
2.54635401412e-07
2.0380790776e-07
2.07191030756e-07
1.95487025321e-07
1.80178747383e-07
1.45347075238e-07
2.02021691528e-07
-2.99348606413e-07
6.74473565295e-07
-2.97922458764e-07
7.10007070453e-07
-2.96944388264e-07
7.3300088379e-07
-2.35915214534e-07
7.13791492177e-07
-1.41060327193e-07
6.75688286282e-07
-4.31116481562e-08
6.03195106431e-07
6.21430797054e-08
7.17391467699e-08
5.16252267936e-08
-2.73581457837e-08
4.01534909999e-08
-4.11070012947e-08
2.87804877119e-08
-4.57924903495e-08
1.81109537256e-08
-4.67662754791e-08
8.316180449e-09
-4.56099464659e-08
-4.22446121521e-08
1.19301180574e-07
4.50132459787e-07
1.233483772e-07
3.74311875588e-07
1.27546504893e-07
3.08191311048e-07
1.28395750759e-07
2.53624561749e-07
1.18981313075e-07
2.16431601139e-07
7.56852438575e-08
2.23160923611e-07
-2.87571864907e-07
5.64789134259e-07
-2.86538260806e-07
6.72951406991e-07
-2.87240347957e-07
7.10246130473e-07
-2.46908705087e-07
6.92225693081e-07
-1.94705314086e-07
6.61169127443e-07
-1.1798267522e-07
5.98565165137e-07
3.05828307567e-08
4.54244688177e-07
6.09728714074e-08
4.11229330104e-08
4.8478124029e-08
-1.48898957061e-08
3.69406137522e-08
-2.95697661875e-08
2.63819742287e-08
-3.52339163193e-08
1.66779496467e-08
-3.70622949842e-08
7.75029057878e-09
-3.66823031622e-08
-3.44943265467e-08
5.99473808773e-08
4.53807582089e-07
5.66531764033e-08
3.77409846881e-07
5.13113383582e-08
3.13354164965e-07
3.8027282789e-08
2.66710002692e-07
4.9290756832e-09
2.49227292932e-07
-7.33901110729e-08
3.0103208451e-07
-1.41394609278e-07
6.32291089192e-07
-2.09435224813e-07
7.40504099491e-07
-2.28726902441e-07
7.29071511385e-07
-2.35339988422e-07
6.98396624709e-07
-2.24317596202e-07
6.4972409645e-07
-2.10550408455e-07
5.84397483113e-07
5.63518699294e-08
1.86979285766e-07
6.17367714895e-08
3.5596041474e-08
4.87039971133e-08
-1.86720272015e-09
3.61502243388e-08
-1.70160790564e-08
2.54623398303e-08
-2.45460642972e-08
1.60520035576e-08
-2.76520535574e-08
7.52847396614e-09
-2.81588219015e-08
-2.69658530815e-08
-9.09725462059e-09
4.650816791e-07
-2.29339868418e-08
3.91035257031e-07
-4.31516724027e-08
3.33347787565e-07
-7.49357281788e-08
2.98195170449e-07
-1.16526622193e-07
2.90432028855e-07
-1.56172010822e-07
3.4022872888e-07
-1.15314904282e-07
5.90937986486e-07
-1.4391878431e-07
7.68619075306e-07
-1.71321434418e-07
7.56008875894e-07
-1.93322793085e-07
7.19953315617e-07
-2.02520526258e-07
6.58499986536e-07
1.14652170721e-08
3.70010664762e-07
6.8406117776e-08
1.2975199968e-07
6.58160626849e-08
3.81132671631e-08
5.14547072733e-08
1.24913124836e-08
3.69703588605e-08
-2.53171246176e-09
2.53413836141e-08
-1.29170881388e-08
1.58243285822e-08
-1.81349707962e-08
7.47801180782e-09
-1.9812430914e-08
-1.94878414781e-08
-8.6764716305e-08
4.87923599021e-07
-1.15042039736e-07
4.19058409296e-07
-1.49153550647e-07
3.67161977163e-07
-1.84044641568e-07
3.32739226529e-07
-2.13321167478e-07
3.1932666359e-07
-2.26570125778e-07
3.53053115536e-07
-1.20105918594e-07
4.83997567139e-07
-1.00953802731e-07
7.48978583983e-07
-1.1295788593e-07
7.67546545196e-07
-1.0906995451e-07
7.15621476382e-07
-7.09726112238e-08
6.19978571141e-07
4.91317806614e-08
2.49546155439e-07
7.78469009254e-08
1.00852910723e-07
7.00888833965e-08
4.58431411407e-08
5.47300353821e-08
2.78496895091e-08
3.83347410928e-08
1.38635920902e-08
2.51791468498e-08
2.38547058791e-10
1.53415817394e-08
-8.29739773333e-09
7.24415586366e-09
-1.1714931817e-08
-1.22436798853e-08
-1.621008175e-07
5.21937577589e-07
-1.99421247973e-07
4.56071397056e-07
-2.35803705315e-07
4.03214930188e-07
-2.66335305111e-07
3.62927661254e-07
-2.86572767566e-07
3.39212157118e-07
-2.89636953665e-07
3.55732455352e-07
-2.5116179892e-07
4.45079749664e-07
-1.2237825816e-07
6.19718031477e-07
-1.37246321624e-07
7.81948223395e-07
-1.65270316327e-07
7.43200167427e-07
1.52243092153e-08
4.39073662844e-07
7.53084418448e-08
1.89187377511e-07
8.47478071617e-08
9.13235019455e-08
7.3366419161e-08
5.72183483234e-08
5.68689232262e-08
4.43471713475e-08
3.89780951361e-08
3.17544232364e-08
2.43978813662e-08
1.4818939737e-08
1.42084756864e-08
1.89212262236e-09
6.65745650413e-09
-4.16370215556e-09
-5.58621216808e-09
-2.15621575689e-07
5.58526729913e-07
-2.52087699181e-07
4.92195049556e-07
-2.84753244686e-07
4.35547020199e-07
-3.10647981004e-07
3.88502284053e-07
-3.27159713523e-07
3.55416851787e-07
-3.28868925408e-07
3.57104761789e-07
-3.00259418587e-07
4.16070364248e-07
-2.1072913192e-07
5.29740093692e-07
-1.01379667929e-07
6.72142490184e-07
-3.93791036756e-08
6.80766911378e-07
5.15370682498e-08
3.47794760807e-07
8.507615851e-08
1.55480206269e-07
8.4269170714e-08
9.21054406872e-08
7.13458094934e-08
7.01413107492e-08
5.47807596498e-08
6.09121882397e-08
3.66474228584e-08
4.98879829146e-08
2.16813192328e-08
2.97850632733e-08
1.18711211835e-08
1.17026059953e-08
5.35825606265e-09
2.3494143219e-09
-2.27982940782e-10
-2.37647893575e-07
5.87670304248e-07
-2.65503112136e-07
5.19696221195e-07
-2.90310406608e-07
4.60023293893e-07
-3.10049728217e-07
4.07939661378e-07
-3.23567342701e-07
3.68655570662e-07
-3.2133238288e-07
3.54571425302e-07
-2.91340772487e-07
3.85718793268e-07
-2.29140156441e-07
4.67124428558e-07
-1.23824421661e-07
5.66395607573e-07
-1.31380883561e-08
5.69668195364e-07
6.31007939991e-08
2.71262500085e-07
8.07846158521e-08
1.37724923391e-07
7.49666301255e-08
9.79207318904e-08
6.27385945658e-08
8.23693000225e-08
4.74678482525e-08
7.6182907648e-08
3.07724646528e-08
6.65830838834e-08
1.64560680786e-08
4.4101666944e-08
7.86711643246e-09
2.02911307875e-08
3.13740910623e-09
7.07842028919e-09
2.90929743533e-09
-2.34094282633e-07
6.04493247438e-07
-2.50929115128e-07
5.36169531686e-07
-2.66059412598e-07
4.7482031015e-07
-2.78078926528e-07
4.1965881164e-07
-2.85488147673e-07
3.75789489615e-07
-2.79620002745e-07
3.48432121123e-07
-2.47589813595e-07
3.53370267215e-07
-1.85117126983e-07
4.04270816895e-07
-9.45195264841e-08
4.75394707506e-07
6.91766015635e-09
4.6783946569e-07
6.01192271784e-08
2.17859280224e-07
6.75492840331e-08
1.30275041848e-07
6.16903242244e-08
1.0377943674e-07
5.10770678787e-08
9.29824627841e-08
3.77714971756e-08
8.94883281728e-08
2.35307951295e-08
8.08240217989e-08
1.08888563746e-08
5.67432722271e-08
3.28248144103e-09
2.78974279729e-08
1.24496717302e-10
1.02341183158e-08
3.03320349818e-09
-2.15766691239e-07
6.09443914412e-07
-2.21609844553e-07
5.41645529192e-07
-2.27050389163e-07
4.79919872722e-07
-2.30527238513e-07
4.22827807905e-07
-2.30343455991e-07
3.75324757065e-07
-2.22364269656e-07
3.40188503205e-07
-1.95507395358e-07
3.26227991233e-07
-1.44086843209e-07
3.5249870111e-07
-7.04110598885e-08
4.01325337473e-07
2.27255894003e-08
3.74315926318e-07
5.4705615288e-08
1.8575005362e-07
5.71983614244e-08
1.27776712492e-07
5.1589661817e-08
1.09387976976e-07
4.15872961969e-08
1.02984671919e-07
2.96827976072e-08
1.01392701586e-07
1.79868600362e-08
9.25194129891e-08
8.27206366779e-09
6.64578974313e-08
2.60652781446e-09
3.35619214907e-08
-9.83783579738e-10
1.38129627168e-08
2.04656434072e-09
-1.8483852975e-07
6.05289451252e-07
-1.82242121266e-07
5.38678486823e-07
-1.79524411495e-07
4.76855957163e-07
-1.7563996435e-07
4.18630211779e-07
-1.69472484391e-07
3.68873030634e-07
-1.59426981393e-07
3.29876696117e-07
-1.39084274368e-07
3.05613699748e-07
-1.01218248954e-07
3.14299300405e-07
-4.56112102085e-08
3.45334054942e-07
3.22560887982e-08
2.96086766015e-07
5.11257200955e-08
1.66797297977e-07
5.11799087152e-08
1.27720381487e-07
4.45059388113e-08
1.16061742683e-07
3.40419292873e-08
1.13448496293e-07
2.28698253041e-08
1.12564566615e-07
1.34881161495e-08
1.01900944328e-07
7.00269335212e-09
7.29427260148e-08
4.14946101615e-09
3.64144115113e-08
1.47704647052e-09
1.64543674327e-08
3.50947270448e-09
-1.39684142329e-07
5.97178643104e-07
-1.3267335865e-07
5.31296318685e-07
-1.24961414085e-07
4.68797709272e-07
-1.16388342844e-07
4.09745696733e-07
-1.07009566686e-07
3.59213281274e-07
-9.60916889162e-08
3.18695139302e-07
-8.05941403605e-08
2.89851104507e-07
-5.45192211123e-08
2.87902728859e-07
-1.41834083863e-08
3.04618289888e-07
4.04452004047e-08
2.4115626547e-07
5.14636093821e-08
1.55731589921e-07
4.81945385631e-08
1.30988475888e-07
3.89639672463e-08
1.25292107204e-07
2.70519324329e-08
1.25360328248e-07
1.62176073209e-08
1.2339870777e-07
9.18749531695e-09
1.08930775529e-07
5.59768591625e-09
7.65320989123e-08
4.7322414013e-09
3.7279080158e-08
4.91960021383e-09
1.62244854308e-08
8.38556601561e-09
-8.12084653467e-08
5.90030698605e-07
-7.37813959098e-08
5.2349985648e-07
-6.44261807007e-08
4.59102086826e-07
-5.42955455236e-08
3.99314262228e-07
-4.4612961258e-08
3.49260831634e-07
-3.51275950641e-08
3.0895514743e-07
-2.43032379124e-08
2.78769966077e-07
-7.40018761634e-09
2.70688527546e-07
2.18054672818e-08
2.7504573651e-07
5.29532806149e-08
2.09787436073e-07
5.57463363012e-08
1.52915295805e-07
4.75620598787e-08
1.39172326082e-07
3.46414035431e-08
1.38212605746e-07
2.08667990243e-08
1.39134787884e-07
1.08531880201e-08
1.33412164265e-07
6.760760244e-09
1.1302272885e-07
5.7001572377e-09
7.75923869709e-08
5.49292042569e-09
3.7485276728e-08
3.77582022107e-09
1.79018169486e-08
1.20761908834e-08
-1.40593755805e-08
5.8650601245e-07
-8.90866930253e-09
5.17983757519e-07
-7.67087153211e-10
4.50632081867e-07
8.14402128454e-09
3.90121122217e-07
1.57711522409e-08
3.41380910897e-07
2.21906406267e-08
3.02294198912e-07
2.83161525962e-08
2.72399030697e-07
3.81572234453e-08
2.60551197751e-07
5.65575953591e-08
2.56310699953e-07
6.86160083992e-08
1.97576529879e-07
6.2773360875e-08
1.58746764311e-07
4.89663863422e-08
1.52979018992e-07
3.22237615681e-08
1.54955130025e-07
1.71900028042e-08
1.54168420508e-07
9.60330964239e-09
1.40998767891e-07
9.74877813035e-09
1.12877464594e-07
1.16530314538e-08
7.56878045362e-08
1.23845129604e-08
3.67538785702e-08
-1.30173419672e-10
3.03655191115e-08
1.18549987035e-08
5.57510396507e-08
5.87404137643e-07
5.77292880659e-08
5.15646056916e-07
6.34064251309e-08
4.44641782022e-07
7.01466098481e-08
3.83120913032e-07
7.50312990608e-08
3.36261920989e-07
7.79292229329e-08
2.99169943049e-07
7.93834446331e-08
2.70713828958e-07
8.30559376077e-08
2.56605469267e-07
9.03831413062e-08
2.48692230151e-07
8.68383010841e-08
2.01010036601e-07
7.26201124484e-08
1.7295839091e-07
5.31703486813e-08
1.72428677129e-07
3.27345394131e-08
1.75390942159e-07
1.73201759776e-08
1.69582781598e-07
1.31922197442e-08
1.45126762623e-07
1.70522069957e-08
1.09017064973e-07
2.05806452646e-08
7.21595230828e-08
1.58216577029e-08
4.15116554651e-08
-4.04128157239e-09
5.01038804943e-08
7.72033710037e-09
1.24158730838e-07
5.92034341243e-07
1.24235030306e-07
5.15214088619e-07
1.28609191514e-07
4.39967254905e-07
1.33906843779e-07
3.77583037411e-07
1.36867564684e-07
3.33083509772e-07
1.36714258055e-07
2.99112549698e-07
1.33728372574e-07
2.7348706277e-07
1.30896885151e-07
2.59195467487e-07
1.27685464107e-07
2.51654435157e-07
1.10481450616e-07
2.18117639785e-07
8.82509495357e-08
1.95182540806e-07
6.37699511391e-08
1.96909475025e-07
4.01311369534e-08
1.99029834851e-07
2.55821002656e-08
1.84131812837e-07
2.54178340488e-08
1.45291105332e-07
3.18249662166e-08
1.02610412451e-07
3.34793329068e-08
7.05053199841e-08
1.78237167768e-09
7.31735908538e-08
-7.0694173612e-09
5.87862412524e-08
6.16657686391e-10
1.90828149563e-07
5.96118233697e-07
1.93493793395e-07
5.12186178805e-07
2.00247374671e-07
4.32919481128e-07
2.06404754003e-07
3.7119914839e-07
2.09291971127e-07
3.29993779881e-07
2.07410957429e-07
3.00798870226e-07
2.0081891645e-07
2.7988795048e-07
1.91011580054e-07
2.68800039478e-07
1.76782995604e-07
2.65674268413e-07
1.45661829292e-07
2.49140627519e-07
1.13269999305e-07
2.27565705874e-07
8.3633313111e-08
2.26545957653e-07
5.7397250641e-08
2.2526600434e-07
4.54340980317e-08
1.96095046732e-07
4.97017154158e-08
1.41023592499e-07
5.39846894317e-08
9.83275336521e-08
2.1415988409e-08
1.03059663816e-07
-1.3338254634e-08
1.07742161533e-07
-3.76520067683e-09
4.90449001689e-08
-3.1554276783e-09
2.6161629126e-07
5.88897466734e-07
2.74638889542e-07
4.98787192592e-07
2.88483484983e-07
4.18784990156e-07
2.99116162263e-07
3.60349679603e-07
3.04848756752e-07
3.24073529157e-07
3.04149953364e-07
3.01320248502e-07
2.96064209544e-07
2.87804814828e-07
2.8034679857e-07
2.84353494795e-07
2.51236803919e-07
2.94620434203e-07
1.98349949628e-07
3.01918516349e-07
1.426599978e-07
2.83237719117e-07
1.04216645815e-07
2.64988569355e-07
7.60554515392e-08
2.53427238329e-07
6.81583683112e-08
2.03992034163e-07
5.87038931846e-08
1.50477889145e-07
2.03946804043e-08
1.36615687672e-07
-2.50030760871e-08
1.48291799691e-07
-2.49710274837e-08
1.07547872362e-07
-5.672952376e-09
2.96509312605e-08
-8.83449354653e-09
3.41058368318e-07
5.62476725689e-07
3.70231463879e-07
4.69241059943e-07
3.96098142334e-07
3.92640241644e-07
4.1609437458e-07
3.40149920574e-07
4.29404596388e-07
3.10591055143e-07
4.36043682346e-07
2.94521359226e-07
4.33797840708e-07
2.89902555852e-07
4.15523077456e-07
3.02492429259e-07
3.69908960375e-07
3.40095251586e-07
2.79781375669e-07
3.91915508426e-07
1.62344481653e-07
4.00621607121e-07
9.43969448645e-08
3.32931841616e-07
6.03223200053e-08
2.87501310632e-07
1.50947558926e-08
2.49216442403e-07
-4.5844361037e-08
2.11347287306e-07
-1.02059448262e-07
1.9264345315e-07
-7.70681500549e-08
1.23106704487e-07
-3.80882127999e-08
6.839101494e-08
-1.63447453255e-08
7.82191239293e-09
-2.51863659341e-08
4.11457074581e-07
5.14713794337e-07
4.56965011475e-07
4.23393558663e-07
4.95292447452e-07
3.54073797816e-07
5.24589144582e-07
3.10676465968e-07
5.4968147855e-07
2.85337730011e-07
5.6682092403e-07
2.77233388419e-07
5.53553391266e-07
3.0302962275e-07
5.018789774e-07
3.53994736467e-07
4.19462918285e-07
4.22271689138e-07
3.03275535086e-07
5.07810390212e-07
1.35394982299e-07
5.68206924131e-07
2.20286046235e-08
4.46066900751e-07
-6.63508356322e-08
3.75721339905e-07
-1.7955010228e-07
3.62186468366e-07
-2.5649632271e-07
2.88028655712e-07
-1.98519341671e-07
1.34404143916e-07
-1.21597651732e-07
4.59582751705e-08
-5.33447340584e-08
-5.12002010744e-11
-2.07151675832e-08
-2.49371997834e-08
-4.59094321803e-08
4.4556722826e-07
4.56348206913e-07
4.95340318161e-07
3.73363005183e-07
5.31619144775e-07
3.1761692312e-07
5.60707932367e-07
2.81427717848e-07
5.70705435474e-07
2.75196098427e-07
5.44241496559e-07
3.03518060965e-07
4.67519261857e-07
3.79437182372e-07
3.2321735657e-07
4.97892338646e-07
1.41068125637e-07
6.03978255923e-07
1.43160297282e-08
6.34117651228e-07
-6.06243989097e-08
6.42705010668e-07
-1.80754152737e-07
5.65782455709e-07
-2.97161132683e-07
4.91745277513e-07
-3.25769038815e-07
3.90426480662e-07
-2.19683603988e-07
1.81625704868e-07
-1.28618707089e-07
4.30795949786e-08
-6.62759821314e-08
-1.65938812062e-08
-2.70741757643e-08
-3.94237414324e-08
-7.17886734306e-09
-4.49728617643e-08
-5.30980425246e-08
4.32032208973e-07
4.02282794367e-07
4.7066995554e-07
3.34543718068e-07
4.95435763489e-07
2.92680281321e-07
4.91010394151e-07
2.85692786739e-07
4.27958397831e-07
3.37952627403e-07
2.22649360124e-07
5.08350015716e-07
-1.93300970009e-08
6.20815050167e-07
-1.67151366928e-07
6.45102907712e-07
-2.06795671257e-07
6.43033919779e-07
-2.03398583133e-07
6.3015774759e-07
-1.7266761583e-07
6.11436948411e-07
-1.63119525262e-07
5.55723901034e-07
-1.52798742354e-07
4.80942019003e-07
-9.91327573323e-08
3.36323217992e-07
-2.40235704946e-08
1.06162699809e-07
8.66060779859e-10
1.79168159572e-08
6.39340065738e-09
-2.23313729313e-08
6.09540058603e-09
-3.92838891622e-08
4.22128698248e-09
-4.32298413794e-08
-4.88913320066e-08
3.75526285928e-07
3.64014907768e-07
3.98709019634e-07
3.1118503313e-07
3.89592698548e-07
3.01604253149e-07
2.75868561757e-07
3.99008694478e-07
-3.40806802005e-08
6.47254795565e-07
-2.24078504671e-07
6.97663602049e-07
-2.93070932318e-07
6.89148156839e-07
-3.09039249674e-07
6.60442794512e-07
-2.85436105484e-07
6.18834504568e-07
-2.34273008508e-07
5.7843003272e-07
-1.67848907371e-07
5.44475319027e-07
-1.13286087368e-07
5.00649275597e-07
-5.79498236385e-08
4.25122536397e-07
5.00826076909e-09
2.72936051552e-07
2.67863975794e-08
8.40480821933e-08
2.84304018411e-08
1.60136856561e-08
2.24434576627e-08
-1.65410728965e-08
1.48607743501e-08
-3.18439104283e-08
7.60776611256e-09
-3.60922277339e-08
-4.13013353986e-08
2.90337436257e-07
3.41820561322e-07
2.83532389649e-07
3.17786631486e-07
1.47854880663e-07
4.36806315058e-07
-1.85081421706e-07
7.3122317831e-07
-3.07999204017e-07
7.69446758334e-07
-3.61352947344e-07
7.50324801268e-07
-3.73022983256e-07
7.00158541068e-07
-3.43425979129e-07
6.30221068285e-07
-2.87521414209e-07
5.62342104728e-07
-2.20668453597e-07
5.11022334734e-07
-1.50819001803e-07
4.74098239278e-07
-9.05138616883e-08
4.39839794468e-07
-2.84615034349e-08
3.62597634616e-07
2.26191999885e-08
2.21447176996e-07
3.3978255436e-08
7.23744784173e-08
3.15369362635e-08
1.82165146754e-08
2.44393762513e-08
-9.62098351947e-09
1.60380616692e-08
-2.35676085338e-08
8.27060673891e-09
-2.84205855696e-08
-3.30506728621e-08
1.78426158321e-07
3.42259633061e-07
8.87062094485e-08
4.07036036365e-07
-2.39637872043e-07
7.64389837408e-07
-3.45605995493e-07
8.36428769502e-07
-3.97877265687e-07
8.20991768355e-07
-4.09984917444e-07
7.61740046356e-07
-3.82513576312e-07
6.72033566982e-07
-3.29020853988e-07
5.76118506588e-07
-2.65639148645e-07
4.98390847803e-07
-2.00668736017e-07
4.45515142566e-07
-1.38815883213e-07
4.11734530918e-07
-8.68685072461e-08
3.87402313192e-07
-4.14552346993e-08
3.16729497387e-07
2.83108693991e-08
1.51296191437e-07
3.44768061153e-08
6.5918211716e-08
3.06810681415e-08
2.17992089155e-08
2.34008062307e-08
-2.49375785259e-09
1.52592105129e-08
-1.55303120348e-08
7.87812933455e-09
-2.11136727062e-08
-2.51924609921e-08
4.26766968209e-08
3.79207801321e-07
-2.5163918071e-07
7.00596527632e-07
-3.42479067472e-07
8.54440529575e-07
-3.90287983917e-07
8.8347574751e-07
-4.07523587807e-07
8.37501756201e-07
-3.90820123132e-07
7.44351418006e-07
-3.46909440245e-07
6.27486470222e-07
-2.9170728246e-07
5.20327685413e-07
-2.3019188384e-07
4.36327409562e-07
-1.65974445821e-07
3.80781936366e-07
-1.02642577473e-07
3.47910995618e-07
-4.20565853841e-08
3.26343519025e-07
9.74507620436e-09
2.64493264963e-07
2.98468622449e-08
1.30832682921e-07
3.28277117196e-08
6.26749767845e-08
2.86193052237e-08
2.58246603812e-08
2.14037831817e-08
4.59722032631e-09
1.38760149139e-08
-8.08445346049e-09
7.03213758542e-09
-1.43242476438e-08
-1.81762939731e-08
-1.05032004048e-07
4.57744037188e-07
-2.53521285192e-07
8.48295037465e-07
-3.30575203717e-07
9.30710904289e-07
-3.57917942256e-07
9.10065810823e-07
-3.62208977761e-07
8.41077838572e-07
-3.41692751868e-07
7.23168747795e-07
-3.09456979542e-07
5.94637288124e-07
-2.72470600285e-07
4.82776534103e-07
-2.29614340018e-07
3.92947957542e-07
-1.66335379688e-07
3.17012196069e-07
-9.22605520634e-08
2.73368398464e-07
-3.93318609117e-08
2.72964018154e-07
2.21228289819e-08
2.0262675507e-07
3.03644721971e-08
1.22252169121e-07
3.09643892849e-08
6.18439804004e-08
2.62955852697e-08
3.03445036259e-08
1.9456828898e-08
1.1341270875e-08
1.24959466474e-08
-1.18357201298e-09
6.24758940062e-09
-8.11364313802e-09
-1.19389566455e-08
-2.79616222268e-07
6.16893876316e-07
-3.0853119522e-07
8.76428610108e-07
-3.1627455798e-07
9.37688348976e-07
-3.13657395414e-07
9.06715941895e-07
-3.02341769966e-07
8.29069459274e-07
-2.85040708958e-07
7.05226616556e-07
-2.71106420821e-07
5.80115893979e-07
-2.5308249004e-07
4.64214799245e-07
-1.86265203693e-07
3.25636461867e-07
-1.20629470096e-07
2.50917128748e-07
-5.63995199506e-08
2.08701171455e-07
1.44939502205e-08
2.01646327438e-07
2.69652823342e-08
1.89764375185e-07
2.81419846436e-08
1.20759962558e-07
2.78713048286e-08
6.19205514059e-08
2.3318609749e-08
3.47847045462e-08
1.73645477844e-08
1.72291023547e-08
1.11485636083e-08
4.991798934e-09
5.52884042632e-09
-2.51848481349e-09
-6.41545343287e-09
-2.22581540466e-07
6.37775917955e-07
-2.41999711891e-07
8.9509043689e-07
-2.43115608267e-07
9.38066007774e-07
-2.31650157494e-07
8.94545877222e-07
-2.1123825295e-07
8.07994001672e-07
-1.89124200408e-07
6.82502068205e-07
-1.28160696201e-07
5.18595305255e-07
-5.38801070324e-08
3.8942940625e-07
-2.2887258166e-08
2.94185699039e-07
6.91005968459e-10
2.26918496458e-07
1.93935020558e-08
1.89600243039e-07
3.37809164477e-08
1.86865077066e-07
2.33746059219e-08
1.99791946478e-07
2.38740515866e-08
1.19972386158e-07
2.33284498944e-08
6.23164056083e-08
1.9753349089e-08
3.8284164884e-08
1.49445482877e-08
2.19966156078e-08
9.71558958542e-09
1.01954931502e-08
4.81265521291e-09
2.36939153328e-09
-1.60503545744e-09
-2.67490741118e-07
6.55747297708e-07
-1.89062822415e-07
8.15947094074e-07
-1.74972724033e-07
9.23273213602e-07
-1.59138234745e-07
8.78041293e-07
-1.25335196134e-07
-5.06877526088e-08
-5.82871578994e-09
2.00445849757e-08
4.01229025368e-08
5.44529908325e-08
6.08081022033e-08
5.21482054447e-08
1.51431698947e-08
1.75728900292e-08
1.78459318574e-08
1.55085334244e-08
1.18836679803e-08
7.85453495998e-09
3.94725510135e-09
-2.89408466722e-07
-2.49505116727e-07
-1.66116356222e-07
)
;

boundaryField
{
    emptyPatch
    {
        type            empty;
        value           nonuniform List<scalar> 0();
    }
    minY
    {
        type            calculated;
        value           nonuniform List<scalar> 0();
    }
    maxY
    {
        type            calculated;
        value           nonuniform List<scalar> 0();
    }
    maxX
    {
        type            calculated;
        value           uniform 0;
    }
    water_to_heater
    {
        type            calculated;
        value           uniform 0;
    }
    procBoundary1to0
    {
        type            processor;
        value           nonuniform List<scalar> 
41
(
4.05752266827e-07
5.34177323178e-07
5.97975121783e-07
6.91784331463e-07
7.96272200955e-07
8.75025277625e-07
9.35832185146e-07
9.81037417682e-07
9.52306651428e-07
7.65755125436e-07
6.5912207944e-07
6.02399243902e-07
5.71548100906e-07
5.55712586562e-07
5.48744675091e-07
5.38444790034e-07
5.29063204804e-07
5.3862391166e-07
5.83529338465e-07
6.17996869311e-07
7.73561625115e-07
6.07278825219e-07
4.73215709831e-07
3.63090179732e-07
2.73693635874e-07
2.12213710166e-07
1.82886439833e-07
1.95154628763e-07
2.36421906921e-07
1.17291069696e-07
6.19420732712e-08
4.05785848792e-08
2.55990200867e-08
1.42096559495e-08
6.26790164057e-09
2.34113058432e-09
6.71025529291e-07
7.75384426015e-07
8.39234515746e-07
-9.48715203939e-08
8.06176509259e-07
)
;
    }
    procBoundary1to3
    {
        type            processor;
        value           nonuniform List<scalar> 
41
(
-6.5723341587e-07
-6.69134935664e-07
-6.72305345076e-07
-6.69397097103e-07
-6.6527524348e-07
-6.63169790913e-07
-6.63124863969e-07
-6.63605086701e-07
-6.62816025982e-07
-6.61155701319e-07
-6.58244260489e-07
-6.53777634696e-07
-6.47515779951e-07
-6.83799344262e-07
-6.79301144419e-07
-6.64407165082e-07
-6.39491388029e-07
-6.29579166302e-07
-6.38895044349e-07
3.81032046525e-10
-6.57097344639e-07
-6.08489694553e-07
-5.43666714028e-07
-4.86813422755e-07
-4.37510958828e-07
-3.90072115905e-07
-3.38186939384e-07
-2.86456088601e-07
-2.39909698262e-07
-2.03028920029e-07
-1.80862573336e-07
-1.63777179722e-07
-1.45306648293e-07
-1.37859314533e-07
-1.69870086775e-07
-3.1566165583e-07
-5.84128462031e-09
9.04692986542e-08
9.76642486108e-08
9.10057647321e-08
7.67497479147e-08
)
;
    }
}


// ************************************************************************* //
