/*--------------------------------*- C++ -*----------------------------------*\
| =========                 |                                                 |
| \\      /  F ield         | OpenFOAM: The Open Source CFD Toolbox           |
|  \\    /   O peration     | Version:  2312                                  |
|   \\  /    A nd           | Website:  www.openfoam.com                      |
|    \\/     M anipulation  |                                                 |
\*---------------------------------------------------------------------------*/
FoamFile
{
    version     2.0;
    format      ascii;
    arch        "LSB;label=32;scalar=64";
    class       volScalarField;
    location    "0.32/water";
    object      rhom;
}
// * * * * * * * * * * * * * * * * * * * * * * * * * * * * * * * * * * * * * //

dimensions      [1 -3 0 0 0 0 0];

internalField   nonuniform List<scalar> 
6000
(
913.774198763
948.534513155
985.613234897
996.404667915
999.312128943
999.889642437
999.985420897
999.998858164
999.999976778
999.999999816
999.999999999
1000
1000
1000
1000
1000
1000
1000
1000
1000
693.767842673
869.368279102
946.082247766
981.680341055
994.155602987
998.403356477
999.628933024
999.933068674
999.99329491
999.999861121
999.999999611
999.999999999
1000
1000
1000
1000
1000
1000
1000
1000
693.682244294
826.448311402
914.262158359
963.421249845
985.83950793
995.194950486
998.624333002
999.68654341
999.953625115
999.997575724
999.999990483
999.999999988
1000
1000
1000
1000
1000
1000
1000
1000
693.682926074
787.734043127
875.266032708
936.156857902
971.17547758
988.772758363
996.345648057
999.048523494
999.824772365
999.984011509
999.99977379
999.999999738
1000
1000
1000
1000
1000
1000
1000
1000
699.931920854
764.379394967
835.840683053
899.474217123
946.327878171
975.778542844
991.086272233
997.438239416
999.466255368
999.935099533
999.997630925
999.999996015
999.999999997
1000
1000
1000
1000
1000
1000
1000
712.56799657
756.866650279
806.933432312
861.442338242
912.373802459
952.953725407
979.556810237
993.24288559
998.424697053
999.774770261
999.986561429
999.999915816
999.999999948
1000
1000
1000
1000
1000
1000
1000
725.20821607
758.57998813
791.588509484
831.575448175
877.292387406
922.514301212
959.516584568
983.73374029
995.467680805
999.236792205
999.939842765
999.998931721
999.999999327
1000
1000
1000
1000
1000
1000
1000
732.149401521
761.027685403
784.947722483
812.870841118
849.765292634
892.291072837
933.680719892
967.23497076
988.461781402
997.549209733
999.750289421
999.992000111
999.999990329
999.999999997
1000
1000
1000
1000
1000
1000
737.316404371
761.399746491
777.914833552
798.990057237
829.42358304
867.045550537
907.197147656
945.068583332
975.41272698
993.078618443
999.036295176
999.951772153
999.99961543
999.999999933
1000
1000
1000
1000
1000
1000
736.998891936
757.020381786
768.698177002
786.247069593
812.856717253
846.221271958
882.674628322
920.247547115
955.989690862
983.473485751
996.709519231
999.739055223
999.994526384
999.999998476
999.999999999
1000
1000
1000
1000
1000
721.795297432
744.821831566
758.209597844
773.977816722
797.198032981
826.912629166
859.978674655
895.176000128
931.856110833
966.721791593
990.378715106
998.759116682
999.948080811
999.99965656
999.999999945
1000
1000
1000
1000
1000
703.080582744
735.666189849
750.848836176
763.531430968
782.232153415
808.26638998
838.800107689
871.421378047
906.095119579
943.077670029
976.612446443
995.121164518
999.620058684
999.992454584
999.999996736
999.999999999
1000
1000
1000
1000
704.103661408
734.845844412
749.363467985
759.622709506
774.192049102
795.633992121
822.462246502
851.888126096
882.593724847
916.316890854
954.062817718
985.192696681
997.997273317
999.919930372
999.999447498
999.999999923
1000
1000
1000
1000
701.974762478
735.874692037
747.708274295
758.775554766
773.758890378
794.043323516
816.390157846
840.140080569
864.616094736
891.60034319
926.542748054
966.580589093
992.735053703
999.474901338
999.991281853
999.999995145
999.999999999
1000
1000
1000
703.938016136
738.835665624
747.275454742
758.896840065
775.030783117
795.865356003
817.398638036
836.016870047
853.389426788
872.594564624
901.095808999
942.841735649
981.859623828
997.853827636
999.936021257
999.999718043
999.999999971
1000
1000
1000
702.014122958
744.017673062
749.378525918
761.597938471
779.913040104
801.836480558
821.942302977
837.033362386
847.746898731
860.287322318
882.868775357
921.651504752
967.306361935
994.24449122
999.726383989
999.997577969
999.999999226
1000
1000
1000
704.028192373
750.725512422
756.753756212
770.130532127
790.071634383
812.444772716
829.915879226
839.483817885
844.952482629
853.261701896
872.038918377
907.011752955
953.612194373
989.05961065
999.244558743
999.989727847
999.999987449
999.999999997
1000
1000
702.753455293
757.827458195
769.314898859
784.753315288
804.480884352
824.634703512
837.266923362
841.020235972
842.990325333
848.776940322
864.876793879
896.615835572
942.464444511
983.364379595
998.458268668
999.970721067
999.999931122
999.999999981
1000
1000
704.21119822
763.447490525
779.057306756
796.936836731
815.219297214
831.082696445
839.002296166
840.33877293
840.164776286
843.776962664
857.237152652
885.863268687
931.15512739
976.643215008
997.17633589
999.923254471
999.999669741
999.999999945
1000
1000
704.142689204
767.065463991
781.584905488
798.517183297
815.958710958
830.615633123
837.057540317
836.218891485
834.317169483
835.866373083
845.803530155
870.284004427
914.032131883
965.249992894
994.293583004
999.754026022
999.997989747
999.999999868
1000
1000
712.776247889
770.026218096
780.107018744
794.252498269
810.53615841
823.956166758
828.791630625
827.173062507
825.230256022
826.2020437
832.526932222
848.489734726
884.801117976
941.305309548
986.104289093
998.99476584
999.984224131
999.999988588
1000
1000
726.50992392
767.787858163
769.284208251
776.750183268
791.854315567
806.967545709
814.145806197
816.024805506
818.22779139
823.949431062
828.336275936
830.579070014
847.495323686
899.269417883
964.625650539
995.664170597
999.867574733
999.999328359
999.999999983
1000
726.899644205
750.402569499
744.051538342
746.342119035
763.066866316
784.618491218
798.805351484
807.654157925
817.275547774
825.761983157
829.390728612
829.47510487
829.821017032
857.241115869
925.666256465
984.429211458
999.100899147
999.988767903
999.999994393
1000
718.917495042
720.830826543
711.583206038
715.193168226
735.671288209
763.849220177
786.165209554
802.777125742
818.633495897
831.917282724
835.237951528
830.992798436
829.862427523
834.677983073
884.649485623
961.098283203
995.879531161
999.896783944
999.999623179
999.999999988
704.389843158
697.787923717
690.016641951
695.371827955
715.844734351
747.100962281
776.150819999
800.37170215
822.4199865
841.790390764
845.537313873
838.098190749
830.444848466
831.220259493
861.128825827
933.083956977
987.92179373
999.436242589
999.994825467
999.999999447
691.875082583
688.001052498
683.926498118
686.763841335
703.677549586
735.476706562
769.381670932
800.065417205
828.051079501
849.455226776
850.421534022
847.207067063
836.194719306
832.913616459
852.217961347
911.382073462
975.993367505
998.131285257
999.969770846
999.999974696
682.740879081
684.519797133
683.530978922
684.167517425
698.400712478
729.903825245
766.989893347
801.914414127
835.337622426
850.421490914
850.540285925
850.421529197
846.272661168
838.638457372
850.105806359
896.707783736
963.060580824
995.726687928
999.892595816
999.99959383
674.375900348
683.311238674
683.444546989
684.126931468
698.083060427
729.439220202
767.89496108
807.665318246
843.733515135
850.538100324
850.421498983
850.697159691
850.415515079
847.005157844
849.566299056
884.136222448
949.81769075
992.152674268
999.714622803
999.99805226
667.646822356
683.414479211
683.547883986
684.763037525
699.719755856
731.978219048
773.319969155
817.167592529
849.466923473
850.421456639
850.802631747
850.421501116
850.794128386
850.421509134
847.272888361
870.520439307
934.6685102
986.84797099
999.324213248
999.993094432
665.53570005
685.765669747
683.638613276
687.400654533
705.500332275
740.25953193
784.567134736
829.325089852
850.421404096
850.682434266
850.421472393
851.040269731
850.421495697
850.829482468
837.996338768
852.940798109
915.939921491
978.52685939
998.443598611
999.977536099
662.493324328
689.821721519
686.632014694
693.278736151
715.526577446
753.609850829
799.385996202
841.532496876
850.54927567
850.421434078
851.04507827
850.421479187
851.242301174
850.421485909
825.440662023
836.135467326
894.474237084
965.825146812
996.538175246
999.929907827
662.000042907
694.898017483
693.680545581
702.802375872
728.840761505
769.754345796
815.215176651
849.219686484
850.421385403
850.919210956
850.421453716
851.339374389
850.421475472
848.699315519
818.831066002
825.745630416
874.313121083
949.809395204
993.082678911
999.801277373
659.682355804
700.650646291
704.297284895
717.004611192
745.674240192
787.636846214
830.985316452
850.421316645
850.743951148
850.421418806
851.279034926
850.421460417
851.462660884
837.912764999
818.445866734
820.555186664
859.796157879
934.27251624
988.046741355
999.509032546
661.66398171
707.534652762
716.349050822
734.552588039
765.572093358
806.419119681
844.620092656
850.599949615
850.421373127
851.17789069
850.421436727
851.482946726
850.421454218
827.578287852
818.345279142
818.789724072
851.871135607
921.812882051
981.855386716
998.949726395
658.970994972
716.521893652
730.256239794
754.183235737
787.290572126
824.656003023
850.40214588
850.421306344
851.030655201
850.421404266
851.482923848
850.421439912
848.042218831
818.783933499
818.445839711
819.036794508
847.50659133
911.222988947
974.700702693
998.036132714
661.230710003
728.6004692
747.668510381
775.4792821
808.038065474
838.876493282
850.421183744
850.898113725
850.421360354
851.411307903
850.421416035
851.484826268
831.507090358
818.445824305
818.402142517
819.520844998
842.403150339
898.892829676
966.026793043
996.705054437
658.970263803
745.727719602
770.160049913
797.9186612
823.943524983
843.965630195
850.684513631
850.421293684
851.31688151
850.421383043
851.465381831
846.099346138
826.970098245
821.021754249
819.891892932
819.373321145
833.096839382
881.945524755
954.89792328
994.79912382
661.662561757
769.714240205
797.192679723
819.368803652
832.639883439
842.556450381
847.795445519
846.773814142
844.080177563
844.085262095
845.846642571
842.665450077
836.546379001
831.904806134
825.350827937
817.124579726
817.838557218
861.119497056
940.570834992
991.784940158
660.887153491
799.039927007
818.449197999
829.850511692
832.59552069
834.120895348
833.621050293
832.529827348
834.487825455
841.212214807
849.17609727
853.59906424
853.311850903
845.767025559
829.483031418
810.263601986
804.833991399
842.673027133
921.970237323
986.465972351
677.967325222
823.475884583
825.724543733
829.035655878
826.593413936
825.920683052
828.027152701
831.635164385
838.450109435
850.760378897
863.406146023
869.116557867
866.329960612
853.300292746
827.964379068
804.730824214
804.912606271
826.829255212
898.988252889
977.182388781
735.512067275
825.265625758
825.503662305
821.618800383
818.334096394
825.775160903
832.471058948
840.632249875
853.904643593
868.471200467
877.245434387
878.989564682
873.71754138
856.475570847
825.951297505
804.912565887
804.601788307
807.172841553
873.940273032
962.039326879
785.718748736
820.720328854
807.582490383
802.3661591
816.873472433
834.657314803
847.028908551
858.964755431
871.74217003
880.892462917
884.566476636
884.836996465
879.249167679
860.870333656
827.433649419
804.76845079
804.912511964
804.643564175
853.126623673
939.375402396
770.702881568
752.839417501
751.806454046
773.179405564
811.643933001
838.378750881
857.282202231
870.438719462
880.462579397
886.456239772
888.457557312
888.684798271
885.283681841
870.558111674
836.182633191
807.135557981
804.580242996
804.912454825
835.539880992
910.405789248
684.021606957
650.990767505
679.442509534
710.848310503
760.034932309
809.57267388
847.792636645
869.292001345
881.237960594
888.243306022
890.590386082
890.77642991
889.771877829
883.45058531
854.41542243
816.614602222
804.912394269
804.58284186
814.510598223
878.467139971
595.800857243
603.222138259
625.227173223
641.204519687
665.109541288
711.635780413
783.719531747
843.860188083
874.018539658
887.390524812
891.481069046
891.551086325
891.311923744
890.379670672
876.197984411
834.142042143
804.769612378
804.912346392
804.68722402
848.912717871
571.732974896
593.55578347
604.777901512
610.176415509
617.927284778
639.608403411
694.893942685
781.855267545
846.987180626
880.860890559
891.640522514
891.739080624
891.60473546
891.518611382
889.259795018
856.070236443
809.330601351
804.586535426
804.912308639
826.746161452
572.218975765
591.429276343
598.452124673
601.718163394
607.031528876
621.669475682
656.389770113
728.866019863
809.430889485
866.208420515
891.742384071
891.776271785
891.743687428
891.630077612
891.557829118
875.136270873
824.185858981
804.912268448
804.672558939
813.342897226
570.855013423
590.646130845
596.075388268
599.280240754
604.576957217
618.313869361
648.135186048
705.927781497
782.368853972
849.882595908
890.955382264
891.88207193
891.776283167
891.766535419
891.685231097
887.259942107
844.673760405
804.795646214
804.912245128
807.154396143
571.936438033
590.694546547
595.288419779
598.696468892
604.168353588
617.959037432
647.028430542
699.376169856
769.756569403
839.177604782
886.959905453
891.853956492
891.933071323
891.776291916
891.801114989
891.645629954
860.950112783
810.338921818
804.761553442
805.092031413
570.82742611
591.295066998
595.625042412
599.464541872
605.373032799
619.756250007
648.823711058
699.584812867
767.050093839
835.582453035
884.203115739
891.968614495
891.853977859
891.977004645
891.776294897
891.818058203
870.850457342
822.60517059
804.912200799
804.823640838
571.838636421
591.866870176
598.08219358
603.442204439
610.709568998
626.847985839
656.847567552
705.709771554
770.08369032
837.033625904
884.469450381
891.853944501
892.108928258
891.85399157
891.99506972
891.776292815
875.079573871
834.564524925
806.585760077
804.930058424
570.969538927
591.656968261
604.63363053
612.929277455
622.466574232
641.210812342
673.407718354
721.700542283
782.719231626
845.953134267
887.43060634
892.000359471
891.853969082
892.166028557
891.853995508
891.996589519
874.179656628
842.045008899
811.590264929
804.328043684
571.975619955
593.44480544
616.595647088
628.967558989
641.671977632
663.739738029
698.932110506
747.776168938
806.313952596
863.397746688
891.152663941
891.85394208
892.180275278
891.85398144
892.186435357
889.202017811
871.535465148
846.85834
816.640595718
801.268886148
570.815516012
603.455242152
635.262661504
651.820613368
669.213685172
696.069998225
734.848090816
784.392087956
839.304035736
883.17166615
891.853912666
892.117902643
891.853962815
892.266490568
891.853980892
884.146961309
868.175427153
849.952234433
818.389913907
795.194686375
572.234365513
626.092759319
660.33288598
682.278064667
706.891910719
740.484132017
782.933423192
831.268482759
875.186872704
891.853880614
892.013577816
891.853939986
892.327832079
891.853967588
891.305105907
877.343338851
866.464452787
851.563182072
817.710153456
788.554686041
571.035817709
659.240868626
692.26516848
723.137997408
757.267340523
797.573488961
840.603030953
877.244584421
891.740984447
891.961479577
891.853913248
892.292483733
891.853949524
892.356039116
886.281734947
873.194602892
866.852175974
851.766157402
815.338588395
786.85545756
572.435270338
692.330638512
733.751662578
776.721447556
818.963046285
859.173024083
885.46570537
891.853783354
892.048085501
891.853881724
892.326866436
891.853926225
892.43629532
891.8539419
880.136556548
873.285946466
869.281432914
851.852888947
813.80100864
786.90760975
571.620507429
725.795571472
784.852618532
839.110007927
876.075257149
891.050296395
891.857513237
892.246827775
891.853842785
892.496603931
891.853897695
892.513061263
891.853921028
888.620825661
878.550707582
876.986806219
873.681399079
852.37293408
814.115209335
787.081500742
572.620836986
767.330457068
839.721382327
886.132719491
891.949907643
891.857281203
892.547200997
891.857631355
892.832574704
891.853864674
892.70712587
891.857120134
892.488676427
885.44059752
880.775227962
883.134352312
879.336067886
855.853455194
817.110679393
787.835699081
580.955268433
827.994362828
884.56521806
892.135377531
891.856759493
892.978833491
891.878703507
893.363271345
891.857665223
893.078952162
891.857086716
892.69402617
891.857102288
885.414768969
885.287361952
888.836000144
886.182254012
865.780373662
825.905305814
790.3163432
626.116434229
886.482844901
892.106456297
891.855428095
893.434718314
891.938599041
893.998634647
891.946336424
893.556198608
891.8576581
892.969835137
891.996135695
890.767196547
885.943594178
888.924758137
892.300146409
892.669538733
880.431221457
842.051173566
796.521972473
695.508379447
892.495127422
891.851468285
893.871351516
891.938323032
894.129715976
891.957810925
894.102392539
891.946320891
893.144171772
891.996083259
892.548583899
889.900514365
888.912630154
891.287249561
893.996018801
895.721299368
892.684775212
863.817979891
809.35824697
738.152912292
861.907118108
877.365656727
884.21878583
889.152387013
889.542394382
890.247700318
890.275658065
891.808493689
891.995998615
892.313859763
892.080505086
890.808529187
891.862132207
892.859096349
894.732006952
896.030940517
896.036301027
885.438163407
832.22694116
717.705005034
739.139470636
766.931141093
789.553191439
805.954816887
818.701052564
837.281424464
860.360496915
877.472129855
886.807909382
891.101467054
893.075787014
893.972486914
894.120500032
894.050432821
895.0416349
896.033125301
896.031227144
895.793858209
863.719341386
641.106453708
612.64605595
631.663592673
651.706237213
669.34642594
687.330122529
722.738629973
778.987315298
836.224515939
872.315346618
888.565320655
894.38414529
895.843478271
895.712251944
895.105275222
895.167196823
896.031182236
896.092331933
896.031187126
890.901475553
578.92733227
573.255895492
584.310582545
597.949749738
609.201460142
620.536225586
642.763159902
688.489664223
760.188314367
830.20747483
874.636857776
893.320539405
896.040757183
896.03110645
895.912053914
895.440533214
896.035158781
896.031149447
896.170423781
896.031154359
565.450887423
570.884995953
578.700952244
591.934593541
602.008272115
611.429519395
627.006318376
657.474238437
712.97793121
782.845815763
845.75284218
888.038847096
896.031047535
896.056815046
896.031098783
895.954846363
896.019476633
896.121887927
896.031123528
896.254121138
565.577642648
571.648695731
579.773579375
593.433699902
603.675721437
612.95391544
627.696762215
655.77845893
704.463323986
765.6956
827.460940667
880.158079903
896.086932265
896.031056325
896.101055539
896.031090832
896.038309721
896.031098956
896.234021347
896.031100847
565.38546201
576.455696352
586.237709731
600.480748449
611.095284608
620.493716852
634.717275114
661.658683292
707.393429124
765.493879016
825.770051886
878.428089992
896.031013942
896.182502102
896.03106317
896.158694462
896.030047367
896.113502214
896.031081429
896.389901237
565.576790905
587.953966464
598.795084652
611.475502704
621.311032473
631.266438926
647.032003432
676.250095344
720.452589538
774.587442434
832.536151737
882.370239069
896.10481823
896.031031537
896.280354577
896.031063289
896.208337303
896.031067682
896.220452714
896.031064255
574.6331707
603.620738453
612.434813689
620.44618662
627.274948594
637.407335886
656.714374729
691.18546956
738.599392809
792.996725148
849.560299385
891.13298765
896.030996895
896.259422717
896.031043069
896.352321201
896.031057259
896.258408756
896.031054246
896.388810914
598.703162419
617.569460947
622.32435451
625.018409991
628.261359019
637.718774702
660.496027586
700.310327799
752.867216068
810.937523477
867.045460911
895.58112559
896.143495842
896.031017505
896.374333889
896.031046221
896.386714773
896.031048025
896.322670431
896.243911916
617.86393186
626.803527462
628.282705746
627.522465309
628.56372736
637.41185735
661.803821934
704.82630476
761.192083052
822.541236289
877.13017614
896.039614049
896.030987218
896.3019874
896.031031142
896.442040425
896.031043306
896.40195263
896.243908956
896.432279213
621.180726634
632.71220485
633.594376792
630.816414195
630.157232548
638.320685984
663.812177503
708.527381199
766.557655015
829.074811838
881.501774614
896.030953314
896.199898474
896.031011021
896.430444075
896.031036902
896.471533665
896.243908425
896.422464039
896.32990502
619.830665397
641.876074103
642.711842959
637.748001698
635.749377735
643.471521396
669.370989041
714.611227739
772.823255657
835.026423064
884.891093225
896.101009796
896.03098643
896.384790194
896.031026367
896.505791201
896.243907926
896.482580855
896.328741857
896.473389593
620.628770543
664.72898758
661.307008512
652.28728409
649.542801249
657.060930859
682.427987308
726.737066268
783.778391704
844.415054527
889.722114589
896.030958654
896.314527586
896.031011354
896.509411179
896.24390448
896.526243289
896.329910198
896.47508408
896.378512152
620.047650415
715.833455105
694.277983505
680.24621855
676.983386083
684.068781783
707.757925925
749.535021844
804.031543061
861.19103843
895.032347532
896.177311904
896.030992686
896.47512725
896.243896303
896.528706017
896.329911422
896.498972368
896.378517268
896.457422296
620.635533795
769.868907356
740.28089591
727.543976986
723.542190398
729.481126064
750.106477724
787.692332044
837.711385978
885.164891311
896.128422697
896.030971735
896.468986928
896.031012552
896.483257651
896.243900987
896.402154469
893.972798221
894.391855348
896.181441439
623.019495402
792.038669087
787.879906109
788.636964083
787.627282128
793.077846604
810.216643052
841.846889681
880.587917245
896.082146451
896.030948991
896.518892329
896.0309969
896.59506764
895.861870844
890.232305295
886.50400181
886.092966428
890.038592125
895.393398837
652.75179497
791.796624529
807.006241572
830.854810352
844.970382821
856.27597549
871.608536432
890.435750996
896.15903708
896.030922727
896.745096132
896.030978104
896.717672641
889.998794247
880.599606364
879.966855938
881.867027961
885.137433913
889.913983629
895.12863384
699.4481132
778.023791104
802.591719688
831.457165608
854.852589827
873.625453027
889.367302949
896.287896432
896.030885158
896.823100623
896.030951502
890.72909519
878.622287586
870.109599804
872.720221507
879.732762204
883.525565632
886.813983858
890.862120906
895.541488722
719.988823829
748.288205659
774.365805317
807.234709855
837.581344414
860.331777083
876.318629366
883.557866791
880.238466296
868.870312153
853.569641203
841.808119061
844.180997822
857.732928574
872.657059433
883.566116464
888.713738729
890.826915032
892.896282158
896.333548217
704.788029235
697.14325493
710.272731462
734.312818403
763.406381835
786.297803549
797.085871608
794.187773188
775.856592134
749.481327057
733.072700135
750.10897841
794.702613267
838.411337138
867.956515439
884.631815864
894.357278252
895.96159565
895.997928809
897.56274148
663.381665239
650.679553474
655.223140897
661.230570428
666.71133383
669.438803629
667.627209455
659.354548237
644.472090104
630.272487286
626.442149441
655.774292211
720.649011396
790.588649047
844.465863274
879.09146331
896.052332758
899.83123099
899.347978219
899.411146602
631.663078042
634.921297613
641.622529818
638.207515571
626.871533248
613.349886789
604.178410713
598.706027969
594.370205426
591.254022085
593.201206411
614.766161044
668.524859996
739.058661865
806.894304458
862.816683509
895.595668512
901.04722136
901.034493291
900.919058678
631.17375067
636.819954219
641.373058322
635.784798333
621.403009892
605.262766139
594.809587812
589.983525025
587.815195141
587.734804799
590.218641533
610.308125838
657.916899712
721.606398648
787.698342366
850.039735224
894.555688925
901.05784766
901.077800545
901.07870088
634.267698055
643.523740681
641.656571418
635.160616514
622.524515151
607.636579954
597.040052512
591.625820697
589.250403868
588.891173697
592.588789712
613.970752356
660.378540584
721.75876784
786.605533836
849.353540821
894.993529285
901.096313091
901.057852089
901.100755237
644.42706196
646.069748329
640.713746839
634.937416917
628.647239982
619.256396986
610.082844707
603.257306013
599.536137099
598.445733442
604.630501588
629.839987877
674.954125704
731.22530815
793.531679923
855.964786408
898.432659908
901.044997363
901.187676247
901.057851334
646.52239688
646.098216773
637.544786101
633.77289722
636.301271672
640.177545384
640.564634004
634.89080487
628.291528805
625.451897049
633.708724249
663.059779694
706.175408311
757.529818878
816.924314257
875.673858972
901.044983263
901.189207814
901.045001702
900.850098314
646.381055728
641.489652806
631.06764942
628.645248323
635.870177217
660.553576622
685.275079239
690.446344483
681.306580979
675.187212452
683.029573806
711.669740438
751.28012324
799.902416946
855.807379999
897.219196035
901.127971962
901.04499158
901.203203933
882.045174976
630.054655556
629.271140987
622.080144607
620.076256226
628.746064952
656.569963347
716.679696381
754.420091112
752.914073543
745.899473093
750.152942537
772.789793111
806.941114447
851.636550629
892.36723362
901.10379517
901.044974637
901.203192587
891.495329109
826.848452753
599.966357352
613.150507396
611.82963811
610.697499038
616.450304576
637.049332422
696.735655002
769.32465557
813.601148428
823.822747387
828.196111221
841.973159308
866.40074428
893.321166044
901.090665895
901.044952266
901.203174031
893.629897712
825.540557579
765.234909178
592.998899567
601.684098066
602.585173899
602.278480702
604.577672638
616.186935084
653.409739179
733.946546174
805.888783421
844.436455332
870.678354237
890.167296534
899.58990282
901.107720197
901.044926232
901.203150297
893.513930177
821.728096591
734.31620017
735.521255242
591.784840788
596.272489402
596.610386946
596.523815681
596.979201923
601.452742613
619.239279212
668.006162641
748.770150522
820.600044896
864.416043686
892.029286835
901.125870602
901.044899664
901.202871808
894.620391996
821.287263988
714.812811259
691.463236659
725.934462176
592.866586432
594.305158985
594.260856602
594.176608334
594.199362752
595.133799682
601.159390828
621.452669228
669.88245417
747.239068031
821.02363182
872.74493539
897.691220875
900.53186959
892.646239555
831.154684102
714.076826515
670.418610736
681.681797721
722.774286966
591.678944485
593.892832286
594.006929868
594.083812648
594.139218938
594.198118747
595.798674684
603.953045444
626.387988278
673.425823954
745.026191922
818.379013982
867.855076066
870.684201462
836.077096013
730.955025546
670.314600068
668.905238371
680.800780691
723.309898083
592.766736769
594.162918847
594.206264287
594.258243414
594.190473552
594.248096534
595.235631731
601.621773568
617.579941287
646.962837642
695.076811757
757.072081751
804.639978714
799.424121398
745.371045214
675.347464821
668.905193841
668.84225442
683.678953963
731.741030121
591.729574687
595.457162737
595.520750577
596.078451124
595.278912804
594.792230217
596.027982131
602.743728923
618.818178563
647.399376816
688.053007377
725.836297287
744.97683902
730.144712282
685.920841812
668.905137367
668.750356301
669.330272341
695.185934942
753.291076034
592.680374161
598.066611402
598.452924445
600.689025863
599.547382277
598.430023742
600.312736686
608.270871864
625.410446956
653.936803699
692.280636406
722.955745132
720.97059577
698.2823295
669.34549864
668.728561493
668.905215805
676.211185181
717.606299834
784.222249367
591.960620574
601.542747426
602.316909392
606.812978841
607.549749828
607.757028445
611.649198667
622.560221683
642.332765918
671.607581558
705.469974508
726.976711421
719.25101956
687.401834416
668.725963329
668.905170607
669.027671062
692.139167024
748.207762091
817.31039089
592.768804277
605.229773736
606.190589322
612.129083884
616.813781282
622.647386564
632.69974385
649.240674805
673.277317744
703.748678329
731.501164526
739.577316779
721.978273959
682.10937804
668.905120964
668.799785651
677.043181205
717.887451767
782.516494289
846.495999877
592.64274309
609.427499801
610.165856749
616.052958938
623.956181175
639.660754388
663.172092739
689.173711503
718.797011175
749.613492371
768.611537137
762.977633687
726.631603553
680.614061871
668.840419418
672.042983348
697.27486094
751.000665465
816.220676372
867.048964567
594.811874392
615.713653714
615.404967438
619.266647726
628.047416904
653.841376406
696.538145472
736.989488938
774.351065476
804.384023103
809.343008924
789.025010092
729.671886064
682.735285698
675.380264825
688.135947976
728.064861333
786.798074953
845.149638521
876.126849805
608.539336081
626.470499674
622.963554292
623.07128585
631.104808632
662.300494759
721.350914097
780.434660659
824.80823656
847.071155993
842.363704168
807.960632003
736.112465673
695.234892815
696.077722134
718.470653587
764.763440755
820.840852556
864.73041224
876.841547966
627.112896848
641.762265151
633.159676913
628.387453578
635.425626624
667.919842146
732.733938748
804.196855873
848.946855723
855.514118455
855.354404931
823.492391668
755.389703184
723.833628594
729.929035191
756.952745242
802.020187364
848.381278195
871.729006815
874.257724195
628.894518337
660.122160947
647.129697515
637.441177086
643.132198847
674.343140661
737.327306755
807.779607027
850.383502118
855.50826433
855.632400761
840.030489353
790.205072146
765.078223082
771.272393521
796.017126789
833.837159755
864.821054498
871.77092757
871.807856808
629.665150228
683.307621946
668.276363895
653.902278207
657.251018046
684.568607406
742.160749671
808.311333994
849.524327195
855.623776573
855.558384618
854.408347701
829.005029205
808.611587525
811.211719323
828.395838107
855.258886305
871.296997859
871.734907404
871.723240378
629.770454138
714.535607422
698.62694788
680.373484945
680.161986788
701.08485915
750.792732479
810.529160479
849.080833378
855.558338217
855.726978936
855.665644874
852.823636591
840.532482816
838.993342732
849.386588675
866.92192162
874.382086724
872.10957036
871.66485973
630.684421852
748.546930731
733.759306355
716.65490672
711.991897524
726.541130362
766.816050088
817.528402922
850.019925043
855.641002978
855.66560564
855.757348658
855.744454185
853.367097626
852.071042606
861.382072626
873.817833716
877.336693843
874.319593047
871.715195312
630.672518167
778.651956109
766.583798591
757.552178483
751.244665405
760.96993466
792.530865669
831.276386309
852.666753097
855.665562348
855.751730001
855.744417639
855.833424107
855.629417068
858.542904462
870.067765909
879.505701277
881.562572687
878.751383092
873.429413755
644.085984067
795.484122304
791.119328624
790.537258639
787.757764458
797.655382569
823.098056331
846.306460383
854.857651969
855.661299707
855.744374663
855.809409176
855.804051586
856.368060275
865.408990264
878.399161821
885.599326553
887.285867639
884.856389791
878.377310268
685.402505663
795.985357454
796.505748433
797.012669891
799.538554794
817.10668646
837.755674185
850.120162419
854.587757888
855.194116075
854.86192578
853.988533734
853.184092383
860.370241844
875.144451616
886.798644382
892.119890833
893.503474452
891.634406327
886.285133761
719.638502249
786.407663544
780.911236379
781.050005203
791.667609061
812.888241212
832.675885331
844.005473251
848.112979544
849.010128773
848.253699908
847.546848449
852.527480883
868.722507055
885.126335129
893.958608903
897.692258534
898.567058688
897.30871628
894.275545133
702.371238245
708.795189184
709.716055171
719.101088802
743.184286249
766.427487196
786.339780086
802.7114678
814.98017442
823.607767287
829.573225465
837.126839513
851.454874748
871.199762166
889.460410048
898.612530559
901.041739912
901.466797072
900.552904263
898.899749234
634.74517565
610.79797351
622.27334896
635.823347974
653.897706956
667.482153983
682.856142481
704.76795063
732.239815207
761.381243452
788.210193711
813.87625417
840.939564833
866.763513125
888.670558774
900.227965465
902.319891403
902.526756764
901.983382462
900.619147719
575.295575507
571.967426978
587.391475213
596.21774085
601.728233835
605.599275128
612.541401161
626.716336301
650.835550952
686.489378318
728.901678267
771.259209019
811.40421975
848.812885929
882.349286156
900.096814154
902.82129128
902.947837151
902.54068721
901.434172965
556.482665549
568.84285658
583.597280225
591.858415638
594.300318265
595.61677096
599.099583778
607.720283275
624.209009786
651.624340635
690.112139869
734.061270739
779.331020577
825.001486636
870.128474732
898.894176842
903.038613655
903.064501403
902.850680778
901.948605975
555.704412158
570.014542184
585.493910438
595.66575969
598.400706394
598.830737057
601.135996209
608.404161924
623.313975833
647.537085841
681.353907548
721.806513704
766.481387528
814.403084295
863.093195503
897.187096142
903.077355815
903.083956873
903.045051438
902.365583054
555.70566763
576.566529946
593.566883767
607.744972857
612.717214004
612.658605114
613.042752744
617.772809639
630.220827614
652.383893956
684.194337851
723.132217656
767.186345236
815.333737938
864.323705319
897.793424173
903.088587329
903.083182421
903.086421855
902.919727717
561.414986075
593.656972114
606.801075156
621.881487698
630.300075427
634.854413346
637.172529573
641.521768322
652.45607192
672.055765803
700.751152576
737.210352076
780.190260706
828.330672348
875.501151763
901.358609967
903.083157219
903.123953914
903.083198826
903.085261284
589.99898604
620.391400616
620.601609423
629.128885842
637.859767911
652.640797843
665.662068931
675.566797321
688.050080649
707.299425234
734.574131417
769.692330241
811.817830174
857.976145906
894.638291535
903.083132712
903.137672731
903.083175664
903.162393505
903.083208222
642.491981118
645.400421879
632.255479959
630.141934024
636.950824019
658.010162955
687.318687453
710.55993639
730.073028057
752.214136915
780.47856623
815.753489296
856.13837419
891.499999983
903.032114683
903.12829011
903.083151329
903.224364457
903.083187336
903.190491513
678.400523111
664.964714092
639.878857125
630.330958354
635.71712854
658.398116541
699.391587808
740.296282166
772.856732326
802.060700629
833.422853371
867.359592478
894.925861165
903.078276282
903.131940391
903.083126298
903.266120253
903.083164253
903.308136291
903.083190138
679.124537361
679.934675981
650.204955704
632.770188891
637.117135407
660.011340057
706.328639038
761.200695883
809.808129366
849.912538505
882.503487897
900.39458845
903.08305187
903.205421268
903.08310085
903.338375287
903.083140501
903.402480056
903.083169971
902.382489299
678.708797593
699.940660261
666.532878416
642.956788221
645.233751015
666.507438093
713.70698137
774.949578524
835.110224199
882.691171509
902.384805959
903.083021105
903.281283331
903.08307536
903.441300189
903.08311688
903.509951542
903.083148309
903.487165137
893.387313065
680.518048794
731.621295788
694.758675489
667.015605359
666.242627919
683.467013314
727.155968519
788.430381836
851.671767177
896.23005821
903.082987319
903.290375843
903.083049615
903.52177568
903.08309319
903.625364156
903.083125523
903.591902226
894.675021373
890.190970605
679.220806625
775.513157342
736.574709041
707.258432676
702.68830143
715.096987088
751.842255524
808.377501721
867.723629639
901.429431492
903.200150064
903.083021669
903.531689426
903.083067714
903.659523413
903.083100002
898.262067703
892.782848198
890.447984604
890.260868411
682.397009471
805.827436187
781.309602888
759.708424501
752.74898288
760.527093282
789.851500922
838.762886395
887.0132199
903.096455439
903.082987482
903.46194422
903.083036372
903.650927843
897.663270307
886.874144392
885.710622728
889.391395698
892.136434311
892.612456967
682.170036321
806.484163467
806.130411828
803.451001146
799.258038923
806.235020359
832.304732352
870.016932712
897.583648739
903.082940375
903.246259812
903.082992186
897.227166854
884.397999613
870.019362747
874.571636822
885.373969279
893.393434891
896.84477805
896.511578038
699.843269934
806.794808883
807.110935516
807.382184568
807.787463366
822.093960894
848.130104815
875.623272151
894.306238902
896.426258277
891.569730466
879.088285845
862.516903383
851.486703154
859.429289561
877.669569542
893.127049313
900.534306556
901.818965266
900.539834194
715.150161674
780.092196772
778.228044112
780.952062614
791.954422367
810.820860616
834.890159879
855.37345437
862.746554169
857.282326663
843.513306088
829.439702892
825.800367647
838.144155117
859.738908943
882.778350234
900.490018004
905.944327239
906.259277017
904.99384526
685.288301813
681.364030404
687.091694012
702.013346951
725.498170747
745.09212697
759.799743774
770.467633218
777.068114068
779.729924717
779.384114972
785.472767867
803.001333016
828.789260201
856.487901603
881.733702017
901.231399406
909.656270204
910.471320099
909.804300163
616.490101328
594.243006429
606.502839564
620.918208785
635.988281058
645.915825966
652.186116288
661.538468267
679.252991955
703.053196936
726.485600508
751.105682689
779.345580366
810.81514653
843.106822044
874.230895153
899.411020322
912.081392342
914.45103979
914.370394875
573.398417259
568.19864961
582.272601025
589.521486125
593.991478251
597.659080545
602.784930859
612.849915738
631.125243168
659.118427293
690.606010165
722.215415432
754.463447178
788.874643425
825.605977662
862.970244117
895.042335838
913.323808956
918.034570707
918.489071115
560.30007584
566.146091453
579.378932366
584.46373963
586.363766816
588.953304176
594.203380968
604.232633058
621.009469139
644.955956426
673.673554767
705.517384979
739.364058381
776.025961656
815.897918057
856.847487859
892.586759017
914.559629077
921.291103626
922.143726518
557.630782089
566.830542409
579.673316315
584.538123418
586.097064456
588.581236454
593.904745726
604.058712402
620.654232572
643.263770555
670.225421312
701.500398084
735.795340247
773.418624857
814.592945824
856.785034834
893.617187914
917.134296486
924.343600903
925.062318357
557.619130483
570.383885275
582.855773372
587.460171192
588.379580211
590.736166255
596.398128176
607.283024574
624.204090991
646.280174728
672.962378051
703.997513461
738.423061521
776.722209748
819.149394525
862.672520822
899.866456827
921.6253168
926.714743526
926.808592424
559.062424083
577.730010528
590.863757073
595.749377412
596.114920768
598.356913917
604.861059374
617.400159144
635.553088658
658.216048717
685.30233021
716.190150955
750.891912559
790.303656177
833.944723926
877.030305698
910.85975911
926.111672133
927.660242377
927.168229481
564.313568072
587.071367489
602.856011425
609.209214303
609.969440828
612.23093442
619.854725816
634.428240692
654.607942601
679.225257936
707.356995162
738.584582865
773.752686803
813.765002354
856.621005392
895.870981423
921.651248154
927.986593102
927.970624982
925.952490196
571.109774843
596.608322816
616.599765971
626.004006657
628.861684092
631.531129792
640.419966901
656.876635646
679.262573993
705.760869488
735.01947099
767.02506675
802.880574721
842.457169684
881.952095432
913.810522378
927.606057931
928.122146571
927.38824635
920.217660331
576.65268257
606.600463934
630.625719306
644.304360447
651.356565322
655.995436595
666.473795167
684.473085219
708.45298591
736.107027576
766.257514036
799.178179468
835.18728616
872.365646259
905.664451461
925.826944363
929.006053198
928.279962863
922.848208992
906.707412992
582.381590477
618.709575974
643.992124932
663.171477204
675.914342063
684.912751199
697.720129
716.959910702
741.609667519
769.733830436
800.457526976
833.589989323
867.892507937
900.042438052
923.418039492
930.233850428
929.603614454
925.074185709
910.443017134
888.438634808
590.694288547
634.924903466
655.49485825
684.99687976
703.549935681
718.644801584
734.188377245
753.724466442
778.047827244
805.961073348
836.269872737
867.613547331
897.588678948
921.51317965
931.756569913
931.728647037
927.721319273
913.846630101
891.563000226
874.606677064
612.790684617
649.568674474
668.505350649
707.943697263
736.974655931
758.407489234
776.12986885
794.733170673
817.29897789
843.557362588
871.645842547
898.984981219
921.560361982
933.423526361
934.540116586
931.10963228
918.594323497
893.982840521
876.83240943
868.33280244
661.332578462
660.155917005
678.257734855
725.587742779
774.564516745
804.917920139
824.118908933
840.362725615
859.045712193
881.172685316
904.664005388
925.286685784
936.428903166
938.110843086
935.230739242
924.941303435
899.399180166
876.411837522
871.252260893
865.548764755
726.369270086
675.825669105
686.462249513
726.043762378
795.639619285
852.171801646
875.767127526
888.990293673
901.874632827
916.759280639
931.18162512
939.798392862
941.39823322
939.826829474
932.612206417
909.518609763
878.106157206
870.132541882
869.734740273
863.078944912
779.197512043
703.256838444
697.130691883
724.34920046
791.15218718
865.280034079
912.507831292
927.471796688
934.856801184
940.388764879
943.609124112
944.311609939
943.315556567
939.491611702
924.025542882
887.373644386
869.275573097
869.3801381
869.295275077
860.113180726
801.143128722
735.587430284
709.986487593
726.806172591
782.361995801
858.442494941
916.063385356
939.634314862
944.055638621
944.336112269
944.352026548
944.41123161
944.407637957
937.527780684
908.704694453
871.669009813
868.808012909
869.614648919
869.42807568
857.535940819
801.319212804
769.78178417
735.317877392
736.181021954
772.782009377
844.998509002
911.849878599
939.641759722
944.311391158
944.35198854
944.411198949
944.451105092
944.436197565
931.597322005
889.149177698
868.451690808
868.764716245
871.378101668
870.956877359
857.219308446
801.492368805
801.690416165
782.798658872
755.201752428
775.216507897
835.585470126
906.656980442
939.422249183
944.351931786
944.401827965
944.441235693
944.469432652
940.420005081
907.283320166
869.147255851
868.175235153
873.276028372
879.163484634
877.978594518
862.380783455
1000
1000
1000
1000
1000
1000
1000
1000
1000
1000
1000
1000
1000
1000
1000
1000
1000
1000
1000
1000
1000
1000
1000
1000
1000
1000
1000
1000
1000
1000
1000
1000
1000
1000
1000
1000
1000
1000
1000
1000
1000
1000
1000
1000
1000
1000
1000
1000
1000
1000
1000
1000
1000
1000
1000
1000
1000
1000
1000
1000
1000
1000
1000
1000
1000
1000
1000
1000
1000
1000
1000
1000
1000
1000
1000
1000
1000
1000
1000
1000
1000
1000
1000
1000
1000
1000
1000
1000
1000
1000
1000
1000
1000
1000
1000
1000
1000
1000
1000
1000
1000
1000
1000
1000
1000
1000
1000
1000
1000
1000
1000
1000
1000
1000
1000
1000
1000
1000
1000
1000
1000
1000
1000
1000
1000
1000
1000
1000
1000
1000
1000
1000
1000
1000
1000
1000
1000
1000
1000
1000
1000
1000
1000
1000
1000
1000
1000
1000
1000
1000
1000
1000
1000
1000
1000
1000
1000
1000
1000
1000
1000
1000
1000
1000
1000
1000
1000
1000
1000
1000
1000
1000
1000
1000
1000
1000
1000
1000
1000
1000
1000
1000
1000
1000
1000
1000
1000
1000
1000
1000
1000
1000
1000
1000
1000
1000
1000
1000
1000
1000
1000
1000
1000
1000
1000
1000
1000
1000
1000
1000
1000
1000
1000
1000
1000
1000
1000
1000
1000
1000
1000
1000
1000
1000
1000
1000
1000
1000
1000
1000
1000
1000
1000
1000
1000
1000
1000
1000
1000
1000
1000
1000
1000
1000
1000
1000
1000
1000
1000
1000
1000
1000
1000
1000
1000
1000
1000
1000
1000
1000
1000
1000
1000
1000
1000
1000
1000
1000
1000
1000
1000
1000
1000
1000
1000
1000
1000
1000
1000
1000
1000
1000
1000
1000
1000
1000
1000
1000
1000
1000
1000
1000
1000
1000
1000
1000
1000
1000
1000
1000
1000
1000
1000
1000
1000
1000
1000
1000
1000
1000
1000
1000
1000
1000
1000
1000
1000
1000
1000
1000
1000
1000
1000
1000
1000
1000
1000
1000
1000
1000
1000
1000
1000
1000
1000
1000
1000
1000
1000
1000
1000
1000
1000
1000
1000
1000
1000
1000
1000
1000
1000
1000
1000
1000
1000
1000
1000
1000
1000
1000
1000
1000
1000
1000
1000
1000
1000
1000
1000
1000
1000
1000
1000
1000
1000
1000
1000
1000
1000
1000
1000
1000
1000
1000
1000
1000
1000
1000
1000
1000
1000
1000
1000
1000
1000
1000
1000
1000
1000
1000
1000
1000
1000
1000
1000
1000
1000
1000
1000
1000
1000
1000
1000
1000
1000
1000
1000
1000
1000
1000
1000
1000
1000
1000
1000
1000
1000
1000
1000
1000
1000
1000
1000
1000
1000
1000
1000
1000
1000
1000
1000
1000
1000
1000
1000
1000
1000
1000
1000
1000
1000
1000
1000
1000
1000
1000
1000
1000
1000
1000
1000
1000
1000
1000
1000
1000
1000
1000
1000
1000
1000
1000
1000
1000
1000
1000
1000
1000
1000
1000
1000
1000
1000
1000
1000
1000
1000
1000
1000
1000
1000
1000
1000
1000
1000
1000
1000
1000
1000
1000
1000
1000
1000
1000
1000
1000
1000
1000
1000
1000
1000
1000
1000
1000
1000
1000
1000
1000
1000
1000
999.999999997
1000
1000
1000
1000
1000
1000
1000
1000
1000
1000
1000
1000
1000
1000
1000
1000
1000
1000
1000
999.999999965
1000
1000
1000
1000
1000
1000
1000
1000
1000
1000
1000
1000
1000
1000
1000
1000
1000
1000
1000
999.999999439
1000
1000
1000
1000
1000
1000
1000
1000
1000
1000
1000
1000
1000
1000
1000
1000
1000
1000
1000
999.999986837
1000
1000
1000
1000
1000
1000
1000
1000
1000
1000
1000
1000
1000
1000
1000
1000
1000
1000
1000
999.999889001
1000
1000
1000
1000
1000
1000
1000
1000
1000
1000
1000
1000
1000
1000
1000
1000
1000
1000
1000
999.999425208
1000
1000
1000
1000
1000
1000
1000
1000
1000
1000
1000
1000
1000
1000
1000
1000
1000
1000
1000
999.997765407
1000
1000
1000
1000
1000
1000
1000
1000
1000
1000
1000
1000
1000
1000
1000
1000
1000
1000
1000
999.992840918
1000
1000
1000
1000
1000
1000
1000
1000
1000
1000
1000
1000
1000
1000
1000
1000
1000
1000
1000
999.981570796
1000
1000
1000
1000
1000
1000
1000
1000
1000
1000
1000
1000
1000
1000
1000
1000
1000
1000
1000
999.961492376
1000
1000
1000
1000
1000
1000
1000
1000
1000
1000
1000
1000
1000
1000
1000
1000
1000
1000
1000
999.926261569
1000
1000
1000
1000
1000
1000
1000
1000
1000
1000
1000
1000
1000
1000
1000
1000
1000
1000
1000
999.849077271
1000
1000
1000
1000
1000
1000
1000
1000
1000
1000
1000
1000
1000
1000
1000
1000
1000
1000
1000
999.645855564
999.999592814
1000
1000
1000
1000
1000
1000
1000
1000
1000
1000
1000
1000
1000
1000
1000
1000
1000
1000
999.081407039
999.995869532
1000
1000
1000
1000
1000
1000
1000
1000
1000
1000
1000
1000
1000
1000
1000
1000
1000
1000
997.467715923
999.970806564
999.999967569
1000
1000
1000
1000
1000
1000
1000
1000
1000
1000
1000
1000
1000
1000
1000
1000
1000
992.992559405
999.832718066
999.999395579
1000
1000
1000
1000
1000
1000
1000
1000
1000
1000
1000
1000
1000
1000
1000
1000
1000
982.185662749
999.209588747
999.993160796
999.999999955
1000
1000
1000
1000
1000
1000
1000
1000
1000
1000
1000
1000
1000
1000
1000
1000
961.532679097
996.877361821
999.945892362
999.999976332
1000
1000
1000
1000
1000
1000
1000
1000
1000
1000
1000
1000
1000
1000
1000
1000
931.99985292
990.029200864
999.682739815
999.999235199
1000
1000
1000
1000
1000
1000
1000
1000
1000
1000
1000
1000
1000
1000
1000
1000
900.754308157
976.458803936
998.614545117
999.98986687
1000
1000
1000
1000
1000
1000
1000
1000
1000
1000
1000
1000
1000
1000
1000
1000
875.626739741
958.525378477
995.734570115
999.926808815
1000
1000
1000
1000
1000
1000
1000
1000
1000
1000
1000
1000
1000
1000
1000
1000
859.352317091
941.233444373
990.702045263
999.688067356
999.999686065
1000
1000
1000
1000
1000
1000
1000
1000
1000
1000
1000
1000
1000
1000
1000
849.713279533
927.191984561
984.280562564
999.132020942
999.996219515
1000
1000
1000
1000
1000
1000
1000
1000
1000
1000
1000
1000
1000
1000
1000
843.185118903
915.763109534
977.343995772
998.21312768
999.983556987
1000
1000
1000
1000
1000
1000
1000
1000
1000
1000
1000
1000
1000
1000
1000
837.005556005
904.975002647
970.085230474
996.963414333
999.956872889
1000
1000
1000
1000
1000
1000
1000
1000
1000
1000
1000
1000
1000
1000
1000
829.569925812
893.134483894
962.107516906
995.361846686
999.912185118
1000
1000
1000
1000
1000
1000
1000
1000
1000
1000
1000
1000
1000
1000
1000
819.889619232
879.667276465
952.90732352
993.21571147
999.835969074
999.999997532
1000
1000
1000
1000
1000
1000
1000
1000
1000
1000
1000
1000
1000
1000
809.020661461
865.594692044
942.256535227
990.153217042
999.689555674
999.999862789
1000
1000
1000
1000
1000
1000
1000
1000
1000
1000
1000
1000
1000
1000
799.391855893
851.94753626
929.774283264
985.653720157
999.391081943
999.999003487
1000
1000
1000
1000
1000
1000
1000
1000
1000
1000
1000
1000
1000
1000
792.444180426
837.607846004
914.225563333
978.892894392
998.76593359
999.994983864
1000
1000
1000
1000
1000
1000
1000
1000
1000
1000
1000
1000
1000
1000
786.382854375
822.061100247
894.967717575
968.566779636
997.392725293
999.977069149
1000
1000
1000
1000
1000
1000
1000
1000
1000
1000
1000
1000
1000
1000
780.182356642
807.47011445
873.17402635
953.107426397
994.317229413
999.893461901
999.999944659
1000
1000
1000
1000
1000
1000
1000
1000
1000
1000
1000
1000
1000
775.8938345
793.281791169
849.038555981
930.94212731
987.687790142
999.522362303
999.997620757
1000
1000
1000
1000
1000
1000
1000
1000
1000
1000
1000
1000
1000
775.637267328
779.752252709
824.356785662
902.612443138
974.546520482
998.065735535
999.968853356
999.9999717
1000
1000
1000
1000
1000
1000
1000
1000
1000
1000
1000
1000
775.652312844
774.081300795
805.561155261
872.982251937
952.634230392
993.377481545
999.731379772
999.99815165
1000
1000
1000
1000
1000
1000
1000
1000
1000
1000
1000
1000
777.164324539
774.011365654
790.820345345
845.867720383
923.4614207
982.029113683
998.492389797
999.968249896
999.999992819
1000
1000
1000
1000
1000
1000
1000
1000
1000
1000
1000
784.038304532
774.081146938
775.073658745
820.904356106
891.305656328
961.626911365
994.174869278
999.693489284
999.997969532
1000
1000
1000
1000
1000
1000
1000
1000
1000
1000
1000
800.579030404
773.972360144
774.0810673
801.443609655
860.607379215
933.905960649
983.869546722
998.336891018
999.957613991
999.999999284
1000
1000
1000
1000
1000
1000
1000
1000
1000
1000
826.774030116
774.661288018
773.699430578
782.830198228
833.440046544
904.519743185
966.808853476
994.242013006
999.618471954
999.996765866
1000
1000
1000
1000
1000
1000
1000
1000
1000
1000
855.565406998
779.816542248
774.080919893
773.811050759
811.243021563
877.384899892
945.857530377
986.095306291
998.255652651
999.939354013
999.999996524
999.999999908
999.99999956
999.99999948
999.999999625
999.99999993
999.999999999
1000
1000
1000
879.352988342
791.344774908
773.477101496
774.080855607
794.440149333
853.134325965
923.969178414
974.321749103
995.075963807
999.617483803
999.995239493
999.999939373
999.999648642
999.999356006
999.999337439
999.999714807
999.999987007
999.999999994
1000
1000
893.082224402
805.678044157
774.080795323
773.570475871
776.550469382
828.589291991
900.486429028
959.056444674
989.319518956
998.573070881
999.938442564
999.998241198
999.988265819
999.952474229
999.921395113
999.920686022
999.984138942
999.99997043
999.999999993
1000
896.031078624
821.012858262
773.578321894
774.080742251
773.71356555
805.436794061
872.34592238
937.692142784
978.730474269
995.538315725
999.558627171
999.980715241
999.9343188
999.60619955
998.871720462
997.623190726
998.239813438
999.96308728
999.999999098
1000
896.465462087
835.180751241
774.080698311
773.43450965
774.080695096
788.436401298
842.019854961
908.488615626
958.73416634
986.036822663
996.632438649
999.562107414
999.727760333
998.970882421
995.930141085
981.4583044
971.912162851
997.656648956
999.999979847
1000
896.243917596
847.997236786
774.925961112
774.080659004
773.697743254
778.405116329
815.586622733
873.824210625
925.44832007
959.281951163
980.734627744
994.777179282
997.705887048
995.200049414
969.975422244
853.70360055
865.223533045
990.98253968
999.99982521
999.999999893
896.55760598
857.658824173
781.284842613
773.541184917
774.080625841
773.935180562
795.965835258
836.632055032
875.963857014
910.119641118
947.966688396
980.399499625
978.33570766
905.136647396
746.954777304
687.352147037
709.030579227
947.398547551
999.998676201
999.999999778
896.329904484
865.363137873
791.437449793
774.080606912
773.766169333
774.080599127
780.562626908
798.455191929
827.636624152
879.441051193
936.784617807
923.755712925
783.156236622
677.997412338
670.454528549
670.334593324
670.48809441
872.089375075
999.969511825
999.999999772
896.562446484
870.277100398
803.016612148
773.95346179
774.080586815
773.854924229
774.080579909
783.915724385
827.689680487
879.980294316
872.52090345
738.58089585
673.294881985
672.961516974
670.329342592
670.190193774
670.343683637
818.697193373
999.110457222
999.99999977
896.378507768
872.871212917
812.698921405
776.65384557
773.944673666
774.080571138
774.621218473
796.505476435
835.908782625
838.709451235
743.169566813
679.588030382
678.954006797
674.892166454
670.190179232
670.038905732
671.130819092
750.732385748
991.663803989
999.999678832
896.530517473
874.410374288
822.42644921
784.024750976
774.080565113
774.870071793
786.814290237
811.570832231
816.091196935
754.587157647
691.053851709
686.470921196
683.526826841
674.482977417
670.038891345
669.887624258
672.850070498
699.565811561
963.795449491
999.978273014
896.416467639
877.625197529
837.039831465
799.626864495
784.070037797
789.137982889
802.598452951
802.640969467
764.533194545
711.218849087
698.137598847
694.872566577
686.011949444
674.854387063
669.887607234
669.736345126
667.008919305
639.42119263
916.927930188
999.821016333
896.442436834
886.074905818
861.615742656
832.066850032
817.345614878
819.244996433
810.458821751
770.344403851
726.394499085
714.830409238
711.823541159
703.996255893
691.825443007
681.972989735
676.299931377
671.140662264
646.222496833
593.858867779
862.546082415
998.17197681
898.314455974
898.416371441
890.84041904
877.199894812
867.556436783
852.818347614
804.492511445
741.784519311
724.884081877
724.768170841
722.237280775
713.376457915
702.42697719
693.059566659
682.736225246
656.901648388
606.519904021
595.545826048
787.839442617
991.99011094
900.676101182
902.6589967
902.666385221
902.211265912
900.661107295
878.954915708
804.798705485
737.492949471
726.979675892
728.520267861
726.669321102
719.217172041
708.160117117
693.427797499
668.599313933
632.628495732
596.030055428
592.891783693
746.828345286
986.636393641
901.148118771
902.666387711
902.730747103
902.685753883
902.831887148
896.308965238
822.439263076
741.678517182
727.449347026
728.70123955
727.581814167
718.953296759
703.620470189
682.397303322
649.317827884
614.626394634
594.092141078
595.781630558
738.92515212
985.332763191
901.193453385
902.708299785
902.685756132
902.862151317
902.698168274
902.901290256
858.419127946
760.279947195
727.831399727
728.620001064
726.204246261
714.57229671
696.19621323
676.576683942
645.025893215
609.926948111
596.188620825
592.823783653
778.354916964
989.824748567
901.271146541
902.685757492
902.806031176
902.698170413
902.993104949
902.71962376
894.38519074
806.430628222
736.983641467
727.629652893
722.093581779
706.627112345
689.462469962
676.862912886
645.924044997
606.819757933
594.631874694
596.188614767
823.859238334
990.257647336
901.379334208
902.738935958
902.698172047
902.914605826
902.719626103
903.101270958
902.73510546
870.460075343
779.20978513
727.504404685
708.073586027
692.017130281
683.140626069
676.575930443
645.64506678
602.966796606
596.517981974
593.570013277
837.845330995
990.309644303
901.393934543
902.69817384
902.828179786
902.71962815
903.013573198
902.735107938
903.161115113
902.761305102
852.280527559
739.688981096
688.069231304
680.107542256
679.409831657
675.214498111
647.3347165
600.536120311
595.590382604
596.517976579
842.994443472
990.260393809
901.101388122
900.335505784
901.822873185
902.85667739
902.735110118
903.08216461
902.761307433
903.205547683
900.418178909
779.283175191
681.388822667
678.012485114
677.805110668
676.760781971
658.955981957
601.391819505
597.003820103
595.210458033
872.423392215
990.307917962
899.249829513
890.993466898
892.92294626
902.735112554
902.912787118
902.761309633
903.157004341
902.780231127
903.137190277
837.564966954
696.342370239
678.219863607
678.07030963
681.329607733
676.58126107
605.796436286
596.497333988
597.00381495
901.028919011
990.264959516
891.961296032
875.952389318
883.268450245
900.943651556
902.761312059
902.980224178
902.780233304
903.227082147
902.802609899
888.991173532
740.502778897
678.427249504
678.265817308
687.965118472
690.703107541
611.313229689
597.443041273
596.677579466
916.094940285
990.304842351
871.05181377
860.139081567
881.986564292
900.886296768
902.841672884
902.780235518
903.060994953
902.802611974
903.284635697
902.802607202
801.8271759
679.083003871
678.467932494
693.567427071
700.212471712
614.736633688
596.965743338
597.443037166
925.346598348
990.269686512
837.952948173
851.698765978
885.86786445
901.751402602
902.780237637
902.926758167
902.802613832
903.148223157
902.826486488
903.154692846
855.186133754
698.042989222
678.664821134
698.433144062
704.76245713
616.344169173
597.716680752
597.416471493
933.028564607
990.300196912
809.567782059
852.354526102
892.17933459
902.351638956
902.839630235
902.802615596
903.013709579
902.826488123
903.224049752
902.82648397
889.733177688
730.315117659
678.869683295
702.751071556
704.224014189
618.013692202
597.38671832
597.729795195
939.730986178
990.274903585
796.346721608
855.181308513
894.757395688
902.621528842
902.802617068
902.930267625
902.822487119
903.096062304
902.844638082
903.172494422
899.639435467
766.843883006
679.18806849
704.442256484
703.784278607
624.905775732
598.21315901
597.786590998
952.074653094
990.292941275
791.601315805
854.705751036
894.660189481
902.755765793
902.84385789
902.80261346
903.006251343
902.822484276
903.140474204
902.822481103
902.563852107
817.867495434
688.222473187
703.437684635
712.254038523
649.669253955
597.788924101
651.412580482
982.89360937
990.281590812
787.583865236
851.337533996
893.746217859
902.770465451
902.776526449
902.92986598
902.802610641
903.081209469
902.822482336
903.10660186
902.802605236
869.726025283
726.253356522
703.285507867
719.669725137
699.159937423
598.637001721
763.804937017
990.282960598
990.285372775
785.017561662
849.228280145
893.301074795
902.758499385
902.858660899
902.776523802
903.02224237
902.80204504
903.138313634
902.802606671
902.862358483
895.049147553
786.378698177
709.158076361
723.432553596
752.863224664
612.124059279
809.863013077
990.285200391
990.27686366
787.002802277
851.975552568
894.92810631
902.759648382
902.758496643
902.947696889
902.776521454
903.103549193
902.802607675
903.125497266
902.776518853
899.005098638
824.503499346
735.273636193
740.153676117
782.121099573
675.493407333
772.903697638
962.525911806
990.277536036
799.399394572
863.655763106
899.347900816
902.73510336
902.84684854
902.758492725
903.039399132
902.775837857
903.147020441
902.776516152
903.107959298
892.147130442
825.346437241
772.851104726
785.325907067
813.821689096
766.156182544
729.02011751
870.238418501
990.268352333
823.468169966
881.131600144
902.505625458
902.771696409
902.735097962
902.95325462
902.758485887
903.088537451
902.775828987
903.137504899
897.242209776
852.435900867
819.901996526
816.971054827
851.438932619
851.601715487
770.711129636
652.393847552
704.2813594
990.26921961
850.726260378
894.583577594
902.733348697
902.715248401
902.885059526
902.735090937
903.019149155
902.748746452
903.035319605
893.076395538
843.821593399
835.764829314
835.428673139
862.55352339
891.527623483
809.024862242
630.023708824
572.48905751
608.938402594
990.259633603
872.329715304
898.946911387
902.704264055
902.818356243
902.715241745
902.944950605
902.73508344
902.420420373
887.286343289
841.061595051
840.983569594
841.067907458
871.365744132
926.778488922
893.531609283
640.899036828
565.075752732
566.035199173
591.076337419
984.39818678
883.901651495
898.464093323
902.728449986
902.70425747
902.857913995
902.715234509
899.519466867
880.824482281
843.79492409
840.983572418
844.966376511
877.484194156
936.404917721
936.896648075
767.000085116
565.37496032
566.035196407
564.249417635
602.532650789
984.837935378
886.442851027
895.170127278
900.559327783
902.474692362
901.728641674
896.540491892
877.008202867
844.415428875
843.928381395
851.002924493
885.984607246
940.37139145
951.279050177
898.842511425
597.88652091
566.035192074
564.376847084
565.855623236
685.748255142
991.710864545
884.791595586
889.400200888
895.295300194
898.576485862
894.621680289
877.550208506
846.204830771
844.535061049
854.387731309
891.000565801
938.928236146
957.168690515
951.183628085
770.137900649
567.84942251
565.202466087
565.855620923
564.376844516
716.006925776
992.831410831
879.42070232
882.315051833
888.93349451
891.031232126
881.407999644
855.89765684
846.309977472
850.33742502
888.09665705
936.575604452
957.139728043
957.061617006
931.307509235
718.646695227
572.354442092
566.035187885
565.153221976
565.855619023
723.507858245
996.149997699
873.631442803
875.509003356
881.666690967
882.000301345
868.474860273
850.224983165
846.376058112
867.188966186
924.818220171
957.088430512
957.119921004
957.211679598
924.857755885
741.762006548
598.796911957
566.665297376
566.035186382
565.601916314
672.878932765
996.14072054
871.781866743
871.92096901
872.936394378
874.877897384
864.292350524
851.109472149
848.763390731
878.291599311
938.960060077
957.119923027
957.292384121
957.119918285
939.544390765
821.889576618
681.392172109
604.706304844
577.585572982
569.29831251
629.103908479
998.698627175
871.675537806
871.625906165
871.343288998
871.512901734
865.133221131
854.741553306
852.558430902
875.495741228
937.774502683
957.321124694
957.119920075
957.210933903
956.198647966
918.002343898
819.745906831
721.227026748
645.096157037
600.201847742
611.875425662
998.690659702
871.614509626
871.564157464
871.263597053
870.835983769
868.319404727
861.561557707
857.786295959
864.631362674
917.709259951
957.061618841
957.322864062
957.06161588
957.101385289
956.492581892
934.990831359
880.007800255
789.094422051
662.215768479
612.350003578
991.008511632
871.664845456
871.637060425
871.444799307
871.479373602
872.54364518
869.908672543
864.7165057
864.057997145
874.779038118
935.581921339
957.061615168
957.304694566
957.033527515
957.095037347
956.996406935
955.947790727
922.596405563
767.330835118
648.20239171
989.185451587
872.216569181
872.217451799
871.947877472
872.923847329
876.118691582
876.38465244
872.522169539
863.968286455
858.350238595
880.326326496
940.037205601
957.033525731
957.267707134
956.996404978
957.142524566
956.959691598
950.107814109
848.576508686
798.107966206
996.251959116
875.110702153
874.351407369
873.661585138
875.271488654
878.995073014
879.906349652
878.000067402
868.433462585
857.618870816
853.944537491
883.825345335
943.916572308
956.99640276
957.217426043
956.959689435
956.929516958
922.854559495
890.568971549
971.400767871
999.521187671
881.67842745
879.313222205
877.964399031
879.129799617
881.713011789
881.837243452
879.424277616
870.74217461
857.756172112
850.82281019
853.981052435
893.371797407
947.535638153
956.959686779
948.141533789
910.407006821
902.928581348
973.188210055
999.299226178
999.665640725
890.694374375
887.641038702
885.516422923
884.870661834
884.365645279
882.261823008
879.036732263
870.255862966
856.614233074
848.852181635
848.834239395
862.225902102
910.025173599
944.134713784
909.998501203
837.074531351
904.249869167
995.896234726
999.668193738
999.666934304
897.507159315
896.274929689
894.382657886
891.14772944
885.968107708
881.702393198
877.069713317
868.211852569
853.469616002
844.56051235
845.12197676
853.901984798
885.575586109
920.561777082
855.95728149
752.224861472
913.083577471
998.678624212
999.669458954
999.668193723
899.889434354
900.162146391
899.496434189
894.482480483
886.076846467
880.26069238
875.917699975
867.069186477
849.170241691
830.374787187
836.217520175
848.873379318
878.655201002
897.201276941
797.254724334
746.5940948
905.541469331
999.24799791
999.670554854
999.669380548
900.549025134
900.876243859
900.146462806
894.622175904
885.583950452
880.040842381
876.562602597
867.385130354
841.779768763
806.836449132
810.757362337
841.906269013
872.527850508
855.321217827
740.035963599
747.388461231
962.196225162
999.670649233
999.671559997
999.670409665
901.023064537
901.085495945
899.917376505
893.680576118
884.886316141
881.074906942
879.300578457
867.592746819
824.423287255
806.133638064
805.514989563
828.059636681
860.202498921
808.612982327
740.378029083
854.258755027
996.023077122
999.671457755
999.672530888
999.668501227
901.538638874
901.22381918
898.930728747
891.263342093
885.164243006
884.52113373
884.096401349
866.174672657
806.165451761
805.581155691
806.133634971
808.465674922
838.372850495
785.504885189
783.430639575
965.891286027
999.584064605
999.672491245
999.673540721
999.667128303
902.053751771
901.151829349
896.660000225
889.801808814
887.550144309
889.576195524
887.853220849
858.43810778
805.387351941
805.945310941
805.347162153
806.133633101
816.132607566
790.844130092
825.913146478
981.309000435
999.6724319
999.673522042
999.674595744
999.675660451
902.715120115
900.475961957
893.05132581
889.842621693
891.447747611
893.274190779
887.286263202
837.342731869
805.909651175
805.260516776
805.945307335
805.51359622
813.897651238
812.588974534
826.009505922
968.14132761
999.318397648
999.65633281
999.501198763
999.700587321
903.02553611
897.747268579
891.117626508
891.406541908
894.336796269
894.346240671
874.8015479
808.433630517
805.269419292
805.90964015
805.284630668
805.945302445
819.876997616
837.975758962
825.365896989
899.432908197
990.070570241
997.519402837
997.627901735
999.734019082
902.098530872
892.783581758
891.116021106
893.885947706
894.346220518
886.644953938
827.506144165
805.115129725
805.746626268
805.490250452
805.909616515
809.993183445
834.589468472
857.811381615
844.562196804
825.511176977
907.234891707
971.27164299
995.287300377
999.800307843
897.751486672
890.628488215
891.969866751
893.973679375
891.074547014
839.231692789
805.024299966
805.746560038
805.091171189
805.746565128
808.331650918
829.919970634
868.439758183
872.108013889
857.156444567
780.277993563
723.397448305
825.575082943
996.642776466
999.917034353
890.946690037
890.618488019
894.557165277
894.057894461
857.564632057
805.088921852
805.746502724
804.599370343
805.682568524
806.395227212
826.996485853
874.906675495
900.41582058
877.175070652
773.020197542
658.603971511
607.900290501
652.950404361
998.864953231
999.960712129
890.190988816
891.587576907
895.411766577
883.318667649
815.405776585
805.746466746
804.364601507
805.682529735
804.966343069
813.906032445
858.3589961
914.891977799
910.265742916
801.450738714
650.596258916
603.956265426
598.555505142
600.355803974
997.619880637
999.96071249
890.188983844
894.346613845
895.413405324
867.918081519
806.551956491
804.468455088
805.682506245
804.381073882
805.491809652
809.799480104
881.376087706
941.379718414
911.148656088
737.089548999
617.791811125
604.272431306
599.929173614
598.817507082
979.847123283
999.960959546
891.579544226
896.708425301
895.22581496
863.72901336
806.727831691
805.682485219
804.519803382
805.491792023
804.55634692
805.491775831
893.579765585
941.616971188
906.071631342
725.207071483
621.48967632
605.958856565
598.237424062
848.385972707
999.851250041
999.960961511
894.407633888
898.004607739
895.329260231
866.62057734
811.75301062
805.292299013
805.682450236
804.761545399
805.491760759
804.940072989
879.445867887
940.483266007
891.021264734
724.960109086
629.225205186
606.403896724
637.798222425
990.913358523
999.960961512
999.961193974
897.279987986
899.386528861
896.959292565
876.969279194
826.364521503
805.746344256
805.230105635
805.682417601
804.823488587
805.682411891
842.554033418
913.091807888
876.549357579
718.806490672
629.018907257
606.849391304
882.34034793
999.634178576
999.961426015
999.961185869
900.411563347
901.804553459
900.747006869
890.288476443
852.525710525
808.959135982
805.746302568
805.152439507
805.682383904
804.923218366
814.889212444
877.862147807
873.596050927
715.663952123
629.788173426
690.801407452
989.252495011
999.961645768
999.961168203
999.961426018
904.41266166
905.59006215
905.670182069
900.887117987
878.038766957
822.995792509
805.612483495
805.74624973
805.282725519
805.74626483
809.896685425
850.225809387
879.144992878
745.72611613
630.564600144
827.825613084
998.437888253
999.961135178
999.961574031
999.961290908
909.289289855
910.266673673
910.648010651
907.612075126
891.498161078
841.200770954
805.909125579
805.384134078
805.746163472
805.741648376
814.106695012
841.063455762
880.484069848
822.146791936
669.364223199
768.316879809
979.186198135
999.764551498
999.961104639
999.95037258
914.35462046
915.085859603
915.100254928
911.340634272
894.040857176
844.964773192
805.836488538
805.908987773
805.735827431
812.60699023
833.980273746
857.278712595
871.305887739
828.344293524
705.709839365
668.131548511
714.680066875
817.531462921
999.256070513
999.766017994
918.882830158
919.339747296
918.317108196
911.618737979
888.760202392
834.192954404
805.944523186
805.747227584
812.612346223
840.417982503
857.014548616
857.353033829
795.03286828
669.593480512
631.086656009
602.651525614
601.362592009
629.054692766
986.178333419
999.535763318
922.540171813
922.252618926
918.71024877
906.033715984
867.96557625
812.754783429
805.935466646
809.442552889
836.678256542
872.675534729
862.658666504
762.529661755
619.906423178
599.589052965
597.170589478
599.690309518
597.45462632
629.348673821
969.5589647
999.476426664
924.945727172
922.786435732
914.592530383
887.564393672
835.498124116
807.579572851
806.470657478
826.474164511
876.788077528
877.615907221
798.14696383
619.806025143
599.589044088
595.870162137
599.589042095
597.554397142
599.690294857
714.434959366
976.831235768
999.469655729
925.47383367
920.036523545
900.708245098
856.852071006
815.556503347
807.656995744
817.749005032
857.82350172
900.799508069
865.60980991
669.336335274
599.589034922
595.788724798
599.589031304
596.340513038
599.589024178
615.870400208
800.767480122
948.608480782
999.412819515
923.661199414
910.107984757
875.65138799
827.566963593
814.731272861
814.61353794
839.391092175
890.723217783
901.058487247
796.337364385
603.083169646
596.348776112
599.589018234
594.680448959
599.589004138
608.674606783
694.334305985
830.561377892
902.218722172
999.390440281
916.269103172
890.705753249
848.646250441
817.593192613
814.684004131
825.856294387
866.641195565
907.50641488
892.918310419
679.686532699
597.353557294
599.589004053
594.72296247
599.588980313
598.927016048
672.39986415
763.904190743
798.384132851
878.983905235
999.309434317
900.784143224
867.752867182
829.886391297
817.591464885
818.231393382
842.057984569
893.904163947
907.797959595
835.22084471
606.393827216
599.588991253
594.901396337
599.482928513
595.214277651
644.17394912
740.359364425
758.696953673
781.870305647
866.946880602
999.15844909
881.120953787
850.464622415
822.906451827
817.672403808
826.421871477
863.223031803
910.765646155
904.522558789
701.7208242
599.588977914
596.092912757
599.482925456
594.984681098
599.482835584
713.464424518
770.189072407
758.629843218
777.330897954
849.917316832
998.448367738
865.884807676
839.292903146
821.830611586
820.318370555
841.817984646
893.126793088
911.106111797
858.302014714
610.17670708
597.340058056
599.58895486
595.702427151
599.482876139
596.751897591
752.4982304
770.183240494
765.514261673
772.364077897
821.708650017
992.729979333
857.738553708
832.47227694
821.848489266
827.398686424
862.034151011
912.729575215
907.286288504
721.504421891
598.347646643
599.588946436
596.451128378
599.588924091
596.107322498
599.588837796
689.146606342
770.214943482
770.19136807
766.156212867
767.530897256
965.029897706
852.425643825
828.873699606
822.344119723
840.588168119
887.194074595
913.049798615
854.89213089
614.98246574
599.588937097
597.585491922
599.588924739
596.237388887
599.588884358
597.441495209
613.055590184
700.03569433
760.196211294
746.369758709
692.186406572
910.454460274
846.214391266
826.601651531
828.055080023
861.372190503
914.69547834
907.382737846
733.746117462
599.690189503
598.473416712
599.588922854
597.13743669
599.588899928
596.728971454
599.588848885
598.089372144
622.180371181
705.200085046
708.560969625
681.323067246
879.692035382
839.2481787
826.583111117
838.116262192
884.631748155
922.830397254
864.379031228
654.639896725
599.20076461
599.690178169
598.251456996
599.588907218
597.368441026
599.588877718
597.688266063
599.588809503
598.820705839
648.602314083
681.082920359
681.202420449
921.529661553
833.395207059
826.545050804
850.356220843
904.697326783
922.638778717
807.159389221
638.945638373
599.690181081
599.085441353
599.690169168
598.188376909
599.588894942
598.025219635
599.588850285
598.625892032
599.689902617
614.26382762
644.412728187
708.407487332
971.274839984
829.368710683
826.578847767
857.927564444
915.678505255
918.496682806
786.186325876
647.437327155
604.069237814
599.690175208
599.21241885
599.690163096
598.668564295
599.588880105
598.920204091
599.689990557
599.271344301
600.539907639
629.546174199
807.425812062
972.768355171
828.934191554
826.556090717
855.812589057
916.069424553
917.234773608
801.145666885
692.586561667
640.995439877
617.928731884
606.552562555
599.323690702
599.690156578
599.378425025
599.690045083
605.957285724
604.032759997
600.692614952
662.646014111
941.149901026
972.902443646
834.209405373
826.567268079
839.102946298
899.430675793
917.600092363
865.230507527
784.118956126
712.034041775
661.530648117
629.463726694
608.261031319
605.626646337
606.72739715
611.037951053
627.671939185
608.570614428
601.171704741
795.911723947
972.902357212
973.036664915
)
;

boundaryField
{
    emptyPatch
    {
        type            empty;
    }
    minY
    {
        type            calculated;
        value           uniform 1000;
    }
    maxY
    {
        type            calculated;
        value           nonuniform List<scalar> 
40
(
801.492325631
801.690377261
782.798593777
755.201671759
775.216424317
835.585405725
906.656944382
939.422227331
944.351913152
944.401810454
944.441219248
944.469417405
940.419990507
907.28330087
869.147230669
868.175210208
873.276006202
879.163465485
877.978577412
862.380766607
834.209387155
826.567250622
839.102931926
899.43066853
917.600088556
865.230504415
784.118954234
712.034041529
661.530647026
629.46372456
608.261028985
605.626643938
606.727394721
611.03794862
627.67193682
608.570611919
601.17170215
795.911731188
972.902356938
973.036663444
)
;
    }
    water_to_cooler
    {
        type            calculated;
        value           nonuniform List<scalar> 
150
(
1000
1000
1000
1000
1000
1000
1000
1000
1000
1000
1000
1000
1000
1000
1000
1000
1000
1000
1000
1000
1000
1000
1000
1000
1000
1000
1000
1000
1000
1000
1000
1000
1000
1000
1000
1000
1000
1000
1000
1000
1000
1000
1000
1000
1000
1000
1000
1000
1000
1000
1000
1000
1000
1000
1000
1000
1000
1000
1000
1000
1000
1000
1000
1000
1000
1000
1000
1000
1000
1000
999.999999893
999.999999778
999.999999772
999.99999977
999.999678832
999.978273014
999.821016333
998.17197681
991.99011094
986.636393642
985.332763192
989.824748568
990.257647337
990.309644304
990.26039381
990.307917963
990.264959516
990.304842351
990.269686513
990.300196913
990.274903585
990.292941276
990.281590812
990.285372775
990.276863661
990.277536037
990.268352335
990.269219614
990.259633605
984.398186784
984.837935383
991.710864546
992.831410832
996.1499977
996.140720541
998.698627175
998.690659702
991.008511633
989.185451588
996.251959116
999.521187672
999.665640725
999.666934304
999.668193723
999.669380548
999.670409665
999.668501227
999.667128303
999.675660451
999.700587321
999.734019082
999.800307843
999.917034353
999.960712129
999.96071249
999.960959546
999.960961511
999.961193974
999.961185869
999.961426018
999.961290908
999.95037258
999.766017995
999.535763321
999.47642667
999.469655751
999.412819589
999.390440476
999.309434766
999.158450022
998.448370298
992.729995605
965.029998968
910.454782157
879.692544628
921.529995709
971.274951561
972.768451003
972.902551538
973.036847642
)
;
    }
    water_to_heater
    {
        type            calculated;
        value           nonuniform List<scalar> 
240
(
913.715376734
693.600342724
693.600388295
693.51777614
693.517789238
693.517549182
693.51754987
699.76753867
712.406949501
725.050802008
725.050795606
731.993784586
731.993779295
737.162420569
737.162416014
736.844529453
721.635101229
702.913245453
702.913242421
703.93778927
703.93778643
701.808048238
701.808045297
703.772536483
701.847745424
703.862917993
703.862914786
702.587299146
702.587295706
704.045548073
704.045544158
703.976585186
712.612754566
726.351297194
726.351293025
726.740412792
726.74040863
718.755148071
718.755143589
704.222626678
691.704495294
682.568446186
682.568441822
674.201750109
674.20174593
667.471558048
667.471553805
665.360396463
662.317074458
661.823891701
661.823887665
659.505255608
659.5052514
661.487946396
661.487941848
658.793852295
661.054944276
658.793845409
658.793841105
661.487925126
661.487920858
660.711770382
660.711764812
677.793198507
735.356933429
785.585286182
785.585275289
770.560549027
770.560531979
683.851331231
683.851307255
595.657140315
571.620496583
572.120369675
572.12035265
570.761552724
570.761535629
571.845645647
571.845626899
570.737649093
571.749134561
570.87866801
570.878647825
571.880822608
571.880802674
570.717079474
570.717061434
572.136030337
570.940409686
572.34284161
572.342830554
571.530981508
571.530973662
572.533864889
572.533861396
580.854699757
625.973133236
695.355406725
695.355395884
738.004795223
738.004785619
717.546726026
717.54671692
640.949258804
578.815490168
565.35911704
565.359128674
565.49131222
565.491326543
565.30006716
565.300080546
565.491338672
574.541524841
598.587204089
598.587198152
617.724454627
617.724438296
621.031988881
621.031971121
619.680968419
620.480991458
619.89742597
619.897410061
620.48097972
620.480965625
622.858351065
622.858339882
652.585197455
699.287314112
719.830155214
719.830150823
704.621970718
704.621969498
663.211157286
663.211159856
631.50531384
631.025100501
634.114010186
634.114007874
644.263631548
644.26362688
646.351090692
646.351083416
646.205782849
629.878439391
599.811184613
599.811154416
592.866029582
592.866017276
591.663669554
591.663662775
592.752017524
591.568097453
592.658479951
592.658476654
591.622378106
591.622374878
592.573265593
592.573258695
591.852043823
592.658460284
592.531086414
592.531076216
594.695345469
594.695337883
608.403542002
608.40353293
626.95876319
628.73049528
629.49737315
629.497363995
629.600829317
629.600822713
630.514252461
630.514249341
630.500706502
643.909873467
685.231880183
685.2318803
719.477693999
719.477689503
702.205618981
702.205610989
634.588429929
575.187896772
556.397114492
556.397126801
555.622261974
555.622283449
555.619469582
555.619488547
561.324975063
589.889425149
642.348982564
642.348973122
678.242396945
678.24238309
678.954013967
678.954000022
678.533283732
680.342062432
679.043856374
679.043840841
682.221202556
682.221186491
681.992999103
681.992982281
699.672116637
714.985933789
685.120543746
685.12053308
616.346786734
616.346782309
573.300008745
573.300014375
560.219965884
557.556044976
557.545027625
557.545042315
558.984566935
558.984567733
564.226792725
564.226784607
571.00739239
576.538252231
582.257517837
582.257525117
590.56811155
590.568127709
612.650893661
612.650921731
661.184405299
726.228462923
779.069557329
779.069573442
801.019572662
801.019588477
801.192210678
801.192218642
801.364244532
)
;
    }
}


// ************************************************************************* //
