/*--------------------------------*- C++ -*----------------------------------*\
| =========                 |                                                 |
| \\      /  F ield         | OpenFOAM: The Open Source CFD Toolbox           |
|  \\    /   O peration     | Version:  2312                                  |
|   \\  /    A nd           | Website:  www.openfoam.com                      |
|    \\/     M anipulation  |                                                 |
\*---------------------------------------------------------------------------*/
FoamFile
{
    version     2.0;
    format      ascii;
    arch        "LSB;label=32;scalar=64";
    class       volScalarField;
    location    "0.815/water";
    object      p;
}
// * * * * * * * * * * * * * * * * * * * * * * * * * * * * * * * * * * * * * //

dimensions      [1 -1 -2 0 0 0 0];

internalField   nonuniform List<scalar> 
1497
(
100930.345755
100930.96238
100931.27158
100931.092535
100931.297304
100931.795936
100932.421238
100932.963353
100933.479891
100934.059194
100934.571488
100935.098194
100935.567164
100926.739326
100925.201129
100927.028009
100927.598397
100927.768074
100927.879286
100928.157713
100928.710505
100929.294794
100929.049544
100928.244152
100927.893631
100928.03501
100928.03743
100928.017465
100928.021448
100927.933313
100927.893687
100927.698799
100927.440357
100923.505311
100923.418324
100924.892971
100925.583307
100925.775749
100925.947825
100926.339636
100926.885325
100926.836168
100925.454419
100924.05086
100923.703789
100923.260461
100922.813789
100922.335899
100921.763628
100921.227128
100920.390982
100919.582806
100918.540938
100919.622161
100921.42328
100922.579993
100922.766427
100922.544216
100922.420088
100922.455354
100922.100932
100920.569285
100918.676226
100918.000162
100917.339447
100916.567598
100915.81342
100914.842626
100913.92
100912.646573
100911.658288
100910.556294
100909.387268
100913.033165
100914.456029
100915.312439
100914.547447
100913.484309
100912.754848
100912.091168
100911.066608
100909.739117
100908.997345
100908.317102
100907.295726
100906.431309
100905.403144
100904.491197
100903.528562
100902.854463
100902.110897
100901.194818
100900.004283
100889.516447
100890.044271
100892.539226
100892.329344
100891.822367
100891.875812
100892.211787
100892.26906
100891.953789
100891.630996
100891.316955
100891.332108
100891.516688
100891.754215
100891.903303
100891.973984
100891.891703
100891.635687
100891.121859
100890.223621
100857.248899
100856.22877
100858.327393
100858.677421
100858.867998
100859.523209
100860.578326
100861.999315
100864.091891
100866.687472
100869.431654
100872.196504
100874.743355
100876.865318
100878.428285
100879.48627
100880.218373
100880.695189
100880.790585
100880.408084
100848.980471
100848.619188
100848.546597
100848.250463
100847.740108
100847.309638
100847.410962
100848.33101
100850.205395
100852.875878
100855.827457
100858.810345
100861.672144
100864.292503
100866.485861
100868.234325
100869.619922
100870.647079
100871.279653
100871.424059
100848.143734
100848.105499
100848.086026
100848.065832
100848.046612
100848.031599
100848.023784
100848.024923
100848.230387
100849.170699
100850.726731
100852.589535
100854.563667
100856.561776
100858.427604
100860.102111
100861.566556
100862.790349
100863.633772
100864.096505
100847.505415
100847.501874
100847.503639
100847.50594
100847.507737
100847.509382
100847.511095
100847.512797
100847.514928
100847.84969
100848.629936
100849.704117
100850.949948
100852.292861
100853.641607
100854.949727
100856.229601
100857.285869
100858.103532
100858.484673
100846.924031
100846.921445
100846.923586
100846.928463
100846.935285
100846.943505
100846.952707
100846.963279
100846.977055
100847.136259
100847.514349
100848.1195
100848.93162
100849.902835
100850.884411
100851.835093
100852.761903
100853.606828
100854.135993
100854.428274
100846.276169
100846.276038
100846.27991
100846.288502
100846.301335
100846.316456
100846.333479
100846.351762
100846.381188
100846.473171
100846.746583
100847.237908
100847.933014
100848.691045
100849.251303
100849.778346
100850.478832
100850.953333
100851.294232
100851.335145
100845.51119
100845.513494
100845.519195
100845.531916
100845.556221
100845.595691
100845.621724
100845.647727
100845.69455
100845.834141
100846.178017
100846.724391
100847.371914
100847.711922
100847.778572
100848.17349
100848.513239
100848.806516
100848.904536
100848.839703
100844.522539
100844.520427
100844.514399
100844.508067
100844.503162
100844.486261
100844.373002
100844.315761
100844.466228
100844.780742
100845.296372
100845.905833
100846.153818
100845.886863
100845.879373
100846.084659
100846.326675
100846.404144
100846.405775
100846.332589
100843.422052
100843.421764
100843.412134
100843.397773
100843.385022
100843.269203
100843.024562
100842.927117
100843.087682
100843.484015
100843.971361
100843.998033
100843.423793
100843.094289
100843.135971
100843.316313
100843.294648
100843.239839
100843.15975
100842.66917
100841.740152
100841.579014
100842.26471
100842.263384
100842.257024
100841.997906
100841.552718
100841.376603
100841.4893
100841.653289
100841.231005
100840.280033
100839.779632
100839.619572
100839.677376
100839.466047
100839.232421
100838.935387
100838.136318
100837.794373
100839.302661
100838.430844
100839.894221
100840.128725
100840.10316
100839.775843
100839.379307
100839.177199
100838.983331
100838.103052
100836.762622
100836.157361
100835.75484
100835.595128
100835.125398
100834.63059
100834.054319
100832.853901
100832.156168
100832.175851
100836.520612
100834.784314
100836.18046
100836.565576
100836.553753
100836.306124
100836.107263
100835.888454
100835.01077
100833.324718
100832.328931
100831.573605
100831.108812
100830.296784
100829.476007
100828.537401
100827.076317
100825.882465
100825.501376
100825.407732
100833.380271
100830.959219
100832.56878
100832.943655
100832.762925
100832.513532
100832.365913
100831.824382
100830.05547
100828.098738
100826.742321
100825.883841
100824.667574
100823.54263
100822.220405
100820.615421
100818.877584
100817.720969
100817.19649
100816.611138
100829.992472
100826.20038
100827.737849
100827.868185
100827.271073
100826.845542
100826.369482
100824.896531
100822.28731
100819.977429
100818.696938
100817.147725
100815.899566
100814.516955
100812.331376
100810.151049
100808.168347
100807.419749
100806.473517
100805.724516
100818.466935
100812.908608
100814.237203
100813.855183
100812.894062
100812.479825
100811.775289
100810.00072
100807.740069
100806.271359
100804.872378
100803.502043
100802.091009
100799.162922
100796.631288
100794.791638
100794.330119
100793.530855
100792.756535
100792.363928
100787.076082
100780.599969
100781.940834
100781.821629
100781.64621
100782.363943
100782.997209
100782.751306
100781.890394
100780.881317
100779.345309
100777.333359
100774.479081
100772.906198
100773.029733
100774.177816
100774.825591
100775.057443
100775.43721
100776.162766
100734.831414
100729.079231
100730.163409
100730.758777
100731.576341
100733.157709
100734.814481
100735.910598
100736.702556
100737.158913
100737.243074
100737.4701
100739.209129
100742.172331
100745.597558
100748.627634
100751.13071
100753.405636
100755.678847
100758.009595
100703.149532
100701.33635
100702.12219
100702.382284
100702.326235
100702.263149
100702.516409
100703.220975
100704.730861
100707.274247
100710.603582
100714.235225
100717.821943
100721.243138
100724.414444
100727.433098
100730.553165
100733.807232
100737.049037
100740.254426
100701.327496
100701.276633
100701.251624
100701.233962
100701.21766
100701.204968
100701.202792
100701.224073
100701.485812
100702.479072
100704.214044
100706.326586
100708.569651
100710.770461
100712.879787
100714.965377
100717.193898
100719.587787
100722.126027
100724.736137
100700.409589
100700.40752
100700.416281
100700.425575
100700.43488
100700.44465
100700.45591
100700.469629
100700.493716
100700.68236
100701.398002
100702.517378
100703.771309
100705.026068
100706.267774
100707.509377
100708.789754
100710.079105
100711.308654
100712.280828
100699.5506
100699.549931
100699.557766
100699.570747
100699.586721
100699.604747
100699.625107
100699.64942
100699.681307
100699.804584
100700.12786
100700.625228
100701.253402
100701.958273
100702.699898
100703.453419
100704.059633
100704.269026
100703.849671
100702.818595
100698.531646
100698.534862
100698.548453
100698.571647
100698.599149
100698.6302
100698.666703
100698.712306
100698.761077
100698.883643
100699.071434
100699.418113
100699.899421
100700.449772
100700.962386
100701.209714
100700.834291
100699.646043
100697.848428
100695.657698
100697.195027
100697.204059
100697.228721
100697.270416
100697.336923
100697.431586
100697.481748
100697.528219
100697.530891
100697.598989
100697.820703
100698.158048
100698.547868
100698.868885
100698.837082
100698.10984
100696.600418
100694.737673
100692.701848
100690.127317
100694.954069
100694.97439
100695.028764
100695.148782
100695.244921
100695.25706
100695.037816
100694.961445
100695.090855
100695.239373
100695.429412
100695.653606
100695.814661
100695.608283
100694.732581
100693.25112
100691.702026
100690.115587
100688.056204
100684.919865
100690.921947
100690.896818
100690.85803
100691.163961
100691.279696
100691.124438
100691.154429
100691.131755
100691.189498
100691.291344
100691.417798
100691.493915
100691.250007
100690.345472
100688.979657
100687.807863
100686.67006
100685.152433
100682.755044
100678.394852
100685.715943
100685.686364
100685.677848
100686.517556
100686.47485
100686.069752
100685.886893
100685.83696
100685.88543
100685.982575
100686.027715
100685.761178
100684.832113
100683.608221
100682.882287
100682.058868
100680.783404
100678.947495
100675.577679
100670.044128
100665.944951
100679.649957
100680.614946
100681.44322
100681.014771
100680.196352
100679.768305
100679.647274
100679.691529
100679.689414
100679.358099
100678.399628
100677.296087
100676.823893
100676.232177
100674.968995
100673.690736
100671.656322
100668.114549
100664.865074
100648.001848
100673.573487
100675.642351
100677.196081
100677.196624
100675.986653
100674.922859
100674.163861
100673.547117
100672.694083
100671.496607
100670.401267
100669.923192
100669.40951
100668.1176
100666.921593
100665.981883
100664.134412
100661.944977
100660.90589
100632.728778
100662.354077
100670.122465
100672.251131
100672.75442
100671.392982
100669.563933
100667.747679
100666.038242
100664.526587
100663.39666
100662.727036
100661.965365
100660.737912
100659.269754
100658.569597
100657.787919
100656.2528
100655.399818
100655.602241
100607.06785
100646.977399
100660.833973
100664.150488
100665.447208
100664.572084
100662.700452
100660.494582
100658.377625
100656.764593
100655.676869
100654.512069
100653.37877
100651.804801
100650.24016
100649.680266
100648.721523
100647.501388
100647.273208
100647.634452
100608.180835
100638.578972
100653.304878
100657.810471
100659.531861
100658.801547
100656.665986
100653.891546
100651.124601
100649.044652
100647.341269
100645.868175
100644.241682
100642.02952
100640.476311
100639.547267
100638.44121
100637.369815
100636.992123
100636.912893
100603.661572
100628.88069
100642.162976
100647.63618
100649.920252
100649.554992
100647.619432
100644.660775
100641.533886
100639.035676
100637.202436
100635.335833
100633.462813
100631.312828
100629.284646
100628.13821
100626.912389
100625.723517
100625.073416
100624.694771
100935.918553
100936.027107
100936.08253
100936.402047
100937.134562
100937.999577
100938.814877
100939.737178
100941.022288
100942.933864
100945.830547
100949.600104
100954.128943
100959.058327
100962.987326
100967.113301
100974.599291
100971.449763
100967.189613
100965.064496
100926.92667
100926.300916
100925.626261
100924.948136
100924.265824
100923.271471
100921.745881
100919.643778
100916.908004
100913.538729
100909.652844
100904.055844
100894.034886
100879.578142
100873.582277
100872.71899
100873.090575
100879.162399
100883.81212
100885.895964
100917.453824
100916.193128
100914.693492
100912.952096
100910.926504
100908.489576
100905.508009
100902.016018
100897.951878
100893.37323
100887.723395
100879.668382
100867.468566
100865.379308
100865.387341
100865.53734
100861.723091
100863.441951
100864.79599
100865.427258
100907.922508
100906.077712
100903.916949
100901.426901
100898.672244
100895.470412
100891.975878
100887.965754
100883.674594
100878.636732
100872.840098
100863.322209
100860.245984
100861.097895
100861.206319
100861.254602
100853.813188
100855.901244
100856.794849
100857.165128
100898.407864
100896.418208
100894.086607
100891.513824
100888.505968
100885.257782
100881.509442
100877.557027
100872.981151
100867.946211
100860.106712
100856.625164
100857.909935
100858.027256
100858.120932
100858.151785
100852.996022
100853.833808
100854.302258
100854.554366
100888.853981
100887.054765
100884.977578
100882.43358
100879.623018
100876.282144
100872.734525
100868.571421
100864.042157
100857.28271
100854.151856
100855.41437
100855.535215
100855.661519
100855.801832
100855.939309
100853.098587
100853.232928
100853.3053
100853.518859
100879.510301
100878.206698
100876.375844
100874.216484
100871.465342
100868.452007
100864.776704
100860.698624
100854.668509
100851.971088
100853.047852
100853.157763
100853.228132
100853.267719
100853.275066
100852.041192
100850.864682
100851.046191
100851.087161
100851.32854
100871.086435
100870.136351
100868.78679
100866.794923
100864.479779
100861.46218
100858.005404
100852.985758
100850.324837
100851.176059
100851.268312
100851.328022
100851.370123
100851.390292
100851.398893
100850.128662
100849.662593
100849.73424
100849.658863
100849.889508
100863.97257
100863.405812
100862.174335
100860.575643
100858.236325
100855.433844
100851.376843
100848.995248
100849.717503
100849.788204
100849.834844
100849.87498
100849.902319
100849.920616
100849.917742
100848.445631
100848.479347
100848.532033
100848.393051
100848.659754
100858.499477
100857.892651
100856.929056
100855.259333
100853.182344
100850.117642
100847.96546
100848.44765
100848.61034
100848.618405
100848.638409
100848.662897
100848.698699
100848.745812
100848.80224
100848.119442
100848.060373
100847.935546
100847.653219
100847.955978
100854.24913
100853.727682
100852.586498
100851.01033
100848.790008
100847.097302
100847.140624
100847.339938
100847.435734
100847.436506
100847.437161
100847.44269
100847.44502
100847.44921
100847.137861
100847.010014
100847.064546
100846.802737
100846.451862
100846.789462
100851.102763
100850.395415
100849.259836
100847.712584
100846.335927
100846.128065
100846.068644
100846.17621
100846.34727
100846.325066
100846.318868
100846.317251
100846.32128
100846.321848
100845.997855
100846.076917
100846.17264
100845.887348
100845.554334
100845.887213
100848.516605
100847.770292
100846.786596
100845.671891
100845.385452
100845.224412
100845.028676
100845.084908
100845.252686
100845.25973
100845.281581
100845.310711
100845.345019
100845.388766
100845.353793
100845.511632
100845.613739
100845.450202
100845.203817
100845.55292
100845.84721
100845.324386
100844.622115
100844.443041
100844.379114
100844.173795
100844.071094
100844.220706
100844.339237
100844.318192
100844.345464
100844.374812
100844.408639
100844.451402
100844.555111
100844.763682
100844.768845
100844.669553
100844.574572
100844.888252
100842.42597
100842.242256
100842.335383
100842.593603
100842.697046
100842.829876
100843.177013
100843.601438
100843.645413
100843.530295
100843.545582
100843.5741
100843.640411
100844.17869
100844.252277
100844.300236
100844.227342
100844.174269
100844.140308
100844.385212
100837.898887
100838.218686
100838.718682
100839.20656
100839.728276
100840.522857
100841.686907
100842.674807
100842.919323
100842.748267
100842.756099
100842.81357
100843.325742
100843.484284
100843.231353
100843.029196
100842.871447
100842.781381
100842.74079
100842.885017
100832.412793
100832.719522
100833.202268
100833.807261
100834.616224
100835.850107
100837.553842
100838.918958
100839.28194
100839.159432
100839.16404
100839.754615
100840.261569
100839.933066
100839.531656
100839.31561
100839.147691
100839.057389
100839.034956
100839.213617
100825.302594
100825.391701
100825.74563
100826.340609
100827.244283
100828.592422
100830.424461
100831.946154
100832.47179
100832.527689
100832.959104
100833.706996
100833.703324
100833.286279
100833.061997
100832.885944
100832.749045
100832.680829
100832.633712
100832.914591
100816.244599
100816.217446
100816.51448
100817.097199
100818.000177
100819.282539
100820.93746
100822.355527
100822.934137
100822.863935
100823.328672
100824.249209
100824.457861
100824.500853
100824.463273
100824.405993
100824.354907
100824.334989
100824.24556
100824.389233
100805.376077
100805.408307
100805.793045
100806.488875
100807.472207
100808.742311
100810.262121
100811.625901
100812.234939
100812.04416
100812.652567
100813.986546
100814.723324
100815.006631
100815.145819
100815.242189
100815.331348
100815.433764
100815.41118
100815.200361
100792.428484
100792.860169
100793.628227
100794.6705
100795.932155
100797.385232
100798.985392
100800.399324
100800.927884
100800.55646
100801.93308
100804.118679
100805.154424
100805.610943
100805.913894
100806.141314
100806.3268
100806.465772
100806.122428
100805.939314
100777.229556
100778.510475
100780.002008
100781.670411
100783.458015
100785.330992
100787.238785
100788.90292
100789.516789
100789.219895
100791.728651
100794.812037
100796.15362
100796.916009
100797.545124
100798.116898
100798.600416
100798.906289
100797.720376
100798.029664
100760.394626
100762.78563
100765.169295
100767.597126
100770.078657
100772.584319
100775.057909
100777.281716
100778.474935
100778.76981
100782.158721
100785.840083
100787.54318
100788.721518
100789.933513
100791.262928
100792.339037
100789.160528
100788.865725
100789.723307
100743.328362
100746.298588
100749.216023
100752.148075
100755.178666
100758.301856
100761.450637
100764.526078
100766.966248
100768.412909
100772.427663
100776.076879
100777.011209
100777.364915
100777.102103
100774.399765
100767.004998
100766.261902
100769.019222
100768.776807
100727.219612
100729.51297
100731.682391
100733.862206
100736.18695
100738.635194
100741.338805
100743.74592
100744.900962
100745.286871
100748.731762
100753.181148
100750.665429
100742.368403
100730.701071
100725.885236
100727.807549
100730.238835
100731.340973
100731.201184
100712.86548
100712.952948
100712.485232
100711.456254
100709.563277
100706.063888
100698.781083
100690.711077
100686.392002
100683.370651
100680.205854
100680.252817
100681.003611
100683.512726
100687.74514
100691.062822
100693.246779
100694.426773
100694.705244
100694.832219
100701.223165
100698.840476
100695.346095
100690.603434
100681.653358
100664.811159
100660.251125
100661.530137
100661.527241
100661.543109
100661.565132
100661.59335
100661.67209
100662.984173
100665.869535
100668.455749
100670.168586
100671.08936
100671.418402
100671.479409
100692.831818
100688.777443
100683.697625
100673.96487
100658.023183
100660.871736
100660.873199
100660.901978
100660.926868
100660.943615
100660.95475
100660.963367
100660.97576
100660.995943
100661.498779
100662.182721
100662.84856
100663.301557
100663.406563
100663.218476
100686.239182
100681.125595
100672.14681
100657.867361
100660.491987
100660.499523
100660.511439
100660.516293
100660.51757
100660.51587
100660.510317
100660.502207
100660.493489
100660.473438
100660.57269
100660.753604
100660.961985
100661.133794
100661.127817
100660.830199
100680.206339
100672.14209
100660.000001
100660.177502
100660.172586
100660.171662
100660.164223
100660.156358
100660.147446
100660.137658
100660.127229
100660.116769
100660.107532
100660.10405
100660.205661
100660.377266
100660.559854
100660.699406
100660.685305
100660.361465
100671.109741
100662.293381
100658.129859
100659.879813
100659.859986
100659.844002
100659.82767
100659.811649
100659.795713
100659.780035
100659.765126
100659.751875
100659.741241
100659.763972
100659.927283
100660.146304
100660.382086
100660.563958
100660.597584
100660.296066
100664.61134
100659.98453
100658.725498
100659.549405
100659.517699
100659.49272
100659.46926
100659.446715
100659.424289
100659.402634
100659.383167
100659.367002
100659.35494
100659.387034
100659.605525
100659.839435
100660.103688
100660.359035
100660.471962
100660.208631
100662.373376
100659.576263
100658.6334
100659.13206
100659.116615
100659.088496
100659.063139
100659.038526
100659.009984
100658.979424
100658.954513
100658.936236
100658.92558
100658.958418
100659.210537
100659.396592
100659.601358
100659.911972
100660.108026
100659.867091
100659.838714
100658.432489
100657.906794
100658.447736
100658.610256
100658.611027
100658.59063
100658.556388
100658.505674
100658.462785
100658.430203
100658.404444
100658.356667
100658.384326
100658.615551
100658.615358
100658.659248
100658.969993
100659.212177
100658.911437
100655.505766
100655.052434
100655.10665
100655.851999
100656.138944
100656.205372
100656.261959
100656.349297
100656.408853
100656.450806
100656.467822
100656.44128
100656.287894
100656.27887
100656.381834
100656.082037
100655.919185
100656.222735
100656.458895
100656.011018
100647.875299
100648.003347
100648.818426
100650.145554
100650.87889
100651.040506
100650.93458
100650.730088
100650.395646
100650.164277
100650.073265
100649.949679
100649.755121
100649.820839
100649.846111
100649.409879
100649.315823
100649.823103
100650.072635
100649.477916
100636.951535
100637.159617
100637.940434
100639.496553
100640.726382
100640.953016
100640.467613
100639.506632
100638.500121
100638.26809
100638.35788
100638.285141
100638.166404
100638.300561
100638.338252
100638.234286
100638.769938
100639.498717
100639.697826
100639.14286
100624.23333
100623.838413
100624.014393
100624.87284
)
;

boundaryField
{
    emptyPatch
    {
        type            empty;
    }
    minY
    {
        type            calculated;
        value           nonuniform List<scalar> 0();
    }
    maxY
    {
        type            calculated;
        value           nonuniform List<scalar> 0();
    }
    water_to_cooler
    {
        type            calculated;
        value           nonuniform List<scalar> 
37
(
100965.064496
100885.895964
100865.427258
100857.165128
100854.554366
100853.518859
100851.32854
100849.889508
100848.659754
100847.955978
100846.789462
100845.887213
100845.55292
100844.888252
100844.385212
100842.885017
100839.213617
100832.914591
100824.389233
100815.200361
100805.939313
100798.029663
100789.723306
100768.776807
100731.201184
100694.832219
100671.479409
100663.218476
100660.830199
100660.361465
100660.296066
100660.208631
100659.867091
100658.911437
100656.011018
100649.477916
100639.14286
)
;
    }
    water_to_heater
    {
        type            calculated;
        value           nonuniform List<scalar> 
60
(
100928.214307
100926.477914
100924.560076
100922.80153
100920.245031
100918.46722
100913.212622
100889.695533
100859.172605
100856.852875
100850.170342
100848.157437
100848.628966
100847.261825
100847.617239
100847.029898
100847.179268
100846.120074
100846.152976
100845.096082
100844.92001
100843.816189
100843.575814
100841.923024
100840.899248
100839.037734
100837.664752
100835.798643
100834.065119
100832.194317
100830.213799
100818.688422
100789.170436
100786.665355
100736.341682
100733.754572
100703.934543
100701.680117
100701.523338
100700.559653
100700.470583
100699.429853
100699.202417
100698.162321
100697.627428
100696.586673
100695.14082
100691.117589
100687.179638
100685.511663
100667.252428
100665.082902
100648.822642
100646.490415
100632.982304
100607.323203
100610.192567
100607.866155
100605.14141
100602.707423
)
;
    }
    procBoundary1to0
    {
        type            processor;
        value           nonuniform List<scalar> 
41
(
100592.543336
100614.22993
100629.145821
100635.248572
100637.377235
100636.808871
100634.816367
100631.870248
100628.784415
100626.495471
100624.678176
100623.087315
100621.302158
100618.978004
100617.208416
100615.927784
100614.632512
100613.436605
100612.739979
100611.961068
100625.910413
100626.208649
100625.359626
100623.796069
100623.015165
100623.310874
100623.580529
100623.537458
100623.482417
100623.694162
100624.03616
100624.748947
100625.783861
100626.49315
100626.464093
100626.169145
100610.806646
100609.55729
100608.821846
100625.910413
100608.922273
)
;
    }
    procBoundary1to3
    {
        type            processor;
        value           nonuniform List<scalar> 
41
(
100932.453021
100933.190708
100933.83435
100934.228907
100934.822858
100935.903062
100936.935552
100937.990009
100939.073885
100940.120151
100941.203412
100942.249752
100943.26461
100929.344456
100927.753118
100929.347281
100929.701264
100929.775594
100929.782504
100929.926966
100929.926966
100944.150154
100944.797778
100945.344552
100946.231433
100947.579125
100949.231524
100951.076177
100953.178951
100955.654638
100958.635233
100962.277511
100966.267011
100970.492673
100974.942396
100979.606248
100983.730188
100987.631102
100988.30611
100986.747306
100985.889067
)
;
    }
}


// ************************************************************************* //
