/*--------------------------------*- C++ -*----------------------------------*\
| =========                 |                                                 |
| \\      /  F ield         | OpenFOAM: The Open Source CFD Toolbox           |
|  \\    /   O peration     | Version:  2312                                  |
|   \\  /    A nd           | Website:  www.openfoam.com                      |
|    \\/     M anipulation  |                                                 |
\*---------------------------------------------------------------------------*/
FoamFile
{
    version     2.0;
    format      ascii;
    arch        "LSB;label=32;scalar=64";
    class       volScalarField;
    location    "0.375/water";
    object      Ct2;
}
// * * * * * * * * * * * * * * * * * * * * * * * * * * * * * * * * * * * * * //

dimensions      [0 0 0 0 0 0 0];

internalField   nonuniform List<scalar> 
6000
(
1
1.00000082704
1.4379949623
2.79469411054
6.61671963161
8.53994315108
8.915754862
8.96517910823
8.96967899863
8.96878160017
8.96877435007
8.96892560442
8.96916688378
8.96942079766
8.96966009118
8.96987271229
8.97005394537
8.97020190836
8.97031561945
8.97039476381
1
1
1.00000008717
1.40944548091
2.08247716353
4.88275623558
7.680000455
8.72016946492
8.94357110767
8.96340199364
8.95937254182
8.95647534186
8.95491515499
8.95412632403
8.9537290047
8.953519356
8.95339891526
8.95332325236
8.95327350626
8.95324195319
1
1
1
1.05189223157
1.45406589772
2.42923888234
5.32276943433
7.86438332907
8.78961356571
8.95934233162
8.96527443552
8.96169152538
8.95933880114
8.9580452922
8.95740537219
8.95711345019
8.95699010466
8.95694272283
8.95692739206
8.95692447181
1
1
1
1
1.26307893968
1.54213574856
2.96374561109
6.13569490073
8.30418895575
8.90544823187
8.96709313703
8.96400991953
8.96075036675
8.95864044284
8.95744565506
8.95682769496
8.95652806658
8.95638911009
8.95632641263
8.95629862757
1
1
1
1
1.00000033806
1.36382443676
1.68497494475
3.74482942481
7.1467402035
8.71104126722
8.96047380191
8.96629956993
8.96269685308
8.96001726431
8.95832505728
8.95736552535
8.95686164455
8.95661049771
8.95648874515
8.9564300193
1
1
1
1
1
1.00017066922
1.39959966554
1.93671540795
4.8957843426
8.10897606099
8.9163430533
8.9677608236
8.96440566067
8.96133610273
8.95920850313
8.95790063672
8.95716321436
8.9567720261
8.95657176046
8.95647034086
1
1
1
1
1
1
1.00780305322
1.42272716738
2.43359931128
6.39661161086
8.71123655319
8.96447136775
8.96592245285
8.96262550362
8.96015288763
8.95852395239
8.95754622244
8.95699828881
8.95670480214
8.95655109608
1
1
1
1
1
1
1
1.08417140247
1.48505594611
3.46172677042
7.8404462672
8.92656471689
8.96712185391
8.96382957015
8.96109208005
8.95917855546
8.9579648693
8.95725012821
8.95685125894
8.95663651346
1
1
1
1
1
1
1
1.00000000003
1.27725436789
1.71239092926
5.37688010816
8.68377820266
8.96511818787
8.96493244596
8.96199143348
8.95983065173
8.95839416876
8.95751113961
8.95700049281
8.95672030071
1
1
1
1
1
1
1
1
1.00001932382
1.40231727915
2.57994108644
7.62039128043
8.93556756526
8.9659052535
8.96284052699
8.96045365625
8.95880641654
8.95776013369
8.95713872433
8.95679210426
1
1
1
1
1
1
1
1
1
1.05876096343
1.54847338678
5.16284296063
8.76204525167
8.9658653563
8.96369777894
8.96106248617
8.95919929086
8.95798938447
8.9572583137
8.95684821578
1
1
1
1
1
1
1
1
1
1.00000018639
1.3930734331
2.74806348233
8.09372807941
8.95708736225
8.96469818297
8.96171897671
8.95959576918
8.9582104007
8.95736984206
8.95689997948
1
1
1
1
1
1
1
1
1
1
1.08048915886
1.66661874553
6.3587378449
8.89337454429
8.96583747671
8.96253731003
8.96007153852
8.95847648567
8.95751435166
8.95698046111
1
1
1
1
1
1
1
1
1
1
1.00000031965
1.40995002779
3.57770325016
8.50647134581
8.96356250295
8.96367176482
8.96074829059
8.9588767186
8.95775751853
8.95713842024
1
1
1
1
1
1
1
1
1
1
1
1.04770983622
1.70849113802
6.65320380521
8.90777715259
8.96517450584
8.96173476348
8.95949539028
8.95816019102
8.95741615857
1
1
1
1
1
1
1
1
1
1
1
1
1.36559163984
2.95024867363
8.35405562015
8.96191376851
8.96303119302
8.96035563071
8.95873949949
8.95782231843
1
1
1
1
1
1
1
1
1
1
1
1
1.00000092869
1.47325176164
5.74976827475
8.88220735611
8.96449579454
8.96140112746
8.95945438628
8.95832223924
1
1
1
1
1
1
1
1
1
1
1
1
1
1.13464845554
2.41990321279
8.2774634879
8.96145318127
8.96254049995
8.96023523439
8.95885827748
1
1
1
1
1
1
1
1
1
1
1
1
1
1.00000000167
1.47763996147
6.27942071541
8.92088702192
8.96367506933
8.96102166179
8.95937672732
1
1
1
1
1
1
1
1
1
1
1
1
1
1
1.36671375178
3.82154621983
8.75616123559
8.96419820491
8.96177755261
8.95984291305
1
1
1
1
1
1
1
1
1
1
1
1
1
1
1.12998903135
2.48396760162
8.40563329102
8.96291718057
8.96251023375
8.96025780349
1
1
1
1
1
1
1
1
1
1
1
1
1
1
1.01366679617
1.92441301701
7.92450475966
8.95911096452
8.96328050988
8.96066436794
1
1
1
1
1
1
1
1
1
1
1
1
1
1
1.00013920288
1.62892698743
7.24539967016
8.95050119592
8.96417145637
8.9611316421
1
1
1
1
1
1
1
1
1
1
1
1
1
1
1.00000000003
1.44701550437
5.96788393023
8.92194228639
8.96523264164
8.9617337667
1
1
1
1
1
1
1
1
1
1
1
1
1
1
1
1.33167919548
3.77107152206
8.79667239062
8.96625792772
8.96251513876
1
1
1
1
1
1
1
1
1
1
1
1
1
1
1
1.00006064953
1.9232324386
8.21413815018
8.9646804218
8.96347346941
1
1
1
1
1
1
1
1
1
1
1
1
1
1
1
1
1.41745864941
6.22498192075
8.93817831462
8.96458261201
1
1
1
1
1
1
1
1
1
1
1
1
1
1
1
1
1.05311631871
3.12339202035
8.7384234335
8.96549050191
1
1
1
1
1
1
1
1
1
1
1
1
1
1
1
1
1
1.62236061168
7.76014259456
8.96023934432
1
1
1
1
1
1
1
1
1
1
1
1
1
1
1
1
1
1.38961241642
5.28023765218
8.90905346678
1
1
1
1
1
1
1
1
1
1
1
1
1
1
1
1
1
1.01382041714
2.6512421062
8.64130413503
1
1
1
1
1
1
1
1
1
1
1
1
1
1
1
1
1
1
1.57790390189
7.65610018638
1
1
1
1
1
1
1
1
1
1
1
1
1
1
1
1
1
1
1.39304889018
5.45794367495
1
1
1
1
1
1
1
1
1
1
1
1
1
1
1
1
1
1
1.04627169787
3.0189796235
1
1
1
1
1
1
1
1
1
1
1
1
1
1
1
1
1
1
1.00000004474
1.79723227216
1
1
1
1
1
1
1
1
1
1
1
1
1
1
1
1
1
1
1
1.46054098892
1
1
1
1
1
1
1
1
1
1
1
1
1
1
1
1
1
1
1
1.39746665011
1
1
1
1
1
1
1
1
1
1
1
1
1
1
1
1
1
1
1
1.29119718821
1
1
1
1
1
1
1
1
1
1
1
1
1
1
1
1
1
1
1
1.0730423215
1
1
1
1
1
1
1
1
1
1
1
1
1
1
1
1
1
1
1
1.00063831462
1
1
1
1
1
1
1
1
1
1
1
1
1
1
1
1
1
1
1
1.00000000025
1
1
1
1
1
1
1
1
1
1
1
1
1
1
1
1
1
1
1
1
1
1
1
1
1
1
1
1
1
1
1
1
1
1
1
1
1
1
1
1
1
1
1
1
1
1
1
1
1
1
1
1
1
1
1
1
1
1
1
1
1
1
1
1
1
1
1
1
1
1
1
1
1
1
1
1
1
1
1
1
1
1
1
1
1
1
1
1
1
1
1
1
1
1
1
1
1
1
1
1
1
1
1
1
1
1
1
1
1
1
1
1
1
1
1
1
1
1
1
1
1
1
1
1
1
1
1
1
1
1
1
1
1
1
1
1
1
1
1
1
1
1
1
1
1
1
1
1
1
1
1
1
1
1
1
1
1
1
1
1
1
1
1
1
1
1
1
1
1
1
1
1
1
1
1
1
1
1
1
1
1
1
1
1
1
1
1
1
1
1
1
1
1
1
1
1
1
1
1
1
1
1
1
1
1
1
1
1
1
1
1
1
1
1
1
1
1
1
1
1
1
1
1
1
1
1
1
1
1
1
1
1
1
1
1
1
1
1
1
1
1
1
1
1
1
1
1
1
1
1
1
1
1
1
1
1
1
1
1
1
1
1
1
1
1
1
1
1
1
1
1
1
1
1
1
1
1
1
1
1
1
1
1
1
1
1
1
1
1
1
1
1
1
1
1
1
1
1
1
1
1
1
1
1
1
1
1
1
1
1
1
1
1
1
1
1
1
1
1
1
1
1
1
1
1
1
1
1
1
1
1
1
1
1
1
1
1
1
1
1
1
1
1
1
1
1
1
1
1
1
1
1
1
1
1
1
1
1
1
1
1
1
1
1
1
1
1
1
1
1
1
1
1
1
1
1
1
1
1
1
1
1
1
1
1
1
1
1
1
1
1
1
1
1
1
1
1
1
1
1
1
1
1
1
1
1
1
1
1
1
1
1
1
1
1
1
1
1
1
1
1
1
1
1
1
1
1
1
1
1
1
1
1
1
1
1
1
1
1
1
1
1
1
1
1
1
1
1
1
1
1
1
1
1
1
1
1
1
1
1
1
1
1
1
1
1
1
1
1
1
1
1
1
1
1
1
1
1
1
1
1
1
1
1
1
1
1
1
1
1
1
1
1
1
1
1
1
1
1
1
1
1
1
1
1
1
1
1
1
1
1
1
1
1
1
1
1
1
1
1
1
1
1
1
1
1
1
1
1
1
1
1
1
1
1
1
1
1
1
1
1
1
1
1
1
1
1
1
1
1
1
1
1
1
1
1
1
1
1
1
1
1
1
1
1
1
1
1
1
1
1
1
1
1
1
1
1
1
1
1
1
1
1
1
1
1
1
1
1
1
1
1
1
1
1
1
1
1
1
1
1
1
1
1
1
1
1
1
1
1
1
1
1
1
1
1
1
1
1
1
1
1
1
1
1
1
1
1
1
1
1
1
1
1
1
1
1
1
1
1
1
1
1
1
1
1
1
1
1
1
1
1
1
1
1
1
1
1
1
1
1
1
1
1
1
1
1
1
1
1
1
1
1
1
1
1
1
1
1
1
1
1
1
1
1
1
1
1
1
1
1
1
1
1
1
1
1
1
1
1
1
1
1
1
1
1
1
1
1
1
1
1
1
1
1
1
1
1
1
1
1
1
1
1
1
1
1
1
1
1
1
1
1
1
1
1
1
1
1
1
1
1
1
1
1
1
1
1
1
1
1
1
1
1
1
1
1
1
1
1
1
1
1
1
1
1
1
1
1
1
1
1
1
1
1
1
1
1
1
1
1
1
1
1
1
1
1
1
1
1
1
1
1
1
1
1
1
1
1
1
1
1
1
1
1
1
1
1
1
1
1
1
1
1
1
1
1
1
1
1
1
1
1
1
1
1
1
1
1
1
1
1
1
1
1
1
1
1
1
1
1
1
1
1
1
1
1
1
1
1
1
1
1
1
1
1
1
1
1
1
1
1
1
1
1
1
1
1
1
1
1
1
1
1
1
1
1
1
1
1
1
1
1
1
1
1
1
1
1
1
1
1
1
1
1
1
1
1
1
1
1
1
1
1
1
1
1
1
1
1
1
1
1
1
1
1
1
1
1
1
1
1
1
1
1
1
1
1
1
1
1
1
1
1
1
1
1
1
1
1
1
1
1
1
1
1
1
1
1
1
1
1
1
1
1
1
1
1
1
1
1
1
1
1
1
1
1
1
1
1
1
1
1
1
1
1
1
1
1
1
1
1
1
1
1
1
1
1
1
1
1
1
1
1
1
1
1
1
1
1
1
1
1
1
1
1
1
1
1
1
1
1
1
1
1
1
1
1
1
1
1
1
1
1
1
1
1
1
1
1
1
1
1
1
1
1
1
1
1
1
1
1
1
1
1
1
1
1
1
1
1
1
1
1
1
1
1
1
1
1
1
1
1
1
1
1
1
1
1
1
1
1
1
1
1
1
1
1
1
1
1
1
1
1
1
1
1
1
1
1
1
1
1
1
1
1
1
1
1
1
1
1
1
1
1
1
1
1
1
1
1
1
1
1
1
1
1
1
1
1
1
1
1
1
1
1
1
1
1
1
1
1
1
1
1
1
1
1
1
1
1
1
1
1
1
1
1
1
1
1
1
1
1
1
1
1
1
1
1
1
1
1
1
1
1
1
1
1
1
1
1
1
1
1
1
1
1
1
1
1
1
1
1
1
1
1
1
1
1
1
1
1
1
1
1
1
1
1
1
1
1
1
1
1
1
1
1
1
1
1
1
1
1
1
1
1
1
1
1
1
1
1
1
1
1
1
1
1
1
1
1
1
1
1
1
1
1
1
1
1
1
1
1
1
1
1
1
1
1
1
1
1
1
1
1
1
1
1
1
1
1
1
1
1
1
1
1
1
1
1
1
1
1
1
1
1
1
1
1
1
1
1
1
1
1
1
1
1
1
1
1
1
1
1
1
1
1
1
1
1
1
1
1
1
1
1
1
1
1
1
1
1
1
1
1
1
1
1
1
1
1
1
1
1
1
1
1
1
1
1
1
1
1
1
1
1
1
1
1
1
1
1
1
1
1
1
1
1
1
1
1
1
1
1
1
1
1
1
1
1
1
1
1
1
1
1
1
1
1
1
1
1
1
1
1
1
1
1
1
1
1
1
1
1
1
1
1
1
1
1
1
1
1
1
1
1
1
1
1
1
1
1
1
1
1
1
1
1
1
1
1
1
1
1
1
1
1
1
1
1
1
1
1
1
1
1
1
1
1
1
1
1
1
1
1
1
1
1
1
1
1
1
1
1
1
1
1
1
1
1
1
1
1
1
1
1
1
1
1
1
1
1
1
1
1
1
1
1
1
1
1
1
1
1
1
1
1
1
1
1
1
1
1
1
1
1
1
1
1
1
1
1
1
1
1
1
1
1
1
1
1
1
1
1
1
1
1
1
1
1
1
1
1
1
1
1
1
1
1
1
1
1
1
1
1
1
1
1
1
1
1
1
1
1
1
1
1
1
1
1
1
1
1
1
1
1
1
1
1
1
1
1
1
1
1
1
1
1
1
1
1
1
1
1
1
1
1
1
1
1
1
1
1
1
1
1
1
1
1
1
1
1
1
1
1
1
1
1
1
1
1
1
1
1
1
1
1
1
1
1
1
1
1
1
1
1
1
1
1
1
1
1
1
1
1
1
1
1
1
1
1
1
1
1
1
1
1
1
1
1
1
1
1
1
1
1
1
1
1
1
1
1
1
1
1
1
1
1
1
1
1
1
1
1
1
1
1
1
1
1
1
1
1
1
1
1
1
1
1
1
1
1
1
1
1
1
1
1
1
1
1
1
1
1
1
1
1
1
1
1
1
1
1
1
1
1
1
1
1
1
1
1
1
1
1
1
1
1
1
1
1
1
1
1
1
1
1
1
1
1
1
1
1
1
1
1
1
1
1
1
1
1
1
1
1
1
1
1
1
1
1
1
1
1
1
1
1
1
1
1
1
1
1
1
1
1
1
1
1
1
1
1
1
1
1
1
1
1
1
1
1
1
1
1
1
1
1
1
1
1
1
1
1
1
1
1
1
1
1
1
1
1
1
1
1
1
1
1
1
1
1
1
1
1
1
1
1
1
1
1
1
1
1
1
1
1
1
1
1
1
1
1
1
1
1
1
1
1
1
1
1
1
1
1
1
1
1
1
1
1
1
1
1
1
1
1
1
1
1
1
1
1
1
1
1
1
1
1
1
1
1
1
1
1
1
1
1
1
1
1
1
1
1
1
1
1
1
1
1
1
1
1
1
1
1
1
1
1
1
1
1
1
1
1
1
1
1
1
1
1
1
1
1
1
1
1
1
1
1
1
1
1
1
1
1
1
1
1
1
1
1
1
1
1
1
1
1
1
1
1
1
1
1
1
1
1
1
1
1
1
1
1
1
1
1
1
1
1
1
1
1
1
1
1
1
1
1
1
1
1
1
1
1
1
1
1
1
1
1
1
1
1
1
1
1
1
1
1
1
1
1
1
1
1
1
1
1
1
1
1
1
1
1
1
1
1
1
1
1
1
1
1
1
1
1
1
1
1
1
1
1
1
1
1
1
1
1
1
1
1
1
1
1
1
1
1
1
1
1
1
1
1
1
1
1
1
1
1
1
1
1
1
1
1
1
1
1
1
1
1
1
1
1
1
1
1
1
1
1
1
1
1
1
1
1
1
1
1
1
1
1
1
1
1
1
1
1
1
1
1
1
1
1
1
1
1
1
1
1
1
1
1
1
1
1
1
1
1
1
1
1
1
1
1
1
1
1
1
1
1
1
1
1
1
1
1
1
1
1
1
1
1
1
1
1
1
1
1
1
1
1
1
1
1
1
1
1
1
1
1
1
1
1
1
1
1
1
1
1
1
1
1
1
1
1
1
1
1
1
1
1
1
1
1
1
1
1
1
1
1
1
1
1
1
1
1
1
1
1
1
8.9704411075
8.97045776868
8.9704480225
8.97041519033
8.97036203642
8.97029040183
8.97020134235
8.97009568875
8.96997507127
8.96984374285
8.96971229824
8.96960538218
8.96957759431
8.96974243161
8.97029912902
8.97143564437
8.97274184237
8.97344430067
8.97350998663
8.97354119572
8.9532246997
8.95321914205
8.95322360452
8.95323702569
8.95325964557
8.95329423965
8.95334880588
8.95344213026
8.95361470074
8.95394818986
8.95459562583
8.95581595119
8.95797761592
8.96142557041
8.96601971631
8.97043124349
8.97283323431
8.97342913948
8.97351688681
8.97353345392
8.95692543445
8.9569267453
8.95692779806
8.95692970607
8.95693598984
8.95695498804
8.95700471409
8.9571215783
8.95737419366
8.95788126599
8.9588257998
8.96044250022
8.96293118291
8.96623633397
8.9697271667
8.97224947734
8.97326991577
8.97348051714
8.97351572594
8.97353770379
8.95628704224
8.9562834458
8.95628567836
8.95629583345
8.956321517
8.9563799633
8.95650540682
8.95676011984
8.95724740574
8.95811968921
8.95956612789
8.96175366401
8.96469436081
8.96804900595
8.97102248959
8.97278319686
8.97337171369
8.97348257252
8.97351363803
8.97353610912
8.95640264495
8.95639243451
8.95639536665
8.95641511302
8.95646485733
8.95657239772
8.95678849529
8.95719657374
8.95791884744
8.95910861439
8.96091357772
8.96339526427
8.96640545625
8.96947000812
8.97185159585
8.97306424525
8.9734143576
8.97348203814
8.97351216979
8.97353589082
8.95642082852
8.95640149584
8.95640571033
8.95643928427
8.95652221821
8.95669381392
8.95702014767
8.95759950858
8.95855897431
8.96003208087
8.96210803951
8.96475038543
8.96770317157
8.97044679355
8.97235800401
8.97321189648
8.9734300512
8.97348063194
8.97351167796
8.97353627261
8.95647468285
8.95644504892
8.95645212317
8.95650438989
8.95662918354
8.95687674931
8.95732496715
8.95807879392
8.95925746315
8.9609621747
8.96322136284
8.96592023871
8.96873914689
8.97116195541
8.97269030311
8.97329386265
8.97343581622
8.97348013151
8.97351183462
8.97353727368
8.95652949149
8.95648938254
8.9565024438
8.95657980758
8.95675588238
8.9570901115
8.95766766502
8.9585925328
8.95996731652
8.96185603643
8.96423221452
8.96692308599
8.96957483517
8.97169747353
8.97291304718
8.9733388978
8.97343811854
8.97348031251
8.9735124252
8.97353870641
8.9565808584
8.95653198633
8.95655596671
8.9566661039
8.95690291397
8.95733250313
8.9580426329
8.95913013055
8.96067584991
8.9627066671
8.96514980799
8.96779120462
8.97026102863
8.97210587187
8.97306310582
8.97336332436
8.9734395947
8.97348088749
8.9735133246
8.97354044319
8.9566215591
8.95656823559
8.95660989676
8.95676140286
8.95706796298
8.95759951801
8.95844219281
8.95968123058
8.96137353093
8.96351149355
8.96598463982
8.96854976794
8.97083149492
8.97241914522
8.97316301137
8.97337675921
8.97344102601
8.97348163276
8.97351446709
8.9735423929
8.95665126842
8.95659990473
8.95666707148
8.95686852328
8.95725257189
8.95789025167
8.95886261516
8.96024054897
8.96205678024
8.9642729793
8.96674831362
8.96921865541
8.97130915107
8.9726583911
8.97322830384
8.97338472254
8.97344251545
8.97348245705
8.97351580906
8.97354449503
8.95668155551
8.95663802401
8.95673734542
8.95699543689
8.9574620616
8.95820687734
8.9593032733
8.96080631944
8.96272553224
8.9649957178
8.96745138326
8.96981261455
8.97170946084
8.9728388204
8.97327038563
8.97339011719
8.97344398516
8.97348334895
8.9735173178
8.97354671041
8.95673931501
8.95670432576
8.95683788523
8.9571549678
8.95770498623
8.95855399517
8.95976581855
8.96137913365
8.96338173195
8.96568495937
8.96810265229
8.97034213474
8.97204319399
8.97297253538
8.97329759083
8.97339431894
8.97344536574
8.97348432591
8.9735189678
8.97354901377
8.95686078848
8.9568256821
8.95698826435
8.95736066542
8.95798979545
8.95893597593
8.96025200005
8.96196003678
8.9640276637
8.96634537805
8.96870876696
8.97081428481
8.97231845287
8.97306981505
8.97331569958
8.97339790187
8.97344663628
8.97348539997
8.97352073544
8.97355138674
8.95707481771
8.95702146054
8.95720098201
8.95761980953
8.95831978163
8.95935336222
8.96076107798
8.96254861353
8.96466454836
8.96698021119
8.96927406496
8.97123352346
8.97254206198
8.97313951228
8.97332842802
8.97340105851
8.97344780527
8.97348656199
8.97352259191
8.97355381133
8.95738389991
8.95729039333
8.95747245794
8.95792736722
8.95868914035
8.95980035688
8.96128821041
8.96314190877
8.96529181765
8.96759086965
8.96980064132
8.97160246344
8.97272036382
8.97318903026
8.97333796436
8.97340381647
8.97344887842
8.97348777787
8.97352449772
8.97355626464
8.95775835704
8.95760736026
8.95778154514
8.95826561576
8.95908323431
8.96026535633
8.96182498384
8.96373480728
8.96590732225
8.96817706324
8.97028863072
8.97192263094
8.97285957865
8.97322423546
8.97334547176
8.97340614171
8.97344983805
8.97348899236
8.9735264018
8.97355871654
8.95815076607
8.95793402686
8.95809761245
8.95861037213
8.95948336051
8.96073448
8.96236187132
8.96432159419
8.96650819999
8.96873723806
8.97073665645
8.97219525317
8.97296589678
8.97324949369
8.97335149549
8.97340798646
8.97345064163
8.9734901387
8.97352824629
8.97356113085
8.95851571913
8.95823360284
8.95839167007
8.95893935016
8.95987290613
8.96119593186
8.96289113567
8.96489770949
8.96709178855
8.9692690232
8.97114241587
8.97242204507
8.97304538983
8.97326786369
8.97335626001
8.97340931357
8.97345123616
8.97349115243
8.97352997579
8.97356346989
8.95882317977
8.95848189937
8.95864513956
8.9592388426
8.9602422063
8.96164332295
8.96340891381
8.96546088833
8.96765612893
8.96976953966
8.97150342886
8.97260585804
8.97310378724
8.97328139334
8.97335986667
8.9734101123
8.97345157916
8.97349198645
8.97353154847
8.97356570081
8.95907081118
8.95867627222
8.95885619955
8.95950804924
8.96059132074
8.96207729049
8.96391600944
8.96601141091
8.96819997126
8.97023564923
8.97181794463
8.97275098157
8.97314620746
8.97329143638
8.97336241076
8.9734104105
8.9734516579
8.97349262353
8.97353294589
8.97356780206
8.95928782732
8.95883780377
8.95904076833
8.95975922022
8.96092965251
8.96250484614
8.96441715868
8.96655143423
8.96872238938
8.97066427711
8.97208581482
8.97286294964
8.97317695688
8.97329892049
8.97336403566
8.97341028076
8.97345149969
8.97349308222
8.97353417829
8.97356976779
8.9595246383
8.95900371781
8.95922663217
8.96001304858
8.96127238418
8.96293670159
8.9649191107
8.96708374204
8.96922228245
8.97105287616
8.97230899985
8.97294793199
8.97319946276
8.97330453304
8.97336494206
8.97340983769
8.97345117125
8.97349341485
8.97353528405
8.97357160927
8.95983665273
8.95921468423
8.95944376139
8.96029153786
8.96163541314
8.96338380618
8.965428372
8.96761044627
8.96969802571
8.97139991524
8.97249146062
8.97301199197
8.9732163276
8.9733088249
8.97336536919
8.97340922557
8.97345076838
8.97349369827
8.97353632374
8.9735733533
8.9602602542
8.95949842668
8.95971330291
8.96061078371
8.96203072361
8.96385443481
8.96594942637
8.96813205608
8.97014737286
8.97170517748
8.97263850936
8.97306050169
8.9732294523
8.97331225583
8.97336556536
8.97340860042
8.97345040074
8.97349402111
8.97353737094
8.97357503886
8.96080387705
8.95986422581
8.96004429648
8.96097908227
8.96246526195
8.96435343078
8.96648418152
8.96864720381
8.97056762534
8.97196977901
8.97275597332
8.97309785048
8.97324018146
8.97331520992
8.97336576134
8.97340811257
8.97345017693
8.9734944712
8.97353850276
8.97357671323
8.96146965134
8.96031704149
8.96044251273
8.9614022226
8.96294385128
8.96488357697
8.96703247151
8.96915289558
8.97095598067
8.97219598763
8.97284951712
8.97312741747
8.9732494454
8.973318003
8.9733661548
8.97340789462
8.97345019377
8.97349512608
8.97353979178
8.97357842889
8.96227245088
8.9608694336
8.96091784904
8.96188765101
8.96347120956
8.96544634024
8.96759224401
8.96964473071
8.97130987971
8.97238694847
8.97292424172
8.97315169174
8.97325787883
8.97332088606
8.97336690196
8.97340805268
8.97345052796
8.97349604539
8.97354129899
8.9735802404
8.9632293644
8.96153833362
8.96148179126
8.96244238943
8.96405027822
8.96604068393
8.96815898713
8.970117024
8.97162733636
8.97254639725
8.97298449923
8.97317243107
8.97326590139
8.9733240395
8.97336810771
8.97340865546
8.97345122627
8.97349726221
8.97354306553
8.97358219982
8.96436517071
8.96233546133
8.96214101053
8.96306855983
8.96467932044
8.96666151439
8.96872532789
8.97056323334
8.97190728363
8.97267837608
8.97303382081
8.97319080004
8.97327375555
8.97332755457
8.97336980783
8.97340971724
8.97345229102
8.97349877121
8.97354510169
8.97358434893
8.96544866044
8.96325829782
8.96289152013
8.96375985217
8.96535011056
8.96729918089
8.96928146761
8.97097677995
8.97214981763
8.97278693271
8.97307489935
8.97320747518
8.97328151393
8.97333140848
8.97337194663
8.97341117772
8.97345366385
8.97350051593
8.973547375
8.9735867087
8.96245455474
8.96428499588
8.96371686986
8.96450083214
8.96604821525
8.96794036784
8.96981633215
8.9713519291
8.9723561845
8.97287581333
8.97310961217
8.97322272541
8.97328907354
8.97333544323
8.9733743578
8.97341288541
8.97345521278
8.97350237941
8.97354980089
8.97358926771
8.93040549516
8.9654112811
8.96459037817
8.96526907508
8.96675488465
8.9685697145
8.97031881277
8.97168435127
8.97252850907
8.97294820717
8.97313909074
8.97323648376
8.97329615668
8.97333935961
8.97337675838
8.97341459236
8.97345672899
8.97350418341
8.97355224037
8.9735919731
8.76601453472
8.96656188138
8.96547572086
8.96603616503
8.96744832475
8.96917093992
8.97077853302
8.97197126984
8.97266941513
8.97300660171
8.97316383884
8.97324842248
8.97330233143
8.97334273312
8.97337876192
8.9734159654
8.97345793704
8.9735056989
8.97355450788
8.97359472808
8.20295023995
8.96749261062
8.96632569517
8.96676791885
8.96810475931
8.96972790194
8.97118656605
8.97221157176
8.97278177386
8.97305280813
8.97318391307
8.97325805409
8.97330706795
8.97334506161
8.97337991846
8.97341661942
8.9734585226
8.97350667006
8.97355639077
8.97359739979
6.9927229926
8.96453819262
8.96709842171
8.96743287702
8.96870365445
8.9702275427
8.97153696764
8.97240623779
8.97286870777
8.97308817763
8.97319917228
8.97326487372
8.97330983745
8.97334584616
8.97337978088
8.97341617128
8.97345817516
8.9735068486
8.97355767726
8.97359983656
5.35506859622
8.94464583374
8.96777209223
8.96801709943
8.96923536959
8.97066350102
8.97182843353
8.9725587106
8.97293369007
8.97311390554
8.97320953989
8.97326851469
8.97331022844
8.97334468382
8.9733779793
8.97341429821
8.97345663241
8.97350602764
8.97355818489
8.97360189312
3.83879434548
8.88515973611
8.96835729633
8.9685268826
8.96970210932
8.97103644312
8.97206433341
8.97267450032
8.97298044415
8.97313123344
8.97321516572
8.97326884854
8.97330802551
8.97334133441
8.97337427369
8.97341078061
8.97345371049
8.97350406093
8.97355776157
8.97360339681
2.7377357655
8.76204320643
8.96889924255
8.96898027336
8.97011278828
8.97135168457
8.97225133894
8.97276022192
8.97301271083
8.97314153191
8.97321650087
8.97326604364
8.9733032779
8.97333578896
8.97336862749
8.97340557224
8.97344937741
8.97350093481
8.97355638626
8.97360435984
2.0349142874
8.54578135461
8.96944111816
8.96939789745
8.97047769928
8.9716165108
8.9723975912
8.97282250508
8.97303393817
8.9731462204
8.97321421941
8.97326050368
8.97329625507
8.97332823918
8.97336118238
8.97339878109
8.97344372398
8.97349672595
8.97355405574
8.97360465217
1.6338659101
8.16787525934
8.97000548635
8.96979330992
8.97080402349
8.97183775894
8.97251088305
8.97286703077
8.97304692873
8.97314654081
8.97320900633
8.97325268766
8.97328729123
8.9733189398
8.97335213154
8.97339055342
8.97343687158
8.97349154806
8.97355082853
8.97360424161
1.45040097747
7.45800498716
8.97024029676
8.97016705271
8.97109337972
8.97202039397
8.97259753039
8.97289807997
8.97305370788
8.97314344413
8.97320144956
8.97324302829
8.9732767322
8.97330817613
8.9733417095
8.9733810799
8.97342898492
8.97348555898
8.97354679426
8.97360308004
1.39013472796
6.19596570191
8.96745318778
8.97051509555
8.97134524119
8.97216854525
8.9726626517
8.97291887711
8.97305580027
8.97313774182
8.97319212741
8.97323199936
8.97326498938
8.97329631038
8.97333022918
8.97337062249
8.97342029083
8.97347897832
8.97354210764
8.97360112927
1.15002305846
4.42024913443
8.95009536694
8.97084180584
8.9715622298
8.9722875355
8.97271120574
8.97293235473
8.97305473148
8.97313040584
8.97318180562
8.97322025727
8.97325264461
8.97328386008
8.97331814063
8.97335955955
8.97341110866
8.97347210931
8.9735370185
8.97359838673
1.00011742736
2.67476790692
8.86197851756
8.97115933268
8.97175041236
8.97238410767
8.97274838934
8.97294157593
8.97305231428
8.97312273891
8.97317155065
8.97320872178
8.97324050952
8.97327154219
8.97330606445
8.97334840753
8.97340186297
8.97346534419
8.9735318909
8.97359491993
1
1.66472092593
8.43946477456
8.97114779139
8.97191714616
8.97246538829
8.97277932012
8.97294965014
8.97305057538
8.97311629166
8.97316265307
8.97319850727
8.97322956307
8.97326021707
8.97329474257
8.97333778109
8.97339304791
8.97345912767
8.97352718882
8.9735909031
1
1.40546218046
6.89605012697
8.96660314693
8.97207011453
8.97253811951
8.97280862258
8.97295944619
8.97305148998
8.97311261948
8.97315641631
8.97319073971
8.97322079312
8.97325075261
8.97328492441
8.97332829915
8.97338514917
8.97345388567
8.97352341878
8.97358664645
1
1.03720531015
3.90919514569
8.91931337644
8.97221421325
8.97260775377
8.97283986875
8.97297315159
8.97305658819
8.97311293663
8.97315385801
8.97318629701
8.97321496908
8.97324382483
8.97327719404
8.97332044051
8.97337852859
8.9734499209
8.97352102614
8.97358259732
1
1
1.87659713392
8.55432070242
8.97217605531
8.97267715919
8.97287473451
8.97299168079
8.97306648724
8.97311773754
8.97315539855
8.97318554759
8.97321241916
8.97323972711
8.97327180816
8.97331441202
8.97337332105
8.97344733023
8.97352028899
8.97357930141
1
1
1.42317743794
7.01940085539
8.96740631855
8.97274589003
8.97291306607
8.9730146298
8.97308079392
8.97312668697
8.9731607527
8.97318824627
8.9732129305
8.97323827326
8.97326860258
8.97331006171
8.97336936922
8.9734459567
8.97352123989
8.97357731072
1
1
1.22030094029
4.2648675358
8.9108025641
8.9728163776
8.97295352804
8.97304068317
8.97309835507
8.97313878561
8.97316904413
8.97319361544
8.97321580667
8.97323883699
8.9732670166
8.9733068944
8.97336623625
8.97344541968
8.97352367267
8.973577077
1
1
1.00061801851
2.29813342101
8.60269269725
8.97288694164
8.97299405673
8.97306792177
8.97311751273
8.97315258689
8.97317899056
8.97320050227
8.97321999914
8.97324045797
8.97326617362
8.97330412679
8.97336325153
8.97344516599
8.97352719729
8.97357885877
1
1
1
1.58401269213
7.63075313916
8.97065980372
8.97303171833
8.97309412412
8.97313636691
8.97316643438
8.97318911647
8.9732075678
8.97322427384
8.97324198707
8.97326500614
8.973300795
8.97335959826
8.97344455635
8.97353133534
8.97358269199
1
1
1
1.41431329914
5.74251666212
8.94534685068
8.97306594549
8.97311733181
8.97315321923
8.97317880849
8.973198028
8.97321350644
8.97322738658
8.97324222559
8.97326236519
8.97329584241
8.97335439714
8.97344294597
8.97353560631
8.97358839623
1
1
1
1.27474357224
3.51807040096
8.80366791255
8.97309585558
8.97313677334
8.97316710877
8.97318867481
8.97320465167
8.97321721736
8.97322821039
8.97324002209
8.97325709705
8.97328818663
8.97334677201
8.97343975232
8.97353955295
8.97359558538
1
1
1
1.00331052503
2.04028372214
8.24231077184
8.97253470154
8.97315205355
8.97317737271
8.97319521
8.97320806199
8.97321769667
8.97322567058
8.97323423616
8.97324802348
8.97327670742
8.97333584469
8.97343448473
8.97354272185
8.97360373085
1
1
1
1.00000000001
1.49839072537
6.69277868265
8.95782782726
8.97316281943
8.97318317106
8.97319747316
8.97320725675
8.97321388673
8.97321864645
8.97322367595
8.97323390305
8.97326022524
8.9733207616
8.97342643059
8.97354471033
8.97361223616
1
1
1
1
1.39125771006
4.30239827267
8.84718367591
8.97316665459
8.97318320478
8.97319424281
8.97320107777
8.97320464704
8.97320597004
8.97320710884
8.97321344104
8.97323750195
8.97330033609
8.97341488079
8.97354514421
8.97362049715
1
1
1
1
1.13460520508
2.44878101203
8.36560067972
8.97250487842
8.97317658333
8.97318476719
8.97318882494
8.97318930321
8.97318696532
8.97318382699
8.97318585754
8.97320762664
8.97327368843
8.97339925364
8.97354371632
8.97362812424
1
1
1
1
1.00033017775
1.65409900879
7.05511766591
8.95862011744
8.97316517022
8.97317002199
8.97317128388
8.9731686412
8.97316256871
8.97315500493
8.97315246424
8.97317159515
8.97324110305
8.97337925273
8.97354033907
8.973635071
1
1
1
1
1.00000000001
1.43170825626
4.96997902064
8.86724208573
8.97315001163
8.97315229145
8.97315067493
8.97314523109
8.97313610197
8.97312508576
8.9731188138
8.97313508349
8.97320641613
8.97335619173
8.97353525796
8.97364130554
1
1
1
1
1
1.37024155813
3.11823240506
8.53249431292
8.97277018093
8.97313496045
8.97313061123
8.97312339682
8.97311318826
8.97310172945
8.97309521022
8.97311049969
8.97318076887
8.97333542289
8.97352890837
8.97364604958
1
1
1
1
1
1.15189302845
2.07976640416
7.73903413562
8.96669547866
8.9731234582
8.97311746003
8.97311100489
8.97310367124
8.97309717507
8.97309671358
8.97311548835
8.9731815159
8.97332710492
8.97352073296
8.97364665567
1
1
1
1
1
1.00565106676
1.62345522597
6.36212905992
8.92809311964
8.97312965405
8.97312566484
8.97312720101
8.97313223607
8.97314193979
8.97315923777
8.97318969419
8.97324616206
8.97335301048
8.97351037895
8.97363610081
1
1
1
1
1
1.00000177007
1.44937514757
4.61284671436
8.76346050691
8.97308884342
8.97317891669
8.97320202599
8.97323344437
8.9732710288
8.97331139232
8.97334935642
8.97338228546
8.97342107825
8.97349229132
8.9735887013
1
1
1
1
1
1
1.39520415977
3.00077216951
8.24426950571
8.96901709838
8.97328438522
8.97332978596
8.97337815447
8.97342036481
8.97345162008
8.97347029096
8.97347385542
8.97345795596
8.97342890211
8.97341358696
1
1
1
1
1
1
1.21630685663
1.94189409765
6.94214174685
8.92890778794
8.97339751448
8.97344200157
8.97347871765
8.97350495644
8.97352471231
8.97353874346
8.97354369556
8.97352862338
8.97346450169
8.97328578887
1
1
1
1
1
1
1.00093897022
1.4746353727
4.52686176617
8.66368868831
8.97225443848
8.97348698929
8.9734388435
8.9733748895
8.97334459329
8.97340495344
8.97357409904
8.97360327101
8.97360046653
8.9735774201
1
1
1
1
1
1
1
1.3059745111
2.07471706735
7.00174878132
8.90677889117
8.9718403628
8.96509029078
8.95171830507
8.94423931521
8.95512503871
8.97077889262
8.97328761019
8.97361105852
8.97364387543
1
1
1
1
1
1
1
1.00000000047
1.39286080689
2.42888357597
7.07392290127
8.77969547969
8.75514004402
8.12287608258
7.71813254089
8.13553399688
8.84650547932
8.94635133278
8.96694665809
8.97118894448
1
1
1
1
1
1
1
1
1
1.17452094292
1.5416732126
3.18145959221
4.95468004224
3.18024650292
2.00574545769
1.86518409641
5.63669624933
8.38279063265
8.79195266151
8.91433510979
1
1
1
1
1
1
1
1
1
1
1
1.00000029441
1.05728447079
1.40643043154
1.07348409037
1
1.13478740148
3.7759457842
7.82981539102
8.53776153856
1
1
1
1
1
1
1
1
1
1
1
1
1
1
1.00000000001
1
1
1.38054671903
6.74016704241
8.24745832146
1
1
1
1
1
1
1
1
1
1
1
1
1
1
1
1
1
1.06009398967
7.02748916056
8.47166618103
1
1
1
1
1
1
1
1
1
1
1
1
1
1
1
1
1
2.35059443952
8.62898670072
8.85331377135
1
1
1
1
1
1
1
1
1
1
1
1
1
1
1
1
1.00000000084
7.26345456274
8.91135824642
8.91155780607
1
1
1
1
1
1
1
1
1
1
1
1
1
1
1
1
2.91684366094
8.88768207848
8.91176044609
8.91144162754
1
1
1
1
1
1
1
1
1
1
1
1
1
1
1
1
4.96524551569
8.91142642981
8.91156920539
8.91188431852
1
1
1
1
1
1
1
1
1
1
1
1
1
1
1
2.14413858878
8.70429196384
8.91143306499
8.91192051356
8.91163069992
1
1
1
1
1
1
1
1
1
1
1
1
1
1
1
2.2358521515
8.89167165536
8.91164792819
8.91155506199
8.91174572704
1
1
1
1
1
1
1
1
1
1
1
1
1
1
1
4.96950078183
8.91073073409
8.91135658776
8.91170606497
8.91157836831
1
1
1
1
1
1
1
1
1
1
1
1
1
1
1.35708517733
8.21358743543
8.86556055943
8.903352701
8.91135000806
8.9115833312
1
1
1
1
1
1
1
1
1
1
1
1
1
1
1.50033506477
8.72183634654
8.82469246609
8.87127984593
8.9115431507
8.91137324476
1
1
1
1
1
1
1
1
1
1
1
1
1
1
1.86422047743
8.82638576394
8.84082630012
8.84226418991
8.91117912323
8.9113754253
1
1
1
1
1
1
1
1
1
1
1
1
1
1
2.66571980401
8.86112755437
8.86375537546
8.81712901471
8.91132204284
8.9111756071
1
1
1
1
1
1
1
1
1
1
1
1
1
1.0000008302
3.51259067421
8.86818615205
8.88004017989
8.79946545698
8.91101261418
8.91116758941
1
1
1
1
1
1
1
1
1
1
1
1
1
1.15165552122
5.25054690275
8.89040390212
8.88649822325
8.79555113523
8.89485803137
8.91095606888
1
1
1
1
1
1
1
1
1
1
1
1
1
1.42591842716
7.56275329053
8.89100012237
8.87775619877
8.78216005133
8.88363775246
8.9109193184
1
1
1
1
1
1
1
1
1
1
1
1
1
2.25008978863
8.73655857748
8.87967704028
8.82127828801
8.74039173013
8.87205943249
8.91067799664
1
1
1
1
1
1
1
1
1
1
1
1
1.27834987548
6.41850170327
8.84127753572
8.83794591024
8.73032839977
8.65795693717
8.7902971419
8.91061774931
1
1
1
1
1
1
1
1
1
1
1
1
1.85856250698
8.71910106105
8.84112454995
8.75859289793
8.59259989518
8.48595190142
8.57466590327
8.84439034742
1
1
1
1
1
1
1
1
1
1
1
1.02692578715
6.1979361624
8.8623457685
8.79044803273
8.58521239301
8.28551368137
8.15548064781
8.26720956871
8.62235077202
1
1
1
1
1
1
1
1
1
1
1
1.57241099655
8.78866309928
8.86209649056
8.63020079998
8.12091051407
7.72428169093
7.61994267795
7.81986781728
8.23027022139
1
1
1
1
1
1
1
1
1
1
1
3.78040115882
8.93010215646
8.86424210107
8.56047432713
7.63392381795
6.87187803028
6.79784966118
7.1405858602
7.62879373398
1
1
1
1
1
1
1
1
1
1
1.00798744034
6.53350303561
8.93108158786
8.88582068017
8.68358065182
7.89998788542
6.52660405863
5.8443695333
6.1930389004
6.79385013023
1
1
1
1
1
1
1
1
1
1
1.31157961858
7.51553896823
8.93104407082
8.91858775389
8.87161176192
8.63529892189
7.45469528947
5.204436243
5.0184704629
5.8660507841
1
1
1
1
1
1
1
1
1
1
1.35977113809
7.58039807234
8.93135342792
8.92949399659
8.92855913796
8.91811785813
8.75118073693
6.03834629495
3.63567302471
4.91856383735
1
1
1
1
1
1
1
1
1
1
1.2873547881
7.19396482756
8.93124422259
8.93137732707
8.93135259109
8.93151087489
8.93009782653
8.38739803615
2.28725594785
3.63491683008
1
1
1
1
1
1
1
1
1
1
1.02940179839
6.0484059662
8.93156790773
8.93143120729
8.93170022895
8.93158074643
8.93164275145
8.91676328079
1.94831369491
1.97546823113
1
1
1
1
1
1
1
1
1
1
1.00000008197
4.17573009451
8.91486000865
8.93203222686
8.93161348676
8.931955548
8.931814992
8.93177567675
1.9709865448
1.38620221141
1
1
1
1
1
1
1
1
1
1
1
2.37867328644
8.78546108507
8.93165744665
8.93229927502
8.93181531802
8.9320775554
8.93183297509
4.73648651499
1
1
1
1
1
1
1
1
1
1
1
1
1.47769072696
8.01957960458
8.9324549725
8.93183557598
8.93229691419
8.93199607687
8.93210455936
5.39630572347
1
1
1
1
1
1
1
1
1
1
1
1
1.16653795767
5.59215080299
8.93187615317
8.93232723063
8.93197890179
8.93213580676
8.92085938958
1.54245093012
1
1
1
1
1
1
1
1
1
1
1
1
1.00000100583
3.175013742
8.86104835747
8.93191756375
8.93214741394
8.93189249892
5.0092074173
1
1
1
1
1
1
1
1
1
1
1
1
1
1
1.5678381045
8.21625826581
8.91157546555
8.8465802857
4.92438453011
1
1
1
1
1
1
1
1
1
1
1
1
1
1
1
1
1.94383656703
4.80027297328
1.42478131513
1
1
1
1
1
1
1
1
1
1
1
1
1
1
1
1
1
1
1
1
1
1
1
1.00000018963
1
1
1
1
1
1
1
1
1
1
1
1
1
1
1
1
1
1
1
1.00219088508
1
1
1
1
1
1
1
1
1
1
1
1
1
1
1
1
1
1
1.10419165365
1.17192966425
1
1
1
1
1
1
1
1
1
1
1
1
1
1
1
1
1
1.18239181893
1.28746028704
1.0524855361
1
1
1
1
1
1
1
1
1
1
1
1
1
1
1
1
1
2.1455064295
1.22983713003
1.00000000002
1
1
1
1
1
1
1
1
1
1
1
1
1
1
1
1
2.21950083532
2.15578732653
1.00000032725
1
1
1
1
1
1
1
1
1
1
1
1
1
1
1
1
1.74167325324
2.33565740619
1.43709466315
1
1
1
1
1
1
1
1
1
1
1
1
1
1
1
1
1.67706927411
2.33613191758
2.33278157877
1.2951990534
1
1
1
1
1
1
1
1
1
1
1
1
1
1
1
1
1.00000000001
2.33343920245
2.33626113015
1
1
1
1
1
1
1
1
1
1
1
1
1
1
1
1
1
1
1
1.43763123593
1
1
1
1
1
1
1
1
1
1
1
1
1
1
1
1
1
1
1
1
1
1
1
1
1
1
1
1
1
1
1
1
1
1
1
1
1
1
1
1
1
1
1
1
1
1
1
1
1
1
1
1
1
1
1
1
1
1
1
1
1
1
1
1
1
1
1
1
1
1
1
1
1
1
1
1
1
1
1
1
1
1
1
1
1
1
1
1
1
1
1
1
1
1
1
1
1
1
1
1
1
1
1
1
1
1
1
1
1
1
1
1
1
1
1
1
1
1
1
1
1
1
1.00000028487
1
1
1
1
1
1
1
1
1
1
1
1
1
1
1
1
1
1
1
1.0908029194
1
1
1
1
1
1
1
1
1
1
1
1
1
1
1
1
1
1
1
1.45626248268
1
1
1
1
1
1
1
1
1
1
1
1
1
1
1
1
1
1
1
3.96230690295
1
1
1
1
1
1
1
1
1
1
1
1
1
1
1
1
1
1
1.40347256477
8.70979389314
1
1
1
1
1
1
1
1
1
1
1
1
1
1
1
1
1
1.00140724469
4.61705113344
8.91480067667
1
1
1
1
1
1
1
1
1
1
1
1
1
1
1.0000010435
1.0032910547
1.26069919749
1.73393755476
8.76785157271
8.9145740241
1
1
1
1
1
1
1
1.00000004308
1.0000002525
1.00000019613
1.00000006192
1.00000000004
1
1.00000718743
1.37040676398
1.64288433601
2.51753214833
6.31236534075
8.82743991373
8.91489125741
1
1
1
1
1
1
1
1
1.0000003106
1.00000201198
1.00000195781
1
1
1
1.21285192617
1.80478725874
4.63324178005
6.63992894646
8.74906358204
8.91458932434
1
1
1
1
1
1
1
1
1
1.00000000024
1.00000201199
1
1
1
1.00136229559
1.49469920426
4.16189759692
6.61730368264
8.5712938961
8.91486996001
1
1
1
1
1
1
1
1
1
1
1
1.00000000361
1
1
1.00901868025
1.47429058821
4.15808869792
7.37138957832
8.56940999164
8.91470983422
1
1
1
1
1
1
1
1
1
1
1
1.00006301844
1.00009012822
1.00611207456
1.36760306322
1.81282462193
5.94785542477
8.46156010971
8.71856835365
8.91489448217
1
1
1
1
1
1
1
1
1
1
1
1.00025386427
1.14272851141
1.36833187552
1.52118113143
3.22724272984
7.77323025087
8.73770970358
8.81495839292
8.91474387669
1
1
1
1
1
1
1
1
1
1
1
1.0000289314
1.3587383994
1.41580125164
1.62140058308
3.23720024315
7.5079757796
8.72611762318
8.80315978469
8.91488757663
1
1
1
1
1
1
1
1
1
1
1
1.00000000006
1.40655330584
1.43757719469
1.62522364755
2.78572944149
6.26748606107
8.53738150499
8.74787792618
8.91471807803
1
1
1
1
1
1
1
1
1
1
1
1
1.41192884138
1.44605606316
1.57689909571
2.1347249465
3.95597886837
7.21714516256
8.52443507659
8.9148353334
1
1
1
1
1
1
1
1
1
1
1
1
1.40269002646
1.43521253037
1.48099053388
1.6510311984
2.26165973022
4.41207550002
7.56371930132
8.91464928375
1
1
1
1
1
1
1
1
1
1
1
1
1.39970225014
1.44030138572
1.43906381595
1.48176922751
1.686765339
2.6210263304
5.56037881757
8.86822013897
1
1
1
1
1
1
1
1
1
1
1
1
1.40807257109
1.46022878875
1.44167345967
1.45710622696
1.54998266651
1.96250341757
3.59189721142
8.2676143802
1
1
1
1
1
1
1
1
1
1
1
1
1.4329698441
1.49827902056
1.4556146271
1.45742733899
1.49733754331
1.66757868049
2.26868033544
5.81684633823
1
1
1
1
1
1
1
1
1
1
1
1
1.57391927811
1.5669648576
1.48682839289
1.46615185237
1.47069784297
1.50057330133
1.59847794161
2.5413420628
1
1
1
1
1
1
1
1
1
1
1
1.01916673133
1.73841779226
1.74163368318
1.61430561632
1.50491385153
1.45824883285
1.4266173799
1.41974994398
1.5491883981
1
1
1
1
1
1
1
1
1
1
1
1.40045442066
1.74305623223
1.74267192224
1.74701754984
1.61893705059
1.46918945479
1.39500905858
1.27363427298
1.42539944167
1
1
1
1
1
1
1
1
1
1
1
1.5445849777
1.74267477794
1.75035258305
1.74740370602
1.67911703475
1.46502546617
1.27006702718
1.00000317651
1.41761651449
1
1
1
1
1
1
1
1
1
1
1.01272206744
1.74270417761
1.74963618885
1.74886108143
1.75073345443
1.65801613107
1.43641646081
1.01689779324
1
1.4239774429
1
1
1
1
1
1
1
1
1
1
1.41660453211
1.75103094789
1.74884496278
1.75287498627
1.75181155043
1.59546347759
1.41577217434
1.01375386163
1
1.40025155487
1
1
1
1
1
1
1
1
1
1.0000002377
1.69452000991
1.7494221782
1.75298766788
1.7522299371
1.75827505957
1.55819321679
1.41879438037
1.05986502423
1
1.29099102861
1
1
1
1
1
1
1
1
1
1.00004265244
1.74942642286
1.75279291693
1.75222011208
1.76161882346
1.75689444448
1.5989528037
1.53193214306
1.10815579056
1
1.08853040721
1
1
1
1
1
1
1
1
1
1
1.45617585478
1.43293180819
1.39951988167
1.43862332991
1.9140002251
2.82769747345
3.84264855023
1.18936191639
1
1.01748975259
)
;

boundaryField
{
    emptyPatch
    {
        type            empty;
    }
    minY
    {
        type            calculated;
        value           nonuniform List<scalar> 
40
(
8.97356570068
8.97356657246
8.97356670625
8.9735668666
8.97356702506
8.97356717423
8.97356731306
8.97356744008
8.97356755385
8.97356765472
8.97356774317
8.97356782
8.97356788636
8.9735679434
8.97356799202
8.97356803298
8.9735680669
8.97356809423
8.97356811531
8.97356813035
8.9735681393
8.97356814227
8.97356813993
8.97356813297
8.97356812185
8.97356810692
8.97356808836
8.97356806627
8.97356804064
8.97356801141
8.97356797842
8.97356794143
8.97356790005
8.97356785363
8.9735678013
8.97356774255
8.97356767823
8.97356760695
8.97356751052
8.97356653928
)
;
    }
    maxY
    {
        type            calculated;
        value           nonuniform List<scalar> 
40
(
1
1
1
1
1
1
1
1
1
1
1
1
1
1
1
1
1
1
1
1
1
1
1
1
1
1
1
1
1
1
1.45617593331
1.43293188062
1.39951994171
1.43862339212
1.91400036082
2.8276977638
3.84264902424
1.18936194105
1
1.01748975474
)
;
    }
    water_to_cooler
    {
        type            calculated;
        value           nonuniform List<scalar> 
150
(
8.97356823225
8.97357280586
8.97357647932
8.97358001579
8.97358351704
8.97358699703
8.97359046614
8.97359392796
8.97359738396
8.9736008343
8.9736042783
8.97360771438
8.97361114014
8.97361455264
8.97361794907
8.97362132762
8.97362468847
8.97362803433
8.97363137049
8.97363470409
8.97363804286
8.97364139357
8.97364476053
8.97364814448
8.97365154204
8.97365494584
8.97365834495
8.97366172571
8.97366507282
8.97366837082
8.97367160593
8.97367476816
8.97367785335
8.97368086457
8.97368381277
8.97368671616
8.97368959855
8.97369248684
8.97369540909
8.9736983911
8.97370145532
8.97370462002
8.97370789729
8.97371129164
8.97371479679
8.97371839439
8.97372205323
8.97372573235
8.97372938586
8.97373297008
8.97373644939
8.97373980054
8.97374301419
8.97374609409
8.97374905513
8.97375192054
8.97375472015
8.97375748803
8.97376026017
8.97376307043
8.97376594652
8.97376890632
8.97377195276
8.97377507227
8.97377824181
8.97378146404
8.97378474945
8.97378790198
8.97376973162
8.97128251458
8.91439134999
8.53780064941
8.24748778531
8.47169129183
8.85334353605
8.9116342057
8.91153312419
8.9119422143
8.91165660372
8.91175689944
8.91159068891
8.91159988276
8.91139485899
8.91140502877
8.91121715498
8.91122835379
8.9110478519
8.91105883467
8.91089265457
8.91090527424
8.84460889723
8.62263423985
8.2307729621
7.6295770263
6.79494494304
5.86740615503
4.92007152406
3.63636653571
1.97636573968
1.38688015448
1
1
1
1
1
1
1.00000019064
1.00220102317
1.17241172316
1.05261424113
1.00000000002
1
1
1
1
1
1
1
1
1
1
1.00000028562
1.09098272089
1.45678077352
3.96319067403
8.70988819132
8.91490190683
8.91471684754
8.91510474623
8.91488486002
8.91519200584
8.91498621038
8.91511742352
8.91492853314
8.91504452713
8.91485762413
8.91496586117
8.91477682448
8.86833865506
8.26801124257
5.81849747664
2.54321131256
1.55051136819
1.42674866492
1.41894324385
1.42495832845
1.40108079927
1.29166328592
1.08875253777
1.01753594054
)
;
    }
    water_to_heater
    {
        type            calculated;
        value           uniform 1;
    }
}


// ************************************************************************* //
