/*--------------------------------*- C++ -*----------------------------------*\
| =========                 |                                                 |
| \\      /  F ield         | OpenFOAM: The Open Source CFD Toolbox           |
|  \\    /   O peration     | Version:  2312                                  |
|   \\  /    A nd           | Website:  www.openfoam.com                      |
|    \\/     M anipulation  |                                                 |
\*---------------------------------------------------------------------------*/
FoamFile
{
    version     2.0;
    format      ascii;
    arch        "LSB;label=32;scalar=64";
    class       volScalarField;
    location    "0.55/water";
    object      p_rgh;
}
// * * * * * * * * * * * * * * * * * * * * * * * * * * * * * * * * * * * * * //

dimensions      [1 -1 -2 0 0 0 0];

internalField   nonuniform List<scalar> 
1497
(
100608.317695
100669.115733
100752.16343
100857.551084
100963.898345
100998.16006
100997.454216
100996.70988
100996.756256
100995.064699
100986.986834
100965.246821
100979.601374
100419.85576
100640.407032
100606.096786
100608.337585
100613.190173
100632.025716
100663.646991
100707.140245
100766.546509
100847.925559
100945.121701
101005.029255
101006.201419
101005.597361
101005.867302
101004.191567
101004.009651
100963.458178
100956.067193
100986.499661
100482.976154
100674.371925
100655.995312
100663.332216
100682.615355
100724.501656
100772.5351
100821.572295
100880.484264
100954.593908
101009.523258
101013.956088
101013.42385
101014.005052
101012.549552
101012.758047
100985.026636
100929.687802
100949.424173
100993.408925
100567.055855
100677.963593
100675.684258
100682.69225
100715.37457
100787.37311
100863.700441
100926.275303
100983.072891
101017.247279
101019.398995
101019.133663
101020.104783
101018.918396
101019.368787
100994.38864
100908.342243
100900.125317
100943.890028
100990.387792
100616.978897
100673.730565
100663.058795
100670.122742
100707.58927
100788.463455
100881.724768
100958.270433
101012.896647
101022.190096
101022.067517
101023.193765
101021.719231
101017.196973
100948.666992
100853.92311
100821.457354
100865.8783
100925.254457
100969.006751
100604.26963
100623.203882
100613.088596
100620.690954
100661.504109
100748.447632
100852.311049
100940.214762
101000.962733
101020.678754
101022.885678
101014.4427
100971.208878
100849.710638
100720.033926
100690.390438
100738.172391
100815.864207
100884.78532
100939.172213
100551.15479
100535.175655
100536.806855
100545.152495
100574.775287
100639.819981
100736.413255
100839.72544
100921.590787
100962.413923
100957.049187
100902.713695
100768.518672
100633.886375
100594.534943
100599.976067
100664.59818
100755.863453
100847.049074
100925.069615
100472.854517
100472.947388
100484.168566
100490.286635
100502.205063
100530.075405
100582.861429
100666.288337
100760.639427
100818.596353
100804.773096
100726.423334
100622.100549
100596.238791
100597.674185
100597.624348
100633.839098
100727.173755
100838.684366
100930.630799
100443.779295
100461.955794
100469.040899
100469.936714
100471.981734
100480.24531
100502.386948
100558.108594
100645.812706
100710.711682
100707.180709
100663.55566
100603.785173
100602.749645
100602.115457
100603.269002
100636.199285
100731.700028
100847.601377
100943.2188
100446.472698
100464.596489
100467.194345
100467.34709
100467.522712
100470.510702
100487.093736
100540.550063
100628.022016
100697.24141
100700.466684
100666.25323
100609.306054
100606.846016
100607.785236
100607.804433
100647.445302
100749.326014
100870.612322
100970.025659
100447.817532
100469.720587
100470.054009
100470.212486
100470.358963
100470.579548
100489.837899
100547.187093
100636.75238
100707.114069
100711.515068
100678.64972
100619.852026
100612.063257
100612.100437
100618.2941
100680.14728
100795.238954
100920.240722
101015.415717
100451.309201
100481.002963
100475.730461
100473.081995
100473.234002
100474.394021
100502.493009
100573.06191
100667.373888
100737.073423
100741.915927
100709.172545
100643.618299
100618.539061
100620.555683
100652.627821
100744.603317
100872.684814
100993.260143
101066.945852
100453.367156
100500.389868
100487.895387
100477.718209
100477.264773
100487.966804
100539.840312
100632.05477
100730.757905
100794.603094
100795.995801
100758.127238
100683.328093
100645.809589
100656.885521
100720.419641
100836.732095
100968.778349
101065.019287
101098.373358
100456.741187
100531.289344
100505.915172
100491.886177
100493.068635
100524.718705
100608.657565
100718.958694
100817.405792
100870.454949
100866.593824
100820.942535
100744.636666
100711.5687
100735.404153
100819.179095
100944.357418
101057.256728
101102.871963
101109.106068
100458.901586
100575.922871
100529.73761
100521.769126
100531.232834
100592.361754
100701.939993
100818.361078
100914.102182
100956.765914
100947.554691
100897.171672
100830.579851
100814.643588
100847.466695
100936.147623
101045.537198
101105.718745
101113.276569
101115.46944
100468.636647
100617.767432
100564.877552
100565.671588
100592.993332
100684.244287
100805.55386
100919.029436
101013.123563
101046.842015
101034.52624
100986.440193
100936.448891
100936.250539
100971.658253
101045.151053
101106.040563
101117.681851
101118.513214
101118.335185
100514.429852
100652.882848
100611.958742
100617.185548
100667.759383
100785.012897
100909.229547
101016.399178
101086.859675
101095.048384
101092.760447
101070.693142
101041.962924
101043.703084
101068.237066
101106.534632
101120.839709
101122.009849
101120.426104
101118.6321
100580.385108
100681.908526
100654.123723
100661.902035
100736.869736
100878.593834
101003.63316
101089.499184
101102.14028
101101.597837
101101.750964
101101.356653
101098.100215
101096.209119
101103.508302
101119.458553
101125.16516
101124.158183
101121.500609
101116.415932
100634.620808
100680.767711
100665.748116
100674.557924
100767.649688
100927.698152
101051.791122
101106.447343
101105.766188
101105.916408
101105.235198
101105.454192
101104.914009
101104.919245
101107.7831
101123.139895
101128.788689
101127.937617
101124.081555
101110.766651
100649.585148
100671.094772
100646.807139
100660.243997
100755.862357
100918.791028
101047.240319
101106.262821
101108.140685
101107.659856
101108.434203
101107.770167
101105.075842
101096.707113
101105.27161
101124.325032
101133.274881
101133.357206
101128.480702
101102.594365
100617.878048
100606.306421
100594.699713
100615.402881
100696.70839
100838.330701
100970.133913
101047.721973
101076.75261
101085.62232
101082.702684
101072.732302
101058.153582
101060.689586
101087.287921
101119.536614
101140.22442
101142.165543
101134.73598
101097.67534
100543.963171
100525.193847
100537.373171
100557.767562
100598.986901
100673.590076
100766.526209
100849.466464
100909.179087
100937.584294
100942.123009
100938.464564
100947.173406
100984.736371
101042.194951
101102.058271
101144.187414
101154.86281
101145.710978
101100.929527
100468.321443
100488.990361
100518.240053
100525.17839
100533.029666
100550.985489
100582.432616
100627.201364
100677.149948
100716.418029
100743.925385
100773.684562
100821.230694
100891.924792
100978.777111
101072.217647
101147.084972
101169.396728
101160.209027
101107.294595
100434.947394
100495.467169
100522.463873
100523.189713
100523.256731
100523.908146
100533.022689
100555.969469
100587.301219
100620.999357
100658.611873
100706.211531
100769.539748
100851.114834
100950.089429
101060.053784
101153.550292
101181.437391
101171.241968
101108.641302
100427.125214
100524.399035
100533.691066
100526.481543
100526.532343
100526.587135
100537.010386
100560.888088
100590.899404
100623.437826
100661.514901
100710.673703
100775.533718
100858.598489
100959.670761
101072.337303
101167.216678
101190.470644
101175.056711
101080.76399
100428.87576
100559.803684
100552.247263
100535.989643
100532.598013
100538.202597
100560.098753
100591.658346
100622.82405
100654.614248
100693.170428
100744.242315
100811.876305
100898.277491
101002.914929
101114.685505
101186.912131
101195.648345
101148.904236
101036.182337
100431.554284
100586.809136
100574.645485
100562.515893
100558.659673
100576.143624
100617.988829
100665.244324
100705.340806
100743.274473
100788.03395
100845.785269
100919.370916
101009.223792
101107.560617
101176.438608
101193.972743
101173.680287
101068.805567
101035.534707
100434.475028
100630.298785
100611.139219
100611.64491
100613.559071
100642.84185
100701.885743
100767.924518
100827.95176
100886.534945
100950.048524
101020.284888
101093.154086
101157.151517
101188.914162
101186.615378
101175.41781
101083.987159
101042.235121
101038.969643
100437.154405
100706.082768
100672.62263
100681.980756
100689.384895
100725.106012
100792.00749
100873.281169
100958.774608
101046.738531
101126.063918
101177.597106
101197.760564
101197.458783
101194.977011
101166.869645
101078.900596
101052.504411
101049.531363
101080.568691
100472.988233
100799.59729
100754.451954
100764.53884
100775.064165
100815.536088
100885.33696
100974.376806
101073.012163
101157.686467
101198.703946
101204.100233
101202.32261
101191.954592
101146.929485
101074.843948
101065.684017
101063.427032
101098.866142
101153.305095
100583.293405
100856.42361
100829.625544
100836.979605
100860.50508
100916.462532
100988.856865
101070.697108
101142.024636
101178.391882
101195.248707
101187.945203
101162.064209
101114.343336
101079.92855
101077.50381
101082.141165
101126.060036
101177.993663
101166.901452
100719.319609
100864.345574
100865.593049
100867.791434
100928.834742
101010.940873
101078.450594
101126.419526
101151.614819
101160.383901
101143.344439
101116.079239
101095.658731
101093.527729
101093.143557
101113.913046
101165.471522
101207.756294
101191.40551
101012.386227
100775.384099
100846.499947
100830.00544
100851.678172
100936.30996
101030.668209
101094.621541
101126.746373
101137.16438
101116.583303
101104.200446
101102.863394
101103.863768
101121.057777
101159.110166
101209.914862
101236.888638
101216.632079
101066.008212
100667.067966
100701.19258
100681.580869
100688.185262
100751.137568
100862.333379
100967.159896
101045.603366
101090.456598
101105.480581
101109.252077
101117.257416
101132.243951
101161.581258
101205.387146
101243.070959
101255.803498
101240.725593
101129.408603
100783.096587
100550.462869
100519.362029
100466.406131
100496.141925
100557.140762
100644.785608
100735.789959
100837.879662
100951.470275
101046.606785
101108.938054
101162.016025
101206.367124
101239.729722
101257.863535
101260.462424
101259.002481
101208.897696
100935.08334
100641.147175
100557.749013
100368.699375
100362.55517
100383.256134
100403.844809
100431.51619
100469.589607
100538.208908
100676.042321
100890.824542
101074.776603
101167.587955
101231.76546
101261.21092
101264.072602
101264.714893
101263.092253
101157.73074
100830.767379
100631.956378
100582.372293
100333.576115
100346.912658
100351.575096
100351.632054
100352.615858
100358.371363
100379.963492
100449.965236
100633.849816
100927.60872
101122.914442
101221.200619
101263.78925
101270.449736
101271.939462
101269.861276
101158.552464
100829.270871
100639.673709
100611.206951
100333.400765
100347.508769
100347.999031
100347.693776
100348.072933
100347.704184
100349.061527
100373.264802
100466.001171
100704.038074
100982.45635
101157.384671
101249.295094
101278.311253
101279.57169
101279.499344
101184.224729
100856.993619
100652.744428
100631.936222
100996.176637
100981.004033
100916.475693
100826.723386
100791.645473
100787.659635
100793.724673
100809.296529
100846.006638
100891.658938
100858.022215
100673.352959
100590.935499
100592.076192
100591.180641
100591.686264
100589.880926
100591.401645
100593.506145
101118.730867
101004.854737
100999.627935
100962.464458
100890.617561
100835.290573
100820.704928
100824.123563
100827.661259
100817.080927
100769.866764
100669.591696
100614.59571
100614.760843
100637.111183
100655.560899
100646.526487
100595.794495
100594.8335
100596.179597
101142.150582
101012.710607
101014.989821
101001.488525
100964.043042
100920.338503
100904.005536
100900.938187
100878.08146
100794.934107
100682.02881
100631.183327
100629.16535
100643.761958
100675.284748
100711.929331
100732.133083
100709.363558
100620.136192
100618.068971
101174.068087
101013.05266
101022.841983
101026.40324
101019.397049
101006.804669
101003.94375
101000.714405
100959.307867
100814.936686
100663.163921
100635.704459
100644.598863
100667.542586
100706.614698
100753.032666
100795.134623
100802.943046
100694.187699
100712.863949
101207.453274
101002.975184
101027.057139
101039.381805
101041.854032
101042.560356
101043.468083
101043.901895
101030.709577
100874.928132
100673.263939
100639.401083
100654.160338
100690.620327
100745.948652
100804.424458
100859.317533
100873.868366
100760.006258
100855.684552
101237.272021
100988.30025
101028.328093
101048.08124
101049.83628
101050.536544
101051.362073
101051.834389
101052.771224
100944.63981
100693.358897
100643.044425
100663.655326
100718.455772
100794.707391
100868.446293
100933.814075
100947.152782
100837.718238
100988.700412
101256.399603
100986.458833
101034.238348
101057.096399
101058.172999
101059.122078
101059.731877
101061.005277
101060.659497
100972.975746
100701.877193
100646.812291
100677.704519
100754.530876
100851.745667
100938.990262
101013.151496
101027.781389
100930.684107
101080.626257
101267.507574
100995.535975
101044.639012
101066.463745
101067.325082
101068.003219
101069.10233
101069.272242
101070.755645
100970.251876
100695.712158
100653.375715
100699.123915
100800.723438
100916.467174
101010.770208
101089.65584
101106.149816
101017.913879
101143.421805
101278.620412
101010.753966
101060.459977
101076.132651
101076.737609
101077.621261
101077.827482
101079.140293
101078.076208
100931.458832
100676.429981
100665.513313
100730.592518
100858.521132
100987.509495
101081.307783
101160.861166
101174.213996
101091.320897
101189.595172
101289.850091
101037.204488
101080.85846
101085.939031
101086.583273
101086.753838
101087.666446
101087.25799
101082.817977
100827.210768
100678.071354
100683.648737
100776.832032
100929.950157
101062.584253
101149.558693
101223.699848
101229.727627
101147.362248
101223.741207
101301.041972
101071.899364
101095.4728
101095.76171
101095.902344
101096.499023
101096.161607
101097.066724
101010.704739
100725.172112
100682.122682
100711.7263
100842.696262
101013.648207
101138.127722
101214.457263
101274.027403
101273.36025
101182.909508
101247.426213
101312.22327
101097.601961
101105.172261
101105.211116
101105.540499
101105.16163
101105.657159
101087.493497
100866.690388
100694.989408
100689.501886
100759.811157
100931.477016
101104.529806
101211.02401
101274.487451
101310.821272
101303.973508
101202.134084
101262.032439
101323.338496
101108.365106
101114.556016
101114.63484
101114.294966
101114.48619
101109.521215
100995.562238
100765.499661
100701.3217
100723.939986
100841.382893
101041.509817
101196.018972
101279.129102
101323.600554
101334.462341
101323.159056
101213.174686
101266.229207
101334.507126
101115.426652
101123.215544
101123.308942
101123.249131
101118.581537
101064.134975
100891.497225
100761.790729
100734.173809
100795.960551
100961.130879
101162.793381
101281.466348
101335.165381
101350.737962
101350.398765
101336.649907
101223.051319
101236.344776
101345.449849
101119.558186
101127.314875
101128.767511
101123.600037
101092.5524
100992.257502
100870.207802
100793.153705
100804.659214
100911.379888
101108.261165
101276.159293
101346.495466
101364.028141
101364.447377
101362.805626
101349.934186
101242.409985
101184.169981
101356.265672
101120.469904
101124.542793
101121.376895
101102.614882
101046.670881
100962.039464
100884.514906
100851.744394
100904.033489
101061.755425
101252.782706
101354.578186
101375.363692
101376.199352
101375.650657
101373.771233
101363.523451
101268.190201
101181.28297
101356.854713
101116.235293
101111.233036
101098.171088
101068.310258
101019.527476
100965.076685
100911.247983
100910.173856
101020.100653
101217.109867
101352.978962
101385.491501
101386.542133
101386.629235
101386.152856
101384.49266
101376.853732
101263.87799
101189.25762
101342.016689
101103.440299
101086.662499
101068.509851
101045.96196
101018.357736
100971.7132
100932.1007
100964.171677
101142.290576
101330.453576
101393.60862
101396.460244
101396.66232
101396.762165
101396.518263
101395.169662
101388.538119
101236.400619
101197.547772
101335.924268
101082.414279
101061.102629
101050.917546
101043.807027
101023.564882
100979.533495
100946.629185
101027.182066
101252.016239
101386.282035
101406.251334
101406.572559
101406.810968
101407.010439
101406.975974
101406.103869
101395.992815
101216.626141
101205.487778
101337.801582
101061.701228
101046.492124
101047.633559
101048.751124
101030.747615
100989.434881
100966.062301
101103.070364
101333.073079
101411.393607
101416.665891
101417.0529
101417.433527
101417.625801
101417.835405
101417.326124
101381.213073
101213.707832
101214.060678
101353.994461
101049.367621
101041.122327
101049.925886
101056.408586
101042.154881
101006.125271
100999.953986
101180.336913
101383.787144
101426.859554
101427.703582
101428.270027
101428.640986
101429.030242
101429.220895
101426.867482
101306.890193
101222.49654
101228.038667
101399.913658
101044.085293
101038.957828
101054.560827
101070.251883
101060.445995
101033.032858
101049.455274
101248.075081
101414.063622
101438.863404
101439.764526
101440.37151
101440.96353
101441.286199
101441.666203
101399.764254
101231.748493
101232.627823
101309.142791
101442.727495
101039.537154
101036.62877
101061.420026
101091.744131
101088.171353
101071.658401
101105.844299
101299.234112
101433.603402
101452.086453
101453.046682
101453.841643
101454.341545
101454.884422
101439.635952
101260.578053
101242.229426
101268.030219
101405.801047
101458.093982
101024.520691
101032.51941
101072.085514
101119.757766
101126.763598
101121.665089
101158.648611
101325.605402
101448.483394
101466.835243
101467.984571
101468.778802
101469.490661
101453.318012
101278.525799
101260.596391
101261.432792
101345.999622
101438.25174
101471.339729
101026.774319
101036.844594
101088.378208
101153.547785
101172.210359
101175.019404
101193.800256
101334.527085
101462.478871
101483.462076
101484.395893
101485.104831
101454.357798
101246.915605
101244.022771
101292.390288
101367.642334
101364.135256
101432.204523
101481.074538
101031.440408
101048.453756
101118.640397
101189.656742
101199.452551
101201.899667
101198.186053
101308.738913
101460.254238
101499.269237
101497.306399
101443.309546
101146.488693
101145.592683
101314.355421
101437.136623
101415.364141
101348.270715
101396.780956
101484.834407
101036.439083
101082.387332
101165.457613
101197.463716
101200.462936
101164.352493
101086.822695
101122.270777
101311.492002
101426.138953
101310.899209
101018.279314
101016.25076
101261.917606
101436.758355
101475.588994
101425.510464
101325.490709
101343.657806
101477.931848
101071.869117
101143.305823
101160.755716
101157.18743
101027.126284
100837.088545
100716.951972
100700.292888
100824.34684
100926.817106
100802.160859
100745.44728
101025.661232
101313.704437
101429.769001
101466.727285
101448.884112
101299.630119
101276.724691
101465.339403
101139.438307
101139.790026
101080.617823
100803.984401
100555.164789
100456.010471
100434.906965
100438.469511
100471.684128
100509.116682
100554.917506
100723.409052
101052.424734
101303.421015
101416.835294
101461.466755
101471.832912
101294.545729
101180.01804
101456.445289
101147.738777
101012.275437
100640.995686
100433.955172
100408.780243
100411.084163
100408.548502
100411.160776
100411.849573
100458.577773
100558.541204
100796.150434
101121.216724
101331.136941
101431.615192
101470.681217
101480.532301
101322.687644
101055.614549
101455.382872
100988.566136
100578.166284
100413.366843
100410.197373
100413.319331
100409.327229
100413.394822
100412.401242
100433.249792
100506.122691
100657.87812
100937.835718
101218.005979
101386.975062
101462.598083
101486.58856
101490.150546
101352.667219
100926.064555
101459.381963
100598.794663
100415.495644
100412.718512
100415.546103
100411.492849
100415.616557
100414.140969
100432.627491
100508.894917
100616.017442
100812.348921
101089.017452
101321.393663
101445.566622
101491.766601
101500.88142
101501.535548
101350.635089
100843.90396
101467.133378
100455.539118
100415.852062
100417.804359
100414.722294
100417.859483
100415.637345
100423.103521
100505.217765
100619.252936
100749.914673
100979.240493
101239.099624
101416.60572
101493.124426
101511.939933
101513.629686
101513.690227
101250.338501
100845.562656
101478.483894
100454.5107
100420.127004
100418.369699
100420.15064
100418.179162
100420.191359
100471.093942
100612.012498
100730.863506
100903.062598
101156.000505
101377.132135
101490.66546
101522.44592
101525.975103
101526.15227
101524.115047
101074.352493
100852.604906
101493.928438
100473.822186
100422.110119
100422.50226
100421.765614
100422.517392
100435.287661
100561.748266
100711.109725
100853.081616
101076.828923
101326.937858
101483.798326
101532.543683
101538.456093
101538.688626
101538.675982
101513.395865
100892.052418
100858.313319
101513.039583
100521.751219
100449.973991
100426.950754
100424.95622
100434.468538
100496.42583
100656.34055
100805.244636
101000.459384
101259.573995
101465.961903
101541.445868
101550.938021
101551.277602
101551.310306
101551.172744
101397.722042
100863.89718
100910.649322
101536.706246
100580.129347
100515.205845
100470.784964
100464.411844
100493.448489
100597.454135
100741.328472
100921.894788
101175.992278
101428.132292
101546.299717
101563.049686
101563.499891
101563.462672
101563.338518
101561.322382
101149.861475
100870.506609
101054.068902
101558.19854
100624.033221
100589.428662
100555.252317
100551.076988
)
;

boundaryField
{
    emptyPatch
    {
        type            empty;
    }
    minY
    {
        type            zeroGradient;
    }
    maxY
    {
        type            prghTotalPressure;
        U               U.gas;
        p0              nonuniform List<scalar> 0();
        value           nonuniform List<scalar> 0();
    }
    maxX
    {
        type            fixedFluxPressure;
        gradient        uniform 0;
        value           nonuniform List<scalar> 
37
(
101118.730867
101142.150582
101174.068087
101207.453274
101237.272021
101256.399603
101267.507574
101278.620412
101289.850091
101301.041972
101312.22327
101323.338496
101334.507126
101345.449849
101356.265672
101356.854713
101342.016689
101335.924268
101337.801582
101353.994461
101399.913658
101442.727495
101458.093982
101471.339729
101481.074538
101484.834407
101477.931848
101465.339403
101456.445289
101455.382872
101459.381963
101467.133378
101478.483894
101493.928438
101513.039583
101536.706246
101558.19854
)
;
    }
    water_to_heater
    {
        type            fixedFluxPressure;
        gradient        uniform 0;
        value           nonuniform List<scalar> 
60
(
100419.85576
100419.85576
100482.976154
100482.976154
100567.055855
100567.055855
100616.978897
100604.26963
100551.15479
100551.15479
100472.854517
100472.854517
100443.779295
100443.779295
100446.472698
100447.817532
100451.309201
100451.309201
100453.367156
100453.367156
100456.741187
100456.741187
100458.901586
100468.636647
100514.429852
100514.429852
100580.385108
100580.385108
100634.620808
100634.620808
100649.585148
100617.878048
100543.963171
100543.963171
100468.321443
100468.321443
100434.947394
100434.947394
100427.125214
100428.87576
100431.554284
100431.554284
100434.475028
100434.475028
100437.154405
100437.154405
100472.988233
100583.293405
100719.319609
100719.319609
100775.384099
100775.384099
100701.19258
100701.19258
100519.362029
100368.699375
100333.576115
100333.576115
100333.400765
100333.400765
)
;
    }
    procBoundary1to0
    {
        type            processor;
        value           nonuniform List<scalar> 
41
(
100336.917998
100352.857712
100350.774178
100349.890825
100349.387253
100349.939753
100349.525011
100359.99917
100419.642592
100572.642663
100818.836299
101041.913838
101199.357674
101283.240871
101288.00041
101289.210287
101231.607464
100926.148777
100675.595653
100648.17662
100596.609027
100702.081258
100824.0028
101074.821296
101364.182403
101541.952847
101574.353282
101575.26402
101575.134818
101574.925579
101574.552762
101542.888165
100919.728248
100874.654873
101166.394182
101571.252326
100648.477364
100639.110442
100628.020099
100596.609027
100635.416333
)
;
    }
    procBoundary1to3
    {
        type            processor;
        value           nonuniform List<scalar> 
41
(
100529.732436
100591.460594
100676.807151
100785.030159
100904.967074
100984.279838
100988.380414
100988.239312
100987.297581
100987.175715
100985.697282
100975.048154
100976.390271
100397.466107
100576.376163
100552.230054
100547.523973
100540.899021
100546.425318
100567.646119
100567.646119
100983.303678
100960.606189
100872.809284
100788.052957
100781.365879
100782.076999
100790.257742
100832.344375
100895.667636
100965.421986
101031.407548
100977.952858
100657.484523
100586.037055
100588.014244
100585.95654
100587.611813
100585.751825
100597.443894
101114.614687
)
;
    }
}


// ************************************************************************* //
