/*--------------------------------*- C++ -*----------------------------------*\
| =========                 |                                                 |
| \\      /  F ield         | OpenFOAM: The Open Source CFD Toolbox           |
|  \\    /   O peration     | Version:  2312                                  |
|   \\  /    A nd           | Website:  www.openfoam.com                      |
|    \\/     M anipulation  |                                                 |
\*---------------------------------------------------------------------------*/
FoamFile
{
    version     2.0;
    format      ascii;
    arch        "LSB;label=32;scalar=64";
    class       volScalarField;
    location    "0.82/water";
    object      p;
}
// * * * * * * * * * * * * * * * * * * * * * * * * * * * * * * * * * * * * * //

dimensions      [1 -1 -2 0 0 0 0];

internalField   nonuniform List<scalar> 
1497
(
100482.583637
100483.063603
100482.619079
100480.586117
100478.463347
100477.36654
100476.092612
100474.779586
100473.324773
100471.244441
100469.210692
100467.269821
100465.706266
100480.179149
100475.94221
100478.353203
100479.465435
100479.739834
100480.035892
100480.550577
100481.074129
100480.789769
100478.84548
100476.477977
100475.339867
100474.136871
100472.919474
100471.508635
100469.404235
100467.527584
100465.940771
100464.642789
100463.096597
100477.652987
100473.651814
100476.347733
100477.405056
100477.430864
100477.434472
100477.233614
100476.196237
100474.13138
100471.927887
100471.025923
100469.993009
100468.764171
100467.337382
100465.324132
100463.900873
100462.703941
100461.600362
100460.334159
100458.89871
100474.579725
100470.745356
100473.326327
100473.221589
100471.869299
100470.205769
100468.016511
100466.214207
100464.691311
100464.06446
100463.099019
100461.424123
100459.931481
100458.479337
100457.600717
100456.786142
100455.843106
100454.916656
100453.953178
100452.833947
100464.68657
100459.859104
100462.993981
100462.082881
100459.767297
100457.396396
100455.741163
100454.458136
100453.253533
100451.759307
100449.488034
100448.299733
100447.643858
100447.329822
100446.955326
100446.48133
100446.128248
100445.809282
100445.425947
100444.914059
100424.307265
100419.860248
100425.317306
100426.427978
100426.144354
100425.858398
100425.526407
100425.138034
100425.288502
100425.647116
100427.037488
100428.647609
100430.032788
100431.022553
100431.811792
100432.604383
100433.415958
100434.189017
100434.846855
100435.361508
100375.465334
100372.10096
100375.470674
100376.657835
100377.171818
100377.976218
100379.755354
100383.118631
100387.948148
100393.563784
100398.920325
100403.596277
100407.498807
100410.747158
100413.632842
100416.284226
100418.76245
100421.050785
100423.116142
100424.952813
100372.657915
100372.327131
100372.285919
100372.214557
100372.010072
100371.891609
100372.110106
100372.753435
100374.186155
100376.930151
100380.626882
100384.769407
100389.145643
100393.535874
100397.705815
100401.657369
100405.394182
100408.888279
100412.137223
100415.081125
100371.926157
100371.888514
100371.869279
100371.854869
100371.839768
100371.826485
100371.817214
100371.811735
100371.811305
100372.296741
100373.772087
100376.096054
100379.185551
100382.978886
100387.179032
100391.410179
100395.525575
100399.514178
100403.280711
100406.878034
100371.283756
100371.280007
100371.281557
100371.282528
100371.282333
100371.281404
100371.280026
100371.2776
100371.274811
100371.378191
100371.984604
100373.270782
100375.257511
100378.011801
100381.427778
100385.190139
100389.077974
100392.920581
100396.749679
100400.453187
100370.667664
100370.666945
100370.670468
100370.676561
100370.682148
100370.686909
100370.690056
100370.691453
100370.690194
100370.756801
100371.172161
100372.117531
100373.641811
100375.794566
100378.490487
100381.60672
100384.925535
100388.415137
100391.906508
100395.4792
100369.960519
100369.963629
100369.974485
100369.998465
100370.03481
100370.061525
100370.078608
100370.096676
100370.108926
100370.200161
100370.559099
100371.35833
100372.663364
100374.498486
100376.708545
100379.189522
100382.017942
100384.954745
100388.059203
100391.256587
100368.874292
100368.878726
100368.891527
100368.925368
100369.087668
100369.261986
100369.341011
100369.371577
100369.446268
100369.607909
100370.021931
100370.806822
100372.047461
100373.697614
100375.425112
100377.310562
100379.473866
100381.909329
100384.477601
100387.19413
100367.293435
100367.277233
100367.262551
100367.256462
100367.302515
100367.166823
100367.095499
100367.22376
100367.624005
100368.164149
100368.927913
100370.004528
100371.388281
100372.705509
100373.695757
100374.899367
100376.673783
100378.535243
100380.552546
100382.506813
100365.526933
100365.502242
100365.483521
100365.467677
100365.468549
100365.22825
100365.265919
100365.593536
100366.119839
100366.842703
100367.808005
100368.941698
100369.821582
100370.144008
100370.537746
100371.724638
100373.014281
100374.48855
100375.832493
100377.343697
100363.800839
100363.776352
100363.756266
100363.733466
100363.680809
100363.185621
100362.850752
100363.142405
100363.871856
100364.771559
100365.484104
100365.74201
100365.616643
100365.676184
100366.582627
100367.520973
100368.660162
100369.736386
100370.707976
100372.467223
100362.286431
100362.265877
100362.248366
100362.227036
100362.195377
100361.716658
100361.020675
100360.897561
100361.260148
100361.352986
100360.95199
100360.762793
100360.896633
100361.672801
100362.330737
100363.181313
100364.011937
100364.629965
100365.717838
100367.113774
100361.014153
100361.004913
100360.998153
100360.989053
100360.98606
100360.560003
100359.807273
100359.368813
100358.961564
100358.099582
100357.722902
100357.677407
100358.092405
100358.293074
100358.690226
100359.037694
100359.458489
100360.009588
100360.610133
100361.658075
100359.836587
100359.852653
100359.869898
100359.873887
100359.853849
100359.446635
100358.868172
100358.47452
100357.725278
100356.680709
100355.979396
100355.905159
100355.567626
100355.46589
100355.270909
100355.161794
100355.242823
100355.119013
100355.567076
100355.981608
100357.810903
100357.581504
100358.38378
100358.496015
100358.353982
100357.973272
100357.589231
100357.288504
100356.276062
100354.736291
100354.11163
100353.343039
100352.870049
100352.158001
100351.508051
100350.980823
100350.407604
100350.194963
100349.707109
100349.240922
100355.839294
100355.001969
100357.193726
100357.562441
100357.181171
100356.609927
100356.119705
100355.478964
100353.824064
100352.182135
100350.934257
100350.224555
100349.115491
100348.122626
100347.083035
100345.962506
100345.095003
100344.025533
100343.139822
100341.112108
100353.925326
100351.360483
100353.974141
100354.526389
100354.050369
100353.355273
100352.640384
100351.396145
100349.511176
100347.745779
100346.903454
100345.627158
100344.526852
100343.452105
100341.615354
100340.406988
100338.773972
100337.490722
100335.619994
100331.828081
100352.10043
100347.052682
100349.439919
100350.091557
100349.335312
100348.272348
100347.06263
100345.571555
100343.877641
100342.638434
100341.257997
100339.878641
100338.922546
100336.149715
100334.232714
100332.794377
100331.273609
100329.459764
100326.481619
100320.740895
100350.42216
100342.826653
100345.537634
100345.701594
100343.921451
100341.999179
100340.195
100338.4381
100336.523091
100334.37195
100332.214841
100330.307101
100328.172967
100326.777032
100325.688702
100324.145062
100322.33279
100320.259094
100314.237294
100311.824776
100349.051375
100339.698556
100341.525104
100340.088537
100337.163375
100334.85951
100332.337392
100329.83701
100327.233139
100324.975648
100323.205799
100321.723852
100320.465226
100319.01865
100317.192659
100315.101846
100312.681347
100307.707432
100302.982669
100303.442782
100347.842591
100338.352896
100337.452785
100335.431284
100333.263816
100330.433886
100327.394297
100324.113609
100320.749774
100318.311796
100315.963447
100313.752172
100311.417592
100308.783566
100305.984999
100303.055869
100298.791769
100293.141986
100292.113232
100292.675206
100357.721493
100343.895712
100339.518821
100336.714033
100332.166262
100326.710775
100321.252469
100314.603145
100309.435641
100305.264365
100301.31466
100297.361915
100293.48608
100290.02954
100286.918014
100283.219296
100278.317204
100276.160977
100277.51603
100277.58333
100319.671777
100301.496356
100295.728588
100293.11452
100289.121636
100285.083711
100280.258363
100276.544332
100273.507567
100270.008176
100265.847193
100261.561981
100257.516844
100253.765745
100250.319856
100247.730779
100247.986101
100251.645907
100255.025731
100256.147112
100193.856215
100176.619483
100178.555792
100181.647388
100185.564344
100190.034598
100195.305601
100201.148088
100206.345089
100208.698381
100208.405624
100206.395808
100203.425867
100201.140317
100201.128765
100204.194792
100210.106328
100217.45874
100224.096005
100228.532949
100152.387142
100150.705314
100152.1464
100152.969691
100153.810548
100154.960217
100156.474059
100158.621925
100161.869158
100165.324694
100167.413458
100168.513542
100169.590128
100171.37433
100173.915438
100176.969416
100180.869102
100186.524989
100193.78612
100201.031888
100153.944362
100153.993534
100153.971187
100153.962618
100153.963139
100153.971207
100153.989591
100154.024814
100154.51479
100156.134178
100158.18884
100160.126541
100161.965501
100163.651818
100165.2051
100166.650302
100168.175884
100170.801192
100175.28264
100181.468876
100152.679206
100152.79024
100152.774327
100152.769459
100152.774185
100152.789632
100152.816815
100152.855469
100152.915194
100153.559087
100155.106136
100156.829358
100158.331932
100159.618361
100160.787698
100161.799393
100162.641697
100163.948397
100166.496136
100170.674765
100150.753242
100151.210726
100151.172053
100151.15266
100151.150138
100151.161846
100151.191518
100151.242239
100151.312828
100151.71324
100152.895114
100154.459024
100155.83992
100156.925578
100157.84446
100158.593556
100159.216667
100160.075674
100161.731742
100164.613781
100147.653883
100148.528502
100148.969639
100148.953455
100148.947277
100148.955226
100148.985664
100149.060892
100149.193313
100149.500064
100150.503239
100151.923537
100153.281274
100154.404665
100155.27945
100155.976406
100156.603254
100157.392786
100158.673075
100160.762945
100143.509603
100144.835746
100146.180353
100146.101324
100146.033336
100145.979666
100145.935849
100145.916912
100146.075722
100146.310754
100147.384407
100148.746269
100150.133574
100151.410651
100152.486923
100153.408353
100154.2765
100155.196813
100156.304606
100157.671815
100139.425203
100140.411596
100141.960136
100142.46897
100142.414462
100142.342287
100142.261367
100142.178984
100141.68504
100142.023078
100143.534833
100145.074716
100146.586659
100148.08782
100149.439165
100150.614692
100151.650858
100152.4533
100153.055733
100153.809634
100134.386501
100135.538031
100137.338445
100138.657014
100138.512406
100138.375334
100138.251949
100138.127533
100137.171791
100136.710373
100138.17659
100140.064454
100141.765219
100143.354561
100144.796214
100145.99217
100146.846928
100147.303772
100147.575794
100148.259238
100130.229122
100130.930407
100132.028139
100133.252192
100133.918478
100133.853083
100133.77103
100133.667551
100133.217388
100131.830413
100132.338408
100133.75067
100135.268031
100136.562678
100137.702384
100138.680098
100139.442526
100139.877699
100140.282216
100141.374394
100463.827326
100461.680894
100459.421321
100457.071813
100454.834277
100453.09479
100451.66455
100449.87351
100447.383737
100444.33054
100440.113918
100434.164097
100432.138565
100432.744621
100432.753716
100432.807941
100432.829868
100432.839029
100430.531994
100431.857327
100461.265939
100459.284242
100457.349814
100455.384839
100453.462385
100451.683588
100449.880709
100447.649712
100445.077897
100441.209708
100433.316766
100429.664736
100430.987695
100431.01943
100431.029713
100431.020841
100431.00328
100430.968819
100428.814025
100429.877814
100457.21883
100455.455362
100453.641204
100451.830967
100449.887258
100447.945362
100445.650721
100443.229056
100439.886379
100434.387127
100426.92093
100429.249447
100429.289876
100429.300624
100429.298638
100429.285324
100429.259759
100429.226665
100426.169671
100427.248263
100451.541393
100450.125931
100448.653789
100446.977161
100445.238287
100443.12623
100440.913004
100438.023034
100434.774779
100427.477437
100427.349262
100427.797574
100427.775564
100427.754171
100427.732513
100427.708686
100427.680521
100427.641078
100425.310234
100426.000727
100444.277042
100443.504789
100442.507097
100441.360369
100439.799881
100438.024254
100435.630971
100432.976225
100428.417256
100424.916122
100426.108405
100426.159192
100426.195027
100426.212857
100426.218198
100426.21278
100426.193362
100426.162986
100423.915164
100424.395978
100435.695473
100435.753319
100435.589094
100434.992138
100434.149982
100432.747834
100431.082004
100428.45017
100423.741209
100424.683508
100424.752987
100424.821671
100424.872785
100424.910976
100424.941635
100424.964844
100424.98268
100424.995626
100423.791192
100423.913591
100426.453399
100427.594011
100428.231657
100428.534734
100428.254873
100427.576893
100426.080752
100423.094966
100423.210906
100423.627854
100423.666818
100423.707452
100423.753295
100423.798797
100423.842863
100423.860573
100423.860622
100423.609569
100423.022194
100423.010176
100417.684828
100419.743653
100421.366358
100422.398872
100422.958567
100422.805791
100421.716753
100421.279774
100422.404547
100422.465747
100422.511771
100422.576393
100422.661422
100422.736274
100422.807352
100422.831176
100422.787517
100422.576495
100422.210185
100422.094291
100410.117227
100412.963858
100415.257076
100417.144028
100418.467315
100419.101889
100419.526271
100420.471347
100421.15979
100421.220059
100421.192238
100421.137777
100421.108971
100421.108735
100421.159475
100421.163143
100421.067406
100420.884785
100420.646403
100420.488903
100404.021485
100407.189549
100410.030895
100412.443087
100414.376255
100415.944779
100417.172607
100418.301916
100419.009081
100419.240727
100419.231786
100419.171698
100419.090142
100419.101442
100419.197426
100419.24895
100419.183935
100419.014974
100418.77485
100418.56546
100398.942878
100402.225752
100405.18376
100407.840149
100410.217505
100412.001363
100413.435234
100414.576239
100415.570001
100415.917713
100416.004775
100416.030555
100416.004537
100416.053477
100416.166282
100416.242414
100416.242082
100416.16087
100415.93943
100415.733721
100394.480144
100397.550548
100400.38403
100403.08092
100405.344178
100407.202695
100408.434531
100409.663023
100410.677502
100411.101322
100411.588777
100411.949142
100412.165703
100412.400111
100412.609076
100412.713323
100412.734089
100412.696675
100412.493963
100412.300748
100389.872868
100392.428853
100395.090858
100397.494512
100399.743114
100401.491234
100402.578773
100403.675082
100404.525615
100405.167404
100406.254621
100407.004738
100407.509046
100407.971664
100408.311855
100408.460898
100408.491176
100408.473646
100408.301969
100408.144213
100384.565486
100387.049849
100389.376226
100391.565073
100393.628126
100395.104574
100396.075658
100396.978591
100397.502579
100398.663516
100400.166387
100401.228463
100401.98922
100402.632129
100403.051638
100403.223682
100403.266561
100403.269471
100403.076436
100402.995459
100379.581224
100381.69751
100383.609684
100385.40957
100387.281453
100388.492069
100389.28726
100389.983278
100390.944744
100391.929552
100393.301943
100394.605611
100395.573226
100396.330179
100396.774425
100396.937635
100396.997439
100396.982878
100396.732851
100396.721906
100374.25181
100375.998011
100377.422577
100378.887305
100380.614407
100381.613674
100382.309608
100382.957548
100383.443149
100383.970556
100385.519391
100387.056455
100388.210695
100389.040624
100389.449973
100389.580701
100389.645417
100389.592152
100389.359314
100389.400314
100368.563341
100369.832072
100370.653422
100371.946333
100373.465446
100374.188826
100374.546135
100374.793654
100375.331289
100375.926337
100377.150945
100378.736914
100379.98926
100380.799733
100381.160645
100381.290354
100381.294939
100381.176226
100381.040449
100381.123826
100362.676637
100363.094556
100363.36093
100364.666033
100365.938893
100366.475156
100366.661116
100366.809626
100366.962372
100367.103196
100368.054859
100369.434533
100370.705207
100371.482743
100371.876596
100372.061974
100371.957415
100371.763998
100371.759348
100371.903615
100356.05356
100355.253089
100355.572677
100356.787613
100357.678522
100357.911863
100357.659047
100357.377743
100357.290983
100357.22203
100357.580705
100359.160023
100360.408761
100361.217049
100361.661107
100361.893825
100361.704774
100361.425357
100361.550254
100361.806333
100347.631732
100346.337608
100347.106141
100347.904381
100348.198115
100347.807454
100347.113002
100347.071009
100346.67808
100346.602738
100347.460347
100348.633681
100349.697953
100350.418027
100350.87402
100351.162783
100350.933991
100350.529507
100350.659604
100351.073408
100338.005145
100337.863034
100338.21894
100337.92994
100337.121307
100336.058726
100335.49345
100335.837597
100335.620718
100335.981236
100336.520672
100337.743169
100338.689276
100339.359844
100339.848879
100340.238752
100340.031408
100339.569996
100339.586138
100340.134491
100329.059556
100329.086168
100328.221356
100326.957958
100325.329172
100324.288862
100323.684525
100323.303173
100323.772282
100324.327557
100325.85428
100327.054243
100327.924216
100328.562563
100328.993889
100329.417441
100329.232346
100328.747294
100328.6157
100329.211116
100320.451297
100319.961435
100318.69267
100316.805734
100315.319238
100314.669727
100314.291289
100314.168182
100314.869895
100316.198099
100317.252901
100317.942392
100318.352966
100318.513425
100318.552841
100318.753707
100318.43828
100317.826678
100317.539166
100318.070085
100312.344075
100311.237299
100309.287643
100307.267259
100306.216728
100305.75049
100305.935906
100306.700462
100307.816698
100308.701159
100309.057359
100308.961433
100308.615645
100308.200839
100307.831522
100307.686987
100307.163255
100306.358558
100305.912042
100306.316799
100303.000899
100301.073059
100298.595757
100296.653216
100295.759751
100295.309727
100295.70943
100296.893891
100298.125514
100298.658501
100298.434444
100297.816526
100297.171481
100296.577318
100296.034566
100295.705106
100295.084057
100294.201093
100293.641689
100293.886981
100291.183795
100288.538199
100285.847079
100284.145936
100283.276782
100282.847706
100283.21099
100284.473277
100285.513193
100285.68417
100285.205015
100284.636386
100284.118052
100283.588408
100283.080205
100282.735912
100282.142651
100281.342181
100280.774204
100280.829257
100275.698759
100273.054949
100270.777984
100269.52599
100268.924933
100268.69141
100269.108067
100270.308149
100271.107844
100271.078093
100270.719308
100270.398996
100270.070802
100269.700834
100269.333346
100269.064973
100268.531121
100267.92331
100267.507171
100267.397004
100255.430418
100254.20203
100253.250703
100252.891233
100252.89738
100253.141047
100253.885674
100255.079647
100255.740752
100255.772869
100255.693027
100255.620452
100255.50041
100255.32192
100255.131246
100254.973706
100254.445191
100254.045116
100253.822721
100253.635429
100231.064448
100232.650048
100233.903665
100234.942349
100235.798591
100236.620598
100237.75362
100238.983889
100239.736085
100240.092625
100240.383683
100240.621882
100240.779637
100240.850354
100240.866613
100240.850255
100240.384283
100240.174655
100240.083212
100239.881982
100206.914504
100211.397545
100214.83636
100217.256831
100218.924373
100220.174947
100221.4917
100222.808051
100223.877975
100224.677132
100225.355817
100225.944331
100226.436714
100226.825841
100227.110048
100227.275354
100227.079438
100227.074062
100227.031531
100226.810041
100188.132281
100193.901091
100198.417023
100201.596543
100203.735797
100205.205453
100206.51791
100207.94172
100209.339856
100210.458441
100211.402965
100212.254709
100213.026143
100213.690599
100214.176717
100214.441739
100214.558746
100214.746866
100214.711744
100214.510347
100176.092137
100181.3476
100185.64143
100188.815793
100191.015497
100192.52201
100193.802827
100195.365812
100196.948718
100198.191277
100199.24106
100200.22433
100201.149776
100201.944993
100202.431835
100202.592982
100203.041722
100203.312521
100203.236396
100203.119459
100168.574071
100172.628539
100176.083171
100178.811516
100180.850869
100182.293804
100183.575538
100185.306259
100186.98634
100188.245615
100189.315564
100190.333097
100191.296559
100192.075635
100192.106481
100192.241438
100193.08197
100193.328868
100193.255867
100193.237911
100163.476776
100166.313311
100168.897879
100171.121273
100172.928897
100174.260501
100175.642666
100177.609925
100179.366776
100180.644429
100181.723254
100182.721667
100183.641863
100183.809602
100183.198746
100184.09755
100185.119097
100185.286881
100185.263054
100185.363514
100159.398851
100161.363444
100163.322797
100165.163987
100166.793819
100168.067604
100169.640291
100171.921888
100173.789511
100175.116771
100176.222946
100177.17504
100177.375137
100176.759812
100177.291907
100178.589197
100179.382816
100179.433061
100179.366806
100179.567295
100155.04671
100156.636785
100158.36824
100160.135601
100161.849814
100163.315175
100165.199958
100167.956647
100170.078294
100171.502143
100172.628402
100172.925475
100172.652971
100172.633694
100173.337219
100174.429699
100174.947398
100174.909648
100174.709602
100174.927561
100149.554411
100151.324078
100153.232315
100155.317837
100157.594645
100159.755051
100162.270804
100165.934887
100168.641333
100170.122995
100170.672903
100169.989092
100169.458416
100169.730654
100170.588071
100171.055526
100171.07686
100170.868836
100170.488941
100170.571131
100143.308658
100145.464685
100147.798608
100150.561767
)
;

boundaryField
{
    emptyPatch
    {
        type            empty;
    }
    minY
    {
        type            calculated;
        value           nonuniform List<scalar> 0();
    }
    maxY
    {
        type            calculated;
        value           nonuniform List<scalar> 0();
    }
    maxX
    {
        type            calculated;
        value           nonuniform List<scalar> 
37
(
100431.857327
100429.877814
100427.248263
100426.000727
100424.395978
100423.913591
100423.010176
100422.094291
100420.488903
100418.56546
100415.733721
100412.300748
100408.144213
100402.995459
100396.721906
100389.400314
100381.123826
100371.903615
100361.806333
100351.073408
100340.134491
100329.211116
100318.070085
100306.316799
100293.886981
100280.829257
100267.397004
100253.635429
100239.881982
100226.810041
100214.510347
100203.119459
100193.237911
100185.363514
100179.567294
100174.927561
100170.57113
)
;
    }
    water_to_heater
    {
        type            calculated;
        value           nonuniform List<scalar> 
60
(
100481.483891
100479.955688
100478.625882
100477.00997
100475.250122
100473.250118
100464.853861
100424.473404
100377.638942
100374.976139
100373.846582
100371.833568
100372.406753
100371.053691
100371.395762
100370.776017
100370.87961
100369.815171
100369.57589
100368.429552
100367.787632
100366.416572
100365.700679
100363.986607
100363.559776
100362.108399
100361.857437
100360.528355
100360.338665
100359.041047
100357.987875
100356.016875
100355.093656
100353.773449
100352.930286
100351.62919
100350.934835
100349.605721
100349.247779
100348.061849
100360.227012
100357.15043
100321.71597
100317.978988
100194.920693
100191.42555
100152.614401
100154.181784
100154.422047
100152.4118
100152.053047
100149.927639
100148.445199
100146.240398
100143.753445
100139.672818
100136.306826
100134.078757
100131.584708
100129.379931
)
;
    }
    procBoundary1to0
    {
        type            processor;
        value           nonuniform List<scalar> 
41
(
100124.736048
100126.023753
100127.222289
100128.48547
100129.49724
100129.419259
100129.326144
100129.204496
100129.035192
100127.638908
100127.315243
100128.072353
100129.054408
100129.868587
100130.674769
100131.36098
100131.698636
100131.837167
100132.783837
100134.812043
100153.970907
100157.618398
100161.337557
100166.36993
100170.294085
100171.093007
100169.212917
100167.742136
100167.548957
100167.788469
100167.511797
100166.830393
100166.332011
100165.843595
100165.289215
100165.201103
100137.109336
100139.468868
100142.23681
100153.970907
100145.775144
)
;
    }
    procBoundary1to3
    {
        type            processor;
        value           nonuniform List<scalar> 
41
(
100483.47841
100483.85368
100483.887937
100482.670357
100480.644126
100479.062432
100477.979805
100476.664775
100475.265151
100473.750247
100471.86143
100469.859371
100467.615595
100482.098218
100478.183493
100480.323245
100481.16883
100481.404518
100481.60701
100482.014151
100482.014151
100465.752691
100463.578155
100461.089129
100458.374805
100455.89617
100454.255193
100453.139946
100451.776814
100449.806945
100447.409314
100445.014005
100442.12004
100438.343531
100435.086794
100434.809715
100434.689815
100434.661716
100434.621049
100434.832627
100436.227605
)
;
    }
}


// ************************************************************************* //
