/*--------------------------------*- C++ -*----------------------------------*\
| =========                 |                                                 |
| \\      /  F ield         | OpenFOAM: The Open Source CFD Toolbox           |
|  \\    /   O peration     | Version:  2312                                  |
|   \\  /    A nd           | Website:  www.openfoam.com                      |
|    \\/     M anipulation  |                                                 |
\*---------------------------------------------------------------------------*/
FoamFile
{
    version     2.0;
    format      ascii;
    arch        "LSB;label=32;scalar=64";
    class       volScalarField;
    location    "0.28/water";
    object      p;
}
// * * * * * * * * * * * * * * * * * * * * * * * * * * * * * * * * * * * * * //

dimensions      [1 -1 -2 0 0 0 0];

internalField   nonuniform List<scalar> 
750
(
100708.890152
100708.769148
100708.872547
100709.08226
100709.359284
100709.66791
100709.976819
100710.264297
100710.52789
100710.779013
100711.029976
100711.284404
100711.53513
100711.770187
100711.991031
100712.222625
100712.499599
100712.878505
100714.624428
100675.955873
100677.491159
100678.640752
100679.702409
100680.619161
100681.39275
100682.042765
100682.58478
100683.034782
100683.41114
100683.733148
100684.013834
100684.253224
100684.443669
100684.582953
100684.677115
100684.73763
100684.77359
100684.715324
100660.980913
100661.085761
100661.414752
100661.778997
100662.124508
100662.436136
100662.71376
100662.955268
100663.162189
100663.339114
100663.490088
100663.619054
100663.726436
100663.810505
100663.872946
100663.918669
100663.951975
100663.974618
100663.952225
100646.85343
100646.59587
100646.501063
100646.481223
100646.53152
100646.613355
100646.707337
100646.796385
100646.873762
100646.940579
100646.996789
100647.043571
100647.08177
100647.111706
100647.134496
100647.151702
100647.164395
100647.172889
100647.157486
100627.412222
100629.479588
100630.480674
100630.883915
100631.069945
100631.213212
100631.381577
100631.566407
100631.743504
100631.903205
100632.040935
100632.15787
100632.255685
100632.334441
100632.394936
100632.440016
100632.471777
100632.491542
100632.489445
100615.502066
100617.530002
100618.413863
100619.024899
100619.566779
100619.932431
100620.189716
100620.402276
100620.596306
100620.776375
100620.937141
100621.077414
100621.196874
100621.293613
100621.367103
100621.420534
100621.456331
100621.475884
100621.478538
100614.063057
100612.937758
100613.026196
100613.159911
100613.368226
100613.750014
100614.112883
100614.346783
100614.480371
100614.583314
100614.680948
100614.772043
100614.850384
100614.910289
100614.950139
100614.973532
100614.981855
100614.973681
100614.967769
100616.464484
100613.711308
100612.048379
100611.386798
100611.084384
100610.971738
100611.00964
100611.047311
100611.063685
100611.012836
100610.940866
100610.876395
100610.821615
100610.767732
100610.708659
100610.645304
100610.570853
100610.474851
100610.455976
100605.796238
100604.336262
100602.968336
100602.119051
100601.932535
100601.928286
100601.935837
100602.023764
100602.127025
100602.21273
100602.240586
100602.233975
100602.22178
100602.206563
100602.179787
100602.130659
100602.01894
100601.859068
100602.03713
100596.36086
100595.014913
100593.648033
100592.36081
100591.554717
100591.311952
100591.215446
100591.111455
100591.101162
100591.14197
100591.188429
100591.211022
100591.216843
100591.211748
100591.177674
100591.11139
100591.031214
100590.926131
100591.32589
100586.028746
100584.386619
100582.881468
100581.415729
100579.980961
100578.732893
100577.944562
100577.608749
100577.424095
100577.289024
100577.213553
100577.194184
100577.206863
100577.231604
100577.230714
100577.184417
100577.241511
100577.403332
100577.269461
100577.848747
100567.406577
100566.516972
100565.716842
100564.932248
100564.091521
100563.184915
100562.349494
100561.755798
100561.449457
100561.30141
100561.207761
100561.162784
100561.210254
100561.359508
100561.547448
100561.77245
100562.055408
100562.177281
100562.047323
100562.673132
100546.906714
100547.647303
100548.04928
100548.320928
100548.504022
100548.556023
100548.482805
100548.361613
100548.251286
100548.200387
100548.265333
100548.4744
100548.860038
100549.248186
100549.484725
100549.687813
100549.892799
100550.011409
100550.039908
100550.796776
100533.437525
100533.35469
100533.890836
100534.495423
100535.072534
100535.653433
100536.201181
100536.662667
100537.054024
100537.409912
100537.726815
100538.115547
100538.634611
100538.966382
100539.052848
100539.196075
100539.488519
100540.0537
100540.430625
100541.214212
100512.598268
100512.874755
100514.050201
100515.986931
100518.199013
100520.330757
100522.397206
100524.383267
100526.221619
100527.884182
100529.36998
100530.684628
100531.740734
100532.299805
100532.150665
100531.869196
100532.172243
100534.148045
100535.093422
100536.593847
100483.292883
100484.567348
100487.369393
100491.250347
100496.237361
100501.66168
100507.061088
100512.43663
100517.807837
100523.186532
100528.511049
100533.618378
100538.231317
100540.835386
100539.375827
100537.320823
100543.630565
100545.382539
100546.006365
100547.241872
100445.257401
100446.095762
100448.844263
100451.916422
100455.180635
100458.444692
100461.768984
100465.306659
100469.024632
100472.927742
100477.002882
100480.969822
100484.006115
100488.001054
100482.107561
100474.39354
100489.448509
100490.770955
100491.142339
100491.801118
100427.222331
100420.23628
100416.177588
100411.848878
100405.748117
100397.735058
100389.11485
100380.409982
100371.259662
100361.010743
100350.559038
100347.110877
100346.196379
100345.19368
100345.236291
100340.30858
100344.736033
100348.439883
100350.562896
100351.615675
100423.273861
100413.023741
100406.598301
100397.973091
100386.976813
100375.068742
100363.209661
100351.51819
100342.155613
100337.961423
100336.874054
100336.446726
100336.45956
100336.497826
100336.502231
100336.481183
100335.809283
100337.873913
100338.76124
100339.412117
100398.253257
100396.041289
100391.24739
100382.323088
100372.108287
100361.530804
100351.281061
100343.22007
100337.863457
100334.841437
100333.486966
100332.94073
100332.925956
100332.907305
100332.904623
100332.918655
100330.923958
100332.752031
100333.849019
100334.394014
100296.067942
100303.654113
100307.282673
100310.186029
100312.362807
100314.339885
100317.07682
100319.750714
100321.994673
100323.727003
100324.815933
100325.168036
100324.966925
100324.679283
100324.619032
100323.706187
100321.946843
100322.041188
100323.275494
100325.196801
100264.339663
100265.978937
100269.992272
100275.92331
100280.396989
100282.244843
100283.236409
100285.849819
100291.012672
100295.948014
100299.120635
100300.364456
100299.980871
100298.63783
100296.997976
100295.569148
100294.644754
100294.169565
100293.579242
100293.818437
100263.076857
100263.082547
100265.630121
100269.872681
100273.379949
100274.7363
100275.015361
100276.478415
100279.498232
100283.270699
100286.185382
100287.58395
100287.769042
100287.366707
100287.055668
100287.048381
100287.040547
100287.036683
100287.034624
100286.686571
100262.25921
100262.266522
100264.74023
100269.06741
100272.214321
100273.57194
100274.054228
100275.640693
100278.508042
100281.696592
100283.977143
100285.057775
100285.37671
100285.389118
100285.396472
100285.40192
100285.405934
100285.407972
100285.408302
100285.40686
100260.993719
100260.97751
100263.844858
100268.312237
100271.207797
100272.480514
100273.319963
100275.235132
100278.172984
100281.241522
100283.161945
100284.00419
100284.150143
100284.15556
100284.159766
100284.162371
100284.164012
100284.165102
100284.165712
100284.165796
100259.032601
100259.038053
100261.535966
100266.193762
100269.157808
100270.59237
100271.779036
100273.921678
100276.892865
100280.022696
100282.036405
100282.964426
100283.127275
100283.126404
100283.125158
100283.12399
100283.123007
100283.121979
100283.121352
100283.120681
100250.974467
100254.597199
100256.801499
100262.063097
100265.512851
100267.422612
100268.935937
100271.242003
100274.338597
100277.743862
100280.168411
100281.522142
100282.028279
100282.099274
100282.099011
100282.09486
100282.087973
100282.083356
100282.080867
100282.079266
100238.419679
100244.617089
100249.582062
100255.342356
100259.285531
100261.637914
100263.228021
100265.367289
100268.422932
100272.020625
100275.081205
100277.258935
100278.763294
100279.730811
100280.286336
100280.48965
100280.505066
100280.504611
100280.499116
100280.491014
100231.510618
100236.28986
100241.679532
100246.953381
100251.222143
100253.934152
100255.744439
100257.320295
100259.529944
100262.45285
100265.517462
100268.350842
100270.746601
100272.698661
100274.225547
100275.30036
100275.967733
100276.246629
100276.048159
100275.697218
100227.572438
100229.779292
100232.092346
100236.542632
100240.364474
100243.253976
100244.791292
100245.791806
100246.969921
100248.510624
100250.30683
100252.197296
100254.048333
100255.82023
100257.477294
100258.902362
100259.972795
100260.597941
100260.278724
100258.246654
100225.12804
100225.686436
100225.717673
100228.371463
100230.790631
100232.558457
100232.617187
100233.747533
100234.371397
100235.150984
100236.053312
100237.037371
100238.072218
100239.123276
100240.172431
100241.223212
100242.344039
100243.321153
100243.431397
100242.806215
100223.22459
100223.831671
100223.815497
100225.303312
100226.2849
100226.743369
100225.372568
100226.494904
100226.793489
100227.24794
100227.745437
100228.240926
100228.707613
100229.150335
100229.580372
100230.000272
100230.407883
100230.785867
100231.156194
100231.246612
100221.362689
100217.341456
100220.002932
100222.238537
100223.61634
100224.348721
100223.97284
100225.23411
100225.223007
100225.451951
100225.72642
100225.971665
100226.164587
100226.31474
100226.440969
100226.558506
100226.669605
100226.716765
100226.73917
100226.969666
100218.812838
100217.465559
100220.636954
100221.66143
100222.276326
100222.657019
100222.420197
100223.007321
100223.926857
100223.927732
100224.03729
100224.117362
100224.137716
100224.125424
100224.09413
100224.059573
100224.030412
100223.968337
100223.891587
100224.047309
100215.82622
100215.897338
100217.47882
100217.078669
100216.357354
100215.478972
100214.170298
100212.632368
100212.675004
100213.298507
100213.53396
100213.816719
100214.087277
100214.326743
100214.533781
100214.705444
100214.833818
100214.892005
100214.896859
100215.020588
100212.970034
100212.931136
100210.905653
100212.457759
100212.694611
100212.636732
100212.438724
100211.680887
100211.083841
100212.427574
100212.463089
100212.597553
100212.718696
100212.811842
100212.854056
100212.872564
100212.883616
100212.875588
100212.85517
100212.926381
100211.852917
100211.84541
100209.543109
100210.130156
100211.403411
100211.695285
100211.800997
100211.648996
100211.014606
100211.758667
100211.757913
100211.870074
100211.964383
100211.998218
100211.979366
100211.978615
100211.99124
100211.990749
100211.977077
100212.041938
100210.986286
100210.97896
100210.967044
100209.636493
100210.12327
100211.119378
100211.430207
100211.46462
100211.024751
100211.483705
100211.484705
100211.502779
100211.490445
100211.549309
100211.607176
100211.634937
100211.654432
100211.654378
100211.638316
100211.706692
)
;

boundaryField
{
    emptyPatch
    {
        type            empty;
    }
    minY
    {
        type            calculated;
        value           nonuniform List<scalar> 
19
(
100720.77131
100721.064789
100721.451981
100721.849252
100722.247425
100722.632778
100722.989799
100723.306819
100723.587729
100723.848495
100724.104658
100724.361826
100724.613902
100724.8496
100725.070707
100725.30259
100725.579599
100725.958505
100727.704428
)
;
    }
    maxY
    {
        type            calculated;
        value           nonuniform List<scalar> 0();
    }
    maxX
    {
        type            calculated;
        value           nonuniform List<scalar> 
38
(
100714.624428
100684.715324
100663.952225
100647.157486
100632.489445
100621.478538
100614.967769
100610.455976
100602.03713
100591.32589
100577.848747
100562.673132
100550.796776
100541.214212
100536.593847
100547.241872
100491.801117
100351.615674
100339.412117
100334.394014
100325.196801
100293.818436
100286.68657
100285.406859
100284.165795
100283.120679
100282.079264
100280.49101
100275.697212
100258.246646
100242.806204
100231.246601
100226.969657
100224.047301
100215.020582
100212.926377
100212.041934
100211.706687
)
;
    }
    water_to_heater
    {
        type            calculated;
        value           nonuniform List<scalar> 0();
    }
    procBoundary1to0
    {
        type            processor;
        value           nonuniform List<scalar> 
38
(
100586.942987
100567.58776
100545.875198
100533.643907
100512.715522
100483.492531
100445.337088
100432.136943
100430.044683
100410.785877
100292.584608
100264.333735
100263.07236
100262.251748
100260.982639
100259.026215
100250.479484
100238.367668
100231.516865
100227.581477
100225.138367
100223.234063
100221.39769
100218.835075
100215.834312
100212.970677
100211.8504
100709.448128
100673.211124
100660.734199
100646.769339
100623.859619
100615.973511
100615.942142
100619.919708
100607.264695
100597.749711
100597.749711
)
;
    }
    procBoundary1to2
    {
        type            processor;
        value           nonuniform List<scalar> 
20
(
100210.355799
100210.356308
100210.354594
100210.351438
100209.845264
100210.409176
100211.061554
100211.190125
100210.975588
100211.279308
100211.279935
100211.272402
100211.14574
100211.326724
100211.478506
100211.523522
100211.544761
100211.54135
100211.518201
100211.591332
)
;
    }
    procBoundary1to3
    {
        type            processor;
        value           uniform 100210.978962;
    }
}


// ************************************************************************* //
