/*--------------------------------*- C++ -*----------------------------------*\
| =========                 |                                                 |
| \\      /  F ield         | OpenFOAM: The Open Source CFD Toolbox           |
|  \\    /   O peration     | Version:  2312                                  |
|   \\  /    A nd           | Website:  www.openfoam.com                      |
|    \\/     M anipulation  |                                                 |
\*---------------------------------------------------------------------------*/
FoamFile
{
    version     2.0;
    format      ascii;
    arch        "LSB;label=32;scalar=64";
    class       volScalarField;
    location    "0.725/water";
    object      p;
}
// * * * * * * * * * * * * * * * * * * * * * * * * * * * * * * * * * * * * * //

dimensions      [1 -1 -2 0 0 0 0];

internalField   nonuniform List<scalar> 
1504
(
101091.708071
101091.680058
101091.663059
101091.649021
101091.632666
101091.610273
101091.55865
101091.805981
101092.55884
101093.757682
101095.226638
101096.810885
101098.534174
101100.232668
101101.799886
101103.162126
101104.3878
101105.793416
101107.162721
101108.598385
101090.308436
101090.282383
101090.267161
101090.254398
101090.239533
101090.242064
101090.189374
101090.277714
101090.687559
101091.362727
101092.14249
101093.037857
101094.048198
101095.135084
101096.072028
101096.75787
101097.673772
101098.871273
101100.045302
101101.176363
101088.984656
101088.959035
101088.94388
101088.932629
101088.921433
101088.946024
101088.878261
101088.868007
101089.077788
101089.442101
101089.724444
101090.003638
101090.510874
101090.990531
101091.376424
101091.583799
101091.955597
101092.853132
101093.79228
101094.643108
101087.689551
101087.668382
101087.662734
101087.666511
101087.679448
101087.71037
101087.629043
101087.60374
101087.712387
101087.751304
101087.419298
101087.226951
101087.216487
101087.269873
101087.156345
101086.709547
101086.711262
101087.266653
101087.960197
101088.545612
101086.320294
101086.30789
101086.301212
101086.309966
101086.342621
101086.322713
101086.20639
101086.128505
101086.024556
101085.440075
101084.586135
101084.054959
101083.698856
101083.280464
101082.740202
101081.943022
101081.40766
101081.690522
101082.149813
101082.522119
101084.363676
101084.527563
101084.648286
101084.695523
101084.697253
101084.524731
101084.275879
101084.01036
101083.390996
101082.103393
101080.989813
101080.252705
101079.566718
101078.84628
101077.905619
101076.536604
101075.833877
101075.884372
101076.158695
101076.399162
101081.076083
101081.687326
101082.248878
101082.353309
101082.209787
101081.87819
101081.486035
101080.88198
101079.450992
101077.803113
101076.707858
101075.721207
101074.730428
101073.670441
101072.376317
101070.77936
101069.869986
101069.786418
101069.898107
101070.011147
101077.562935
101078.775264
101080.092042
101080.148163
101079.682001
101079.054361
101078.297798
101076.815091
101074.692847
101073.146364
101071.828454
101070.565824
101069.235602
101067.844488
101066.25795
101064.414186
101063.463517
101063.110571
101062.978807
101062.95171
101074.348613
101075.860831
101077.586375
101077.41908
101076.598137
101075.585919
101074.027973
101071.547558
101069.447007
101067.739259
101066.176204
101064.506698
101062.813092
101061.155083
101059.075556
101057.122746
101056.02798
101055.344303
101054.972014
101054.795623
101071.328916
101072.177761
101073.708133
101073.284119
101072.104163
101070.395776
101067.700052
101065.128973
101063.036652
101061.222139
101059.208168
101057.211679
101055.260906
101053.034147
101050.654206
101048.558484
101047.164705
101046.062214
101045.319091
101044.946974
101068.51103
101067.862253
101069.798027
101068.821789
101066.485611
101063.280572
101060.254774
101057.738979
101055.678877
101053.305353
101051.003495
101048.685187
101046.208044
101043.688672
101040.771917
101038.427872
101036.510243
101034.764713
101033.520267
101032.89879
101065.915512
101062.100506
101063.761142
101061.77192
101057.862646
101054.51508
101051.632698
101049.356001
101046.642224
101044.050567
101041.385786
101038.526535
101035.765377
101032.425061
101029.284804
101026.49268
101023.818189
101021.407057
101019.862454
101019.056574
101063.601725
101056.785041
101055.944736
101052.484306
101048.417099
101044.944022
101042.140217
101038.937514
101035.877176
101032.73139
101029.314665
101026.09937
101022.431208
101018.960577
101015.412463
101012.059418
101008.678751
101005.897778
101004.053829
101003.205283
101058.10729
101047.94958
101044.462064
101041.383096
101037.122728
101033.037591
101028.750989
101024.741811
101020.793924
101016.722269
101012.876043
101008.503723
101004.740209
101000.808543
100997.313718
100993.743667
100990.230078
100987.364867
100985.474939
100984.442226
101028.81481
101014.50915
101011.1794
101009.836845
101007.724353
101004.242629
101000.436883
100996.773599
100992.734276
100988.976106
100984.714842
100981.446598
100978.245289
100975.492858
100972.94086
100970.434294
100968.056761
100966.09202
100964.685686
100964.004766
100928.418387
100915.092752
100919.127452
100923.260698
100927.729067
100932.132901
100936.234623
100938.950055
100940.933894
100941.575791
100942.015663
100942.050571
100942.009639
100941.988276
100941.985397
100942.039343
100942.119932
100942.248772
100942.23359
100942.146533
100842.575577
100841.392667
100846.297134
100849.16697
100851.456671
100854.624621
100860.005847
100868.056752
100877.209846
100885.497617
100892.065943
100897.251716
100901.600274
100905.386822
100908.777855
100911.859886
100914.673413
100917.283189
100919.203459
100920.055142
100830.383787
100830.3344
100830.306765
100830.283496
100830.269477
100830.444737
100831.196381
100833.118271
100837.664612
100845.250978
100853.854032
100861.838262
100868.819884
100875.006869
100880.54744
100885.542725
100890.075916
100894.233232
100897.850137
100900.012655
100828.808015
100828.781004
100828.756548
100828.726899
100828.685001
100828.62488
100828.573157
100828.548325
100828.929237
100831.20767
100836.047055
100842.382908
100848.946672
100855.114583
100860.83466
100866.128208
100871.023978
100875.542249
100879.759642
100882.968277
100827.495267
100827.474083
100827.461163
100827.450514
100827.437644
100827.42425
100827.410829
100827.39737
100827.338044
100827.77434
100829.858565
100833.614657
100838.388712
100843.344924
100848.167186
100852.790242
100857.161851
100861.274743
100865.088959
100868.417567
100826.280419
100826.260833
100826.248924
100826.237862
100826.224844
100826.208672
100826.189569
100826.167835
100826.120086
100826.137626
100827.195813
100829.455031
100832.627705
100836.19532
100839.880564
100843.559241
100847.135207
100850.543629
100853.692335
100856.560185
100825.114012
100825.096341
100825.085761
100825.076073
100825.064516
100825.051223
100825.035402
100825.016135
100824.990799
100824.976505
100825.636337
100827.12742
100829.22382
100831.675363
100834.345275
100837.112933
100839.864039
100842.547235
100845.025686
100847.111167
100824.026362
100824.009189
100823.99972
100823.993086
100823.987189
100823.982349
100823.979346
100823.980021
100823.987395
100823.979298
100824.389068
100825.415829
100826.790699
100828.401481
100830.312045
100832.330679
100834.356392
100836.341442
100838.184852
100839.563186
100822.976332
100822.960452
100822.952043
100822.946213
100822.940108
100822.933805
100822.928019
100822.922455
100822.943979
100823.016673
100823.369653
100824.103873
100824.85669
100825.796264
100827.069412
100828.447249
100829.863117
100831.249446
100832.504298
100833.222111
100821.983482
100821.966774
100821.956811
100821.949385
100821.941869
100821.93482
100821.928411
100821.92337
100821.985333
100822.122718
100822.437776
100822.850179
100822.986834
100823.354755
100824.19205
100825.060486
100825.907952
100826.76971
100827.532937
100827.751097
100821.033787
100821.018668
100821.01001
100821.003934
100820.997995
100820.992501
100820.988342
100820.985154
100821.094086
100821.199229
100821.393487
100821.352597
100820.947524
100821.082348
100821.454874
100821.843872
100822.253812
100822.620207
100822.907451
100822.647629
100820.140492
100820.12545
100820.11677
100820.112075
100820.109064
100820.109115
100820.113812
100820.124774
100820.280622
100820.294223
100820.284196
100819.666341
100818.906946
100818.670537
100818.706969
100818.672571
100818.541881
100818.503586
100818.334829
100817.668351
100819.274336
100819.259685
100819.250262
100819.242948
100819.235945
100819.229425
100819.223418
100819.216796
100819.266708
100819.233703
100818.884357
100817.591994
100816.444416
100816.130189
100815.681684
100815.153448
100814.677282
100814.085063
100813.498442
100812.412568
100818.451467
100818.44077
100818.434387
100818.431081
100818.429747
100818.431528
100818.43673
100818.513908
100818.389012
100818.087185
100816.958754
100815.02213
100813.976069
100813.06912
100812.199582
100811.231922
100810.103293
100809.151876
100807.997248
100806.535902
100817.482739
100817.089346
100817.585996
100817.596303
100817.601312
100817.599654
100817.503246
100817.33215
100817.027945
100816.248484
100814.090868
100811.944957
100810.424735
100809.255165
100807.827289
100806.231995
100804.78479
100803.006401
100801.486968
100799.667656
100815.694101
100814.510151
100815.566233
100815.633295
100815.485606
100815.286715
100815.106717
100814.815011
100814.200522
100812.471191
100809.586971
100807.19268
100805.680636
100803.86665
100801.914639
100799.971096
100797.382416
100795.450484
100793.682501
100791.466793
100813.429254
100811.428082
100812.936586
100812.882859
100812.333736
100811.818243
100811.284203
100810.574077
100809.131181
100805.968375
100802.609599
100800.663866
100798.470601
100796.233857
100793.870655
100790.5591
100788.139301
100786.349951
100784.381361
100781.589806
100808.523497
100804.566746
100806.144637
100805.888815
100805.026186
100804.319112
100803.483547
100801.999724
100799.02582
100795.286339
100792.912627
100790.48033
100788.163561
100785.650821
100781.984016
100778.865647
100777.066562
100775.528136
100773.146787
100770.005751
100794.227827
100788.306137
100790.007964
100789.662918
100788.925856
100788.496173
100787.648942
100785.612399
100782.612199
100780.462925
100778.416262
100776.610471
100774.563097
100770.84169
100766.947309
100765.053127
100764.230345
100762.557575
100760.156806
100757.374666
100769.420129
100763.329643
100764.421346
100764.377778
100764.16183
100764.342066
100764.350611
100763.458647
100762.222441
100761.027111
100759.795661
100758.079104
100753.673888
100749.442864
100748.546313
100749.313534
100748.964993
100747.799206
100746.243331
100744.453132
100735.430517
100731.773738
100733.983992
100734.720607
100734.872358
100735.325156
100736.403052
100737.32598
100737.47877
100736.528772
100734.024704
100729.17168
100726.466554
100727.946592
100730.696354
100732.458753
100733.090017
100733.183038
100732.961892
100732.475632
100718.935571
100717.748872
100719.029769
100719.354062
100718.999829
100718.117764
100717.472158
100717.584993
100717.620547
100716.538377
100714.718758
100714.641285
100716.627763
100718.449905
100719.889192
100720.94924
100721.810421
100722.635141
100723.2398
100723.569903
100719.44583
100719.388825
100719.34656
100719.306965
100719.263393
100718.919964
100717.925146
101124.728442
101125.834261
101126.745341
101127.501336
101128.131574
101128.657414
101129.094225
101129.454121
101129.747856
101129.984706
101130.172514
101130.317952
101130.426839
101130.504424
101130.556079
101130.587668
101130.597803
101110.37631
101112.119334
101113.584293
101114.792289
101115.787895
101116.61128
101117.295377
101117.865649
101118.340995
101118.735307
101119.05998
101119.325031
101119.538906
101119.708658
101119.840309
101119.939087
101120.009706
101120.056867
101120.085878
101120.096831
101102.463021
101103.776397
101104.905554
101105.853101
101106.643436
101107.300572
101107.84779
101108.304339
101108.684674
101108.999679
101109.25869
101109.469902
101109.640115
101109.775003
101109.879422
101109.957626
101110.013409
101110.050555
101110.073447
101110.083272
101095.468284
101096.310767
101097.03896
101097.661471
101098.188321
101098.6283
101098.994767
101099.300076
101099.553481
101099.762188
101099.932774
101100.071001
101100.181591
101100.268474
101100.335045
101100.384305
101100.418935
101100.441541
101100.455401
101100.46236
101088.974946
101089.367952
101089.6785
101089.948037
101090.181907
101090.376553
101090.536477
101090.667439
101090.773545
101090.858254
101090.925115
101090.977231
101091.017064
101091.046643
101091.067741
101091.081968
101091.09074
101091.095424
101091.098025
101091.100577
101082.655898
101082.650998
101082.550403
101082.457845
101082.385369
101082.320318
101082.259658
101082.203107
101082.149962
101082.100035
101082.053773
101082.011552
101081.97353
101081.93977
101081.910359
101081.885441
101081.865142
101081.849493
101081.839205
101081.83602
101076.308441
101075.932048
101075.419498
101074.955513
101074.567058
101074.233519
101073.944416
101073.693344
101073.474797
101073.284845
101073.120694
101072.979938
101072.86039
101072.760114
101072.677467
101072.61111
101072.559834
101072.522402
101072.498164
101072.488098
101069.708269
101068.963296
101068.034403
101067.190889
101066.481342
101065.87654
101065.357698
101064.911644
101064.52773
101064.197985
101063.91619
101063.677079
101063.476083
101063.309243
101063.173186
101063.065087
101062.982482
101062.922861
101062.884267
101062.86645
101062.485917
101061.410249
101060.083624
101058.871152
101057.851608
101056.986608
101056.24886
101055.618042
101055.078132
101054.616927
101054.224718
101053.893401
101053.616069
101053.3868
101053.200546
101053.053086
101052.940777
101052.860041
101052.807613
101052.781575
101054.22725
101052.892051
101051.215745
101049.673368
101048.380161
101047.287285
101046.359506
101045.569517
101044.896048
101044.322801
101043.836792
101043.427309
101043.085323
101042.80314
101042.574236
101042.393174
101042.255393
101042.156444
101042.091918
101042.057807
101044.377299
101042.957339
101041.049846
101039.26503
101037.771236
101036.511682
101035.445925
101034.541402
101033.772613
101033.119936
101032.567771
101032.10335
101031.715977
101031.396603
101031.137572
101030.932582
101030.776473
101030.664382
101030.590934
101030.54967
101032.476726
101031.239662
101029.288016
101027.384413
101025.790791
101024.449373
101023.317549
101022.36011
101021.548773
101020.861673
101020.281498
101019.794171
101019.387992
101019.053117
101018.781287
101018.565787
101018.401367
101018.283235
101018.205472
101018.15885
101018.672231
101017.634556
101015.800178
101013.891201
101012.300232
101010.97251
101009.859705
101008.92418
101008.135257
101007.469525
101006.908765
101006.43841
101006.046522
101005.723184
101005.460172
101005.250965
101005.090756
101004.975532
101004.89937
101004.850051
101002.325535
101001.569284
101000.244518
100998.581079
100997.166857
100995.995236
100995.018948
100994.203501
100993.519296
100992.943871
100992.46006
100992.054382
100991.715971
100991.43593
100991.207018
100991.023685
100990.882302
100990.780345
100990.712755
100990.664235
100983.681305
100983.343411
100982.60613
100981.470654
100980.433421
100979.582171
100978.877438
100978.293239
100977.80556
100977.396225
100977.05177
100976.761934
100976.518645
100976.315438
100976.14719
100976.010282
100975.903
100975.82512
100975.77346
100975.729817
100963.723165
100963.463616
100963.149941
100962.798125
100962.356651
100961.992855
100961.692891
100961.446873
100961.24249
100961.069844
100960.922184
100960.794809
100960.684281
100960.588027
100960.504227
100960.432105
100960.372603
100960.328374
100960.299244
100960.26465
100942.456426
100942.516858
100942.620607
100943.052355
100943.405588
100943.679839
100943.89749
100944.074977
100944.220059
100944.336094
100944.426386
100944.494176
100944.542402
100944.573689
100944.590503
100944.595668
100944.593257
100944.589155
100944.587069
100944.565104
100921.020598
100921.50222
100922.229581
100923.22793
100924.382747
100925.349737
100926.124875
100926.7513
100927.2629
100927.679619
100928.016575
100928.286013
100928.497938
100928.660635
100928.781178
100928.866185
100928.922941
100928.960336
100928.986292
100928.979147
100901.511767
100902.55375
100903.630354
100904.832137
100906.41171
100907.899829
100909.132205
100910.134166
100910.955551
100911.628738
100912.177632
100912.621363
100912.975496
100913.252892
100913.464422
100913.619881
100913.729157
100913.803447
100913.854226
100913.861999
100884.772819
100886.218904
100887.38792
100888.622228
100890.248235
100891.981723
100893.494495
100894.742619
100895.771859
100896.62045
100897.316602
100897.883034
100898.33841
100898.698289
100898.975913
100899.183116
100899.331452
100899.433316
100899.502291
100899.522872
100870.379982
100872.00486
100873.227542
100874.576402
100876.131673
100877.884797
100879.503644
100880.864896
100881.99325
100882.927404
100883.696991
100884.325931
100884.833933
100885.23754
100885.550937
100885.786825
100885.957386
100886.07522
100886.154164
100886.18377
100858.480855
100860.12105
100861.466661
100862.768412
100864.154952
100865.734807
100867.280912
100868.616682
100869.734701
100870.665407
100871.435477
100872.067336
100872.579697
100872.988409
100873.307212
100873.548519
100873.724208
100873.846159
100873.926944
100873.961154
100848.887277
100850.316432
100851.503183
100852.770508
100854.010111
100855.352717
100856.709638
100857.915203
100858.936627
100859.79282
100860.504301
100861.090209
100861.566944
100861.948485
100862.247082
100862.473961
100862.639925
100862.755612
100862.831466
100862.866195
100840.74059
100841.958751
100843.16654
100844.283149
100845.350436
100846.433041
100847.539743
100848.551306
100849.418279
100850.151958
100850.765077
100851.271827
100851.685495
100852.017504
100852.277939
100852.476212
100852.6216
100852.723228
100852.78944
100852.821313
100833.940815
100834.839414
100835.90808
100836.854486
100837.741307
100838.585941
100839.44274
100840.242145
100840.931165
100841.519166
100842.014535
100842.425335
100842.761454
100843.031715
100843.243832
100843.40509
100843.522966
100843.605199
100843.658651
100843.685206
100827.813461
100828.518411
100829.33019
100830.002665
100830.769234
100831.462398
100832.116164
100832.716379
100833.227141
100833.661147
100834.030935
100834.338968
100834.591176
100834.793874
100834.952401
100835.07174
100835.157383
100835.215778
100835.253289
100835.272131
100822.29198
100822.492177
100823.122272
100823.729084
100824.339973
100824.905418
100825.374522
100825.774607
100826.096539
100826.361404
100826.593063
100826.79068
100826.95348
100827.084079
100827.184957
100827.25832
100827.307175
100827.336568
100827.353421
100827.360926
100816.757214
100816.830505
100817.129064
100817.543059
100818.11368
100818.597128
100818.933552
100819.148602
100819.275398
100819.359956
100819.440634
100819.519848
100819.588876
100819.644146
100819.684121
100819.707602
100819.714553
100819.708513
100819.698126
100819.69081
100811.13745
100810.704387
100811.051417
100811.30904
100811.609868
100812.094227
100812.367299
100812.43709
100812.384633
100812.293497
100812.221657
100812.179508
100812.152818
100812.129973
100812.104418
100812.07138
100812.028773
100811.978174
100811.93627
100811.911504
100804.817673
100804.250141
100804.075388
100804.073754
100804.520088
100804.967427
100805.190812
100805.143743
100804.939721
100804.692464
100804.479056
100804.31716
100804.192746
100804.090413
100804.002852
100803.927345
100803.86092
100803.804557
100803.759614
100803.688557
100797.504199
100796.243517
100796.132466
100796.022329
100796.223675
100796.674321
100796.86296
100796.75278
100796.466242
100796.131978
100795.838918
100795.611562
100795.440569
100795.312519
100795.213186
100795.12575
100795.049503
100794.990211
100794.939099
100794.812563
100788.718768
100787.263123
100786.548734
100786.245916
100786.436161
100786.680132
100786.85407
100786.731642
100786.430607
100786.077749
100785.763298
100785.518985
100785.343217
100785.219419
100785.122035
100785.042589
100784.980072
100784.924746
100784.869243
100784.696011
100778.386882
100776.33163
100775.553777
100774.931069
100774.689426
100774.819335
100774.842759
100774.677535
100774.373264
100774.027762
100773.721123
100773.491119
100773.342752
100773.267678
100773.254687
100773.284331
100773.319404
100773.332438
100773.316111
100773.11255
100766.678297
100764.51832
100763.073179
100762.217004
100761.621313
100761.116102
100760.901245
100760.637305
100760.321645
100760.013453
100759.769
100759.614211
100759.558077
100759.643621
100759.863933
100760.133421
100760.380323
100760.569423
100760.640846
100760.441108
100754.448249
100752.075047
100750.487488
100749.177499
100747.998738
100747.256517
100746.592643
100746.022384
100745.54558
100745.23016
100745.110391
100745.176705
100745.425982
100745.880052
100746.362413
100746.531356
100746.629966
100747.038216
100747.325327
100747.199306
100742.417158
100740.468218
100738.981908
100737.729904
100736.464484
100735.360425
100734.515554
100733.824541
100733.217399
100732.791177
100732.673795
100732.954085
100733.634646
100734.337149
100734.45246
100733.841917
100734.074643
100734.225377
100734.47284
100734.569615
100731.666416
100730.652594
100729.690542
100728.753666
100727.992343
100727.126394
100726.372776
100725.837644
100725.500138
100725.292386
100725.319997
100725.778419
100726.233808
100725.833858
100724.587988
100725.86371
100726.412136
100726.657778
100726.733286
100726.678256
100723.626371
100723.408367
100723.045702
100722.66553
100722.364536
100722.230667
100722.010158
100721.889099
100721.899105
100721.992262
100722.431845
100722.685766
100721.780289
100720.910147
100722.357347
100722.562703
100722.7036
100722.811861
100722.83516
100722.702938
)
;

boundaryField
{
    emptyPatch
    {
        type            empty;
    }
    minY
    {
        type            calculated;
        value           nonuniform List<scalar> 0();
    }
    maxY
    {
        type            calculated;
        value           nonuniform List<scalar> 0();
    }
    water_to_cooler
    {
        type            calculated;
        value           nonuniform List<scalar> 
38
(
101130.597803
101120.096831
101110.083272
101100.46236
101091.100577
101081.83602
101072.488098
101062.86645
101052.781575
101042.057807
101030.54967
101018.15885
101004.850051
100990.664235
100975.729817
100960.26465
100944.565104
100928.979147
100913.861999
100899.522872
100886.18377
100873.961154
100862.866195
100852.821313
100843.685206
100835.272131
100827.360926
100819.69081
100811.911504
100803.688557
100794.812563
100784.696011
100773.11255
100760.441108
100747.199306
100734.569615
100726.678256
100722.702938
)
;
    }
    water_to_heater
    {
        type            calculated;
        value           nonuniform List<scalar> 
60
(
101092.25787
101090.408899
101090.397325
101089.076266
101089.186835
101087.315999
101087.34252
101085.494448
101084.933533
101083.05823
101081.180345
101077.668831
101075.844228
101073.994546
101072.378726
101070.498012
101069.0858
101067.233068
101066.028188
101063.718516
101060.144106
101057.578639
101030.590719
101027.238678
100929.369119
100925.976098
100842.693973
100830.510312
100830.07389
100828.546439
100828.381726
100826.843521
100826.776733
100825.263805
100825.232869
100824.147036
100824.248118
100822.714983
100822.865317
100821.34955
100821.543036
100820.007622
100820.26819
100819.404464
100819.736013
100818.20245
100818.393526
100816.850646
100816.23706
100814.651959
100813.583792
100808.681476
100796.317803
100793.739861
100770.983844
100768.166755
100736.277976
100733.527769
100719.104749
100719.615796
)
;
    }
    procBoundary3to1
    {
        type            processor;
        value           nonuniform List<scalar> 
41
(
100716.738067
100715.716535
100714.855703
100714.832822
100715.763399
100716.67893
100717.170434
100717.414348
100717.565436
100717.846745
100718.278696
100718.688311
100718.97675
100718.564664
100718.539077
100718.521072
100718.503777
100718.483443
100718.459974
100716.738067
100718.347392
100719.137154
100719.20498
100719.173626
100719.033574
100718.891625
100718.955025
100719.234783
100719.454527
100719.601238
100720.051782
100720.304527
100719.655941
100718.92275
100720.255634
100720.468285
100720.555217
100720.625563
100720.742014
100720.725964
100720.571215
)
;
    }
    procBoundary3to2
    {
        type            processor;
        value           nonuniform List<scalar> 
41
(
101093.199574
101093.148344
101093.111925
101093.084658
101093.053989
101093.045777
101093.179726
101093.962695
101095.484593
101097.570889
101099.986438
101102.487455
101104.940607
101107.330853
101109.443846
101111.250829
101112.798883
101114.267343
101115.732492
101117.494034
101135.823122
101136.91359
101137.811901
101138.558637
101139.18298
101139.705704
101140.141328
101140.500852
101140.794214
101141.03043
101141.21727
101141.36144
101141.468798
101141.544734
101141.594841
101141.625168
101141.63266
101119.685725
101121.711643
101123.375217
101123.375217
)
;
    }
}


// ************************************************************************* //
