/*--------------------------------*- C++ -*----------------------------------*\
| =========                 |                                                 |
| \\      /  F ield         | OpenFOAM: The Open Source CFD Toolbox           |
|  \\    /   O peration     | Version:  2312                                  |
|   \\  /    A nd           | Website:  www.openfoam.com                      |
|    \\/     M anipulation  |                                                 |
\*---------------------------------------------------------------------------*/
FoamFile
{
    version     2.0;
    format      ascii;
    arch        "LSB;label=32;scalar=64";
    class       volScalarField;
    location    "0.805/water";
    object      p;
}
// * * * * * * * * * * * * * * * * * * * * * * * * * * * * * * * * * * * * * //

dimensions      [1 -1 -2 0 0 0 0];

internalField   nonuniform List<scalar> 
1504
(
100920.232025
100922.203489
100924.330349
100924.262879
100923.593593
100922.88501
100921.839819
100920.735734
100919.927798
100919.21142
100918.551545
100917.948819
100917.304435
100916.609141
100916.285832
100916.056542
100915.886371
100915.901379
100915.819645
100915.324069
100917.238057
100918.948973
100921.557102
100921.300814
100920.184519
100918.747108
100916.982689
100915.516948
100914.278842
100913.134388
100912.110832
100911.176562
100910.193123
100909.283913
100908.623708
100907.820682
100907.206139
100907.086475
100906.962996
100906.240326
100914.582121
100915.482985
100918.113763
100917.576389
100915.781468
100913.492211
100911.341125
100909.562331
100907.874809
100906.377923
100905.055295
100903.852133
100902.638675
100901.523979
100900.218874
100898.677279
100897.808555
100897.671626
100897.483692
100896.534382
100912.154821
100910.946733
100913.101815
100912.108805
100909.427392
100906.683819
100904.382412
100902.19117
100900.324163
100898.727292
100897.240763
100895.831288
100894.289861
100892.53787
100890.253615
100888.209433
100887.304071
100887.084313
100886.79473
100885.695256
100909.969915
100905.462123
100906.239622
100904.246816
100901.096084
100898.498694
100896.03281
100893.856095
100892.026602
100890.228084
100888.588555
100886.612526
100884.16042
100881.289058
100878.265696
100876.11299
100875.109767
100874.621702
100874.230287
100873.115032
100907.947442
100899.971672
100898.576237
100895.936853
100893.119871
100890.409085
100887.611698
100885.259797
100883.144354
100881.02624
100878.422845
100875.013276
100871.249235
100867.454434
100864.109685
100861.816619
100860.433882
100859.674043
100859.160989
100858.135983
100903.608553
100893.691297
100890.531149
100888.530226
100885.613312
100882.20705
100878.804772
100875.803052
100872.681192
100868.948715
100864.430411
100859.680197
100855.068054
100850.693711
100847.033288
100844.412803
100842.691178
100841.664391
100840.944647
100840.164616
100901.63998
100887.220531
100883.205645
100879.837212
100875.084908
100869.941626
100864.975214
100859.918807
100854.516001
100848.937607
100843.594471
100838.655231
100834.002849
100829.72263
100826.183576
100823.558281
100821.787401
100820.818922
100819.920417
100819.453009
100842.788504
100822.970694
100827.390424
100830.591421
100830.529562
100828.712574
100825.615994
100821.651816
100817.59873
100813.906
100810.697741
100807.888913
100805.351282
100803.034793
100801.001768
100799.402983
100798.331435
100797.684547
100797.407878
100797.096114
100713.327484
100705.895629
100716.20606
100723.965467
100732.349093
100741.526373
100749.634643
100755.206806
100758.942042
100761.839664
100764.303363
100766.476814
100768.439552
100770.210667
100771.659574
100772.607526
100773.080126
100773.371694
100773.888999
100773.96533
100667.342526
100667.298984
100667.288208
100667.532289
100669.244909
100673.380226
100681.64206
100693.631082
100704.692644
100713.329904
100720.51772
100726.805413
100732.429047
100737.53924
100742.237296
100746.164401
100748.773407
100750.269182
100751.623888
100752.662592
100665.711033
100665.701923
100665.680075
100665.638116
100665.599906
100665.583256
100665.946645
100668.756472
100676.203137
100685.097713
100692.955512
100699.932923
100706.372076
100712.389853
100718.035788
100723.291064
100727.568456
100730.380164
100732.254374
100733.924273
100664.683915
100664.678847
100664.671152
100664.662802
100664.652094
100664.636032
100664.61838
100664.927198
100667.071253
100672.090947
100678.321658
100684.307252
100689.936568
100695.385166
100700.591536
100705.527589
100710.068087
100713.47576
100715.53796
100717.402803
100663.76293
100663.761626
100663.76164
100663.761841
100663.761087
100663.760207
100663.758608
100663.831509
100664.592807
100666.960149
100670.846885
100675.296811
100679.72917
100684.08849
100688.376129
100692.436978
100696.2647
100699.507664
100701.586293
100703.452401
100662.889298
100662.88788
100662.888797
100662.890687
100662.891788
100662.89132
100662.887616
100662.9659
100663.393166
100664.752419
100667.115501
100670.103892
100673.276939
100676.53817
100679.76801
100682.95623
100685.84468
100688.326353
100690.238872
100691.967972
100662.038477
100662.039253
100662.043815
100662.050595
100662.057787
100662.065629
100662.075256
100662.168101
100662.459361
100663.384339
100664.931073
100666.860009
100669.023068
100671.295465
100673.624054
100675.901143
100678.060019
100679.62046
100680.714159
100682.197147
100661.166344
100661.16772
100661.17347
100661.180702
100661.185956
100661.188707
100661.238442
100661.385721
100661.634537
100662.296458
100663.279407
100664.399013
100665.705577
100667.265038
100668.783494
100670.335155
100671.722953
100672.160743
100672.70657
100673.839814
100660.213739
100660.219434
100660.233659
100660.25372
100660.280441
100660.300091
100660.461189
100660.610248
100660.889903
100661.387982
100661.849988
100662.192451
100662.90361
100663.706695
100664.524832
100665.300782
100665.941896
100665.753323
100665.358554
100666.186894
100659.019918
100659.03227
100659.05723
100659.100072
100659.132759
100659.239982
100659.365634
100659.571456
100659.867597
100660.099185
100659.852432
100659.625644
100659.728911
100660.033013
100660.236039
100660.439615
100660.472058
100659.122338
100658.464336
100659.040958
100657.293005
100657.314626
100657.360289
100657.605912
100657.671119
100657.814763
100657.967932
100658.167062
100658.291428
100657.788042
100656.871604
100656.238053
100656.047464
100655.798254
100655.539221
100655.236529
100654.028457
100652.328669
100651.527173
100651.787211
100654.675669
100654.660555
100656.42585
100656.862735
100656.861377
100656.770359
100656.764322
100656.673891
100655.899178
100654.387603
100653.077504
100652.433109
100651.641539
100650.890911
100650.122668
100648.777233
100647.033117
100645.336164
100644.454297
100644.290718
100651.752897
100651.800129
100656.003581
100656.589776
100656.163371
100655.710415
100655.180011
100653.889968
100651.830708
100649.936644
100648.917472
100647.719279
100646.505166
100645.157452
100643.669815
100641.823345
100639.680814
100638.094626
100636.856801
100636.219375
100647.211015
100650.686006
100655.971287
100656.348802
100655.207188
100653.712987
100651.511775
100648.938803
100646.705723
100645.303772
100643.721776
100642.194317
100640.467396
100638.581787
100636.460683
100633.759451
100631.911033
100630.098822
100628.43997
100627.312746
100643.156391
100649.11425
100655.505594
100655.260306
100652.345674
100648.667556
100645.561705
100643.151818
100641.461391
100639.455716
100637.555114
100635.497609
100633.30159
100631.017645
100627.772812
100625.4051
100623.398134
100621.216379
100619.107917
100617.448301
100639.916449
100644.955345
100651.412104
100649.785474
100644.698416
100641.088092
100638.591144
100636.759185
100634.452531
100632.32303
100629.955541
100627.42773
100624.92462
100621.521758
100618.650351
100616.348248
100613.973411
100611.333814
100608.654801
100606.402493
100637.276205
100636.976783
100643.682622
100640.040856
100635.527619
100632.814353
100630.967059
100628.341265
100626.000963
100623.376793
100620.557765
100617.757343
100614.57782
100611.570174
100608.306133
100605.725572
100602.986074
100599.880893
100596.692666
100593.929048
100635.035361
100628.0375
100631.709925
100628.861881
100625.816084
100624.023751
100621.175413
100618.68667
100615.787115
100612.548302
100609.572423
100606.119004
100602.939327
100598.662446
100595.659297
100592.821513
100589.703588
100586.345029
100582.952691
100579.866343
100633.065002
100623.970431
100623.129834
100620.321391
100617.779541
100614.110601
100610.783986
100607.221605
100603.249474
100599.579207
100595.185863
100591.536886
100586.463823
100582.76419
100579.683702
100576.535975
100573.329532
100570.15073
100566.998708
100564.059472
100620.605287
100608.65192
100608.169446
100605.991428
100601.811531
100597.451851
100593.278078
100588.160135
100583.74334
100578.1798
100573.821196
100568.574883
100564.64122
100561.573774
100558.704072
100555.969902
100553.374233
100550.912561
100548.616839
100546.381246
100540.82341
100526.686953
100530.801577
100534.252651
100535.519062
100536.93435
100537.690867
100539.103314
100538.734108
100538.106775
100536.569862
100535.322105
100534.28783
100533.252674
100532.218944
100531.224691
100530.247819
100529.260464
100528.25132
100527.251214
100452.153003
100445.731178
100449.346352
100453.110954
100456.899902
100461.312823
100467.615581
100475.099426
100482.71548
100488.934911
100493.669634
100497.277717
100500.071808
100502.273305
100504.031062
100505.423704
100506.473325
100507.222392
100507.725025
100507.96778
100446.640858
100446.577786
100446.546564
100446.52494
100446.5125
100446.579569
100447.156121
100448.96908
100452.621607
100458.169128
100464.166298
100469.441991
100473.854488
100477.627653
100480.902184
100483.695427
100485.984472
100487.817751
100489.245031
100490.328917
100445.700866
100445.695912
100445.694116
100445.685396
100445.67087
100445.651102
100445.633784
100445.694653
100446.196295
100447.917581
100451.077364
100454.995322
100458.784831
100462.192188
100465.321065
100468.13319
100470.594246
100472.642034
100474.337956
100475.634076
100444.966668
100444.960942
100444.955444
100444.947438
100444.936397
100444.922451
100444.905053
100444.883915
100444.859293
100445.248951
100446.477096
100448.516826
100450.932039
100453.326411
100455.6043
100457.799719
100459.80167
100461.575382
100463.030703
100464.214687
100444.281721
100444.277378
100444.272844
100444.266401
100444.258032
100444.247979
100444.236406
100444.222791
100444.16892
100444.25249
100444.805715
100445.832358
100447.107079
100448.447384
100449.92541
100451.338828
100452.696978
100453.913964
100454.975892
100455.758351
100443.662431
100443.657814
100443.653514
100443.647465
100443.639613
100443.630171
100443.618781
100443.604139
100443.584428
100443.624733
100443.942396
100444.49774
100445.01921
100445.661934
100446.447174
100447.30991
100448.092897
100448.809227
100449.412178
100449.926745
100443.106214
100443.102126
100443.098884
100443.093989
100443.087187
100443.078758
100443.068366
100443.054667
100443.081137
100443.164626
100443.409845
100443.725368
100443.7993
100443.866189
100444.315565
100444.693217
100445.062071
100445.360646
100445.58965
100445.733373
100442.609787
100442.606595
100442.604431
100442.601176
100442.596081
100442.589303
100442.580436
100922.117775
100921.718879
100921.369043
100921.064351
100920.800911
100920.573753
100920.376765
100920.205161
100920.056171
100919.928027
100919.819104
100919.727995
100919.653467
100919.594527
100919.550358
100919.521085
100919.506817
100914.478031
100913.551101
100912.739183
100912.037625
100911.430028
100910.904636
100910.452607
100910.065508
100909.733935
100909.448695
100909.202849
100908.99191
100908.812417
100908.661446
100908.536422
100908.43521
100908.356012
100908.297305
100908.258411
100908.238557
100905.006837
100903.681945
100902.538751
100901.563549
100900.729685
100900.017563
100899.411505
100898.896734
100898.458503
100898.083928
100897.763532
100897.490658
100897.260019
100897.067214
100896.90847
100896.780656
100896.681198
100896.607858
100896.55918
100896.533122
100894.908744
100893.173427
100891.693431
100890.44561
100889.390569
100888.499721
100887.74907
100887.116266
100886.580645
100886.125399
100885.738254
100885.410249
100885.134252
100884.904411
100884.715783
100884.564304
100884.446688
100884.360139
100884.302484
100884.27012
100883.748387
100881.646273
100879.87098
100878.39217
100877.154906
100876.121614
100875.259368
100874.537814
100873.930504
100873.41695
100872.982239
100872.615334
100872.307517
100872.051731
100871.842088
100871.673805
100871.543103
100871.446859
100871.382392
100871.344301
100871.021772
100868.67884
100866.714406
100865.100427
100863.764393
100862.661212
100861.749974
100860.993235
100860.359943
100859.826912
100859.37737
100858.998932
100858.681935
100858.418659
100858.202746
100858.029093
100857.893798
100857.793817
100857.726306
100857.683957
100856.198419
100853.859792
100851.895079
100850.307101
100849.007882
100847.948173
100847.082707
100846.369972
100845.776968
100845.279848
100844.861597
100844.509822
100844.215011
100843.969688
100843.767774
100843.604485
100843.47633
100843.380873
100843.315632
100843.271468
100838.788911
100836.881557
100835.204559
100833.871018
100832.793554
100831.926485
100831.228003
100830.658396
100830.187183
100829.793115
100829.461428
100829.181678
100828.946047
100828.748534
100828.584347
100828.449823
100828.342542
100828.261297
100828.204631
100828.161898
100818.737792
100817.757719
100816.712523
100815.891259
100815.239336
100814.725423
100814.321568
100813.997664
100813.731334
100813.507929
100813.317912
100813.155043
100813.014933
100812.894423
100812.791099
100812.703286
100812.630306
100812.57275
100812.5309
100812.493193
100796.818673
100796.949723
100796.861091
100796.778838
100796.725539
100796.697918
100796.692014
100796.695266
100796.698787
100796.698256
100796.692049
100796.680106
100796.662953
100796.641427
100796.616382
100796.588837
100796.560349
100796.533698
100796.511484
100796.482046
100774.434675
100775.400289
100776.444755
100777.238408
100777.874535
100778.397289
100778.835715
100779.201041
100779.501428
100779.74505
100779.939616
100780.092207
100780.208963
100780.295227
100780.355533
100780.393878
100780.414245
100780.421646
100780.421265
100780.402282
100753.696441
100754.907061
100756.68095
100758.227337
100759.476841
100760.495904
100761.337986
100762.034259
100762.607328
100763.076105
100763.456426
100763.761682
100764.003023
100764.189869
100764.330087
100764.430408
100764.496973
100764.536689
100764.557148
100764.549263
100735.224434
100736.543957
100738.50648
100740.511798
100742.19328
100743.573219
100744.714063
100745.658922
100746.439317
100747.081007
100747.605178
100748.029502
100748.36863
100748.634893
100748.838616
100748.988543
100749.092383
100749.158319
100749.195761
100749.198031
100718.859782
100720.421344
100722.350032
100724.514375
100726.422071
100728.003224
100729.313481
100730.401697
100731.303613
100732.048178
100732.659092
100733.156099
100733.55561
100733.871484
100734.115364
100734.297105
100734.425216
100734.508392
100734.557036
100734.567244
100705.085528
100706.644955
100708.402221
100710.450784
100712.362907
100713.975507
100715.318712
100716.438731
100717.37047
100718.142408
100718.777986
100719.296858
100719.715471
100720.047811
100720.305704
100720.499163
100720.636699
100720.726819
100720.780012
100720.795125
100693.393624
100694.912987
100696.462687
100698.247172
100699.989916
100701.48783
100702.743394
100703.794537
100704.671933
100705.401007
100706.002866
100706.495374
100706.893609
100707.210512
100707.457087
100707.642661
100707.775045
100707.861892
100707.913036
100707.929691
100683.623258
100684.953712
100686.24673
100687.682304
100689.129637
100690.395975
100691.465976
100692.365914
100693.119453
100693.747093
100694.26612
100694.691374
100695.035512
100695.30953
100695.522856
100695.683471
100695.7979
100695.872481
100695.915781
100695.930696
100675.015845
100676.227675
100677.305647
100678.38651
100679.475396
100680.436336
100681.254093
100681.945324
100682.525454
100683.009208
100683.409333
100683.736968
100684.001736
100684.212142
100684.375552
100684.498226
100684.585101
100684.640761
100684.672
100684.682353
100667.313207
100668.343345
100669.200991
100669.940221
100670.653015
100671.274601
100671.804545
100672.255341
100672.634021
100672.949324
100673.209274
100673.421089
100673.591104
100673.725078
100673.828094
100673.904537
100673.957648
100673.990122
100674.006568
100674.010054
100659.896287
100660.752006
100661.415575
100661.866833
100662.238393
100662.533288
100662.77493
100662.980954
100663.152357
100663.292795
100663.406176
100663.49612
100663.565851
100663.618463
100663.656787
100663.683353
100663.699799
100663.706887
100663.707001
100663.701859
100652.405291
100653.035322
100653.523623
100653.754149
100653.846267
100653.858541
100653.836805
100653.814234
100653.78969
100653.763113
100653.735343
100653.707115
100653.679002
100653.651766
100653.626226
100653.603259
100653.583065
100653.564705
100653.548285
100653.53323
100644.546332
100644.907239
100645.230963
100645.300937
100645.177776
100644.954475
100644.706388
100644.482384
100644.283038
100644.105726
100643.949377
100643.812692
100643.694184
100643.592729
100643.507522
100643.438125
100643.383758
100643.34211
100643.310761
100643.285068
100636.049753
100636.124091
100636.276116
100636.236395
100635.970879
100635.572886
100635.141477
100634.74815
100634.400279
100634.093268
100633.825026
100633.59308
100633.394471
100633.226681
100633.087735
100632.976416
100632.891652
100632.831139
100632.790335
100632.755499
100626.701051
100626.475627
100626.422426
100626.334256
100626.01623
100625.508742
100624.937878
100624.407393
100623.93968
100623.528043
100623.16886
100622.858845
100622.593873
100622.370185
100622.184823
100622.035888
100621.922309
100621.843697
100621.800108
100621.761409
100616.365703
100615.763697
100615.523641
100615.426973
100615.113038
100614.55407
100613.88953
100613.259713
100612.708678
100612.227233
100611.808649
100611.44866
100611.142082
100610.883891
100610.669767
100610.496811
100610.36314
100610.267307
100610.211966
100610.168321
100604.807248
100603.858076
100603.418876
100603.222906
100602.928955
100602.403324
100601.732307
100601.071834
100600.493198
100599.992054
100599.557854
100599.185126
100598.868293
100598.601564
100598.380121
100598.199503
100598.05516
100597.945814
100597.873989
100597.821524
100591.847371
100590.473723
100589.704773
100589.396834
100589.194346
100588.794234
100588.239493
100587.655791
100587.132906
100586.682871
100586.292803
100585.956771
100585.670224
100585.428534
100585.223833
100585.049266
100584.903265
100584.788341
100584.709132
100584.655398
100577.349705
100575.56152
100574.627455
100574.211925
100574.017348
100573.771672
100573.414315
100573.005689
100572.623696
100572.294809
100572.009987
100571.762215
100571.549232
100571.361595
100571.192524
100571.042368
100570.912955
100570.80727
100570.733141
100570.685815
100561.479174
100559.53403
100558.614314
100558.110444
100557.899869
100557.784673
100557.582615
100557.348315
100557.133279
100556.960499
100556.818415
100556.694332
100556.57492
100556.455855
100556.341453
100556.234695
100556.137533
100556.055279
100555.997647
100555.96009
100544.282319
100542.648823
100541.717708
100541.370864
100541.101912
100541.060645
100541.017042
100540.92466
100540.855719
100540.836361
100540.845898
100540.850738
100540.83532
100540.802966
100540.758005
100540.706891
100540.656366
100540.612238
100540.58185
100540.550088
100526.227823
100525.149586
100524.363424
100524.040776
100523.924083
100523.990072
100524.049697
100524.037267
100524.050636
100524.139349
100524.277212
100524.416201
100524.528316
100524.602887
100524.645231
100524.669303
100524.686888
100524.70122
100524.712293
100524.683982
100507.964721
100507.66917
100507.179147
100507.023052
100506.968714
100506.877088
100506.913927
100506.933237
100506.986411
100507.141187
100507.398266
100507.706902
100508.004188
100508.254721
100508.450292
100508.602301
100508.72825
100508.833586
100508.910595
100508.905113
100490.915539
100491.236499
100491.145403
100490.856733
100490.583054
100490.39292
100490.196499
100490.09093
100490.10954
100490.282768
100490.643324
100491.167792
100491.786397
100492.408713
100492.955458
100493.386416
100493.698081
100493.912882
100494.051616
100494.094579
100476.520934
100476.895054
100476.781739
100476.429446
100476.016917
100475.419011
100474.868312
100474.493595
100474.390313
100474.536237
100474.918728
100475.540498
100476.377835
100477.301816
100478.131921
100478.839403
100479.38144
100479.752159
100479.969735
100480.019941
100464.983458
100465.071588
100464.896399
100464.521643
100463.900957
100463.007616
100462.17828
100461.705316
100461.505335
100461.493224
100461.585736
100461.714794
100461.847877
100461.7552
100461.216332
100460.386207
100460.320096
100461.327557
100462.472989
100462.88572
100456.312846
100456.40583
100456.108853
100455.634415
100454.79208
100453.745281
100453.168758
100452.952053
100452.787709
100452.637763
100452.377279
100451.73092
100450.127806
100448.072218
100447.311083
100447.002509
100446.759008
100446.374829
100446.846321
100447.702548
100450.199203
100450.28674
100450.051401
100449.407767
100448.288232
100447.259895
100446.951106
100446.914495
100446.841934
100446.806011
100446.263708
100444.300955
100441.663296
100442.021748
100442.524312
100442.553088
100442.348403
100442.003996
100441.588896
100441.926499
100445.827481
100445.726703
100445.483111
100444.793887
100443.2937
100441.947758
100441.775105
100441.914815
100441.91397
100441.504636
100439.808441
100437.599208
100438.552069
100438.913577
100439.036835
100438.979714
100438.788092
100438.461382
100437.968722
100437.96166
)
;

boundaryField
{
    emptyPatch
    {
        type            empty;
    }
    minY
    {
        type            calculated;
        value           nonuniform List<scalar> 0();
    }
    maxY
    {
        type            calculated;
        value           nonuniform List<scalar> 0();
    }
    maxX
    {
        type            calculated;
        value           nonuniform List<scalar> 
38
(
100919.506817
100908.238557
100896.533122
100884.27012
100871.344301
100857.683957
100843.271468
100828.161898
100812.493193
100796.482046
100780.402282
100764.549263
100749.198031
100734.567244
100720.795125
100707.929691
100695.930696
100684.682353
100674.010054
100663.701859
100653.53323
100643.285068
100632.755499
100621.761409
100610.168321
100597.821524
100584.655398
100570.685815
100555.96009
100540.550088
100524.683982
100508.905113
100494.094579
100480.019941
100462.88572
100447.702548
100441.926499
100437.96166
)
;
    }
    water_to_heater
    {
        type            calculated;
        value           nonuniform List<scalar> 
60
(
100920.775538
100918.962004
100917.329089
100914.675246
100913.624128
100911.790152
100910.96945
100909.161722
100908.505249
100906.666768
100903.708417
100901.725124
100845.631643
100841.950069
100714.915292
100711.932822
100667.834346
100666.253938
100665.784038
100664.746287
100664.489703
100663.59995
100663.387967
100662.509514
100662.321559
100661.4318
100661.230741
100660.284065
100659.764035
100658.875804
100657.837975
100656.913968
100655.022071
100653.993288
100651.84549
100647.304828
100644.150426
100642.946684
100640.505018
100639.495372
100637.60599
100636.599617
100635.120096
100633.181014
100622.696253
100620.075932
100542.408026
100539.506385
100452.921647
100450.43241
100446.775426
100445.800879
100445.815982
100444.800357
100444.874476
100443.859588
100444.01163
100442.964044
100443.19438
100442.698203
)
;
    }
    procBoundary3to1
    {
        type            processor;
        value           nonuniform List<scalar> 
41
(
100442.568067
100442.653274
100442.821433
100443.085682
100443.274045
100443.03037
100442.820845
100442.820628
100442.957255
100442.939766
100442.880741
100442.77724
100442.60735
100442.152146
100442.15052
100442.150724
100442.150399
100442.148163
100442.144366
100442.568067
100442.13846
100442.350901
100442.106733
100441.660913
100441.046164
100439.385383
100437.500127
100437.302042
100437.464349
100437.060851
100435.394613
100434.007466
100434.915294
100435.303022
100435.400907
100435.393398
100435.302787
100435.105374
100434.784285
100434.288909
100434.194431
)
;
    }
    procBoundary3to2
    {
        type            processor;
        value           nonuniform List<scalar> 
41
(
100923.416066
100925.200325
100926.890281
100927.199336
100927.044849
100926.943585
100926.718174
100926.16477
100925.783881
100925.504505
100925.209652
100924.907036
100924.552285
100923.990991
100923.88591
100924.045875
100924.221205
100924.4751
100924.493959
100924.198875
100931.990861
100931.774166
100931.580419
100931.408508
100931.257853
100931.126619
100931.011459
100930.909108
100930.81821
100930.738299
100930.668973
100930.60978
100930.56035
100930.520392
100930.489803
100930.469448
100930.459996
100923.676433
100923.091511
100922.572197
100922.572197
)
;
    }
}


// ************************************************************************* //
