/*--------------------------------*- C++ -*----------------------------------*\
| =========                 |                                                 |
| \\      /  F ield         | OpenFOAM: The Open Source CFD Toolbox           |
|  \\    /   O peration     | Version:  2312                                  |
|   \\  /    A nd           | Website:  www.openfoam.com                      |
|    \\/     M anipulation  |                                                 |
\*---------------------------------------------------------------------------*/
FoamFile
{
    version     2.0;
    format      ascii;
    arch        "LSB;label=32;scalar=64";
    class       volScalarField;
    location    "0.535/water";
    object      rhom;
}
// * * * * * * * * * * * * * * * * * * * * * * * * * * * * * * * * * * * * * //

dimensions      [1 -3 0 0 0 0 0];

internalField   nonuniform List<scalar> 
1503
(
915.020153401
948.491897288
985.306562385
996.295955461
999.304579495
999.893599047
999.986648538
999.998977465
999.999976477
999.999999776
999.999999999
1000
1000
1000
1000
1000
1000
1000
1000
1000
694.381696835
871.430882786
946.609259352
981.822991072
994.275746609
998.478388152
999.655072565
999.937651542
999.993421364
999.999839691
999.999999417
999.999999999
1000
1000
1000
1000
1000
1000
1000
1000
693.688039014
829.844468109
916.424759517
964.444730868
986.351543925
995.447026324
998.715626537
999.705293872
999.954406326
999.997403488
999.999986093
999.999999982
1000
1000
1000
1000
1000
1000
1000
1000
693.688431436
790.675431931
878.438639213
938.193919922
972.266307521
989.31008447
996.556031047
999.097881414
999.827741955
999.983346104
999.999740812
999.999999736
1000
1000
1000
1000
1000
1000
1000
1000
701.33997607
766.741336627
838.633309205
901.751711287
947.858274889
976.68032234
991.514183342
997.56445972
999.480253905
999.934111679
999.997519613
999.999996087
999.999999998
1000
1000
1000
1000
1000
1000
1000
715.128943508
757.390284354
807.392989238
862.289309941
913.481858386
953.986439666
980.250312406
993.524243698
998.473232072
999.774830463
999.986164695
999.999910495
999.999999952
1000
1000
1000
1000
1000
1000
1000
724.743159351
755.311053028
788.356717091
829.614518392
876.665213005
922.609886121
959.817290616
983.91126414
995.472380446
999.214135134
999.935254138
999.99873713
999.999999135
1000
1000
1000
1000
1000
1000
1000
722.483252105
753.502716781
779.438630218
809.189239302
847.206515275
890.285927805
932.09806154
966.116097652
987.794764175
997.290848296
999.70431508
999.989310324
999.999967529
999.999999989
1000
1000
1000
1000
1000
1000
722.544770345
754.132259477
774.182208875
797.357491403
827.284910651
863.600127224
903.133923109
941.42973748
972.887851204
991.910352069
998.76930387
999.930358247
999.999211535
999.999999712
1000
1000
1000
1000
1000
1000
722.531534835
757.245626194
774.03267228
792.03320398
815.015882532
844.083106861
878.011374455
915.152257783
951.799209672
980.928853741
995.879604941
999.644295565
999.991928972
999.99998636
999.999999997
1000
1000
1000
1000
1000
722.559154895
764.298577628
777.399976195
791.07567675
807.54428728
829.954610036
858.715984014
892.904418304
929.8191256
965.028992491
989.544822156
998.655637743
999.949920547
999.999728644
999.999999911
1000
1000
1000
1000
1000
723.323747501
774.519776793
784.074317466
791.471940991
801.792557718
819.237183738
844.911407211
876.571141488
911.262083717
947.478111554
979.421352964
996.221628764
999.780532341
999.997403821
999.999998542
1000
1000
1000
1000
1000
727.608155354
780.460567646
787.10937677
790.110613992
795.979007509
810.772220737
835.079449067
864.407623252
895.704417828
929.799106083
965.919044508
991.385305037
999.22344671
999.982446863
999.999966998
999.999999999
1000
1000
1000
1000
734.543142839
777.544694633
781.380484236
782.39212982
787.499898353
802.907565469
826.433301327
852.775167393
879.856219104
910.413664164
947.815342403
982.157299129
997.478311795
999.891862596
999.999104798
999.999999998
1000
1000
1000
1000
731.072152641
760.336580358
763.157033931
766.359335001
775.876658252
793.856095315
816.0334741
838.767877099
861.774704822
888.022145716
923.064778412
964.450808576
991.996206845
999.354144411
999.986441889
999.999991416
1000
1000
1000
1000
703.711207748
732.177825819
739.761107266
747.529341581
762.292765365
783.009335536
804.420629927
824.421014939
843.924238741
865.376686922
894.011185736
935.312827927
977.192120334
996.703591609
999.857883111
999.998902628
999.999999974
1000
1000
1000
693.301063719
718.24177436
725.460074016
733.996515019
750.773562772
774.017061004
797.470066406
818.155923898
835.122459997
850.378859427
869.018589554
900.93280556
949.030526611
987.609324454
999.003533722
999.981041544
999.999984468
999.999999999
1000
1000
691.245959733
716.54058397
722.139259448
730.199614224
747.056241601
771.557767052
796.775833522
818.477965727
835.537796488
845.707046544
853.546092359
872.323773378
914.959402079
968.373053809
995.607642423
999.839172294
999.998976715
999.999999973
1000
1000
693.225171024
717.495165582
720.239296176
729.161576489
747.085169728
772.232090645
798.298879735
821.656368628
839.809239181
847.434443234
847.550149026
854.864710684
887.452476013
944.097655026
987.792683268
999.21859792
999.989499502
999.999992051
999.999999999
1000
691.036499297
720.984700114
720.341939112
729.494855769
749.22219136
776.296942121
804.501855823
830.622514283
848.735166154
850.838493939
848.021908966
848.51987676
871.957579652
924.628313544
977.297566481
997.753395734
999.950916819
999.999857869
999.999999948
1000
693.225006346
726.348515648
723.560136408
733.519221264
756.118255041
786.318036681
817.631774109
844.949121341
850.916030995
851.075766509
850.816595979
848.714079298
865.209021903
912.903272217
968.226061317
995.746433221
999.867198762
999.999322516
999.999999472
1000
691.219110383
732.887896031
731.467954203
743.31571444
768.782383865
802.174674028
835.10960936
850.915960027
851.156205941
850.916032179
851.176934749
850.207705934
861.33192793
905.349798328
961.499954151
993.668036337
999.743522009
999.998195773
999.999997894
999.999999999
693.300135509
738.800435923
743.649754411
759.118985254
786.029562931
819.730969677
848.984386071
851.094633721
850.915979568
851.492604135
850.916017832
849.251881306
855.413721386
897.06398487
954.436069959
991.136810591
999.550140015
999.995984802
999.999994194
999.999999996
692.398138832
744.49148096
755.091005328
775.362184752
802.869765112
833.08170051
850.98019575
850.91590609
851.539698631
850.915974987
851.539994468
834.631095556
841.458596177
883.073054249
942.370830999
986.422197876
999.099421876
999.989397794
999.999983197
999.99999999
693.300528135
750.763181523
764.178516405
786.135739128
812.299071123
838.369384864
850.915788983
851.412652229
850.915918339
851.587743179
838.406557917
819.827600426
820.905445927
857.645881382
918.53188584
975.685638305
997.748255462
999.961151929
999.999916147
999.999999961
693.741672334
759.437767844
771.303544971
789.768898938
813.348031993
838.163530515
851.135264155
850.915842964
851.587685982
841.082045765
819.827553264
819.503783204
819.827564042
827.643756569
881.080421157
953.839691273
993.750695184
999.822239547
999.999239153
999.99999987
703.469889081
769.513804203
774.872504465
788.708763575
810.191372359
832.890438117
847.052251755
846.703486278
837.382424038
820.515833911
819.527550883
819.827520487
819.532115436
819.827523279
847.251776979
920.447269246
983.776889015
999.198620627
999.992899853
999.999998171
718.637119107
770.764307844
771.811661715
779.251708925
796.733793079
816.934495309
827.360046215
824.575997307
819.811816197
820.571406653
822.463366783
819.717706832
819.827480206
819.655603777
827.926298497
886.58697835
965.307763092
996.980923651
999.946767092
999.999911025
729.394199733
758.994073113
750.086032826
751.824073437
770.594528084
793.53900022
804.932456704
809.735020756
818.361181114
827.592341991
834.546982022
830.1648096
821.461918289
819.827438391
824.204700034
863.53362252
940.381390734
991.143121084
999.701147349
999.998377684
721.552522685
719.825854388
705.182461029
709.798978271
738.559102755
769.814703225
789.913078518
804.95726993
821.799099039
839.35111154
849.354479016
845.079599786
831.953663772
823.094013953
825.814479469
850.115563104
914.500241613
979.833072297
998.791549814
999.986559848
678.321215544
672.383060101
666.570303709
672.694982387
706.188043139
744.873961778
776.15970288
800.445371116
824.38685546
847.496552151
857.438254579
854.974447099
845.454834243
834.209261844
830.856269954
843.140076405
890.918506969
962.557755501
996.269685518
999.926290286
663.908021882
663.518357258
664.175097343
663.832697777
681.239142133
718.426163807
758.791550769
792.305044915
823.081999018
850.231954548
860.234266619
859.368738133
854.64396653
846.265193705
837.917993647
838.853695658
869.421690458
940.178467518
990.724889584
999.684887205
661.243500603
664.006924941
663.284163771
664.187477025
669.254588855
698.676767426
741.704537516
782.291221851
819.777344022
850.654375873
860.873207367
860.875640967
859.244457792
854.300849846
844.032144426
834.0065184
851.223068473
915.173161718
980.802055288
998.923954872
663.821970279
663.312626899
664.058901862
663.51933266
664.954041117
689.565180816
731.778582437
775.801709428
817.680098307
851.176792282
861.047730023
861.171607496
860.793649858
858.851184835
848.093519614
829.391235045
836.654733089
891.150332202
966.570234266
997.072368013
660.979432754
663.964226802
663.242646534
664.07307819
664.068471402
687.859684621
729.681848139
774.845207564
818.385145717
852.820896437
861.244810129
861.337867547
861.086279006
860.682985955
850.870309197
825.966538386
826.343767327
872.174929702
950.847695483
993.708748822
663.714457121
663.605229752
663.92691898
663.695999663
665.177763928
690.443908812
732.387725839
778.25774592
823.508221934
856.214059954
861.348534734
861.333541903
861.436369926
860.97958396
852.580754784
823.592714929
820.59730868
861.281170953
937.555751283
989.136150482
660.877214853
663.824322489
663.642307777
663.941959775
671.547486408
701.65193524
743.975937562
790.107407696
834.533134934
860.016211448
861.333505747
861.583090451
861.333540376
861.411303024
852.580699862
821.281848866
818.671350647
856.269230574
927.903464499
984.085030898
663.714807475
666.657737511
664.604313884
667.876835738
687.14935463
722.55809719
765.145171445
810.14469013
849.228797242
861.333462462
861.537524405
861.449923451
861.639307619
861.333527779
850.721656383
818.446807132
818.069885357
853.057672469
919.947599422
978.778265747
1000
1000
1000
1000
1000
1000
1000
1000
1000
1000
1000
1000
1000
1000
1000
1000
1000
1000
1000
1000
1000
1000
1000
1000
1000
1000
1000
1000
1000
1000
1000
1000
1000
1000
1000
1000
1000
1000
1000
1000
1000
1000
1000
1000
1000
1000
1000
1000
1000
1000
1000
1000
1000
1000
1000
1000
1000
1000
1000
1000
1000
1000
1000
1000
1000
1000
1000
1000
1000
1000
1000
1000
1000
1000
1000
1000
1000
1000
1000
1000
1000
1000
1000
1000
1000
1000
1000
1000
1000
1000
1000
1000
1000
1000
1000
1000
1000
1000
1000
1000
1000
1000
1000
1000
1000
1000
1000
1000
1000
1000
1000
1000
1000
1000
1000
1000
1000
1000
1000
1000
1000
1000
1000
1000
1000
1000
1000
1000
1000
1000
1000
1000
1000
1000
1000
1000
1000
1000
1000
1000
1000
1000
1000
1000
1000
1000
1000
1000
1000
1000
1000
1000
1000
1000
1000
1000
1000
1000
1000
1000
1000
1000
1000
1000
1000
1000
1000
1000
1000
1000
1000
1000
1000
1000
1000
1000
1000
1000
1000
1000
1000
1000
1000
1000
1000
1000
1000
1000
1000
1000
1000
1000
1000
1000
1000
1000
1000
1000
1000
1000
1000
1000
1000
1000
1000
1000
1000
1000
1000
1000
1000
1000
1000
1000
1000
1000
1000
1000
1000
1000
1000
1000
1000
1000
1000
1000
1000
1000
1000
1000
1000
1000
1000
1000
1000
1000
1000
1000
1000
1000
1000
1000
1000
1000
1000
1000
1000
1000
1000
1000
1000
1000
1000
1000
1000
1000
1000
1000
1000
1000
1000
1000
1000
1000
1000
1000
1000
1000
1000
1000
1000
1000
1000
1000
1000
1000
1000
1000
1000
1000
1000
1000
1000
1000
1000
1000
1000
1000
1000
1000
1000
1000
1000
1000
1000
1000
1000
1000
1000
1000
1000
1000
1000
1000
1000
1000
1000
1000
1000
1000
1000
1000
1000
1000
1000
1000
1000
1000
1000
1000
1000
1000
1000
1000
1000
1000
1000
1000
1000
1000
1000
1000
1000
1000
1000
1000
1000
1000
1000
1000
1000
1000
1000
1000
1000
1000
1000
1000
1000
1000
1000
1000
1000
1000
1000
1000
1000
1000
1000
1000
1000
1000
1000
1000
1000
1000
1000
1000
1000
1000
1000
1000
1000
1000
1000
1000
1000
1000
1000
1000
1000
1000
1000
1000
1000
1000
1000
1000
1000
1000
1000
1000
1000
1000
1000
1000
1000
1000
1000
1000
1000
1000
1000
1000
1000
1000
1000
1000
1000
1000
1000
1000
1000
1000
1000
1000
1000
1000
1000
1000
1000
1000
1000
1000
1000
1000
1000
1000
1000
1000
1000
1000
1000
1000
1000
1000
1000
1000
1000
1000
1000
1000
1000
1000
1000
1000
1000
1000
1000
1000
1000
1000
1000
1000
1000
1000
1000
1000
1000
1000
1000
1000
1000
1000
1000
1000
1000
1000
1000
1000
1000
1000
1000
1000
1000
1000
1000
1000
1000
1000
1000
1000
1000
1000
1000
1000
1000
1000
1000
1000
1000
1000
1000
1000
1000
1000
1000
1000
1000
1000
1000
1000
1000
1000
1000
1000
1000
1000
1000
1000
1000
1000
1000
1000
1000
1000
1000
1000
1000
1000
1000
1000
1000
1000
1000
1000
1000
1000
1000
1000
1000
1000
1000
1000
1000
1000
1000
1000
1000
1000
1000
1000
1000
1000
1000
1000
1000
1000
1000
1000
1000
1000
1000
1000
1000
1000
1000
1000
1000
1000
999.999999998
1000
1000
1000
1000
1000
1000
1000
1000
1000
1000
1000
1000
1000
1000
1000
1000
1000
1000
1000
999.999999538
1000
1000
1000
1000
1000
1000
1000
1000
1000
1000
1000
1000
1000
1000
1000
1000
1000
1000
1000
999.999944609
1000
1000
1000
1000
1000
1000
1000
1000
1000
1000
1000
1000
1000
1000
1000
1000
1000
1000
1000
999.998981799
1000
1000
1000
1000
1000
1000
1000
1000
1000
1000
1000
1000
1000
1000
1000
1000
1000
1000
1000
999.991959458
1000
1000
1000
1000
1000
1000
1000
1000
1000
1000
1000
1000
1000
1000
1000
1000
1000
1000
1000
999.958995669
1000
1000
1000
1000
1000
1000
1000
1000
1000
1000
1000
1000
1000
1000
1000
1000
1000
1000
1000
999.850731137
999.999997841
1000
1000
1000
1000
1000
1000
1000
1000
1000
1000
1000
1000
1000
1000
1000
1000
1000
1000
999.596920373
999.999563089
1000
1000
1000
1000
1000
1000
1000
1000
1000
1000
1000
1000
1000
1000
1000
1000
1000
1000
999.15162844
999.997358277
1000
1000
1000
1000
1000
1000
1000
1000
1000
1000
1000
1000
1000
1000
1000
1000
1000
1000
998.504402847
999.991586035
1000
)
;

boundaryField
{
    emptyPatch
    {
        type            empty;
    }
    minY
    {
        type            calculated;
        value           uniform 1000;
    }
    maxY
    {
        type            calculated;
        value           nonuniform List<scalar> 0();
    }
    maxX
    {
        type            calculated;
        value           nonuniform List<scalar> 
37
(
1000
1000
1000
1000
1000
1000
1000
1000
1000
1000
1000
1000
1000
1000
1000
1000
1000
1000
1000
1000
1000
1000
1000
1000
1000
1000
1000
1000
1000
1000
1000
1000
1000
1000
1000
1000
1000
)
;
    }
    water_to_heater
    {
        type            calculated;
        value           nonuniform List<scalar> 
61
(
914.96208622
694.214348432
694.214398921
693.523542312
693.523561893
693.523019428
693.523025146
701.175993196
714.968736031
724.585479654
724.585474039
722.323728798
722.323723563
722.385154261
722.385149548
722.371981248
722.399698255
723.164297345
723.164294827
727.450062322
727.450060333
734.387692226
734.387690177
730.915194246
703.544001518
693.131253006
693.13125061
691.075845429
691.075842653
693.056328949
693.056325615
690.866602672
693.056297019
691.049276705
691.049272878
693.131157948
693.131153976
692.228420137
692.228415832
693.131110644
693.571919
703.302817323
703.302813039
718.474959312
718.474955162
729.235722126
729.235717921
721.390013963
678.143417881
663.729329034
663.729324728
661.065600789
661.065596431
663.646011594
663.646006718
660.802371197
663.538799283
660.700105953
660.700099209
663.538781223
663.53877266
)
;
    }
    procBoundary2to3
    {
        type            processor;
        value           nonuniform List<scalar> 
41
(
660.904103434
673.654260165
672.368405919
683.342174145
711.158427973
749.832147737
792.657014263
834.866548878
859.898250367
861.469246851
861.449888854
861.780862159
861.449917543
861.640688314
843.749585442
815.259610518
817.330795944
848.625798589
910.622611131
972.473051409
1000
1000
1000
1000
1000
1000
1000
1000
1000
1000
1000
1000
1000
1000
1000
1000
1000
997.586987307
999.980195901
1000
1000
)
;
    }
}


// ************************************************************************* //
