/*--------------------------------*- C++ -*----------------------------------*\
| =========                 |                                                 |
| \\      /  F ield         | OpenFOAM: The Open Source CFD Toolbox           |
|  \\    /   O peration     | Version:  2312                                  |
|   \\  /    A nd           | Website:  www.openfoam.com                      |
|    \\/     M anipulation  |                                                 |
\*---------------------------------------------------------------------------*/
FoamFile
{
    version     2.0;
    format      ascii;
    arch        "LSB;label=32;scalar=64";
    class       volScalarField;
    location    "0.74/water";
    object      Ct2;
}
// * * * * * * * * * * * * * * * * * * * * * * * * * * * * * * * * * * * * * //

dimensions      [0 0 0 0 0 0 0];

internalField   nonuniform List<scalar> 
1504
(
1
1
1
1
1
1
1
1
1
1
1
1
1
1
1
1
1
1
1
1.29452420772
1
1
1
1
1
1
1
1
1
1
1
1
1
1
1
1
1
1
1
1.07518093901
1
1
1
1
1
1
1
1
1
1
1
1
1
1
1
1
1
1
1
1.00072063407
1
1
1
1
1
1
1
1
1
1
1
1
1
1
1
1
1
1
1
1.00000000511
1
1
1
1
1
1
1
1
1
1
1
1
1
1
1
1
1
1
1
1
1
1
1
1
1
1
1
1
1
1
1
1
1
1
1
1
1
1
1
1
1
1
1
1
1
1
1
1
1
1
1
1
1
1
1
1
1
1
1
1
1
1
1
1
1
1
1
1
1
1
1
1
1
1
1
1
1
1
1
1
1
1
1
1
1
1
1
1
1
1
1
1
1
1
1
1
1
1
1
1
1
1
1
1
1
1
1
1
1
1
1
1
1
1
1
1
1
1
1
1
1
1
1
1
1
1
1
1
1
1
1
1
1
1
1
1
1
1
1
1
1
1
1
1
1
1
1
1
1
1
1
1
1
1
1
1
1
1
1
1
1
1
1
1
1
1
1
1
1
1
1
1
1
1
1
1
1
1
1
1
1
1
1
1
1
1
1
1
1
1
1
1
1
1
1
1
1
1
1
1
1
1
1
1
1
1
1
1
1
1
1
1
1
1
1
1
1
1
1
1
1
1
1
1
1
1
1
1
1
1
1
1
1
1
1
1
1
1
1
1
1
1
1
1
1
1
1
1
1
1
1
1
1
1
1
1
1
1
1
1
1
1
1
1
1
1
1
1
1
1
1
1
1
1
1
1
1
1
1
1
1
1
1
1
1
1
1
1
1
1
1
1
1
1
1
1
1
1
1
1
1
1
1
1
1
1
1
1
1
1
1
1
1
1
1
1
1
1
1
1
1
1
1
1
1
1
1
1
1
1
1
1
1
1
1
1
1
1
1
1
1
1
1
1
1
1
1
1
1
1
1
1
1
1
1
1
1
1
1
1
1
1
1
1
1
1
1
1
1
1
1
1
1
1
1
1
1
1
1
1
1
1
1
1
1
1
1
1
1
1
1
1
1
1
1
1
1
1
1
1
1
1
1
1
1
1
1
1
1
1
1
1
1
1
1
1
1
1
1
1
1
1
1
1
1
1
1
1
1
1
1
1
1
1
1
1
1
1
1
1
1
1
1
1
1
1
1
1
1
1
1
1
1
1
1
1
1
1
1
1
1
1
1
1
1
1
1
1
1
1
1
1
1
1
1
1
1
1
1
1
1
1
1
1
1
1
1
1
1
1
1
1
1
1
1
1
1
1
1
1
1
1
1
1
1
1
1
1
1
1
1
1
1
1
1
1
1
1
1
1
1
1
1
1
1
1
1
1
1
1
1
1
1
1
1
1
1
1
1
1
1
1
1
1
1
1
1
1
1
1
1
1
1
1
1
1
1
1
1
1
1
1
1
1
1
1
1
1
1
1
1
1
1
1
1
1
1
1
1
1
1
1
1
1
1
1
1
1
1
1
1
1
1
1
1
1
1
1
1
1
1
1
1
1
1
1
1
1
1
1
1
1
1
1
1
1
1
1
1
1
1
1
1
1
1
1
1
1
1
1
1
1
1
1
1
1
1
1
1
1
1
1
1
1
1
1
1
1
1
1
1
1
1
1
1
1
1
1
1
1
1
1
1
1
1
1
1
8.96926971748
8.97039293114
8.97158394467
8.97245907442
8.97296217467
8.97321343982
8.97334025037
8.97341301373
8.97346073702
8.97349634292
8.97352715149
8.97355789267
8.97359197068
8.97363199866
8.97367965612
8.97373276465
8.97377912611
3.85154355351
8.89298784763
8.96941465421
8.96969924939
8.97078385237
8.97187156209
8.97262079105
8.97303273505
8.97323827795
8.97334642884
8.97341141803
8.97345552799
8.97348950044
8.97351974562
8.97355057281
8.97358519213
8.97362608023
8.97367485636
8.97372987436
8.97377928022
2.91867742938
8.82365477708
8.96984858794
8.97007798665
8.97111803361
8.97210194225
8.97273980309
8.9730793425
8.97325107238
8.97334565624
8.97340486401
8.97344632951
8.97347923512
8.97350930819
8.97354055061
8.97357603904
8.97361813156
8.97366831563
8.97372543147
8.97377838996
2.26125605713
8.72196865566
8.97027764163
8.97041807545
8.97140226571
8.97228288238
8.97282440414
8.97310740305
8.97325427553
8.97333894192
8.9733938594
8.97343344843
8.97346575283
8.97349598953
8.97352794218
8.97356460411
8.973608231
8.97366009284
8.97371939755
8.97377632654
1.82741952685
8.54331729429
8.97071269464
8.97072218637
8.97163982906
8.97242112417
8.97288153522
8.9731211181
8.97324981496
8.97332721744
8.97337899188
8.97341732222
8.9734494099
8.97348009518
8.97351301466
8.97355112006
8.97359658137
8.97365035377
8.97371179011
8.9737729139
1.56329004642
8.17740518323
8.97112898122
8.97099373556
8.97183478261
8.97252368801
8.97291739724
8.97312407577
8.97323950727
8.97331157723
8.9733610863
8.97339863983
8.97343081062
8.97346216672
8.97349625358
8.9735360153
8.97358355501
8.97363941459
8.97370274131
8.97376794401
1.43314050395
7.39416993407
8.96813783529
8.97124235006
8.97199459578
8.972598823
8.97293822033
8.97311993435
8.97322551591
8.97329356306
8.97334140259
8.97337849089
8.97341092334
8.97344307325
8.97347843546
8.97351997053
8.97356973711
8.97362778028
8.97369255447
8.97376118917
1.36019072393
5.81191886383
8.9437959428
8.97148932049
8.9721281731
8.97265526209
8.97295025103
8.9731125883
8.97321045923
8.97327521633
8.97332166703
8.97335838684
8.97339109419
8.97342401987
8.97346063248
8.97350392081
8.97355592416
8.97361614526
8.97368174794
8.97375242912
1.01217463628
3.40009120873
8.80063118235
8.97139233397
8.97224438296
8.97270125744
8.9729593513
8.97310592844
8.97319718846
8.97325887448
8.97330389853
8.97334011327
8.9733729207
8.97340643925
8.97344412033
8.97348897814
8.9735430577
8.97360533523
8.9736710567
8.97374150144
1
1.7203794444
8.09215551413
8.96706536291
8.97235256065
8.97274434379
8.97297076004
8.97310356379
8.9731884764
8.97324686813
8.97329013383
8.97332548465
8.97335803445
8.97339180056
8.97343021254
8.97347629115
8.97353210448
8.97359619465
8.97366136824
8.97372838807
1
1.38651899855
5.72885350638
8.92117271667
8.97245134798
8.97279100155
8.97298884198
8.97310849611
8.97318665776
8.9732411705
8.97328210359
8.97331604975
8.97334783554
8.97338137216
8.97342005138
8.97346686561
8.9735239053
8.97358944117
8.97365358272
8.97371334043
1
1.0002806063
2.55203090027
8.58518896933
8.97204346291
8.97284574492
8.97301608196
8.97312240255
8.9731930607
8.97324293275
8.97328084308
8.97331275818
8.97334320259
8.97337596741
8.97341438527
8.97346137421
8.97351901917
8.9735855234
8.97364842405
8.97369702345
1
1
1.47228115085
7.05859386101
8.96111954809
8.97290574985
8.97305250917
8.97314517371
8.97320764032
8.97325218675
8.97328644363
8.97331574591
8.97334430359
8.97337577534
8.97341341657
8.97346002233
8.97351761397
8.97358452685
8.97364626246
8.97368062552
1
1
1.27457265475
3.96958121466
8.85355365426
8.97298207549
8.97309625009
8.97317531347
8.9732292135
8.97326798745
8.97329813677
8.97332438015
8.97335061328
8.97338035883
8.97341678634
8.97346252525
8.97351944782
8.97358616887
8.97364702281
8.97366583354
1
1
1.00026307896
1.98384722484
8.26871291272
8.9727187274
8.9731446992
8.97321061873
8.97325593446
8.97328875812
8.97331455065
8.97333745215
8.97336105897
8.97338876498
8.97342365687
8.97346816779
8.97352391524
8.97358985101
8.97365018481
8.97365453811
1
1
1
1.4627477832
6.60045882415
8.96064914284
8.97319483413
8.97324869551
8.97328567041
8.9733125951
8.97333396046
8.97335338416
8.97337419202
8.97339966739
8.97343282912
8.97347589731
8.97353011716
8.97359472686
8.97365484679
8.97364823136
1
1
1
1.3643963362
4.17313923207
8.86916352015
8.97325530154
8.97328709061
8.97331627799
8.97333748363
8.97335446207
8.97337037125
8.97338830561
8.97341146612
8.97344282873
8.97348439494
8.9735369114
8.97359973878
8.97365978399
8.97364723201
1
1
1
1.03864549829
2.37353007202
8.49987597825
8.97329848836
8.97332392913
8.97334554638
8.97336121522
8.97337388939
8.97338631216
8.97340138467
8.97342225839
8.97345189639
8.97349207972
8.97354291858
8.97360361493
8.97366346082
8.97365005548
1
1
1
1.00000077164
1.62610209762
7.5012299997
8.97011618895
8.97335641752
8.97337043072
8.97338086366
8.9733894716
8.97339859801
8.9734109896
8.97342979027
8.97345798667
8.97349713621
8.97354655475
8.97360488687
8.97366407672
8.97365343222
1
1
1
1
1.42677362551
5.72581115599
8.94108022684
8.97338270567
8.97338711187
8.97339297918
8.9733980932
8.97340440024
8.97341454813
8.9734317367
8.97345902625
8.97349774291
8.97354621464
8.97360199954
8.97365962793
8.97365298851
1
1
1
1
1.36440620127
3.80465807151
8.81500428993
8.97339385811
8.97339311058
8.97339505199
8.97339738003
8.97340150469
8.97341000911
8.97342621852
8.973453321
8.97349238497
8.97354048576
8.97359337396
8.97364774671
8.97364351841
1
1
1
1
1.1258005547
2.42569821727
8.40566005681
8.9730767738
8.973388061
8.97338612498
8.97338615721
8.97338866491
8.97339613069
8.97341204251
8.97343975079
8.9734799982
8.97352822281
8.97357729849
8.97362502034
8.97361727562
1
1
1
1
1.00083355027
1.69847545664
7.26994851459
8.95938644611
8.97337407254
8.97336718079
8.9733646833
8.97336586184
8.9733727534
8.97338898848
8.97341808932
8.97346041103
8.97350931869
8.97355305108
8.97358697973
8.97355835832
1
1
1
1
1.00000000001
1.43904981012
5.11876512731
8.83363841018
8.97309995939
8.97334146496
8.97333556891
8.97333489632
8.97334126147
8.97335818378
8.97338937842
8.97343499525
8.97348633572
8.97352442651
8.97353079954
8.97343547152
1
1
1
1
1
1.34931047719
2.8715727866
8.12977423403
8.95732466372
8.9733189866
8.97330258283
8.97329913545
8.97330461959
8.97332235738
8.97335610217
8.97340608935
8.97346225307
8.97349631537
8.97345517544
8.97325449077
1
1
1
1
1
1.01562309294
1.69625086724
5.95311092121
8.75129133803
8.97055744029
8.97327332715
8.97326356717
8.97326773656
8.97328626764
8.97332262352
8.97337769624
8.97344346411
8.97349583285
8.97349353548
8.97344087086
1
1
1
1
1
1.00000000001
1.40959028638
3.07425523226
7.51895158128
8.88916143738
8.97294131541
8.97323735154
8.97323974914
8.97325926484
8.97329776739
8.97335608421
8.97343004125
8.97350889806
8.97358316923
8.97366292994
1
1
1
1
1
1
1.06506229977
1.62597867888
4.55251047967
8.12670220119
8.93942711573
8.97322084387
8.97323713249
8.97325983925
8.97330042523
8.9733582541
8.97342974295
8.97351740683
8.97363092675
8.97375338735
1
1
1
1
1
1
1
1.3757288295
2.08686345208
5.59783045243
8.48485141575
8.96522086537
8.97328110413
8.9733115142
8.97335298792
8.97339820643
8.9734543134
8.973541853
8.97367091815
8.97379557411
1
1
1
1
1
1
1
1.00061715777
1.43646838875
2.75842923676
6.557781509
8.74561720896
8.97283860369
8.97342153805
8.97345611422
8.97349108625
8.97353917542
8.97361677291
8.9737231568
8.97382137966
1
1
1
1
1
1
1
1
1.25623515285
1.64454627456
3.88369086038
7.59243270901
8.90174128659
8.97355883061
8.97359669089
8.97362536362
8.97366115285
8.97371161019
8.97377760808
8.97384308331
1
1
1
1
1
1
1
1
1.00565252726
1.4281505398
2.36458554174
5.68488585051
8.501122819
8.96976937596
8.97356054677
8.97358873451
8.97371734928
8.97377237761
8.97381942011
8.97386381573
1
1
1
1
1
1
1
1
1.00000114154
1.38378794427
1.77411291439
4.04146482559
7.61876190074
8.862624446
8.86631251439
8.82827627275
8.91697997434
8.96891329929
8.97381674324
8.97388362638
1
1
1
1
1
1
1
1
1
1.20850892455
1.49655076336
2.67561284238
5.95351491913
7.76209645115
5.45090843352
3.61347895774
3.94264592836
7.2736822672
8.92929741158
8.97374769009
1
1
1
1
1
1
1
1
1
1.00024957822
1.3846830544
1.64238524479
2.96998997321
3.81267374304
1.86052780625
1.36425556915
1.00166035532
1.39827879671
4.88708694459
8.94306731901
1
1
1
1
1
1
1
1
1
1
1.00001160472
1.26243365784
1.40783638212
1.43779701056
1.42932717904
1.00003821716
1
1
1.20763200318
8.13308115539
1
1
1
1
1
1
1
1
1
1
1
1
1
1
1.00000000964
1
1
1
1
5.4144220271
1
1
1
1
1
1
1
1
1
1
1
1
1
1
1
1
1
1
1
3.34436473953
)
;

boundaryField
{
    emptyPatch
    {
        type            empty;
    }
    minY
    {
        type            calculated;
        value           nonuniform List<scalar> 0();
    }
    maxY
    {
        type            calculated;
        value           nonuniform List<scalar> 0();
    }
    water_to_cooler
    {
        type            calculated;
        value           nonuniform List<scalar> 
38
(
8.9738627359
8.97386545046
8.97386825811
8.97387119546
8.97387429508
8.97387758202
8.97388106901
8.97388475097
8.9738886008
8.97389256837
8.97389658406
8.97390056695
8.97390443601
8.9739081212
8.97391157177
8.97391476046
8.97391768387
8.9739203606
8.9739228278
8.97392513618
8.97392734418
8.97392951267
8.97393170073
8.97393396236
8.97393634419
8.97393887661
8.97394158684
8.97394449427
8.97394759831
8.97395086891
8.97395428797
8.97395787248
8.97396139769
8.97381340626
8.94310055933
8.13310086134
5.41445529399
3.3444029222
)
;
    }
    water_to_heater
    {
        type            calculated;
        value           uniform 1;
    }
    procBoundary3to1
    {
        type            processor;
        value           nonuniform List<scalar> 
41
(
1
1
1
1
1
1
1
1
1
1
1
1
1
1
1
1
1
1
1
1
1
1
1
1
1
1
1
1
1
1
1
1
1
1
1
1
1
1
1
1
2.8206181221
)
;
    }
    procBoundary3to2
    {
        type            processor;
        value           nonuniform List<scalar> 
41
(
1
1
1
1
1
1
1
1
1
1
1
1
1
1
1
1
1
1
1
1.39414157934
8.96876960959
8.96993490286
8.97123064329
8.97224552599
8.9728610766
8.97317347846
8.97332600057
8.9734092234
8.97346177761
8.97349969877
8.97353151788
8.9735625297
8.97359640636
8.97363592006
8.97368275979
8.97373423456
8.9737781479
5.06909506578
8.93805989366
8.96895143988
8.96895143988
)
;
    }
}


// ************************************************************************* //
