/*--------------------------------*- C++ -*----------------------------------*\
| =========                 |                                                 |
| \\      /  F ield         | OpenFOAM: The Open Source CFD Toolbox           |
|  \\    /   O peration     | Version:  2312                                  |
|   \\  /    A nd           | Website:  www.openfoam.com                      |
|    \\/     M anipulation  |                                                 |
\*---------------------------------------------------------------------------*/
FoamFile
{
    version     2.0;
    format      ascii;
    arch        "LSB;label=32;scalar=64";
    class       volVectorField;
    location    "83";
    object      Ur;
}
// * * * * * * * * * * * * * * * * * * * * * * * * * * * * * * * * * * * * * //

dimensions      [0 1 -1 0 0 0 0];

internalField   nonuniform List<vector> 
1875
(
(-0.0117045 0.233289 0)
(-0.0160783 0.232974 0)
(-0.00632869 0.232938 0)
(-0.000948296 0.232943 0)
(0.00539907 0.232187 0)
(0.00951956 0.229895 0)
(0.0112489 0.232152 0)
(0.0100104 0.233331 0)
(0.00683721 0.232503 0)
(0.0017365 0.230892 0)
(-0.00416453 0.228729 0)
(-0.0116966 0.225249 0)
(-0.0184113 0.219128 0)
(-0.0268037 0.211841 0)
(-0.0350439 0.207071 0)
(-0.0430507 0.203649 0)
(-0.0500454 0.201529 0)
(-0.0552302 0.199666 0)
(-0.0571627 0.198009 0)
(-0.0551923 0.198005 0)
(-0.0481384 0.199964 0)
(-0.0376543 0.202072 0)
(-0.0242664 0.202772 0)
(-0.0181276 0.204144 0)
(-0.0104066 0.206414 0)
(-0.00281753 0.287333 0)
(0.00193506 0.288914 0)
(0.0132467 0.289741 0)
(0.018951 0.289754 0)
(0.0245482 0.288709 0)
(0.0279238 0.287479 0)
(0.0307974 0.283084 0)
(0.0324892 0.278971 0)
(0.032609 0.275754 0)
(0.030839 0.272743 0)
(0.0270166 0.270248 0)
(0.0210501 0.26857 0)
(0.0138611 0.268662 0)
(0.00528931 0.269195 0)
(-0.00410001 0.268155 0)
(-0.0114347 0.266754 0)
(-0.0147253 0.264761 0)
(-0.0165685 0.263071 0)
(-0.0184895 0.262324 0)
(-0.018632 0.262106 0)
(-0.017062 0.262342 0)
(-0.0162897 0.262999 0)
(-0.0153722 0.264094 0)
(-0.0150154 0.2634 0)
(-0.00876482 0.264669 0)
(0.00245219 0.283844 0)
(0.0136318 0.28583 0)
(0.024019 0.284825 0)
(0.0299663 0.284095 0)
(0.0359269 0.283195 0)
(0.040931 0.282321 0)
(0.0449495 0.280475 0)
(0.0475033 0.278534 0)
(0.0484085 0.27658 0)
(0.0475682 0.274567 0)
(0.0452744 0.27266 0)
(0.0413938 0.270876 0)
(0.0358847 0.269143 0)
(0.0291532 0.267449 0)
(0.022035 0.265451 0)
(0.0133994 0.262486 0)
(0.00462418 0.258958 0)
(-0.00210283 0.256062 0)
(-0.00613422 0.254579 0)
(-0.00835095 0.254059 0)
(-0.00991224 0.254625 0)
(-0.00974783 0.256087 0)
(-0.00677531 0.259551 0)
(-0.00702966 0.261946 0)
(-0.00403842 0.263551 0)
(0.0144567 0.287278 0)
(0.0259894 0.288859 0)
(0.0261729 0.286389 0)
(0.0314441 0.28452 0)
(0.0375704 0.282812 0)
(0.042485 0.281035 0)
(0.0457348 0.279171 0)
(0.0470339 0.277297 0)
(0.0463166 0.275493 0)
(0.0443442 0.273732 0)
(0.041251 0.271975 0)
(0.0372507 0.270187 0)
(0.0323268 0.268316 0)
(0.0266554 0.266423 0)
(0.0207774 0.264439 0)
(0.0142282 0.262929 0)
(0.00681769 0.261853 0)
(0.00113155 0.26106 0)
(-0.00134173 0.260946 0)
(-0.00250005 0.261076 0)
(-0.00218185 0.261281 0)
(-0.00420105 0.261283 0)
(-0.00181997 0.262153 0)
(-0.00210989 0.263526 0)
(-0.00078746 0.265519 0)
(0.0150089 0.271954 0)
(0.0217559 0.273973 0)
(0.0199702 0.27353 0)
(0.0293624 0.272265 0)
(0.0374906 0.270654 0)
(0.0432725 0.268863 0)
(0.0465599 0.266997 0)
(0.0473801 0.265221 0)
(0.0459366 0.263666 0)
(0.0427539 0.26231 0)
(0.0381772 0.261065 0)
(0.0322371 0.259832 0)
(0.0252339 0.258711 0)
(0.0177685 0.257751 0)
(0.0102892 0.257056 0)
(0.00375547 0.256885 0)
(-0.0013146 0.257935 0)
(-0.00379221 0.259019 0)
(-0.00431541 0.259116 0)
(-0.00368188 0.259379 0)
(-0.00193574 0.260227 0)
(0.00151931 0.262922 0)
(0.00104346 0.263548 0)
(0.0015295 0.263378 0)
(0.00146278 0.264072 0)
(0.0251093 0.26225 0)
(0.0295671 0.265754 0)
(0.0185087 0.264654 0)
(0.0296448 0.263124 0)
(0.0384207 0.261282 0)
(0.0431411 0.259132 0)
(0.0449365 0.257171 0)
(0.0440606 0.255581 0)
(0.0408088 0.254419 0)
(0.0354247 0.253613 0)
(0.0280527 0.253195 0)
(0.0194922 0.253322 0)
(0.0108405 0.253464 0)
(0.00288361 0.253887 0)
(-0.00357555 0.254812 0)
(-0.00797079 0.256196 0)
(-0.00997587 0.257646 0)
(-0.0101514 0.259133 0)
(-0.00902047 0.260924 0)
(-0.00650839 0.262438 0)
(-0.00332295 0.263346 0)
(-0.000109724 0.262806 0)
(0.00122943 0.262404 0)
(0.00430052 0.261948 0)
(0.00436013 0.261861 0)
(0.0343713 0.252351 0)
(0.0357439 0.255161 0)
(0.0142578 0.254274 0)
(0.0275073 0.252549 0)
(0.0339418 0.249693 0)
(0.0358712 0.247144 0)
(0.0352981 0.245492 0)
(0.031504 0.244874 0)
(0.0253235 0.245187 0)
(0.0175604 0.246363 0)
(0.00949392 0.247403 0)
(0.00152222 0.246922 0)
(-0.00574076 0.248818 0)
(-0.0112624 0.251679 0)
(-0.0149336 0.254258 0)
(-0.0165979 0.256633 0)
(-0.0164664 0.258953 0)
(-0.0148133 0.261029 0)
(-0.0117323 0.262885 0)
(-0.00776256 0.264205 0)
(-0.00373995 0.264855 0)
(-0.000531927 0.264752 0)
(0.000746052 0.264391 0)
(0.00493793 0.263619 0)
(0.0054227 0.263297 0)
(0.0388349 0.247681 0)
(0.0367962 0.248612 0)
(0.00787448 0.247952 0)
(0.0181835 0.245986 0)
(0.0193752 0.243038 0)
(0.0200285 0.241456 0)
(0.018218 0.241176 0)
(0.0135209 0.242043 0)
(0.00726494 0.243127 0)
(0.000221327 0.242065 0)
(-0.00701471 0.242628 0)
(-0.0132163 0.249369 0)
(-0.0174484 0.253049 0)
(-0.0202267 0.255398 0)
(-0.0216916 0.258581 0)
(-0.0211685 0.260935 0)
(-0.0191211 0.263201 0)
(-0.0156143 0.26512 0)
(-0.0113416 0.266514 0)
(-0.0069303 0.267264 0)
(-0.00316561 0.267335 0)
(-0.000395977 0.266867 0)
(0.000600156 0.266193 0)
(0.00528103 0.265344 0)
(0.0055295 0.265106 0)
(0.0386461 0.247953 0)
(0.0305872 0.246847 0)
(-0.0033371 0.245254 0)
(0.00543106 0.243655 0)
(0.00464495 0.242123 0)
(0.00664561 0.242249 0)
(0.00542791 0.24342 0)
(0.0022326 0.245619 0)
(-0.00232973 0.248896 0)
(-0.00880304 0.256903 0)
(-0.0124042 0.261485 0)
(-0.0168026 0.26006 0)
(-0.0215375 0.259906 0)
(-0.0233709 0.261982 0)
(-0.0224892 0.26312 0)
(-0.0204739 0.265551 0)
(-0.0170452 0.267389 0)
(-0.0128681 0.268753 0)
(-0.00858466 0.269488 0)
(-0.00475266 0.26964 0)
(-0.0018684 0.269287 0)
(0.000290931 0.268642 0)
(0.000900447 0.267911 0)
(0.005763 0.267051 0)
(0.00583978 0.266944 0)
(0.0332151 0.250725 0)
(0.0183101 0.247962 0)
(-0.0137348 0.247566 0)
(-0.00344527 0.247121 0)
(-0.00371501 0.247275 0)
(-0.000541574 0.248363 0)
(-0.00139965 0.250052 0)
(-0.00422419 0.252181 0)
(-0.00901777 0.254255 0)
(-0.0141491 0.255645 0)
(-0.0188459 0.258346 0)
(-0.0219959 0.261393 0)
(-0.021445 0.26344 0)
(-0.0207545 0.265402 0)
(-0.0191201 0.267843 0)
(-0.0164347 0.269445 0)
(-0.0130463 0.270679 0)
(-0.00951943 0.271405 0)
(-0.0062426 0.271635 0)
(-0.0034616 0.271475 0)
(-0.0013643 0.271043 0)
(0.000488083 0.270495 0)
(0.00116269 0.269927 0)
(0.00662302 0.269342 0)
(0.00625759 0.269233 0)
(0.0235235 0.252159 0)
(0.0115108 0.24908 0)
(-0.014214 0.25126 0)
(-0.00687645 0.251985 0)
(-0.00619572 0.253095 0)
(-0.00324728 0.254368 0)
(-0.00385505 0.255966 0)
(-0.00637738 0.257681 0)
(-0.0102195 0.259471 0)
(-0.0139678 0.26084 0)
(-0.0168885 0.26209 0)
(-0.0178621 0.26421 0)
(-0.0179894 0.267009 0)
(-0.0172826 0.268937 0)
(-0.0157506 0.27033 0)
(-0.0137059 0.27141 0)
(-0.0114277 0.272135 0)
(-0.00911511 0.272522 0)
(-0.00688453 0.272636 0)
(-0.00478962 0.272563 0)
(-0.00293685 0.272385 0)
(-0.000894994 0.272171 0)
(0.0001647 0.27198 0)
(0.00699348 0.27175 0)
(0.0069429 0.27207 0)
(0.0179729 0.254578 0)
(0.0114162 0.253093 0)
(-0.0100191 0.255013 0)
(-0.00666871 0.256362 0)
(-0.00610465 0.257666 0)
(-0.00407724 0.258776 0)
(-0.00460313 0.259971 0)
(-0.00654383 0.26127 0)
(-0.00904586 0.262802 0)
(-0.0114422 0.264256 0)
(-0.013469 0.265761 0)
(-0.0146788 0.267422 0)
(-0.0152184 0.268864 0)
(-0.0150803 0.270082 0)
(-0.0145174 0.271061 0)
(-0.0136216 0.271816 0)
(-0.012442 0.272371 0)
(-0.0110164 0.272765 0)
(-0.00938007 0.273034 0)
(-0.0075608 0.273217 0)
(-0.00566469 0.273353 0)
(-0.00319159 0.273496 0)
(-0.00164935 0.273631 0)
(0.0070375 0.273602 0)
(0.00752036 0.273805 0)
(0.0150881 0.258082 0)
(0.0103755 0.256866 0)
(-0.00751835 0.25802 0)
(-0.00510528 0.259239 0)
(-0.00565068 0.259972 0)
(-0.00428672 0.261158 0)
(-0.0046524 0.262562 0)
(-0.00568682 0.26365 0)
(-0.00704159 0.264832 0)
(-0.00893665 0.265927 0)
(-0.0108529 0.266993 0)
(-0.0125068 0.268012 0)
(-0.0137528 0.268952 0)
(-0.0145327 0.269781 0)
(-0.01488 0.270501 0)
(-0.0147904 0.271129 0)
(-0.0142901 0.271672 0)
(-0.0134177 0.272138 0)
(-0.0122326 0.272534 0)
(-0.0107417 0.272871 0)
(-0.00896907 0.273196 0)
(-0.00664524 0.273562 0)
(-0.00558946 0.273877 0)
(0.00333283 0.274401 0)
(0.00507831 0.273465 0)
(0.0101967 0.261314 0)
(0.00758387 0.25925 0)
(-0.00486082 0.260111 0)
(-0.00309895 0.261015 0)
(-0.00417317 0.26238 0)
(-0.00314774 0.263226 0)
(-0.00332287 0.263686 0)
(-0.00374269 0.264529 0)
(-0.00494704 0.265228 0)
(-0.00695037 0.265839 0)
(-0.00922298 0.266417 0)
(-0.0114362 0.266997 0)
(-0.0133088 0.267594 0)
(-0.0147091 0.268196 0)
(-0.0155919 0.268797 0)
(-0.0159681 0.269379 0)
(-0.015884 0.26993 0)
(-0.0153906 0.270437 0)
(-0.0145554 0.270896 0)
(-0.0133048 0.271323 0)
(-0.0117581 0.271743 0)
(-0.0101556 0.272209 0)
(-0.0104685 0.272741 0)
(-0.00621575 0.273487 0)
(-0.00154738 0.271672 0)
(0.0049456 0.261381 0)
(0.00414233 0.258864 0)
(-0.00220026 0.26163 0)
(-0.00126528 0.262091 0)
(-0.00181002 0.262772 0)
(-0.00100728 0.26294 0)
(-0.000887339 0.263188 0)
(-0.0014175 0.263772 0)
(-0.00303005 0.263987 0)
(-0.0054016 0.264159 0)
(-0.00810125 0.264386 0)
(-0.0107232 0.26471 0)
(-0.0129741 0.265132 0)
(-0.0147221 0.265634 0)
(-0.0159248 0.266186 0)
(-0.016595 0.266761 0)
(-0.0167728 0.26734 0)
(-0.01649 0.267906 0)
(-0.0157733 0.268452 0)
(-0.0146054 0.268988 0)
(-0.013086 0.269466 0)
(-0.0112062 0.269884 0)
(-0.0109017 0.270597 0)
(-0.0134906 0.272255 0)
(-0.00824081 0.271353 0)
(-0.000695883 0.264041 0)
(0.00101216 0.26151 0)
(-0.00015494 0.262335 0)
(0.000247886 0.262336 0)
(0.000324385 0.262377 0)
(0.00120028 0.262871 0)
(0.00153348 0.26286 0)
(0.000976503 0.262346 0)
(-0.000896432 0.262207 0)
(-0.00343108 0.262023 0)
(-0.00634792 0.261952 0)
(-0.00923532 0.262039 0)
(-0.0117854 0.262285 0)
(-0.0138399 0.262662 0)
(-0.0153314 0.26314 0)
(-0.0162481 0.263689 0)
(-0.0166128 0.264284 0)
(-0.0164504 0.264906 0)
(-0.0157527 0.265535 0)
(-0.0146213 0.266154 0)
(-0.0130524 0.266735 0)
(-0.0101011 0.267323 0)
(-0.00674796 0.267887 0)
(-0.0118333 0.268994 0)
(-0.00957733 0.269259 0)
(-0.00495067 0.265832 0)
(-0.00234656 0.264403 0)
(0.00276016 0.262499 0)
(0.00182073 0.262442 0)
(0.0024308 0.262454 0)
(0.00335599 0.262102 0)
(0.00404073 0.261963 0)
(0.00387059 0.26149 0)
(0.00193058 0.26064 0)
(-0.000842495 0.26012 0)
(-0.0039724 0.259757 0)
(-0.0070376 0.259558 0)
(-0.00978656 0.259538 0)
(-0.0120606 0.259701 0)
(-0.0137741 0.260022 0)
(-0.0148987 0.260474 0)
(-0.0154347 0.261027 0)
(-0.0154072 0.261654 0)
(-0.0148147 0.262319 0)
(-0.0136413 0.262974 0)
(-0.0120519 0.263609 0)
(-0.0091627 0.264116 0)
(-0.00414998 0.264233 0)
(-0.00869072 0.264183 0)
(-0.00833221 0.263809 0)
(-0.00717562 0.263896 0)
(-0.0033419 0.263267 0)
(0.00586449 0.263208 0)
(0.00418237 0.262991 0)
(0.00473329 0.262764 0)
(0.00566993 0.262235 0)
(0.00643736 0.261439 0)
(0.00665416 0.260459 0)
(0.00545551 0.259556 0)
(0.00280938 0.258683 0)
(-0.000545402 0.257965 0)
(-0.00396545 0.257502 0)
(-0.00698386 0.25727 0)
(-0.00944734 0.257193 0)
(-0.0113168 0.257299 0)
(-0.0125742 0.257577 0)
(-0.013234 0.258006 0)
(-0.0133323 0.258556 0)
(-0.0129298 0.259187 0)
(-0.0119749 0.259837 0)
(-0.0105381 0.260435 0)
(-0.00872047 0.260943 0)
(-0.00417724 0.260909 0)
(-0.0104564 0.261044 0)
(-0.0108335 0.26021 0)
(-0.00944804 0.263902 0)
(-0.00753646 0.264055 0)
(0.0042668 0.263557 0)
(0.00460005 0.263358 0)
(0.00539891 0.263059 0)
(0.00653442 0.262491 0)
(0.00766594 0.261646 0)
(0.00829894 0.260567 0)
(0.00802804 0.259266 0)
(0.00641485 0.258071 0)
(0.00361211 0.257251 0)
(0.000270916 0.256426 0)
(-0.00312177 0.255702 0)
(-0.00602883 0.255399 0)
(-0.00819114 0.255302 0)
(-0.00962737 0.255396 0)
(-0.010396 0.255661 0)
(-0.0105846 0.256071 0)
(-0.0103308 0.256594 0)
(-0.00971312 0.25718 0)
(-0.00877227 0.257743 0)
(-0.00817147 0.258205 0)
(-0.0045604 0.258296 0)
(-0.01328 0.25817 0)
(-0.0133805 0.257163 0)
(-0.0110136 0.262466 0)
(-0.0111001 0.263396 0)
(0.000947102 0.263323 0)
(0.004917 0.263213 0)
(0.00644125 0.263076 0)
(0.00751674 0.262701 0)
(0.00871648 0.261984 0)
(0.00948075 0.26098 0)
(0.00965877 0.259774 0)
(0.00898517 0.25803 0)
(0.00736358 0.255284 0)
(0.00484673 0.254577 0)
(0.00183892 0.255048 0)
(-0.0013317 0.254412 0)
(-0.00400363 0.254109 0)
(-0.00587954 0.254042 0)
(-0.00696931 0.25417 0)
(-0.00736473 0.254451 0)
(-0.00726782 0.254847 0)
(-0.00687046 0.255322 0)
(-0.00636418 0.255822 0)
(-0.00683532 0.256282 0)
(-0.00394937 0.256505 0)
(-0.0149783 0.256179 0)
(-0.015197 0.255207 0)
(-0.0112439 0.264077 0)
(-0.0110518 0.264593 0)
(0.000905247 0.265114 0)
(0.00598945 0.264624 0)
(0.0087473 0.264169 0)
(0.0097653 0.263655 0)
(0.0105393 0.262929 0)
(0.0111574 0.261923 0)
(0.0112423 0.260653 0)
(0.0110838 0.259853 0)
(0.00989283 0.257568 0)
(0.00825814 0.254708 0)
(0.0057812 0.25399 0)
(0.00342802 0.254307 0)
(0.000897053 0.253742 0)
(-0.00131195 0.253492 0)
(-0.00286787 0.253487 0)
(-0.00371354 0.253668 0)
(-0.00398441 0.253975 0)
(-0.00389436 0.254362 0)
(-0.0036545 0.254777 0)
(-0.00482247 0.255241 0)
(-0.00235898 0.255562 0)
(-0.015886 0.255676 0)
(-0.0168351 0.254989 0)
(-0.0104973 0.26637 0)
(-0.0105988 0.267007 0)
(8.8065e-05 0.267445 0)
(0.0044813 0.26687 0)
(0.00889483 0.265971 0)
(0.0109661 0.265098 0)
(0.0118629 0.264199 0)
(0.012311 0.263147 0)
(0.0122627 0.261968 0)
(0.0117966 0.260089 0)
(0.0105143 0.262684 0)
(0.00910711 0.26186 0)
(0.00830875 0.256422 0)
(0.0065826 0.254418 0)
(0.00499539 0.254325 0)
(0.00324975 0.253752 0)
(0.0016294 0.253533 0)
(0.000436107 0.253577 0)
(-0.000278674 0.25379 0)
(-0.000638808 0.254107 0)
(-0.000622929 0.254435 0)
(-0.00215528 0.254824 0)
(0.000316541 0.255148 0)
(-0.0154708 0.255032 0)
(-0.0178346 0.254958 0)
(-0.00847565 0.26687 0)
(-0.00850029 0.267975 0)
(-0.000299997 0.268322 0)
(0.00206678 0.26825 0)
(0.00676881 0.267466 0)
(0.0102447 0.266438 0)
(0.0120984 0.265396 0)
(0.0127561 0.264332 0)
(0.0129176 0.26319 0)
(0.012143 0.261934 0)
(0.0123076 0.260141 0)
(0.0117062 0.261221 0)
(0.0102759 0.260609 0)
(0.00921949 0.2565 0)
(0.00783794 0.254725 0)
(0.00672815 0.254807 0)
(0.00552028 0.254373 0)
(0.00435189 0.254176 0)
(0.00338186 0.254195 0)
(0.00252668 0.254363 0)
(0.00211189 0.254566 0)
(0.000161822 0.254789 0)
(0.00131403 0.255036 0)
(-0.0143698 0.254285 0)
(-0.0163791 0.255116 0)
(-0.00579342 0.266567 0)
(-0.00572074 0.26788 0)
(0.000192726 0.268006 0)
(0.00081011 0.268305 0)
(0.0038462 0.268014 0)
(0.0074867 0.267205 0)
(0.0103156 0.26618 0)
(0.0117521 0.265117 0)
(0.0121954 0.264053 0)
(0.0119256 0.263013 0)
(0.0113655 0.260979 0)
(0.0108229 0.258244 0)
(0.0102734 0.259789 0)
(0.00959319 0.260454 0)
(0.00903381 0.258152 0)
(0.00829202 0.256221 0)
(0.00773205 0.255763 0)
(0.00694341 0.255352 0)
(0.00608705 0.255147 0)
(0.00503714 0.255122 0)
(0.00415677 0.255208 0)
(0.00216391 0.2553 0)
(0.00102123 0.255521 0)
(-0.0134723 0.25486 0)
(-0.0137657 0.255998 0)
(-0.00259525 0.265208 0)
(-0.00255183 0.267065 0)
(0.000928334 0.267383 0)
(0.000983022 0.267374 0)
(0.00204593 0.267364 0)
(0.00442354 0.266972 0)
(0.00722171 0.266203 0)
(0.00929618 0.265269 0)
(0.0103084 0.264327 0)
(0.0104687 0.263387 0)
(0.0101329 0.262369 0)
(0.00943655 0.261313 0)
(0.00880333 0.25947 0)
(0.00848887 0.259014 0)
(0.00841118 0.25915 0)
(0.00835079 0.258198 0)
(0.00831862 0.257341 0)
(0.00814417 0.256734 0)
(0.00765371 0.256335 0)
(0.0067938 0.256103 0)
(0.00573109 0.256012 0)
(0.00370618 0.255965 0)
(0.00157176 0.255895 0)
(-0.0114084 0.2559 0)
(-0.0113404 0.256951 0)
(0.00336572 0.263611 0)
(0.00513181 0.266016 0)
(0.00152129 0.26644 0)
(-0.000809468 0.266158 0)
(0.000444568 0.266108 0)
(0.00175323 0.266051 0)
(0.00374432 0.265684 0)
(0.00591441 0.265044 0)
(0.00740194 0.264236 0)
(0.00795652 0.263428 0)
(0.00793321 0.262643 0)
(0.0076479 0.261897 0)
(0.00727004 0.261127 0)
(0.00695654 0.261001 0)
(0.00702969 0.260702 0)
(0.00729653 0.259494 0)
(0.00763146 0.258524 0)
(0.00790364 0.258053 0)
(0.00784544 0.257546 0)
(0.00725117 0.257152 0)
(0.00621441 0.256872 0)
(0.00353204 0.256706 0)
(0.00204852 0.2564 0)
(-0.00824784 0.256646 0)
(-0.00905828 0.257686 0)
(0.0108366 0.260862 0)
(0.0138101 0.263647 0)
(0.00177266 0.263718 0)
(-0.00310594 0.263654 0)
(-0.00100863 0.264195 0)
(3.90197e-05 0.264448 0)
(0.00113877 0.264507 0)
(0.00241913 0.264296 0)
(0.00366684 0.263791 0)
(0.00466185 0.263221 0)
(0.0050928 0.262642 0)
(0.00519753 0.262101 0)
(0.00517808 0.261607 0)
(0.0052177 0.260545 0)
(0.00551075 0.260226 0)
(0.00589403 0.260505 0)
(0.00635434 0.259954 0)
(0.00680527 0.259218 0)
(0.00706925 0.258695 0)
(0.0067353 0.258253 0)
(0.00589408 0.257901 0)
(0.00294399 0.25771 0)
(0.00216379 0.257602 0)
(-0.0051362 0.257611 0)
(-0.00656968 0.258597 0)
(0.0154128 0.261727 0)
(0.0158513 0.262518 0)
(0.000783047 0.260789 0)
(-0.000854938 0.261934 0)
(-0.000268171 0.262368 0)
(-0.000120644 0.262685 0)
(7.82494e-06 0.262901 0)
(0.000184904 0.262958 0)
(0.000714838 0.262888 0)
(0.00154145 0.26266 0)
(0.00213636 0.262345 0)
(0.00262163 0.262035 0)
(0.00302394 0.261727 0)
(0.00335997 0.261394 0)
(0.00378524 0.261192 0)
(0.00431862 0.260959 0)
(0.00495057 0.260497 0)
(0.005459 0.260078 0)
(0.0058623 0.259634 0)
(0.00577657 0.259209 0)
(0.00523682 0.25886 0)
(0.00283232 0.25865 0)
(0.00217222 0.258714 0)
(-0.00309176 0.258501 0)
(-0.00446659 0.25937 0)
(0.0158084 0.262909 0)
(0.0139553 0.261763 0)
(-0.000825582 0.260708 0)
(0.00169899 0.261575 0)
(0.000614319 0.261474 0)
(-0.000352018 0.261603 0)
(-0.000877638 0.261747 0)
(-0.00112295 0.261845 0)
(-0.00106191 0.261956 0)
(-0.000793091 0.261956 0)
(-0.000296727 0.261901 0)
(0.000332382 0.261814 0)
(0.000975349 0.261684 0)
(0.00161603 0.26153 0)
(0.00225473 0.261141 0)
(0.00293385 0.260955 0)
(0.00359732 0.260929 0)
(0.00413123 0.260655 0)
(0.00454807 0.260311 0)
(0.00463685 0.25994 0)
(0.00440084 0.259628 0)
(0.00268663 0.259389 0)
(0.00201606 0.259422 0)
(-0.00136385 0.259037 0)
(-0.00244614 0.259861 0)
(0.0124956 0.26099 0)
(0.00990845 0.259917 0)
(-0.00174067 0.260709 0)
(0.00144184 0.260662 0)
(8.90041e-05 0.260797 0)
(-0.00106624 0.260853 0)
(-0.00183313 0.260975 0)
(-0.00242888 0.261099 0)
(-0.00266937 0.261224 0)
(-0.0025801 0.261328 0)
(-0.0020977 0.261429 0)
(-0.00146618 0.261528 0)
(-0.000682343 0.261559 0)
(0.000182078 0.26158 0)
(0.000960837 0.261518 0)
(0.00168614 0.261365 0)
(0.00236018 0.261223 0)
(0.00292267 0.261031 0)
(0.00334815 0.260778 0)
(0.00356794 0.26051 0)
(0.00350043 0.260274 0)
(0.00229801 0.259983 0)
(0.00166001 0.259942 0)
(-2.12213e-05 0.259979 0)
(-0.000742867 0.260685 0)
(0.0103397 0.259705 0)
(0.00788049 0.259297 0)
(-0.00138535 0.259797 0)
(0.00120655 0.259908 0)
(-0.000516343 0.260036 0)
(-0.00169857 0.260149 0)
(-0.00266784 0.26028 0)
(-0.00352117 0.260442 0)
(-0.00395353 0.260633 0)
(-0.0039433 0.260896 0)
(-0.00342192 0.261182 0)
(-0.00272612 0.26124 0)
(-0.00186062 0.261397 0)
(-0.000914302 0.261477 0)
(-6.01587e-05 0.261517 0)
(0.000704614 0.261478 0)
(0.0013877 0.261388 0)
(0.00196263 0.261243 0)
(0.00247528 0.261067 0)
(0.00286383 0.26088 0)
(0.00259531 0.260692 0)
(0.00157725 0.260399 0)
(0.000856239 0.260241 0)
(0.00106181 0.258522 0)
(0.000912948 0.259111 0)
(0.0100083 0.258801 0)
(0.00818274 0.258845 0)
(-0.000395959 0.259326 0)
(0.00137953 0.259458 0)
(-0.000809522 0.259495 0)
(-0.00216993 0.259634 0)
(-0.00341924 0.259754 0)
(-0.00440286 0.259945 0)
(-0.00487175 0.260175 0)
(-0.00484663 0.260064 0)
(-0.00428235 0.260198 0)
(-0.0035446 0.261061 0)
(-0.00263238 0.261254 0)
(-0.00168119 0.261385 0)
(-0.000830181 0.261472 0)
(-7.4442e-05 0.261478 0)
(0.000599768 0.261428 0)
(0.00121113 0.261332 0)
(0.0017981 0.261209 0)
(0.00220786 0.261042 0)
(0.00167691 0.260777 0)
(0.000672956 0.260597 0)
(-0.000265474 0.260454 0)
(0.00176796 0.260776 0)
(0.00257966 0.261401 0)
(0.00994681 0.258859 0)
(0.00864272 0.259062 0)
(-3.83323e-05 0.259409 0)
(0.00101301 0.259258 0)
(-0.00117531 0.259193 0)
(-0.0026627 0.259272 0)
(-0.00410545 0.259365 0)
(-0.00502579 0.259568 0)
(-0.00535075 0.259858 0)
(-0.00522862 0.25958 0)
(-0.00488747 0.259644 0)
(-0.00411868 0.26083 0)
(-0.00317423 0.261081 0)
(-0.00224557 0.261255 0)
(-0.00142979 0.261369 0)
(-0.000697594 0.261411 0)
(-2.85293e-05 0.2614 0)
(0.000622345 0.26135 0)
(0.00115844 0.26126 0)
(0.00112627 0.261083 0)
(0.000683917 0.26081 0)
(-4.77856e-05 0.260746 0)
(-0.00167609 0.260617 0)
(0.0023781 0.262154 0)
(0.00386256 0.262634 0)
(0.010518 0.25899 0)
(0.00938858 0.259202 0)
(-0.000764213 0.259623 0)
(-0.000442955 0.259249 0)
(-0.00210056 0.259107 0)
(-0.00343819 0.259066 0)
(-0.00477607 0.259128 0)
(-0.00544788 0.259336 0)
(-0.0055614 0.259611 0)
(-0.00533035 0.260831 0)
(-0.00491386 0.261863 0)
(-0.00423773 0.26057 0)
(-0.00334877 0.260894 0)
(-0.0025487 0.261102 0)
(-0.00180363 0.26124 0)
(-0.00111443 0.261318 0)
(-0.000450237 0.26135 0)
(0.000160198 0.261343 0)
(0.000433509 0.261268 0)
(0.000113609 0.261128 0)
(-4.82257e-05 0.26104 0)
(-0.000780875 0.261038 0)
(-0.0027675 0.260915 0)
(0.00255011 0.25986 0)
(0.0045523 0.260124 0)
(0.0104883 0.258523 0)
(0.0102803 0.25826 0)
(-0.00127132 0.258686 0)
(-0.00251642 0.258757 0)
(-0.00353718 0.258796 0)
(-0.00463976 0.258804 0)
(-0.00552891 0.258945 0)
(-0.00587122 0.259195 0)
(-0.00586487 0.25951 0)
(-0.00555903 0.260705 0)
(-0.00499577 0.261443 0)
(-0.00394606 0.260508 0)
(-0.00332688 0.260792 0)
(-0.00260369 0.260995 0)
(-0.00194862 0.261139 0)
(-0.00129352 0.261238 0)
(-0.000657875 0.261298 0)
(-0.000196942 0.26131 0)
(-0.000108555 0.261254 0)
(-0.000268404 0.261211 0)
(-0.000188796 0.261228 0)
(-0.0011591 0.261236 0)
(-0.00278084 0.261242 0)
(0.00331061 0.261452 0)
(0.00492236 0.261339 0)
(0.00923765 0.257936 0)
(0.00912647 0.25734 0)
(-0.000429647 0.257375 0)
(-0.00170502 0.258072 0)
(-0.00383985 0.258313 0)
(-0.00506371 0.25851 0)
(-0.00567589 0.258794 0)
(-0.00585951 0.259117 0)
(-0.00573056 0.259505 0)
(-0.00538698 0.259581 0)
(-0.00452713 0.258971 0)
(-0.00382184 0.260523 0)
(-0.00320359 0.260737 0)
(-0.00256594 0.260919 0)
(-0.00195818 0.261059 0)
(-0.00132208 0.261164 0)
(-0.000755864 0.261232 0)
(-0.000447462 0.261247 0)
(-0.000352397 0.261232 0)
(-0.000395783 0.261242 0)
(-0.000296636 0.261255 0)
(-0.00128701 0.261239 0)
(-0.00217267 0.261339 0)
(0.00399755 0.261704 0)
(0.00488401 0.261435 0)
(0.00780293 0.258217 0)
(0.00712349 0.257703 0)
(0.000447062 0.257678 0)
(2.51033e-05 0.258096 0)
(-0.00342531 0.258261 0)
(-0.00469792 0.258506 0)
(-0.00524941 0.258817 0)
(-0.00536669 0.259158 0)
(-0.00516591 0.259502 0)
(-0.00473842 0.259541 0)
(-0.00415878 0.260097 0)
(-0.00365494 0.260444 0)
(-0.00302344 0.26066 0)
(-0.0024483 0.260836 0)
(-0.00185915 0.260977 0)
(-0.00125077 0.261084 0)
(-0.000772753 0.261152 0)
(-0.000529988 0.26118 0)
(-0.000410554 0.261208 0)
(-0.000400356 0.261238 0)
(-0.000365414 0.261284 0)
(-0.0011525 0.2613 0)
(-0.00116617 0.261561 0)
(0.00419266 0.261785 0)
(0.00427244 0.261241 0)
(0.00675547 0.258648 0)
(0.00604291 0.258252 0)
(0.000522582 0.258375 0)
(0.000111102 0.258352 0)
(-0.00329392 0.258428 0)
(-0.00430248 0.258649 0)
(-0.00474603 0.258936 0)
(-0.00480666 0.259245 0)
(-0.00456801 0.259566 0)
(-0.00419712 0.259721 0)
(-0.00376528 0.260129 0)
(-0.00326535 0.260387 0)
(-0.00272947 0.260595 0)
(-0.0022042 0.260762 0)
(-0.00164239 0.260901 0)
(-0.00108704 0.261006 0)
(-0.000676667 0.26107 0)
(-0.000429899 0.261113 0)
(-0.000250824 0.26116 0)
(-0.000161011 0.261207 0)
(-6.78167e-05 0.26128 0)
(-0.000241109 0.261355 0)
(-8.81476e-05 0.261711 0)
(0.00331501 0.261689 0)
(0.00307614 0.260914 0)
(0.00581987 0.25885 0)
(0.00514363 0.258471 0)
(0.00039265 0.258589 0)
(-4.66651e-05 0.258505 0)
(-0.00304485 0.2586 0)
(-0.00377861 0.258819 0)
(-0.00413687 0.259081 0)
(-0.00417776 0.259362 0)
(-0.00396441 0.259646 0)
(-0.00364243 0.259903 0)
(-0.00326392 0.260153 0)
(-0.00282577 0.26037 0)
(-0.0023707 0.260554 0)
(-0.00188617 0.260704 0)
(-0.00135606 0.260828 0)
(-0.00086533 0.260916 0)
(-0.000493878 0.260969 0)
(-0.000214062 0.261004 0)
(1.80518e-05 0.261037 0)
(0.000208844 0.261059 0)
(0.000425169 0.261048 0)
(0.000885258 0.261127 0)
(0.000695128 0.261489 0)
(0.00150309 0.261362 0)
(0.00134376 0.260469 0)
(0.00489824 0.259065 0)
(0.00428324 0.258707 0)
(0.000213782 0.258812 0)
(-0.000213014 0.258722 0)
(-0.00270491 0.258832 0)
(-0.00324338 0.259035 0)
(-0.00354227 0.259262 0)
(-0.00355914 0.259506 0)
(-0.00337634 0.259747 0)
(-0.00310353 0.259972 0)
(-0.00277692 0.260179 0)
(-0.00239535 0.260366 0)
(-0.00199745 0.26052 0)
(-0.00155531 0.260653 0)
(-0.00107362 0.260759 0)
(-0.000656753 0.26083 0)
(-0.000331678 0.260874 0)
(-5.78647e-05 0.260904 0)
(0.000166933 0.260904 0)
(0.000265061 0.260935 0)
(0.000705111 0.261179 0)
(0.00207446 0.261283 0)
(0.00119756 0.261562 0)
(-0.000519883 0.260966 0)
(-0.000284849 0.260496 0)
(0.00407674 0.259253 0)
(0.0035082 0.25893 0)
(3.97391e-05 0.259019 0)
(-0.000312964 0.25895 0)
(-0.00230589 0.25906 0)
(-0.00271579 0.25924 0)
(-0.00298371 0.259419 0)
(-0.00298978 0.259624 0)
(-0.00283454 0.259837 0)
(-0.00259874 0.26003 0)
(-0.00230498 0.260207 0)
(-0.00197594 0.26035 0)
(-0.00162145 0.260494 0)
(-0.00120717 0.260609 0)
(-0.000777079 0.2607 0)
(-0.00040958 0.260763 0)
(-9.54376e-05 0.260815 0)
(0.000181578 0.260855 0)
(0.000518329 0.261023 0)
(0.000962412 0.261092 0)
(0.00169505 0.259725 0)
(0.00425901 0.259803 0)
(0.00170997 0.261352 0)
(-0.00309036 0.260151 0)
(-0.0016299 0.260356 0)
(0.00330935 0.259404 0)
(0.00281309 0.259109 0)
(-6.58472e-05 0.259225 0)
(-0.000365551 0.259154 0)
(-0.00193009 0.259244 0)
(-0.00227093 0.259381 0)
(-0.00251459 0.259581 0)
(-0.00246897 0.259771 0)
(-0.0023326 0.259902 0)
(-0.00213262 0.260054 0)
(-0.00189249 0.260187 0)
(-0.00159099 0.260375 0)
(-0.00123339 0.260456 0)
(-0.000847546 0.260563 0)
(-0.000463809 0.260627 0)
(-0.000101685 0.260679 0)
(0.000230983 0.260682 0)
(0.000521422 0.260709 0)
(0.000954204 0.259769 0)
(0.00168281 0.259492 0)
(0.00245071 0.261644 0)
(0.00489284 0.261473 0)
(0.00208435 0.259797 0)
(-0.00433421 0.261161 0)
(-0.00293092 0.259978 0)
(0.00265123 0.25957 0)
(0.00217273 0.259364 0)
(-0.000114599 0.259155 0)
(-0.00035432 0.25936 0)
(-0.00166185 0.259458 0)
(-0.00191926 0.259633 0)
(-0.00209237 0.259389 0)
(-0.0019454 0.25944 0)
(-0.00182819 0.259987 0)
(-0.00172028 0.260102 0)
(-0.00151979 0.260314 0)
(-0.00115847 0.259606 0)
(-0.000807921 0.260417 0)
(-0.000571057 0.260468 0)
(-0.000208766 0.260541 0)
(8.65323e-05 0.260526 0)
(0.000423254 0.260673 0)
(0.000886387 0.260674 0)
(0.00129382 0.260093 0)
(0.00148007 0.260314 0)
(0.00174138 0.260659 0)
(0.00327798 0.260343 0)
(0.00249972 0.259629 0)
(-0.00358235 0.261264 0)
(-0.00385187 0.259874 0)
(0.00206246 0.259732 0)
(0.00180035 0.259156 0)
(-0.000115716 0.25871 0)
(-0.000433457 0.25961 0)
(-0.00136255 0.25964 0)
(-0.00143395 0.259217 0)
(-0.00152313 0.258963 0)
(-0.0016615 0.259122 0)
(-0.00165016 0.260068 0)
(-0.00141704 0.260302 0)
(-0.00107577 0.259456 0)
(-0.000771045 0.259827 0)
(-0.00073899 0.260512 0)
(-0.00033782 0.260568 0)
(-7.43178e-05 0.260432 0)
(0.000188959 0.260633 0)
(0.000556236 0.259388 0)
(0.000917223 0.259483 0)
(0.00120292 0.262323 0)
(0.00149717 0.262474 0)
(0.00170237 0.25915 0)
(0.00154957 0.259134 0)
(0.002755 0.259993 0)
(-0.00264485 0.259908 0)
(-0.00469786 0.259923 0)
(0.00169533 0.259769 0)
(0.00134297 0.258821 0)
(-0.00028201 0.260985 0)
(-0.000412899 0.259099 0)
(-0.000958073 0.259701 0)
(-0.00109365 0.259021 0)
(-0.00134131 0.26125 0)
(-0.00137319 0.26142 0)
(-0.00131378 0.259934 0)
(-0.000963236 0.259602 0)
(-0.000696436 0.259736 0)
(-0.000703575 0.26204 0)
(-0.000551734 0.259438 0)
(-0.000112416 0.259661 0)
(0.000178421 0.260629 0)
(0.000572421 0.259264 0)
(0.000841362 0.260224 0)
(0.000709362 0.260008 0)
(0.000813661 0.260027 0)
(0.00155314 0.259727 0)
(0.00191246 0.26223 0)
(0.00153713 0.261329 0)
(0.00339309 0.25983 0)
(-0.00205938 0.260113 0)
(-0.00488821 0.259972 0)
(0.00127319 0.259293 0)
(0.000925914 0.261056 0)
(-0.000220949 0.259593 0)
(-0.000257119 0.259033 0)
(-0.00101497 0.259187 0)
(-0.00110727 0.261406 0)
(-0.00134521 0.259825 0)
(-0.000994707 0.259901 0)
(-0.000597964 0.259326 0)
(-0.000590799 0.259219 0)
(-0.000654042 0.261957 0)
(-0.000404788 0.259913 0)
(0.000207756 0.259855 0)
(9.74974e-05 0.25966 0)
(0.000389293 0.259067 0)
(0.000674435 0.2601 0)
(0.000705011 0.262292 0)
(0.00105042 0.262223 0)
(0.00135043 0.259031 0)
(0.00154168 0.259057 0)
(0.00196362 0.259614 0)
(0.00211828 0.260321 0)
(0.004534 0.259209 0)
(-0.00141153 0.260252 0)
(-0.00514081 0.260111 0)
(0.000815728 0.259234 0)
(0.000786506 0.259605 0)
(3.76302e-05 0.258756 0)
(-0.000236895 0.261326 0)
(-0.000854142 0.25924 0)
(-0.000926932 0.259713 0)
(-0.000659008 0.258823 0)
(-0.00072889 0.258812 0)
(-0.000711684 0.259794 0)
(-0.000706166 0.261615 0)
(-0.000503766 0.259773 0)
(-1.67144e-05 0.258855 0)
(3.23634e-05 0.262003 0)
(0.000279766 0.261867 0)
(0.000384427 0.259983 0)
(0.000363821 0.262293 0)
(0.000637956 0.259635 0)
(0.00140582 0.259677 0)
(0.00179946 0.261998 0)
(0.00206889 0.261963 0)
(0.00259661 0.258664 0)
(0.00238832 0.260225 0)
(0.00539208 0.260773 0)
(-0.00120935 0.259149 0)
(-0.00582675 0.260053 0)
(0.0007153 0.261261 0)
(0.000473475 0.258657 0)
(-0.000280712 0.261619 0)
(-0.000258564 0.259534 0)
(-0.000495859 0.261375 0)
(-0.000677338 0.258626 0)
(-0.00078221 0.261768 0)
(-0.000761443 0.261838 0)
(-0.000716243 0.261664 0)
(-0.000551871 0.260007 0)
(-0.000162754 0.258801 0)
(-0.000316558 0.262092 0)
(-0.000197425 0.259745 0)
(0.000378569 0.259959 0)
(0.000516506 0.262281 0)
(0.000731156 0.259521 0)
(0.00111559 0.258808 0)
(0.00098782 0.258805 0)
(0.00139414 0.259279 0)
(0.00205995 0.259106 0)
(0.00225254 0.261525 0)
(0.00180112 0.259522 0)
(0.00400631 0.259868 0)
(-0.00106033 0.258109 0)
(-0.0043229 0.258489 0)
(0.00062285 0.25961 0)
(0.000314526 0.261654 0)
(-0.000155302 0.259147 0)
(-0.000198515 0.258757 0)
(-0.000659055 0.259641 0)
(-0.000703822 0.261868 0)
(-0.000860545 0.259283 0)
(-0.000498338 0.259373 0)
(-0.000209882 0.259662 0)
(-5.02629e-05 0.258863 0)
(-0.000231378 0.262114 0)
(-3.46282e-05 0.259528 0)
(0.000416832 0.258945 0)
(0.000276365 0.258898 0)
(0.000595276 0.259502 0)
(0.000862702 0.258868 0)
(0.000913096 0.26204 0)
(0.00102584 0.261937 0)
(0.0011488 0.258647 0)
(0.000989536 0.258614 0)
(0.0011933 0.259024 0)
(0.000647072 0.258262 0)
(0.000919583 0.258284 0)
(-0.00129951 0.25864 0)
(-0.00210399 0.259232 0)
(0.000283805 0.258922 0)
(0.000363396 0.259262 0)
(0.000126959 0.258841 0)
(-0.00019016 0.261851 0)
(-0.000618549 0.258846 0)
(-0.000573712 0.259358 0)
(-0.000251144 0.258916 0)
(-0.000329055 0.258883 0)
(-0.000366911 0.258866 0)
(-0.000378233 0.262065 0)
(-0.000103386 0.259446 0)
(0.00024963 0.258829 0)
(0.00022226 0.260979 0)
(0.000252536 0.262013 0)
(0.000371735 0.258794 0)
(0.000435193 0.261942 0)
(0.000539391 0.25926 0)
(0.00114884 0.259206 0)
(0.00126947 0.261813 0)
(0.00123186 0.261675 0)
(0.000898407 0.258422 0)
(0.000268711 0.25956 0)
(0.000281963 0.259363 0)
(-0.0012151 0.259268 0)
(-0.00148868 0.259874 0)
(0.000341758 0.261701 0)
(0.000151658 0.258721 0)
(-0.000262299 0.261721 0)
(-0.000164294 0.259159 0)
(-0.000278337 0.261792 0)
(-0.00040123 0.258686 0)
(-0.000414853 0.260787 0)
(-0.000412215 0.261849 0)
(-0.00044837 0.2619 0)
(-0.000203547 0.25932 0)
(9.56077e-05 0.258761 0)
(6.14438e-06 0.261972 0)
(-5.5286e-06 0.260076 0)
(0.000284091 0.259321 0)
(0.000417878 0.260932 0)
(0.0005894 0.259765 0)
(0.000792787 0.258718 0)
(0.000525341 0.258698 0)
(0.000703688 0.259124 0)
(0.00116244 0.259024 0)
(0.000919624 0.261535 0)
(0.000233267 0.260086 0)
(0.000184521 0.259398 0)
(-0.0010155 0.259451 0)
(-0.00121584 0.259168 0)
(0.000368048 0.259171 0)
(0.000114446 0.261719 0)
(-5.97951e-05 0.259221 0)
(-0.000123656 0.258781 0)
(-0.00041155 0.259243 0)
(-0.000321445 0.261868 0)
(-0.000507152 0.260042 0)
(-0.000411161 0.259323 0)
(1.91029e-06 0.25936 0)
(0.000107769 0.258796 0)
(-0.000101923 0.261985 0)
(7.75993e-05 0.259366 0)
(0.000363609 0.261135 0)
(0.000379357 0.258799 0)
(0.00032596 0.260056 0)
(0.000511229 0.259012 0)
(0.000740478 0.261897 0)
(0.000683026 0.261841 0)
(0.000655742 0.258648 0)
(0.000495986 0.258652 0)
(0.000577997 0.259108 0)
(0.000181015 0.259736 0)
(4.19204e-05 0.260038 0)
(-0.000875646 0.259154 0)
(-0.00100707 0.259689 0)
(9.68555e-05 0.258897 0)
(0.000204549 0.259309 0)
(0.000146666 0.258856 0)
(-0.000121902 0.261873 0)
(-0.000529361 0.258835 0)
(-0.000412279 0.259345 0)
(-0.000159379 0.261106 0)
(-0.000137082 0.258842 0)
(-0.000223844 0.258827 0)
(-0.000298436 0.262005 0)
(-7.64731e-05 0.259374 0)
(4.25376e-05 0.258799 0)
(0.000160869 0.259201 0)
(0.000305757 0.261943 0)
(0.000359961 0.261004 0)
(0.000284183 0.259588 0)
(0.000367216 0.259169 0)
(0.00082962 0.259177 0)
(0.000831685 0.261806 0)
(0.000763157 0.261719 0)
(0.000595429 0.258556 0)
(-6.33947e-06 0.260035 0)
(-8.36105e-05 0.259547 0)
(-0.000750213 0.259754 0)
(-0.000855623 0.259616 0)
(0.000216858 0.26171 0)
(6.56528e-05 0.258755 0)
(-0.000239248 0.261758 0)
(-0.000138833 0.259203 0)
(-0.000182635 0.26183 0)
(-0.000450743 0.258761 0)
(-0.000318903 0.259143 0)
(-0.000131058 0.26189 0)
(-0.00027315 0.261911 0)
(-7.5254e-05 0.259307 0)
(0.000139672 0.25878 0)
(5.34964e-05 0.261974 0)
(-6.54987e-05 0.258808 0)
(2.06289e-05 0.25938 0)
(0.000487445 0.2593 0)
(0.000547968 0.260925 0)
(0.000450922 0.258832 0)
(0.000243671 0.258745 0)
(0.000323613 0.259181 0)
(0.000734518 0.259181 0)
(0.000689174 0.261775 0)
(8.5082e-05 0.259614 0)
(-1.77441e-05 0.259653 0)
(-0.0006031 0.260612 0)
(-0.000698621 0.259602 0)
(0.000304655 0.259191 0)
(8.22346e-05 0.261763 0)
(-2.47817e-06 0.259258 0)
(-3.42711e-05 0.258827 0)
(-0.000229544 0.259293 0)
(-0.00015388 0.26192 0)
(-0.000442616 0.258819 0)
(-0.000369424 0.25937 0)
(5.13399e-05 0.259374 0)
(0.000123417 0.258813 0)
(-7.9498e-05 0.261981 0)
(0.000206373 0.259345 0)
(0.000377646 0.262024 0)
(0.000239035 0.258781 0)
(0.000128476 0.258723 0)
(0.00031646 0.259828 0)
(0.000415385 0.261887 0)
(0.000391212 0.261855 0)
(0.000466199 0.258726 0)
(0.000306507 0.258717 0)
(0.000449958 0.259191 0)
(0.00016661 0.258897 0)
(-8.8254e-05 0.259692 0)
(-0.000547863 0.25998 0)
(-0.000614148 0.259493 0)
(8.65176e-05 0.258905 0)
(0.00022133 0.259324 0)
(0.000214859 0.258873 0)
(-1.71292e-05 0.26188 0)
(-0.000394364 0.25883 0)
(-0.000219452 0.259306 0)
(-6.73801e-05 0.261942 0)
(-0.000138099 0.258822 0)
(-0.00022728 0.258817 0)
(-0.000272381 0.261995 0)
(-2.84482e-05 0.259362 0)
(0.000172778 0.258834 0)
(0.000159258 0.259318 0)
(0.000173204 0.261937 0)
(0.000186833 0.261909 0)
(1.72284e-05 0.258754 0)
(9.36154e-05 0.259228 0)
(0.000581174 0.259212 0)
(0.00067537 0.260642 0)
(0.000528426 0.261762 0)
(0.000404562 0.258636 0)
(-6.1852e-07 0.260475 0)
(-8.5782e-05 0.259755 0)
(-0.000505853 0.258515 0)
(-0.00057288 0.259881 0)
(0.000222175 0.26139 0)
(0.000102926 0.258804 0)
(-0.000188808 0.261717 0)
(-7.91647e-05 0.259229 0)
(-0.000122339 0.261842 0)
(-0.000394987 0.258764 0)
(-0.00019468 0.259252 0)
(-3.60643e-05 0.261894 0)
(-0.000221707 0.261916 0)
(1.72899e-05 0.259321 0)
(0.000264335 0.258843 0)
(0.000121308 0.262031 0)
(-0.000186416 0.258844 0)
(-0.000178656 0.259384 0)
(0.000373511 0.259385 0)
(0.000407687 0.260962 0)
(0.000256306 0.258851 0)
(0.000147712 0.25884 0)
(0.000122001 0.260273 0)
(0.00033331 0.259267 0)
(0.000343706 0.261825 0)
(-2.82813e-05 0.260023 0)
(0.00012736 0.260114 0)
(-0.000311506 0.259603 0)
(-0.000523015 0.260299 0)
(0.000347559 0.259696 0)
(0.000160763 0.261617 0)
(1.9341e-05 0.259322 0)
(-2.69658e-05 0.258824 0)
(-0.000195917 0.259291 0)
(-8.16416e-05 0.261929 0)
(-0.000303084 0.258848 0)
(-0.000253978 0.259366 0)
(0.000144564 0.259395 0)
(0.000337772 0.258866 0)
(0.000114743 0.262052 0)
(0.000158621 0.259396 0)
(0.000157448 0.260928 0)
(7.76413e-05 0.258812 0)
(3.29564e-05 0.25878 0)
(0.000140652 0.26002 0)
(0.000217692 0.261892 0)
(0.00021416 0.261898 0)
(0.000268506 0.259841 0)
(0.000104083 0.258787 0)
(0.000243558 0.259242 0)
(8.98807e-05 0.259237 0)
(-9.78492e-05 0.260392 0)
(-0.000386147 0.261548 0)
(-0.000454666 0.260332 0)
(0.000247355 0.259421 0)
(0.000324181 0.259766 0)
(0.000315215 0.259051 0)
(0.00015684 0.261859 0)
(-0.000281705 0.258811 0)
(-8.32448e-05 0.259286 0)
(5.8175e-05 0.261949 0)
(2.47088e-05 0.258843 0)
(4.53272e-06 0.258819 0)
(4.47193e-05 0.261978 0)
(0.000180735 0.25932 0)
(-5.8238e-05 0.258726 0)
(-0.000151236 0.259983 0)
(-4.47915e-05 0.261865 0)
(-0.000144396 0.261855 0)
(-6.79312e-05 0.260983 0)
(9.20728e-05 0.259217 0)
(0.000471655 0.259195 0)
(0.00051111 0.259981 0)
(0.00029687 0.261814 0)
(0.000248774 0.25873 0)
(-3.12305e-05 0.261301 0)
(-0.000235136 0.259691 0)
(-0.000477461 0.259562 0)
(-0.000419979 0.260057 0)
(0.00035728 0.259829 0)
(0.000347897 0.258525 0)
(3.34803e-05 0.26059 0)
(0.000129537 0.259279 0)
(1.66253e-05 0.261908 0)
(-0.000210948 0.258843 0)
(-1.07516e-05 0.2593 0)
(9.67636e-05 0.260891 0)
(-0.000112804 0.261942 0)
(0.000159432 0.259285 0)
(0.000109734 0.258711 0)
(-0.000295545 0.261887 0)
(-0.000263465 0.261065 0)
(-0.00013385 0.25936 0)
(5.73921e-05 0.259405 0)
(0.000379981 0.259303 0)
(0.000395983 0.258887 0)
(2.25272e-05 0.258882 0)
(3.75974e-05 0.261278 0)
(0.00023738 0.259295 0)
(0.000219164 0.260873 0)
(-0.000144665 0.259287 0)
(-1.76604e-05 0.259613 0)
(-0.000341633 0.259074 0)
(-0.000443385 0.259814 0)
(0.000617264 0.259789 0)
(0.000545759 0.260389 0)
(0.000153406 0.260059 0)
(-1.75002e-05 0.25892 0)
(-1.84278e-05 0.259356 0)
(8.22874e-05 0.261805 0)
(-0.000137698 0.258904 0)
(-0.000222343 0.260159 0)
(1.74044e-05 0.259397 0)
(5.94491e-05 0.25888 0)
(-0.000209815 0.261981 0)
(-0.000152769 0.259424 0)
(0.000386106 0.259369 0)
(0.000418602 0.258954 0)
(0.00013107 0.258923 0)
(6.63797e-05 0.258881 0)
(6.66961e-05 0.26203 0)
(-5.14195e-05 0.262013 0)
(0.000151298 0.258954 0)
(0.000415371 0.258895 0)
(0.000252592 0.260175 0)
(-9.1689e-05 0.258926 0)
(-0.000235377 0.259977 0)
(-0.000529774 0.26104 0)
(-0.00054658 0.25914 0)
(0.000743082 0.260304 0)
(0.000755643 0.261056 0)
(0.000410537 0.260871 0)
(0.000356887 0.261849 0)
(-0.000136485 0.258907 0)
(4.24491e-05 0.26052 0)
(-2.26042e-05 0.262012 0)
(-2.2313e-05 0.261094 0)
(-2.78947e-05 0.258817 0)
(-0.000290891 0.261958 0)
(-5.3379e-05 0.260355 0)
(0.000226081 0.258725 0)
(0.000213597 0.258689 0)
(0.000148152 0.2619 0)
(-7.94334e-05 0.261905 0)
(-0.000146969 0.261927 0)
(-8.90299e-05 0.259347 0)
(0.000342678 0.259348 0)
(0.000443799 0.258838 0)
(0.000213231 0.261969 0)
(0.000215841 0.26095 0)
(-0.000179661 0.261864 0)
(-0.00038294 0.260351 0)
(-0.000762147 0.25925 0)
(-0.000722561 0.260006 0)
(0.000957318 0.259849 0)
(0.000961573 0.259905 0)
(0.000512126 0.259309 0)
(0.000728069 0.259516 0)
(0.000165698 0.261103 0)
(-0.000124817 0.258676 0)
(-0.000151938 0.25934 0)
(2.68972e-05 0.259313 0)
(-0.000195488 0.261843 0)
(-0.000358881 0.259201 0)
(-9.64379e-05 0.258357 0)
(0.000105616 0.261761 0)
(6.52404e-05 0.261718 0)
(0.000121294 0.259147 0)
(0.000197148 0.259237 0)
(0.00032812 0.259271 0)
(0.000469754 0.258736 0)
(0.000291787 0.258782 0)
(0.000165946 0.261958 0)
(-2.18208e-05 0.259364 0)
(4.90968e-05 0.259482 0)
(-0.00046288 0.259572 0)
(-0.000389891 0.260018 0)
(-0.00095227 0.259835 0)
(-0.00104649 0.260238 0)
(0.0012723 0.259081 0)
(0.0012928 0.258479 0)
(0.000426711 0.258982 0)
(0.00043366 0.258594 0)
(0.000194739 0.259619 0)
(-7.13185e-05 0.258932 0)
(-0.000457748 0.258664 0)
(-0.000617779 0.258473 0)
(-0.000326065 0.258664 0)
(-0.00046059 0.258508 0)
(-0.000459347 0.258832 0)
(-0.000124253 0.258737 0)
(0.000360554 0.258756 0)
(0.000622649 0.258438 0)
(0.000552729 0.258447 0)
(0.00052936 0.258509 0)
(0.0004982 0.260346 0)
(0.000372309 0.260385 0)
(0.000344646 0.258792 0)
(0.000531189 0.258866 0)
(0.000147759 0.25879 0)
(-0.000243089 0.258773 0)
(-0.00020208 0.259598 0)
(-0.00129107 0.260327 0)
(-0.0014256 0.259457 0)
(0.00130311 0.259571 0)
(0.00105883 0.259582 0)
(-7.45258e-05 0.259623 0)
(4.94358e-05 0.259754 0)
(-0.000141241 0.259229 0)
(-0.000592076 0.259597 0)
(-0.000812813 0.259795 0)
(-0.000823407 0.259758 0)
(-0.000846101 0.258351 0)
(-0.000547822 0.259855 0)
(-0.0004456 0.259547 0)
(-0.00024413 0.258221 0)
(3.82905e-05 0.258231 0)
(0.000358749 0.259925 0)
(0.000523919 0.259894 0)
(0.000624462 0.259896 0)
(0.000824887 0.259579 0)
(0.0010763 0.259713 0)
(0.0012792 0.258584 0)
(0.000653253 0.260046 0)
(0.000357211 0.259581 0)
(0.000428662 0.259518 0)
(0.000873644 0.259253 0)
(-0.00082596 0.259298 0)
(-0.0016989 0.259572 0)
(0.00276184 0.269314 0)
(0.00180993 0.268312 0)
(-0.000425712 0.266585 0)
(0.000264996 0.266165 0)
(-0.000156616 0.26622 0)
(-0.000863943 0.266521 0)
(-0.0011825 0.265697 0)
(-0.00118437 0.265612 0)
(-0.00113256 0.266508 0)
(-0.000842674 0.265371 0)
(-0.000433412 0.265925 0)
(-0.000132228 0.266274 0)
(9.48243e-05 0.266278 0)
(0.0004851 0.265276 0)
(0.000920625 0.265177 0)
(0.00113324 0.265061 0)
(0.00135062 0.265308 0)
(0.00164386 0.265399 0)
(0.00177312 0.266403 0)
(0.000569653 0.265342 0)
(0.000234308 0.265063 0)
(0.000733839 0.264592 0)
(0.00206336 0.265215 0)
(-0.000965844 0.267557 0)
(-0.00332327 0.268208 0)
(-0.00383164 0.280944 0)
(-0.00710548 0.275792 0)
(-0.00450712 0.275463 0)
(-0.0016842 0.274941 0)
(-0.00143007 0.274764 0)
(-0.0022387 0.275035 0)
(-0.00266715 0.275225 0)
(-0.00241186 0.275322 0)
(-0.00198724 0.27528 0)
(-0.00153941 0.275479 0)
(-0.000940735 0.275581 0)
(-0.000316622 0.275516 0)
(2.79606e-05 0.275536 0)
(-6.10103e-05 0.275553 0)
(-7.6675e-05 0.275428 0)
(0.000738559 0.275261 0)
(0.00205908 0.274875 0)
(0.00291343 0.274835 0)
(0.00231666 0.274933 0)
(-0.000418413 0.275412 0)
(-0.00223626 0.274615 0)
(0.00159271 0.27433 0)
(0.00868969 0.274974 0)
(0.00899382 0.275568 0)
(0.00322367 0.279538 0)
(-0.0209009 0.317032 0)
(-0.0262669 0.315032 0)
(-0.0107655 0.322972 0)
(-0.00513028 0.323616 0)
(-0.0014402 0.322943 0)
(-0.000681366 0.323343 0)
(-0.000662823 0.324841 0)
(-0.000559449 0.326151 0)
(-0.000491381 0.326882 0)
(-0.000365549 0.327505 0)
(-0.000231714 0.328252 0)
(-0.000125852 0.328335 0)
(-0.000120385 0.32771 0)
(-0.000227532 0.327126 0)
(-0.000215812 0.32842 0)
(2.83202e-05 0.330514 0)
(0.000365223 0.329903 0)
(0.000475295 0.327157 0)
(6.99163e-06 0.324378 0)
(-0.000385236 0.324166 0)
(0.00186386 0.325797 0)
(0.00532541 0.348667 0)
(0.0102525 0.330121 0)
(0.0249571 0.316363 0)
(0.0192635 0.320419 0)
(-0.016916 0.116796 0)
(-0.0274422 0.122863 0)
(-0.0148739 0.130591 0)
(-0.00511803 0.135248 0)
(-0.00096148 0.136325 0)
(-0.000445773 0.135731 0)
(-0.000826685 0.135068 0)
(-0.000976444 0.134786 0)
(-0.0009256 0.134652 0)
(-0.000765056 0.134683 0)
(-0.000426848 0.134738 0)
(8.24756e-07 0.134718 0)
(0.000192598 0.134603 0)
(-5.16517e-05 0.134716 0)
(-0.000229947 0.135339 0)
(0.000395145 0.136209 0)
(0.00143092 0.136228 0)
(0.00173006 0.135832 0)
(0.000686962 0.136388 0)
(-0.00111819 0.138336 0)
(-0.00186458 0.13966 0)
(0.00535038 0.147976 0)
(0.0179324 0.135905 0)
(0.0287323 0.125612 0)
(0.0170685 0.119857 0)
(-0.0324341 0.0955913 0)
(-0.0386799 0.118866 0)
(-0.014929 0.130948 0)
(-0.00428564 0.13949 0)
(0.00070977 0.141131 0)
(0.00166292 0.138288 0)
(0.00101504 0.134585 0)
(0.000227534 0.132321 0)
(-0.000167903 0.13133 0)
(-0.000194471 0.130734 0)
(-4.34427e-05 0.130305 0)
(0.000125668 0.130197 0)
(0.000227117 0.130623 0)
(0.000343144 0.131218 0)
(0.000520574 0.130971 0)
(0.0006166 0.130413 0)
(0.000451057 0.130909 0)
(-0.00028543 0.132856 0)
(-0.00159715 0.137051 0)
(-0.00249161 0.142098 0)
(-0.00107379 0.14463 0)
(0.00408181 0.138321 0)
(0.014858 0.133776 0)
(0.0393497 0.121124 0)
(0.0325982 0.0940485 0)
(-0.206267 0.069068 0)
(-0.108166 0.242586 0)
(-0.0435086 0.219568 0)
(-0.0140317 0.201415 0)
(-0.00198319 0.193549 0)
(0.000921827 0.183691 0)
(-3.80033e-05 0.174048 0)
(-0.00171567 0.167271 0)
(-0.00225129 0.163061 0)
(-0.00103988 0.160356 0)
(0.00190519 0.15871 0)
(0.00562345 0.158058 0)
(0.00852781 0.158499 0)
(0.00917353 0.159591 0)
(0.00750474 0.160411 0)
(0.00542127 0.16143 0)
(0.00354411 0.163961 0)
(0.000527565 0.168943 0)
(-0.00390994 0.177661 0)
(-0.00693482 0.189415 0)
(-0.00313103 0.200677 0)
(0.0126205 0.20525 0)
(0.0472384 0.227432 0)
(0.116565 0.241582 0)
(0.208196 0.0534918 0)
(-0.313454 -0.10443 0)
(-0.230023 0.325398 0)
(-0.0512698 0.324223 0)
(-0.0269155 0.312438 0)
(-0.0267902 0.289238 0)
(-0.0325143 0.267522 0)
(-0.0346115 0.253186 0)
(-0.0315601 0.245414 0)
(-0.0203828 0.240313 0)
(-0.000593467 0.234778 0)
(0.0249027 0.227206 0)
(0.0512329 0.226548 0)
(0.0740975 0.231313 0)
(0.0869949 0.234287 0)
(0.0846911 0.236705 0)
(0.0759009 0.239216 0)
(0.0605845 0.241469 0)
(0.0426185 0.244353 0)
(0.0210587 0.253378 0)
(0.00113932 0.2731 0)
(-0.00831715 0.299463 0)
(0.00208191 0.318951 0)
(0.0478779 0.318977 0)
(0.245905 0.307974 0)
(0.30074 -0.132026 0)
(-0.187989 -0.100531 0)
(-0.377991 0.382586 0)
(0.0180052 0.420443 0)
(0.0378821 0.291643 0)
(0.0193271 0.216171 0)
(0.000289877 0.158663 0)
(-0.0115187 0.129194 0)
(-0.0104227 0.105392 0)
(0.00270518 0.0716468 0)
(0.0210724 0.0379605 0)
(0.0393983 0.0240452 0)
(0.0597721 0.0230851 0)
(0.0765426 0.0434828 0)
(0.0905766 0.105566 0)
(0.0910947 0.160245 0)
(0.0826068 0.191191 0)
(0.069354 0.200941 0)
(0.0468356 0.195177 0)
(0.00996082 0.186402 0)
(-0.0344184 0.195002 0)
(-0.0643926 0.231603 0)
(-0.0623233 0.290076 0)
(-0.00984296 0.40295 0)
(0.40176 0.34641 0)
(0.178883 -0.163343 0)
(-0.0027828 0.241894 0)
(-0.0022529 0.240522 0)
(0.00376116 0.233297 0)
(0.00996707 0.21898 0)
(0.00344453 0.213903 0)
(0.00166832 0.209759 0)
(0.00142317 0.207334 0)
(0.00223011 0.20579 0)
(0.002744 0.206506 0)
(0.00325971 0.207003 0)
(0.00425608 0.206222 0)
(0.00491202 0.204256 0)
(0.00548796 0.199772 0)
(0.00647755 0.197146 0)
(0.00881444 0.203932 0)
(0.00952895 0.210755 0)
(0.00919554 0.215023 0)
(0.00632329 0.216352 0)
(0.00160277 0.217854 0)
(-0.00477344 0.221255 0)
(-0.00940659 0.221315 0)
(-0.0120971 0.223591 0)
(-0.0046699 0.228649 0)
(-0.00188996 0.238239 0)
(0.000457116 0.240244 0)
(-0.00190782 0.253863 0)
(0.000237802 0.25412 0)
(0.000807395 0.256107 0)
(-0.000198028 0.258502 0)
(0.000134655 0.254758 0)
(0.000547504 0.252156 0)
(0.000796881 0.250999 0)
(0.000852155 0.249794 0)
(0.000719055 0.248506 0)
(0.000821996 0.247006 0)
(0.00108761 0.245243 0)
(0.00163893 0.243176 0)
(0.00232704 0.241339 0)
(0.00219612 0.244816 0)
(0.00222428 0.250875 0)
(0.00182521 0.256517 0)
(0.000882738 0.261337 0)
(-0.000195241 0.26417 0)
(-0.00143051 0.267323 0)
(-0.00300325 0.267738 0)
(-0.002609 0.261763 0)
(-0.00229489 0.258634 0)
(-0.00231487 0.252114 0)
(-0.00106606 0.24837 0)
(0.00145133 0.247859 0)
)
;

boundaryField
{
    inlet
    {
        type            calculated;
        value           uniform (0 0.1 0);
    }
    outlet
    {
        type            calculated;
        value           nonuniform List<vector> 
25
(
(-0.0543053 0.253863 0)
(-0.0238957 0.25412 0)
(-0.0407372 0.256107 0)
(-0.0409721 0.258502 0)
(-0.0247593 0.254758 0)
(0 0.252156 0)
(0 0.250999 0)
(0 0.249794 0)
(0 0.248506 0)
(0 0.247006 0)
(0 0.245243 0)
(0 0.243176 0)
(0 0.241339 0)
(0 0.244816 0)
(0.0153326 0.250875 0)
(0.0200943 0.256517 0)
(0.0220535 0.261337 0)
(0.0230752 0.26417 0)
(0.0244544 0.267323 0)
(0.028998 0.267738 0)
(0.0383391 0.261763 0)
(0.0441008 0.258634 0)
(0.042944 0.252114 0)
(0.0243998 0.24837 0)
(0.0527359 0.247859 0)
)
;
    }
    walls
    {
        type            calculated;
        value           uniform (0 0 0);
    }
    defaultFaces
    {
        type            empty;
    }
}


// ************************************************************************* //
