/*--------------------------------*- C++ -*----------------------------------*\
| =========                 |                                                 |
| \\      /  F ield         | OpenFOAM: The Open Source CFD Toolbox           |
|  \\    /   O peration     | Version:  2312                                  |
|   \\  /    A nd           | Website:  www.openfoam.com                      |
|    \\/     M anipulation  |                                                 |
\*---------------------------------------------------------------------------*/
FoamFile
{
    version     2.0;
    format      ascii;
    arch        "LSB;label=32;scalar=64";
    class       volScalarField;
    location    "0.32/water";
    object      rhom;
}
// * * * * * * * * * * * * * * * * * * * * * * * * * * * * * * * * * * * * * //

dimensions      [1 -3 0 0 0 0 0];

internalField   nonuniform List<scalar> 
1503
(
913.774198763
948.534513155
985.613234897
996.404667915
999.312128943
999.889642437
999.985420897
999.998858164
999.999976778
999.999999816
999.999999999
1000
1000
1000
1000
1000
1000
1000
1000
1000
693.767842673
869.368279102
946.082247766
981.680341055
994.155602987
998.403356477
999.628933024
999.933068674
999.99329491
999.999861121
999.999999611
999.999999999
1000
1000
1000
1000
1000
1000
1000
1000
693.682244294
826.448311402
914.262158359
963.421249845
985.83950793
995.194950486
998.624333002
999.68654341
999.953625115
999.997575724
999.999990483
999.999999988
1000
1000
1000
1000
1000
1000
1000
1000
693.682926074
787.734043127
875.266032708
936.156857902
971.17547758
988.772758363
996.345648057
999.048523494
999.824772365
999.984011509
999.99977379
999.999999738
1000
1000
1000
1000
1000
1000
1000
1000
699.931920854
764.379394967
835.840683053
899.474217123
946.327878171
975.778542844
991.086272233
997.438239416
999.466255368
999.935099533
999.997630925
999.999996015
999.999999997
1000
1000
1000
1000
1000
1000
1000
712.56799657
756.866650279
806.933432312
861.442338242
912.373802459
952.953725407
979.556810237
993.24288559
998.424697053
999.774770261
999.986561429
999.999915816
999.999999948
1000
1000
1000
1000
1000
1000
1000
725.20821607
758.57998813
791.588509484
831.575448175
877.292387406
922.514301212
959.516584568
983.73374029
995.467680805
999.236792205
999.939842765
999.998931721
999.999999327
1000
1000
1000
1000
1000
1000
1000
732.149401521
761.027685403
784.947722483
812.870841118
849.765292634
892.291072837
933.680719892
967.23497076
988.461781402
997.549209733
999.750289421
999.992000111
999.999990329
999.999999997
1000
1000
1000
1000
1000
1000
737.316404371
761.399746491
777.914833552
798.990057237
829.42358304
867.045550537
907.197147656
945.068583332
975.41272698
993.078618443
999.036295176
999.951772153
999.99961543
999.999999933
1000
1000
1000
1000
1000
1000
736.998891936
757.020381786
768.698177002
786.247069593
812.856717253
846.221271958
882.674628322
920.247547115
955.989690862
983.473485751
996.709519231
999.739055223
999.994526384
999.999998476
999.999999999
1000
1000
1000
1000
1000
721.795297432
744.821831566
758.209597844
773.977816722
797.198032981
826.912629166
859.978674655
895.176000128
931.856110833
966.721791593
990.378715106
998.759116682
999.948080811
999.99965656
999.999999945
1000
1000
1000
1000
1000
703.080582744
735.666189849
750.848836176
763.531430968
782.232153415
808.26638998
838.800107689
871.421378047
906.095119579
943.077670029
976.612446443
995.121164518
999.620058684
999.992454584
999.999996736
999.999999999
1000
1000
1000
1000
704.103661408
734.845844412
749.363467985
759.622709506
774.192049102
795.633992121
822.462246502
851.888126096
882.593724847
916.316890854
954.062817718
985.192696681
997.997273317
999.919930372
999.999447498
999.999999923
1000
1000
1000
1000
701.974762478
735.874692037
747.708274295
758.775554766
773.758890378
794.043323516
816.390157846
840.140080569
864.616094736
891.60034319
926.542748054
966.580589093
992.735053703
999.474901338
999.991281853
999.999995145
999.999999999
1000
1000
1000
703.938016136
738.835665624
747.275454742
758.896840065
775.030783117
795.865356003
817.398638036
836.016870047
853.389426788
872.594564624
901.095808999
942.841735649
981.859623828
997.853827636
999.936021257
999.999718043
999.999999971
1000
1000
1000
702.014122958
744.017673062
749.378525918
761.597938471
779.913040104
801.836480558
821.942302977
837.033362386
847.746898731
860.287322318
882.868775357
921.651504752
967.306361935
994.24449122
999.726383989
999.997577969
999.999999226
1000
1000
1000
704.028192373
750.725512422
756.753756212
770.130532127
790.071634383
812.444772716
829.915879226
839.483817885
844.952482629
853.261701896
872.038918377
907.011752955
953.612194373
989.05961065
999.244558743
999.989727847
999.999987449
999.999999997
1000
1000
702.753455293
757.827458195
769.314898859
784.753315288
804.480884352
824.634703512
837.266923362
841.020235972
842.990325333
848.776940322
864.876793879
896.615835572
942.464444511
983.364379595
998.458268668
999.970721067
999.999931122
999.999999981
1000
1000
704.21119822
763.447490525
779.057306756
796.936836731
815.219297214
831.082696445
839.002296166
840.33877293
840.164776286
843.776962664
857.237152652
885.863268687
931.15512739
976.643215008
997.17633589
999.923254471
999.999669741
999.999999945
1000
1000
704.142689204
767.065463991
781.584905488
798.517183297
815.958710958
830.615633123
837.057540317
836.218891485
834.317169483
835.866373083
845.803530155
870.284004427
914.032131883
965.249992894
994.293583004
999.754026022
999.997989747
999.999999868
1000
1000
712.776247889
770.026218096
780.107018744
794.252498269
810.53615841
823.956166758
828.791630625
827.173062507
825.230256022
826.2020437
832.526932222
848.489734726
884.801117976
941.305309548
986.104289093
998.99476584
999.984224131
999.999988588
1000
1000
726.50992392
767.787858163
769.284208251
776.750183268
791.854315567
806.967545709
814.145806197
816.024805506
818.22779139
823.949431062
828.336275936
830.579070014
847.495323686
899.269417883
964.625650539
995.664170597
999.867574733
999.999328359
999.999999983
1000
726.899644205
750.402569499
744.051538342
746.342119035
763.066866316
784.618491218
798.805351484
807.654157925
817.275547774
825.761983157
829.390728612
829.47510487
829.821017032
857.241115869
925.666256465
984.429211458
999.100899147
999.988767903
999.999994393
1000
718.917495042
720.830826543
711.583206038
715.193168226
735.671288209
763.849220177
786.165209554
802.777125742
818.633495897
831.917282724
835.237951528
830.992798436
829.862427523
834.677983073
884.649485623
961.098283203
995.879531161
999.896783944
999.999623179
999.999999988
704.389843158
697.787923717
690.016641951
695.371827955
715.844734351
747.100962281
776.150819999
800.37170215
822.4199865
841.790390764
845.537313873
838.098190749
830.444848466
831.220259493
861.128825827
933.083956977
987.92179373
999.436242589
999.994825467
999.999999447
691.875082583
688.001052498
683.926498118
686.763841335
703.677549586
735.476706562
769.381670932
800.065417205
828.051079501
849.455226776
850.421534022
847.207067063
836.194719306
832.913616459
852.217961347
911.382073462
975.993367505
998.131285257
999.969770846
999.999974696
682.740879081
684.519797133
683.530978922
684.167517425
698.400712478
729.903825245
766.989893347
801.914414127
835.337622426
850.421490914
850.540285925
850.421529197
846.272661168
838.638457372
850.105806359
896.707783736
963.060580824
995.726687928
999.892595816
999.99959383
674.375900348
683.311238674
683.444546989
684.126931468
698.083060427
729.439220202
767.89496108
807.665318246
843.733515135
850.538100324
850.421498983
850.697159691
850.415515079
847.005157844
849.566299056
884.136222448
949.81769075
992.152674268
999.714622803
999.99805226
667.646822356
683.414479211
683.547883986
684.763037525
699.719755856
731.978219048
773.319969155
817.167592529
849.466923473
850.421456639
850.802631747
850.421501116
850.794128386
850.421509134
847.272888361
870.520439307
934.6685102
986.84797099
999.324213248
999.993094432
665.53570005
685.765669747
683.638613276
687.400654533
705.500332275
740.25953193
784.567134736
829.325089852
850.421404096
850.682434266
850.421472393
851.040269731
850.421495697
850.829482468
837.996338768
852.940798109
915.939921491
978.52685939
998.443598611
999.977536099
662.493324328
689.821721519
686.632014694
693.278736151
715.526577446
753.609850829
799.385996202
841.532496876
850.54927567
850.421434078
851.04507827
850.421479187
851.242301174
850.421485909
825.440662023
836.135467326
894.474237084
965.825146812
996.538175246
999.929907827
662.000042907
694.898017483
693.680545581
702.802375872
728.840761505
769.754345796
815.215176651
849.219686484
850.421385403
850.919210956
850.421453716
851.339374389
850.421475472
848.699315519
818.831066002
825.745630416
874.313121083
949.809395204
993.082678911
999.801277373
659.682355804
700.650646291
704.297284895
717.004611192
745.674240192
787.636846214
830.985316452
850.421316645
850.743951148
850.421418806
851.279034926
850.421460417
851.462660884
837.912764999
818.445866734
820.555186664
859.796157879
934.27251624
988.046741355
999.509032546
661.66398171
707.534652762
716.349050822
734.552588039
765.572093358
806.419119681
844.620092656
850.599949615
850.421373127
851.17789069
850.421436727
851.482946726
850.421454218
827.578287852
818.345279142
818.789724072
851.871135607
921.812882051
981.855386716
998.949726395
658.970994972
716.521893652
730.256239794
754.183235737
787.290572126
824.656003023
850.40214588
850.421306344
851.030655201
850.421404266
851.482923848
850.421439912
848.042218831
818.783933499
818.445839711
819.036794508
847.50659133
911.222988947
974.700702693
998.036132714
661.230710003
728.6004692
747.668510381
775.4792821
808.038065474
838.876493282
850.421183744
850.898113725
850.421360354
851.411307903
850.421416035
851.484826268
831.507090358
818.445824305
818.402142517
819.520844998
842.403150339
898.892829676
966.026793043
996.705054437
658.970263803
745.727719602
770.160049913
797.9186612
823.943524983
843.965630195
850.684513631
850.421293684
851.31688151
850.421383043
851.465381831
846.099346138
826.970098245
821.021754249
819.891892932
819.373321145
833.096839382
881.945524755
954.89792328
994.79912382
661.662561757
769.714240205
797.192679723
819.368803652
832.639883439
842.556450381
847.795445519
846.773814142
844.080177563
844.085262095
845.846642571
842.665450077
836.546379001
831.904806134
825.350827937
817.124579726
817.838557218
861.119497056
940.570834992
991.784940158
1000
1000
1000
1000
1000
1000
1000
1000
1000
1000
1000
1000
1000
1000
1000
1000
1000
1000
1000
1000
1000
1000
1000
1000
1000
1000
1000
1000
1000
1000
1000
1000
1000
1000
1000
1000
1000
1000
1000
1000
1000
1000
1000
1000
1000
1000
1000
1000
1000
1000
1000
1000
1000
1000
1000
1000
1000
1000
1000
1000
1000
1000
1000
1000
1000
1000
1000
1000
1000
1000
1000
1000
1000
1000
1000
1000
1000
1000
1000
1000
1000
1000
1000
1000
1000
1000
1000
1000
1000
1000
1000
1000
1000
1000
1000
1000
1000
1000
1000
1000
1000
1000
1000
1000
1000
1000
1000
1000
1000
1000
1000
1000
1000
1000
1000
1000
1000
1000
1000
1000
1000
1000
1000
1000
1000
1000
1000
1000
1000
1000
1000
1000
1000
1000
1000
1000
1000
1000
1000
1000
1000
1000
1000
1000
1000
1000
1000
1000
1000
1000
1000
1000
1000
1000
1000
1000
1000
1000
1000
1000
1000
1000
1000
1000
1000
1000
1000
1000
1000
1000
1000
1000
1000
1000
1000
1000
1000
1000
1000
1000
1000
1000
1000
1000
1000
1000
1000
1000
1000
1000
1000
1000
1000
1000
1000
1000
1000
1000
1000
1000
1000
1000
1000
1000
1000
1000
1000
1000
1000
1000
1000
1000
1000
1000
1000
1000
1000
1000
1000
1000
1000
1000
1000
1000
1000
1000
1000
1000
1000
1000
1000
1000
1000
1000
1000
1000
1000
1000
1000
1000
1000
1000
1000
1000
1000
1000
1000
1000
1000
1000
1000
1000
1000
1000
1000
1000
1000
1000
1000
1000
1000
1000
1000
1000
1000
1000
1000
1000
1000
1000
1000
1000
1000
1000
1000
1000
1000
1000
1000
1000
1000
1000
1000
1000
1000
1000
1000
1000
1000
1000
1000
1000
1000
1000
1000
1000
1000
1000
1000
1000
1000
1000
1000
1000
1000
1000
1000
1000
1000
1000
1000
1000
1000
1000
1000
1000
1000
1000
1000
1000
1000
1000
1000
1000
1000
1000
1000
1000
1000
1000
1000
1000
1000
1000
1000
1000
1000
1000
1000
1000
1000
1000
1000
1000
1000
1000
1000
1000
1000
1000
1000
1000
1000
1000
1000
1000
1000
1000
1000
1000
1000
1000
1000
1000
1000
1000
1000
1000
1000
1000
1000
1000
1000
1000
1000
1000
1000
1000
1000
1000
1000
1000
1000
1000
1000
1000
1000
1000
1000
1000
1000
1000
1000
1000
1000
1000
1000
1000
1000
1000
1000
1000
1000
1000
1000
1000
1000
1000
1000
1000
1000
1000
1000
1000
1000
1000
1000
1000
1000
1000
1000
1000
1000
1000
1000
1000
1000
1000
1000
1000
1000
1000
1000
1000
1000
1000
1000
1000
1000
1000
1000
1000
1000
1000
1000
1000
1000
1000
1000
1000
1000
1000
1000
1000
1000
1000
1000
1000
1000
1000
1000
1000
1000
1000
1000
1000
1000
1000
1000
1000
1000
1000
1000
1000
1000
1000
1000
1000
1000
1000
1000
1000
1000
1000
1000
1000
1000
1000
1000
1000
1000
1000
1000
1000
1000
1000
1000
1000
1000
1000
1000
1000
1000
1000
1000
1000
1000
1000
1000
1000
1000
1000
1000
1000
1000
1000
1000
1000
1000
1000
999.999999997
1000
1000
1000
1000
1000
1000
1000
1000
1000
1000
1000
1000
1000
1000
1000
1000
1000
1000
1000
999.999999965
1000
1000
1000
1000
1000
1000
1000
1000
1000
1000
1000
1000
1000
1000
1000
1000
1000
1000
1000
999.999999439
1000
1000
1000
1000
1000
1000
1000
1000
1000
1000
1000
1000
1000
1000
1000
1000
1000
1000
1000
999.999986837
1000
1000
1000
1000
1000
1000
1000
1000
1000
1000
1000
1000
1000
1000
1000
1000
1000
1000
1000
999.999889001
1000
1000
1000
1000
1000
1000
1000
1000
1000
1000
1000
1000
1000
1000
1000
1000
1000
1000
1000
999.999425208
1000
1000
1000
1000
1000
1000
1000
1000
1000
1000
1000
1000
1000
1000
1000
1000
1000
1000
1000
999.997765407
1000
1000
1000
1000
1000
1000
1000
1000
1000
1000
1000
1000
1000
1000
1000
1000
1000
1000
1000
999.992840918
1000
1000
1000
1000
1000
1000
1000
1000
1000
1000
1000
1000
1000
1000
1000
1000
1000
1000
1000
999.981570796
1000
1000
1000
1000
1000
1000
1000
1000
1000
1000
1000
1000
1000
1000
1000
1000
1000
1000
1000
999.961492376
1000
1000
1000
1000
1000
1000
1000
1000
1000
1000
1000
1000
1000
1000
1000
1000
1000
1000
1000
999.926261569
1000
1000
1000
1000
1000
1000
1000
1000
1000
1000
1000
1000
1000
1000
1000
1000
1000
1000
1000
999.849077271
1000
1000
)
;

boundaryField
{
    emptyPatch
    {
        type            empty;
    }
    minY
    {
        type            calculated;
        value           uniform 1000;
    }
    maxY
    {
        type            calculated;
        value           nonuniform List<scalar> 0();
    }
    water_to_cooler
    {
        type            calculated;
        value           nonuniform List<scalar> 
37
(
1000
1000
1000
1000
1000
1000
1000
1000
1000
1000
1000
1000
1000
1000
1000
1000
1000
1000
1000
1000
1000
1000
1000
1000
1000
1000
1000
1000
1000
1000
1000
1000
1000
1000
1000
1000
1000
)
;
    }
    water_to_heater
    {
        type            calculated;
        value           nonuniform List<scalar> 
61
(
913.715376734
693.600342724
693.600388295
693.51777614
693.517789238
693.517549182
693.51754987
699.76753867
712.406949501
725.050802008
725.050795606
731.993784586
731.993779295
737.162420569
737.162416014
736.844529453
721.635101229
702.913245453
702.913242421
703.93778927
703.93778643
701.808048238
701.808045297
703.772536483
701.847745424
703.862917993
703.862914786
702.587299146
702.587295706
704.045548073
704.045544158
703.976585186
712.612754566
726.351297194
726.351293025
726.740412792
726.74040863
718.755148071
718.755143589
704.222626678
691.704495294
682.568446186
682.568441822
674.201750109
674.20174593
667.471558048
667.471553805
665.360396463
662.317074458
661.823891701
661.823887665
659.505255608
659.5052514
661.487946396
661.487941848
658.793852295
661.054944276
658.793845409
658.793841105
661.487925126
661.487920858
)
;
    }
    procBoundary2to3
    {
        type            processor;
        value           nonuniform List<scalar> 
41
(
660.887153491
799.039927007
818.449197999
829.850511692
832.59552069
834.120895348
833.621050293
832.529827348
834.487825455
841.212214807
849.17609727
853.59906424
853.311850903
845.767025559
829.483031418
810.263601986
804.833991399
842.673027133
921.970237323
986.465972351
1000
1000
1000
1000
1000
1000
1000
1000
1000
1000
1000
1000
1000
1000
1000
1000
1000
999.645855564
999.999592814
1000
1000
)
;
    }
}


// ************************************************************************* //
