/*--------------------------------*- C++ -*----------------------------------*\
| =========                 |                                                 |
| \\      /  F ield         | OpenFOAM: The Open Source CFD Toolbox           |
|  \\    /   O peration     | Version:  2312                                  |
|   \\  /    A nd           | Website:  www.openfoam.com                      |
|    \\/     M anipulation  |                                                 |
\*---------------------------------------------------------------------------*/
FoamFile
{
    version     2.0;
    format      ascii;
    arch        "LSB;label=32;scalar=64";
    class       volScalarField;
    location    "0.545/water";
    object      rhom;
}
// * * * * * * * * * * * * * * * * * * * * * * * * * * * * * * * * * * * * * //

dimensions      [1 -3 0 0 0 0 0];

internalField   nonuniform List<scalar> 
1496
(
596.840766202
621.520892677
633.932746202
642.004923179
651.481838488
669.939474174
704.66550467
752.011448703
802.709440247
849.316489968
886.846999719
903.934722843
906.133148988
906.194466917
906.166381212
906.371648827
906.166406933
846.788161227
677.579501411
627.890630565
639.699824566
639.279985941
638.795205056
640.332946053
647.898933605
665.631435424
700.266628408
750.517128536
807.116831018
861.460830453
899.600036857
906.166302436
906.271675993
906.166360019
906.42833501
906.166393692
896.150938178
756.262459514
647.833081178
631.503542612
672.838258552
649.465387757
639.759785646
639.96230813
644.50767705
662.240529916
698.916074227
751.168042243
811.286376208
868.588117224
903.146561857
906.242484855
906.166334551
906.459096215
906.16637743
906.591145021
853.7770011
690.817120316
648.782909306
643.70647688
673.253068677
656.35001468
641.774254117
640.14281726
644.171631467
662.958031785
701.483249094
756.383095948
818.822435455
876.288574414
905.160657417
906.16630222
906.412105666
906.16635729
906.682394721
902.962958062
789.557451719
671.39115432
655.748594065
658.62845712
665.939347826
662.860999653
648.907247074
643.014250052
648.057174899
669.51946546
711.481155563
768.892597741
831.939651339
886.648019458
906.164872567
906.285635542
906.166332985
906.588810784
906.166366415
879.901964809
739.935415498
671.666258094
663.871334133
666.488686731
664.483194413
676.454544928
663.212215474
656.125621478
662.375038538
686.8750555
731.615950207
789.897843217
851.543323905
898.416245903
906.244986682
906.166304796
906.559584813
906.166347593
905.442964583
835.804922934
724.137314233
679.48177369
669.7353699
667.878641316
666.385263241
701.643099815
687.724793833
683.628442994
691.227096894
717.854019489
763.175823097
820.029242021
876.902944986
905.687009053
906.166272587
906.512024508
906.16632656
906.67119486
884.888303986
799.35401906
729.458339091
694.610604968
675.233234147
668.315481759
665.214954841
741.813315544
725.837187571
725.782661079
735.196114755
762.365645644
805.626639854
857.69190602
900.1570418
906.166236469
906.509766752
906.166303489
906.668659251
898.412321097
847.504122358
796.115697107
751.06450687
713.803285182
682.655330666
669.516575299
667.360738992
789.412220367
774.040154652
776.556315709
787.463982706
813.21439765
852.119404883
893.389109641
906.166193723
906.494387347
906.166275606
906.712744978
903.34077991
867.463478794
837.220017165
812.370730836
781.350513494
735.43928983
694.32344237
673.611940786
666.722674083
818.575808331
814.236907436
817.02328232
826.972420406
852.213379963
886.307378827
906.166139488
906.41251318
906.166238272
906.715821189
906.166280386
879.30773924
853.050151653
845.095737278
841.454679881
811.579884431
760.514234773
712.935784388
683.737376199
699.113331706
819.548283023
819.762687457
820.915010306
833.232553466
862.24764171
893.388908685
906.345549291
906.166184391
906.715774065
904.339196949
884.163050124
858.955978447
855.199405858
857.486531901
858.128067069
838.702650983
791.744879706
740.992062485
703.568392864
745.890869724
805.537462992
801.481489036
804.966277211
823.005917655
853.738661008
881.544131672
893.329271133
892.28049986
883.107105797
864.421759775
847.083205114
847.042748754
855.202995626
859.464693122
859.46115752
855.25176385
827.489606985
780.264943447
737.117689037
734.153484212
734.968275315
745.435657903
757.692935435
781.181607343
805.426749855
818.729080496
819.618329383
809.076346991
791.731261887
778.662509602
786.643121922
812.338137877
835.252769608
850.001276329
856.855772284
856.198034981
849.957998615
825.322646727
785.088192732
662.623834454
644.149886865
677.314132341
696.633277551
716.789833898
729.07766346
730.905111713
723.004670432
710.339058058
701.666682415
699.324733364
709.636570782
734.014459841
763.799366903
797.701869252
828.850083082
847.706438093
851.593413043
851.271728203
836.205075938
599.496376196
609.10580433
629.051019388
641.581871563
655.933742294
671.93071789
683.519508141
686.712363499
684.182903949
681.669319791
679.439629495
679.741035572
685.320245502
700.808569505
727.818564787
765.773449538
807.259377974
839.819129877
854.68137421
864.601269444
598.710931959
606.290813016
611.662562297
611.863687561
615.482536115
628.486531433
648.418295814
668.129637052
681.680171441
686.425329868
686.862073324
685.058526777
686.650394464
696.185388333
713.105915401
737.582403525
769.759911724
808.998283457
845.126519789
866.76626613
601.524136656
609.572605042
609.667591918
609.036566838
609.742680739
609.345982337
618.236661649
641.069217772
668.936318207
692.277259901
709.576060065
712.184322698
712.085332968
714.688293524
724.466519835
742.412581794
768.242588753
799.701917741
835.327260357
866.300971341
627.232608244
621.898162267
610.373500534
609.723797279
609.075147248
609.805352425
609.26759353
616.821669175
640.985531502
678.660664715
712.227267062
741.60417933
755.244444881
757.895445712
760.949709155
769.008685353
784.097497414
807.785023846
838.930421291
871.076006017
659.542388378
638.664466983
615.415280243
609.342793526
609.795354405
609.159961494
609.88065444
609.60971465
620.716023369
652.521935451
697.625507921
737.817938636
769.8050162
792.161027317
801.510220069
808.71737948
818.851508495
834.834807561
858.296527049
887.819097346
668.11039678
652.526358815
626.196646571
610.047755962
609.461530189
609.875568066
609.574978894
609.97123858
615.756583084
637.291120709
675.515919344
720.672429638
762.110970029
794.943815577
820.507347931
838.968548705
854.58975269
869.865646071
887.260770026
908.641068959
668.152228358
663.349338115
641.720195162
619.044233343
612.219364442
610.801935588
610.699160387
611.447159129
618.276735177
636.917721357
666.614204095
705.856177406
749.052722075
790.541916703
827.06624565
858.087537285
879.270027547
891.124822071
900.589023763
912.972383811
664.447153002
674.456863524
659.513943218
639.049199723
627.293966859
623.584408104
622.870621689
624.131578467
629.893249628
643.790107598
669.404287068
705.561046273
747.769242894
791.924541556
836.368041619
872.641273855
887.310205793
892.271747033
894.443300543
891.383130454
662.377143366
689.357325341
680.610645498
667.966059646
657.494027025
652.063928463
650.004533723
650.400620663
653.821789895
664.487438971
686.612861761
720.779912123
763.702612979
810.938612806
853.520696415
875.301860044
878.283026352
863.222322241
823.068578456
776.783350491
660.010469243
707.085033975
706.071655876
702.537373538
695.889706392
689.225541573
685.020040974
684.607730223
688.097037447
701.558610063
728.37228542
766.22473848
807.195611829
833.798438637
848.266697703
840.409334292
795.063968668
731.593373325
682.531974488
657.628195331
661.95706544
724.514795346
737.611860103
740.561756077
736.217558785
728.190879728
722.714116294
723.48189424
732.554518621
756.460545193
790.931857231
811.878297209
812.369390173
810.329890632
766.857723509
704.171446141
654.671678287
631.944751828
625.740413355
625.7403594
660.213772124
742.124165391
770.27437
778.921598397
774.761471553
766.354959753
763.213299624
768.4726489
787.11274038
809.436390474
810.285717652
801.884547284
752.782359797
684.986906222
639.270596486
624.515566277
622.692303467
623.493241372
623.089200538
623.493281944
662.373454709
762.728651944
802.30183901
813.249963314
809.113558746
802.961139934
804.673464805
816.064813559
824.74443097
819.554190338
773.07699209
688.018883522
634.540687331
622.506864486
623.493126855
622.212752505
623.493233092
622.621022056
623.493274642
624.727932928
661.86435963
789.591568634
832.373464896
840.201508917
836.152102978
834.256825133
838.623506114
842.576893172
828.587411433
752.177696211
646.61802673
623.492930062
621.769770038
623.493098719
621.902199185
623.493211135
622.357393376
623.493262613
623.18946165
631.930049572
671.512232285
823.388629245
854.189558941
855.905999929
855.835316167
855.702236349
855.821129833
845.551629641
760.124750573
635.202456552
623.492898727
621.535065826
623.493054405
621.673116897
623.493171432
622.18152628
623.493238707
622.823806188
623.493267743
647.485737444
707.661593279
850.587595374
856.041977289
855.950430688
856.698757478
857.073923513
856.249598818
820.340907259
668.312698453
623.49285315
621.542426524
623.493000893
621.553669695
623.493117311
622.062028074
623.493199648
622.748370967
623.493246764
626.947804823
670.198166105
757.437293694
856.130322363
855.946952745
857.164746653
857.521561099
858.219571295
856.959166673
784.876476685
652.346733906
622.256459698
623.492946519
621.70456807
623.493057971
622.154199456
623.493148751
622.777172289
623.493213146
623.327358028
643.40505465
699.970317204
811.95433087
855.938309776
857.864966435
857.520799532
858.645847297
858.326393239
857.90564953
760.279350697
669.138286132
633.646269203
622.542724678
623.493002365
622.668410031
623.493094375
623.01203551
623.493169477
624.595943209
634.83433591
675.048007716
733.48469732
850.594918972
857.980727532
857.518386468
858.667972072
858.326340029
858.853637147
839.826880983
765.920117982
709.774479895
672.053755246
649.731661362
639.562837936
635.900296394
634.867463567
635.275347081
637.458871703
645.56132227
669.988677635
716.961782009
763.717850347
849.343156981
826.947732641
839.760580265
855.081968023
858.785769865
859.024098865
841.976376239
806.387304406
773.070175775
738.84728562
711.764446853
694.5356481
685.144351766
681.410554144
680.828839548
683.897409345
695.550847335
722.452934267
758.391502182
783.369976232
768.892280573
700.410393964
754.808967822
804.492475227
843.430655746
860.739718408
862.636386547
861.998992498
850.040207492
826.231367629
802.008787176
782.320925161
768.712711634
760.512760539
756.38132528
755.654217162
760.869271315
773.462391119
785.961176894
791.643456139
637.163413607
605.108330685
637.111140906
670.872584447
723.539154954
782.974289714
835.251307791
867.054309453
885.432723527
885.00274947
882.351768693
871.742686699
858.876879533
847.806720318
838.445766278
828.861279471
817.878988049
806.693597057
798.767413114
796.551124137
585.465280343
583.059149124
591.926741173
598.304629435
613.051155161
644.292239435
700.780542744
778.788664379
846.363529619
883.703344158
899.210658281
908.144998916
911.782092122
911.320339163
907.200830144
894.612434489
866.39021453
832.19626996
810.711463132
805.699232932
649.918250706
682.38357466
702.814826042
716.648908251
758.99009415
845.130153006
939.407194982
989.654683049
999.52309776
999.978718098
999.980538982
999.980797262
998.186004238
822.723906232
774.085927458
996.549762052
627.101785693
627.262846018
627.091009719
629.118370109
650.61500846
672.295450824
689.177837711
716.889323587
776.388001125
872.36206594
958.609873707
994.856461012
999.857362763
999.980648394
999.980675458
999.98077419
981.585595639
758.878645281
820.235579865
998.312417769
628.803888599
627.700211106
627.814065997
636.233346746
653.627946886
671.086194893
690.170363631
728.636542919
807.003708767
905.975332975
976.893493371
998.251944286
999.966695991
999.980812217
999.980804799
999.918724776
919.007635431
753.369215033
855.095309447
999.113891025
641.415719564
638.668793411
637.886413937
647.805607395
659.886068695
675.226244416
702.149292192
759.64930024
851.254501614
942.620292232
990.986834012
999.688175494
999.980776057
999.980813634
999.980878302
998.492853033
834.538211335
753.991108129
872.805300845
999.344009832
663.155365429
661.954288527
658.895265307
664.125409208
673.751335037
693.337000712
735.258306094
811.085120647
904.510417301
975.241779205
998.167218635
999.968752073
999.980819086
999.980885157
999.980813634
987.160191733
771.048271418
753.241549742
885.114424586
999.426152491
679.695049708
687.715631193
685.358860071
688.042112609
701.199880126
732.044070999
790.638074738
874.742317567
954.425744775
993.976601473
999.827420696
999.980819085
999.980897864
999.980819085
999.980184618
947.591679027
753.223353051
753.991092247
899.981915735
999.576259667
682.839825131
704.997865556
712.617686481
720.359432242
742.662333917
786.876502167
853.972512714
930.366618803
984.118551609
999.050663997
999.960273629
999.980881292
999.9808228
999.981034175
999.879355653
879.350195895
753.991076661
755.411691682
919.81754152
999.758825358
681.437402778
709.264797607
733.514826972
753.657696847
786.938677419
838.443453975
893.482697327
952.89816676
992.91249157
999.684805945
999.968802622
999.980822799
999.981034174
999.980822799
998.136854722
800.553973492
752.6896064
777.298485313
941.636110284
999.870281896
678.871207051
708.071368627
740.879738997
774.220457016
814.707893438
860.143885525
897.151041479
952.884490858
993.98819435
999.726867321
999.967785679
999.976535621
999.980822797
999.981037343
981.993457176
753.394613858
753.991042668
803.258669613
961.184859423
999.892651514
678.117781798
705.29724191
740.661316315
779.202588125
820.915649126
860.446252067
892.767371253
943.377869546
991.779576934
999.62704085
999.955677203
999.966819493
999.977320185
999.959791892
925.76695154
753.99101593
753.460818033
829.084041209
976.691996172
999.892564386
680.181432992
704.722896914
740.264192458
780.126699347
821.270065507
858.986262119
887.847910227
924.093242617
983.531780452
999.09063768
999.918354061
999.95873538
999.967026233
999.690162393
863.580535924
752.25185475
763.024618442
854.533382204
987.007449013
999.89274384
690.815214379
708.563103604
742.816998896
782.954549033
823.036514523
859.485498043
888.818405062
914.075941264
969.018118563
997.127651758
999.797179415
999.944055298
999.943431432
998.446947336
830.720804191
753.990981593
787.789882069
875.235388055
992.078217807
999.892654289
717.21557672
724.231999133
755.583362511
793.355428203
830.902431928
865.487795868
896.291176683
915.830342012
950.170450398
990.349065055
999.229332247
999.891514465
999.889467631
996.706928888
830.208902188
752.334317625
802.834565677
887.157352997
993.021647842
999.892829918
761.105362564
758.242345157
784.562545767
816.261608137
849.037735692
881.360218495
912.82329097
926.783235383
939.128095944
974.081821673
996.081501908
999.588769916
999.744648778
994.612323492
828.229532334
753.990957082
809.73311299
887.186166689
991.696012689
999.892722588
815.475399168
808.550803968
826.424626121
850.136532038
877.462075904
907.308198391
934.513121336
942.087115398
940.697634998
954.197247191
984.396968859
997.751383669
999.036152382
983.436048067
793.082709021
755.155752332
812.226274907
880.498491422
985.205927669
999.892872541
860.598266726
859.234151855
870.403258514
889.305651587
913.847831831
938.09743832
949.526855676
950.044342204
947.32889321
944.511099816
963.546045673
989.575607692
990.50894873
904.797923893
743.032992697
765.689608058
804.149330275
861.598499616
970.523071379
999.892741085
882.476278686
893.100926385
908.037797978
929.234245267
946.667796484
950.943692839
950.943413718
950.937746944
949.193912669
937.03410803
925.245024507
922.264506745
868.605157467
753.948786884
740.778611173
763.231932799
784.69215275
836.677191992
951.24708972
999.748841476
892.016962098
913.748375083
938.743186315
950.782675428
950.943670849
950.946678347
950.943671767
940.862522228
917.397254213
868.766854499
771.599341219
694.694665865
651.20618421
678.168652636
733.625675681
747.873324255
767.071857192
809.802674124
931.175039851
999.44483171
902.498284195
934.669582142
950.946660292
950.943658382
950.946665173
944.887672167
897.752284445
873.171001031
850.172902848
750.811961741
623.584777125
601.62636633
603.12551838
615.642325724
714.750831875
726.772653819
753.219091597
792.039928978
918.242487166
999.240408143
919.03542219
950.234172277
950.943652334
950.946659627
928.267275896
851.488462322
850.109791448
860.63778956
823.878199633
677.253645633
600.54479181
603.125502688
600.878035489
603.125503338
714.038143016
716.245567277
746.950871535
787.434013531
914.812748425
999.110098435
932.269956433
950.506386361
950.946657144
901.260174103
820.10282371
818.459082591
858.452617579
883.93739033
800.125876301
632.552814071
603.125484501
600.174578306
603.125488888
602.726819087
706.949024221
710.732369998
744.56171378
790.134685049
918.986616816
999.086542653
930.473191609
931.767689496
871.814945498
787.067483523
792.159454596
840.82203014
902.160538634
901.373560385
767.611532914
612.445097584
599.890438827
603.125474733
601.320319837
605.776113053
697.565228805
706.853774551
744.251512495
796.80514562
926.136751917
999.214503669
877.37519372
822.390632884
754.294338315
764.964674117
814.473362832
877.024560501
919.659764343
908.295330493
750.391713047
607.35585801
603.125457659
600.206837843
603.125459274
615.376696863
688.776546959
704.861748172
746.487875361
806.559210788
934.536816924
999.373184326
736.549216451
713.622041881
735.129844813
781.615789463
841.923896319
892.202782786
921.661178321
912.349736555
756.434114537
609.231719375
600.049777021
603.125443991
601.664821514
629.795237797
683.416397002
704.563857959
752.198405598
819.203024264
943.661610129
999.537617641
655.949119788
690.839712435
742.504658129
801.259577928
854.987766104
895.431546308
921.714269062
913.521947565
771.52201194
613.456206721
603.125424791
600.478295721
603.125424231
651.677402091
685.503118491
708.176952457
762.166998427
833.750201607
952.5141006
999.675287203
645.217215781
693.081703969
756.223433102
815.755716817
862.854634406
894.927683411
913.588120634
906.991889396
787.671723015
619.329493403
600.123879518
603.125403999
602.15494627
678.428967868
687.916037836
715.898087402
774.573380611
847.887332936
958.588809025
999.734596601
648.957853718
707.441309607
774.845695735
830.045650028
868.991707742
889.765810209
898.774732798
896.192480189
797.143365347
622.138677508
603.125380527
600.90921252
603.125378004
700.021961352
693.959082669
728.453889664
789.976968558
861.41997541
962.387265465
999.748145582
662.397013331
730.683017173
794.978087793
842.449849387
870.318607525
878.896526402
884.805317893
893.275278232
796.099465105
620.319362132
600.295644886
603.125356534
602.833023682
710.980264508
706.221261584
746.666494025
808.659951197
874.811449865
964.858928105
999.747702681
683.62705755
754.518338226
812.645682021
848.952764035
863.738009259
866.097768777
877.353365146
897.986195488
807.752359231
612.947359028
603.125331963
601.584196522
607.508965529
719.429735501
725.781159463
770.901399718
830.237936117
888.135797207
967.165443518
999.727284222
709.267101284
776.875392452
825.182528246
848.211486473
850.154663834
856.939346846
882.362873762
898.180867435
806.976958884
603.319449998
600.704841911
603.125298997
626.739254047
734.362217766
753.298781675
800.169154385
852.612466931
900.013212991
968.89951487
999.691880558
736.808862904
796.467911562
828.684695081
837.443801706
839.710809772
860.081143346
904.117654822
897.772341333
732.359769714
601.556166615
603.125269124
602.508943231
664.167289753
754.723353589
783.833217289
829.216068244
871.692628663
908.582078343
968.922099959
999.617490724
763.608935023
807.149245395
824.221866601
826.74123889
840.891683457
876.454540282
914.041850321
889.538953346
628.165630315
603.125227124
600.784224332
605.964088235
702.622829604
772.536528967
812.129468547
852.953035004
885.932381302
913.91350423
966.46954423
999.479099759
783.836937371
807.77588068
816.004082589
828.193798805
860.45405912
913.090229123
914.206387343
782.50884163
603.125180637
601.125032132
603.12514722
616.66015155
739.678242838
795.088529184
837.994887859
872.720834078
897.169875783
917.488615184
963.392374333
999.306758712
792.286935381
805.376075062
817.559344294
846.518998403
896.112235942
913.544909877
870.379672842
630.655650595
601.386202603
603.125077928
602.187735958
639.323082866
767.267514101
820.823505402
862.224086809
889.926158192
906.447514417
919.932036241
960.583681926
999.108089903
794.675369792
807.184881943
834.236944285
882.886300651
915.304118399
903.167656385
718.691015808
602.112521107
603.124974963
602.213911943
605.85228674
677.031742515
784.532399214
844.114971743
883.130042283
904.41056172
913.35380316
921.295086841
958.770887064
998.942293514
797.325761597
820.257718795
870.357780249
915.304848939
915.040833346
811.006410018
628.798930781
603.124851499
602.19930453
604.821611235
628.373522998
720.863872186
806.304691736
865.491528648
901.688617752
916.18551191
916.346447052
920.418650571
959.124301745
998.946522844
805.582629868
848.285187087
904.660307895
928.407898096
885.190912237
722.892129423
622.250448001
602.708531175
607.931858441
631.178661135
684.503599054
769.874646844
839.456943068
890.005845492
918.62295568
919.834658783
913.654657639
919.346927199
966.1130152
999.298626955
827.945179818
888.464994821
927.079098731
930.529241939
868.294770028
712.727119414
626.36443737
604.383246197
621.340987614
676.997013595
753.006418774
829.700251473
889.847583338
928.641556323
937.391037492
920.543514496
901.496426831
932.371878793
988.861075197
999.863037186
)
;

boundaryField
{
    emptyPatch
    {
        type            empty;
    }
    minY
    {
        type            calculated;
        value           nonuniform List<scalar> 0();
    }
    maxY
    {
        type            calculated;
        value           nonuniform List<scalar> 
40
(
585.465278066
583.059145979
591.926737756
598.304626066
613.051151952
644.292236459
700.780542561
778.788665183
846.363526701
883.703338059
899.210650369
908.144989598
911.782081747
911.320327863
907.200817968
894.612420926
866.390198116
832.19625004
810.711440319
805.69920809
827.945156119
888.464979682
927.079090553
930.529236689
868.294764223
712.727110519
626.364432052
604.383240803
621.340982902
676.997015765
753.006418334
829.70025018
889.847581563
928.641554756
937.391035898
920.543512275
901.496423823
932.3718766
988.861074834
999.863037181
)
;
    }
    water_to_cooler
    {
        type            calculated;
        value           nonuniform List<scalar> 
38
(
996.549762126
998.312417806
999.113891044
999.344009846
999.426152502
999.576259676
999.758825362
999.870281899
999.892651516
999.892564388
999.892743842
999.892654292
999.892829921
999.892722591
999.892872544
999.892741088
999.748841484
999.444831728
999.240408171
999.110098472
999.086542695
999.214503711
999.373184366
999.537617675
999.675287231
999.73459663
999.748145618
999.747702736
999.727284323
999.691880778
999.617491271
999.479101213
999.306762303
999.108097694
998.942307773
998.946544204
999.298650814
999.863044577
)
;
    }
    water_to_heater
    {
        type            calculated;
        value           nonuniform List<scalar> 
59
(
596.726139027
596.726154367
639.55635164
672.681111134
673.083861978
673.083859667
665.763356542
665.763351635
664.305826431
664.305818429
666.209099152
665.038629376
667.185559702
667.185550124
666.545222474
666.545212953
698.944699915
698.944691442
745.740644315
733.997183591
662.451259321
662.451251867
599.347345083
599.347346339
598.582390391
598.582397789
601.396762184
627.085788508
659.382962948
659.38294811
667.943287221
667.943268452
667.981258677
667.981239679
664.273814689
662.203193028
659.835993129
659.835975439
661.784193293
661.784175802
660.041145301
660.04112854
662.203119319
661.69402817
671.341156079
671.341147806
707.499235028
707.499233232
757.293068573
757.293073238
811.835254094
850.496237874
849.243298214
849.243308482
768.753763737
768.753781126
637.000266098
637.000284138
585.338768073
)
;
    }
    procBoundary0to1
    {
        type            processor;
        value           nonuniform List<scalar> 
41
(
569.840358875
603.333217762
624.199936176
640.665503329
652.396172313
672.008940815
707.732390866
751.496977233
789.408143655
821.514813832
849.835059979
873.201884417
888.728426695
898.336150212
904.261287273
906.166400804
906.333925824
898.216865403
780.042126704
644.172472848
651.364124906
709.065174347
742.425251234
730.982719996
753.927310573
826.303031528
923.140195511
984.398846199
999.034111105
999.97218411
999.980166238
999.980774192
999.926258861
904.915824688
770.156754952
994.088960311
627.262848001
626.818231532
627.262862446
627.185756885
627.185756885
)
;
    }
}


// ************************************************************************* //
