/*--------------------------------*- C++ -*----------------------------------*\
| =========                 |                                                 |
| \\      /  F ield         | OpenFOAM: The Open Source CFD Toolbox           |
|  \\    /   O peration     | Version:  2312                                  |
|   \\  /    A nd           | Website:  www.openfoam.com                      |
|    \\/     M anipulation  |                                                 |
\*---------------------------------------------------------------------------*/
FoamFile
{
    version     2.0;
    format      ascii;
    arch        "LSB;label=32;scalar=64";
    class       volScalarField;
    location    "0.5/water";
    object      km;
}
// * * * * * * * * * * * * * * * * * * * * * * * * * * * * * * * * * * * * * //

dimensions      [0 2 -2 0 0 0 0];

internalField   nonuniform List<scalar> 
1503
(
0.0357425280991
0.00837454402483
0.001567406418
0.000312649601416
0.000148454799016
0.000138465506441
0.000140076642125
0.00014126196638
0.000141759618029
0.000141723857486
0.00014133026344
0.000140759635403
0.00014015047849
0.000139587479781
0.000139111255317
0.000138732575934
0.000138445271042
0.000138235778034
0.00013808919827
0.000137992557736
0.488625698001
0.152143020782
0.0417669455172
0.00961326636007
0.00178599600472
0.000351737659597
0.000155244296221
0.000140984889654
0.000142358412304
0.00014303101375
0.00014296552464
0.000142510312655
0.000141853774256
0.000141121392817
0.00014040445816
0.000139762647984
0.000139226461111
0.000138803853546
0.000138488852178
0.000138269361569
0.682360696118
0.256425360566
0.0919073656344
0.0295038371614
0.00764271784606
0.00152133047649
0.000313345601646
0.000152747513882
0.000142474582892
0.000143484073439
0.000143944510571
0.000143797336378
0.000143312899277
0.00014263486343
0.000141865179594
0.000141088766731
0.000140371628946
0.00013975666321
0.000139264509067
0.000138899092068
0.835051521206
0.332970819388
0.132108469199
0.0504124718296
0.0169449306106
0.00445398652606
0.000890778157645
0.000222586785958
0.000147071343262
0.000143615960523
0.000144364080452
0.000144572749925
0.000144341133491
0.000143836796153
0.000143158499781
0.000142388304977
0.000141603705269
0.000140871847155
0.000140241777814
0.000139741929777
0.909747321305
0.38102176699
0.160558645837
0.0671055261861
0.0262645844233
0.00873958082332
0.00216978770401
0.000441834157782
0.000169183855203
0.000144863671555
0.000144485261411
0.000144951823804
0.000144974191564
0.00014467438543
0.000144150191195
0.000143472582642
0.000142712373047
0.000141942906139
0.000141231176533
0.000140628468991
0.914000862564
0.403642471651
0.179447437136
0.0796150431755
0.0341008545849
0.0132131198445
0.00411867359917
0.000933195699557
0.00023771721593
0.00015080055953
0.000144782654906
0.000145081815202
0.000145297617366
0.000145188584225
0.000144830667293
0.000144282940015
0.00014360252422
0.000142856006626
0.000142115540761
0.000141447552724
0.900491164332
0.413406109163
0.190879017487
0.0879600726803
0.0398084958298
0.0170493309837
0.00631033451731
0.00175886697368
0.0004026101113
0.000170357596705
0.000146319453256
0.000145170690668
0.000145416154191
0.000145458053367
0.000145256422781
0.000144848393413
0.000144274797639
0.000143589217095
0.000142859579231
0.000142158884599
0.917351000066
0.423886011737
0.198176740784
0.0932350766359
0.0438509258024
0.0201407353361
0.00847491733647
0.00288416970812
0.000733988101456
0.000225300863565
0.000152183531863
0.000145664283301
0.000145492153801
0.000145600077974
0.000145527858096
0.000145251467421
0.000144789583069
0.000144180210323
0.000143482027343
0.000142767824716
0.954800721648
0.437306637532
0.203468115036
0.0968824882529
0.0469713044007
0.0227664013777
0.0105207240033
0.00422065805337
0.00130841502012
0.000360832799155
0.000172506974198
0.00014780440693
0.000145811767147
0.000145773703524
0.000145771513506
0.000145598463774
0.000145231731324
0.000144690797223
0.000144023049138
0.000143298647717
1.00582722272
0.448345852123
0.207747674913
0.100218990122
0.0498002883216
0.0251146165896
0.012450505029
0.00567630433349
0.00212660791727
0.000641100477835
0.000233980552199
0.000155728879341
0.000146954401903
0.000146176266468
0.000146114978297
0.000145989658891
0.000145680039672
0.000145178295265
0.000144520322486
0.000143773156026
1.02275845339
0.455337535607
0.212293066997
0.103606158789
0.0524702570912
0.0272847411293
0.0142961925906
0.00717421267589
0.00315035540309
0.00110434247962
0.000378640422517
0.000182877019773
0.000150393686518
0.000147064097551
0.000146666567934
0.000146496888996
0.000146186445159
0.000145677913534
0.00014499470473
0.000144200320187
1.02132366176
0.457463540392
0.215050901656
0.106150131403
0.0546880585304
0.0292146322537
0.0159734936957
0.00863345568749
0.00426193272171
0.00172750675676
0.000632270073704
0.000258152161971
0.000160665189951
0.000148862657293
0.000147503742241
0.000147150271942
0.000146765970195
0.0001461954986
0.000145445370582
0.000144575134203
1.01498180703
0.456175952649
0.215940951818
0.107583717505
0.056237292966
0.0307540667468
0.0174146459619
0.00993154712002
0.00531745683163
0.0024005774504
0.000951367865459
0.000404520370807
0.00018891320302
0.000152460215575
0.000148670235482
0.000147935545136
0.000147399059097
0.000146712457649
0.000145856302118
0.000144885205048
1.01162508755
0.455186577569
0.215848572201
0.108130186616
0.0571456673781
0.0318554993798
0.0185555332664
0.0109794303291
0.00621472102387
0.0030152866809
0.00127053272058
0.00059491276086
0.000250907010122
0.000159928028161
0.000150227006923
0.000148819487549
0.000148054273886
0.000147206435369
0.000146213655855
0.000145124792265
1.01446925958
0.455822341861
0.215802011382
0.108169756675
0.0575811173616
0.0326009233314
0.0194074465189
0.0117792985781
0.0069111532276
0.00352689487759
0.0015461547907
0.000775872514103
0.00035216008046
0.000174351133216
0.000152280942754
0.000149772827951
0.000148712315266
0.000147671544516
0.000146523189686
0.000145308026069
1.02502470008
0.459732924933
0.21697816386
0.108616208471
0.0580700753555
0.0332190608447
0.0200478312076
0.0123690853237
0.00743687510252
0.00396825631813
0.00179881860703
0.000931210067131
0.000474339977132
0.00020186860197
0.000155491851644
0.00015084961062
0.000149383708052
0.000148129437581
0.000146818525817
0.000145473830276
1.04597869403
0.467660050296
0.220245908398
0.110260393264
0.0591070099815
0.0339267102802
0.0205696893427
0.0128303335982
0.00789656869514
0.00442222740045
0.00208769953015
0.00108620809778
0.000604955840424
0.00025844220138
0.000162022885883
0.00015228062263
0.000150123769207
0.000148630793669
0.000147156964186
0.000145679740139
1.07570737496
0.480005733152
0.226364837685
0.11364114859
0.0609089051362
0.03478668763
0.0210200533866
0.0132189096328
0.00835473891322
0.00493300024948
0.00247914100191
0.00127178548252
0.000755736662671
0.00036080887524
0.000179743180382
0.000154966190465
0.000151100169606
0.00014925508776
0.000147605804681
0.000145987084251
1.10635653271
0.496625152129
0.236400204502
0.119312773727
0.0635002717969
0.035684748863
0.0213244318236
0.0135119997835
0.00881001849372
0.00551618062451
0.00296294286268
0.00150103567324
0.000942147748435
0.000525853260926
0.000232460077784
0.000161204371501
0.000152645480521
0.000150102375578
0.000148224823246
0.000146444371155
1.12613043319
0.52284418353
0.25338658639
0.127109210345
0.0659987674244
0.0361187875243
0.021345652135
0.0137189131355
0.00923544501977
0.00606611320101
0.00342904733837
0.00175568182655
0.00115020111781
0.000758909418067
0.000359431497994
0.00017781551333
0.000155384032869
0.000151275763844
0.000149048586537
0.000147074974367
1.19362641574
0.567101574387
0.274068286888
0.133963806074
0.0676415702991
0.0363510714073
0.0215621624838
0.013985041203
0.00958912966826
0.00653380327431
0.00386466732023
0.00192765921828
0.00131556993144
0.00101003998952
0.000579610806908
0.000225159071268
0.000160718146562
0.000152876735267
0.000150079164303
0.000147875074911
1.33107468612
0.617552734351
0.289458131597
0.138882574395
0.0699775849736
0.037779349511
0.0223154736829
0.0144259032038
0.00996365842577
0.00696663281965
0.00427462413747
0.0020786738886
0.00135156625234
0.00118422394632
0.000837630199564
0.000335474852045
0.000172112394667
0.000155058190569
0.000151287715689
0.000148815655622
1.46572638679
0.648204882312
0.299494845091
0.144527091864
0.0737797390239
0.0401538082768
0.0235849895764
0.0150889876145
0.010413531106
0.00741537684661
0.00469307545535
0.00224461682245
0.00136387694937
0.00123750431648
0.00103543227608
0.000510253144594
0.000196328487629
0.000158075336176
0.000152615247008
0.000149841172079
1.50996846359
0.666766239326
0.308128775471
0.150172339653
0.0775225905896
0.0424626359119
0.0248815342508
0.0158056120876
0.0109156194276
0.00789241398516
0.00509988524141
0.00243022305793
0.00139145990352
0.00124845325159
0.00113919042889
0.000691622376613
0.000240772057269
0.0001624021476
0.00015399494522
0.000150871523625
1.52817912504
0.676003599798
0.313423536937
0.153865675486
0.080062386746
0.0441418607211
0.0259100120734
0.0164509343325
0.0114585386213
0.00838817805381
0.00548308586521
0.00262976983569
0.00143904390515
0.00127510720669
0.00120104212542
0.00083373180375
0.000307255709242
0.000168804436954
0.000155378417742
0.000151811619401
1.53683763037
0.681073820817
0.317092383871
0.156232518809
0.0816508359921
0.0452589310323
0.0266831950671
0.0170672674085
0.0120520759244
0.00887219691289
0.00585315946557
0.0028628000657
0.0015193501888
0.00133624766766
0.00127086835223
0.000946113656832
0.00039549628352
0.000178396949926
0.000156774132336
0.0001525791351
1.53881603882
0.684516554081
0.320085211239
0.157903285482
0.0827278366733
0.0460811839871
0.0273733844488
0.0177454183738
0.0126777814772
0.00932752485137
0.00621409040658
0.00312929937321
0.00164301818271
0.00143623390373
0.0013748812986
0.00106271096472
0.000509216227191
0.000194595091803
0.000158450397386
0.00015317197166
1.54787970237
0.687701687534
0.322096576404
0.159030564813
0.083586604443
0.0468252253801
0.028079313443
0.0184667696968
0.0132647057237
0.00973359728336
0.00654668442832
0.00339857919863
0.00179392905433
0.00156452174506
0.00150097264466
0.00120615315711
0.000654324118074
0.000227551474342
0.000161169886885
0.0001536991252
1.5667425163
0.694545107719
0.324735195086
0.160353348316
0.0844874271469
0.0475647016516
0.028783212479
0.0191404893112
0.0137407237304
0.0100599538886
0.00681885923003
0.00363282030447
0.00194410196504
0.00169456233284
0.00163536004313
0.00137986795679
0.000833946571233
0.000295129621453
0.000166213300452
0.000154348001824
1.59096805977
0.703319111279
0.328169611205
0.161759067028
0.0852466522405
0.0481487845038
0.0293697107843
0.0196474847002
0.0140519193212
0.0102720769203
0.00699889068689
0.00380545793805
0.00206809413612
0.00179594665592
0.00175247141724
0.00155389120869
0.00103373763634
0.00041084531087
0.000176087949876
0.000155402594916
1.61283505435
0.712126039489
0.331611163175
0.163004235348
0.0857876232022
0.048532249552
0.0297650742458
0.019915452848
0.0141810400629
0.0103494637048
0.00707429088057
0.00391739876627
0.00215596968704
0.00186644752211
0.00184915864502
0.001667421258
0.0012210187105
0.000564644257668
0.000196819873628
0.000157318620953
1.63336574284
0.718362954224
0.333645719158
0.163677634103
0.0860802417173
0.0487282875326
0.0299156824933
0.0199209663254
0.0141276596659
0.0102874514221
0.00705167006827
0.00398354193102
0.0022162590694
0.00192301127834
0.00192430671592
0.00175675632573
0.00137235890342
0.000730723470225
0.000239757261889
0.000160712503663
1.65054501088
0.720537922842
0.333526854507
0.163704359673
0.0861282091048
0.0486653096064
0.0297174205282
0.0196468312417
0.0138853359828
0.0100813504766
0.00693747569395
0.00400723794195
0.00227104719942
0.00196981063793
0.00197602902924
0.00183024022963
0.00149330071768
0.000896870018548
0.000318813284198
0.000166664236275
1.659125487
0.71724618939
0.331603701915
0.163705743337
0.086260784766
0.0484071474631
0.0292141597918
0.0191571805525
0.0134799800073
0.00974419282527
0.00672960745709
0.00399706748973
0.00234342699654
0.00199787885818
0.00200143163327
0.00188938149234
0.00160681740515
0.0010675912824
0.000442159276067
0.000178650401835
1.61160136731
0.701669897981
0.329934028203
0.165219902453
0.0870438759316
0.0481739844183
0.0286149147648
0.0185792690683
0.0129767269086
0.00932024349186
0.00647511861156
0.00401831509463
0.00241926226167
0.00199348183586
0.00199285928381
0.00193519674986
0.0017218307394
0.00125096555651
0.000608256764067
0.000205983394709
1.50887349586
0.68535953803
0.333609093544
0.170194755279
0.0890185942083
0.0482985309487
0.028279687652
0.018167100884
0.0125306714578
0.00894106827789
0.00631392124017
0.00409108833647
0.00248621582507
0.0019509134275
0.00194193149829
0.00195765099792
0.00182036603198
0.0014391256831
0.000808069246131
0.000266693346016
1.44940772906
0.690504230705
0.347408750328
0.179066738453
0.0923203977898
0.0500783406109
0.0290205097181
0.0182209008631
0.0123342725197
0.00877556155904
0.00631915298133
0.00422862813209
0.00255402414235
0.00187687205957
0.00184470077529
0.00192884379461
0.00185924374215
0.00158143510869
0.00102227279449
0.000382684874738
1.47873134401
0.719918300382
0.367435895761
0.189687618007
0.0992170791649
0.0545560800994
0.0313455091501
0.0191534356156
0.012632282433
0.00890547143384
0.0064890998313
0.00443791165289
0.00264588434592
0.00179419504454
0.00171303988552
0.00184047818656
0.00183244478507
0.00162559262022
0.00120648837034
0.000556776198919
0.000137936995892
0.000137914118952
0.000137916126826
0.000137938870261
0.000137981173937
0.000138043649315
0.000138127767484
0.000138234883956
0.000138364914042
0.000138514447833
0.000138674211797
0.00013882615914
0.000138941110791
0.000138978804239
0.000138893560677
0.000138660279587
0.000138535924669
0.00014399196135
0.000292415008063
0.00259630278867
0.000138135192
0.000138072644889
0.0001380654326
0.000138102618208
0.000138178379973
0.000138289459589
0.000138432751636
0.000138603029654
0.000138790734425
0.000138980039828
0.000139147602114
0.000139262298981
0.000139285348061
0.000139168437204
0.000138851158775
0.000138382065989
0.000140483096561
0.00019167665386
0.000795293322012
0.00483383205769
0.000138660082626
0.000138535258179
0.00013850094944
0.000138537021045
0.000138629217322
0.000138765848245
0.000138934438348
0.000139119177144
0.000139299406673
0.000139449286519
0.000139538208182
0.000139530401786
0.000139380291687
0.00013901878514
0.000138355288576
0.000137881108638
0.000148496683924
0.000299213101751
0.00144690871574
0.00621770316722
0.000139391764327
0.000139189225446
0.000139107836815
0.000139118705385
0.000139197806697
0.000139323229151
0.000139472169509
0.000139619276575
0.00013973641669
0.0001397931806
0.000139756418948
0.000139585917873
0.000139221835977
0.000138564421288
0.000137573078469
0.000138411043196
0.000171679622413
0.000494453420072
0.00216927992363
0.00697389204541
0.000140177613669
0.000139892983335
0.000139750943339
0.000139716336859
0.000139756533158
0.000139840297483
0.000139936278711
0.000140012601449
0.000140037232788
0.00013997770199
0.000139797906771
0.000139448963048
0.000138851236128
0.000137891978714
0.000136852843672
0.000142215804491
0.000221611332683
0.000777932016681
0.00281888997984
0.00733679842891
0.000140915734641
0.000140554198458
0.00014034606818
0.00014025355785
0.000140237979644
0.000140261080055
0.000140285521414
0.000140275465273
0.000140196649262
0.000140014374011
0.000139687309356
0.000139154809917
0.000138321225484
0.0001371270645
0.000136771914129
0.000152693083185
0.000309327461351
0.00111839033685
0.00331455333838
0.00748137591227
0.000141566204575
0.000141136075379
0.000140860448649
0.000140702696808
0.000140620990007
0.000140572662165
0.00014051663981
0.000140414612286
0.000140230323675
0.00013992572336
0.000139452487598
0.000138738730979
0.000137691096909
0.000136447753492
0.000138222211864
0.00017433593404
0.000439679361236
0.00146453758379
0.00364905431298
0.00750509319213
0.000142128403143
0.000141634456674
0.000141289561242
0.000141060828152
0.000140905852324
0.000140779752319
0.000140639266865
0.000140444218635
0.000140155957109
0.000139732085778
0.000139117042812
0.000138233353738
0.000137029849699
0.000136108215973
0.000142498849729
0.000212115983716
0.000607033852681
0.00177208781766
0.00385589399776
0.00745839672476
0.000142614967249
0.000142056097066
0.000141637826858
0.000141332443328
0.000141098679763
0.000140890886078
0.000140664438784
0.000140377363265
0.000139988128978
0.000139449651714
0.000138700982654
0.000137671768758
0.000136425241395
0.00013647454423
0.000151363290256
0.000270132610462
0.000796196965532
0.00201914614174
0.00397305468665
0.00736884148324
0.000143036712585
0.000142406301393
0.000141908697787
0.000141521426183
0.000141204996394
0.000140913614622
0.000140601552447
0.000140224882608
0.000139738950386
0.000139092588216
0.000138224029547
0.000137092737935
0.00013599687204
0.000138069966983
0.000167013565403
0.000349920825506
0.000988182642714
0.00220435746523
0.00402960663514
0.00725291557179
0.00014339575047
0.000142684555087
0.000142101934158
0.000141629406391
0.000141228899868
0.000140854434314
0.00014045909813
0.000139996875988
0.000139420186378
0.000138675581282
0.000137708661321
0.000136545820288
0.000135912081702
0.000141622019136
0.000191864576333
0.000449359073826
0.001166833739
0.00233705264507
0.00404530538258
0.00712090302713
0.000143685947244
0.000142886154182
0.000142215722432
0.000141657977006
0.000141175238638
0.000140720927319
0.000140246786904
0.000139704783422
0.00013904519589
0.000138215616239
0.000137182172381
0.000136096334246
0.000136405100217
0.000148097228583
0.000228080394649
0.000562889710231
0.0013225501319
0.00242895675471
0.00403331824545
0.0069792834528
0.000143899473121
0.000143008162468
0.000142251776185
0.000141612906128
0.000141053033666
0.000140524520484
0.000139977730558
0.000139363012781
0.000138630026005
0.000137732707682
0.000136677896571
0.000135830925237
0.000137799456678
0.000158697276693
0.000276950209397
0.000682988576235
0.00145228124083
0.00249027764565
0.00400248042424
0.00683211897056
0.000144037546271
0.000143057327461
0.000142221031865
0.000141508139884
0.000140878195894
0.000140282202661
0.000139669340233
0.000138989144068
0.000138193078287
0.00013724941779
0.000136235920162
0.000135864552928
0.00014053081645
0.000174779258905
0.000338351782542
0.000802137448089
0.00155733983346
0.00252882855233
0.00395875424173
0.00668193228743
0.000144119286933
0.000143055430355
0.000142146504583
0.000141366916596
0.000140673419703
0.000140015554008
0.00013934174742
0.000138601972283
0.000137753078283
0.000136789369029
0.000135903966733
0.000136349548416
0.00014516321938
0.000197673689513
0.000410563778053
0.000914413987341
0.00164098643768
0.00255033816215
0.00390617526166
0.00653030120761
0.000144183498724
0.000143038692888
0.000142061070575
0.000141218493415
0.000140464291776
0.00013974658677
0.000139013683649
0.000138217744388
0.0001373260841
0.000136375802968
0.00013573970441
0.000137487042998
0.000152388657069
0.000228422967442
0.000490545744518
0.00101619768559
0.0017068236765
0.00255896755361
0.00384748504714
0.00637827943241
0.000144282025205
0.000143051012716
0.000142000619917
0.000141091401313
0.000140272919078
0.000139492028846
0.000138697701041
0.000137846613525
0.000136923555775
0.00013603206147
0.00013581604644
0.000139540541923
0.000163001597788
0.000267523357288
0.000574589598741
0.00110603430862
0.00175808592543
0.00255774766462
0.00378455756566
0.00622668151345
0.000144467195041
0.000143133685659
0.000141995523599
0.000141006486532
0.000140112546205
0.000139259553088
0.000138398052544
0.000137492215795
0.000136553782717
0.000135785606266
0.000136230433093
0.000142850907732
0.000177847611825
0.000314772446071
0.000659086306866
0.00118403437678
0.00179748178138
0.00254891324474
0.00371868575954
0.00607623988168
0.000144778842103
0.000143316200807
0.000142064794429
0.000140973995666
0.00013998709213
0.000139049299304
0.000138113768608
0.000137155950522
0.000136227294229
0.000135675500654
0.000137117831483
0.000147851892727
0.000197753228656
0.000369279904349
0.000741131911546
0.00125119648732
0.00182724976828
0.00253415022115
0.00365077296537
0.00592764195809
0.000145236200073
0.000143612370839
0.000142216299324
0.00014099701333
0.000139896749384
0.000138860662822
0.000137845845099
0.000136844049721
0.000135963898155
0.000135761190702
0.000138666180326
0.00015508440529
0.000223443565889
0.000429624073015
0.000818809188162
0.00130887673264
0.00184923935486
0.00251476439787
0.00358145641262
0.00578147241185
0.000145838314717
0.000144023442446
0.00014245244484
0.000141078707126
0.000139845663714
0.000138699521125
0.000137603442919
0.000136572621738
0.000135797368564
0.000136130002402
0.00014113287754
0.000165203135081
0.00025544608944
0.000494082917048
0.000891142002995
0.00135845205807
0.00186495838788
0.00249178063631
0.00351118245582
0.00563810790272
0.000146567439789
0.000144542292117
0.000142774333863
0.000141225785765
0.00013984428006
0.00013857929231
0.000137403746747
0.000136366847109
0.000135775626301
0.000136902721944
0.000144860683122
0.000178960423352
0.000293978373794
0.000560861940234
0.000957839802109
0.00140113744255
0.00187559278663
0.00246599081628
0.00344025022445
0.0054976243669
0.000147386596557
0.000145149960184
0.000143176918803
0.000141442553578
0.000139902743084
0.000138514101884
0.000137265386219
0.000136255514858
0.000135958487295
0.00013823930137
0.000150289605122
0.000197147186713
0.000338838265238
0.000628272176222
0.00101898866528
0.00143790705437
0.00188202451349
0.00243797748293
0.00336884109908
0.00535976836244
0.000148233767654
0.000145806624984
0.00014363863357
0.000141720419644
0.000140021065846
0.00013851008537
0.000137201303015
0.000136266290832
0.000136417598155
0.000140347267343
0.000157957769911
0.000220481963319
0.00038934386023
0.000694847327304
0.00107480997954
0.0014694873525
0.00188486845378
0.00240813758649
0.0032970467207
0.00522401199372
0.000149025741159
0.000146451116455
0.000144118654678
0.00014203434263
0.000140185621225
0.000138562478907
0.000137216986523
0.000136426197385
0.000137241789463
0.000143493089145
0.000168482127874
0.000249468740074
0.00044437426669
0.000759408879524
0.00112553536063
0.00149640011523
0.00188453288928
0.00237671950128
0.00322490140824
0.00508967088484
0.000149681835173
0.000147018560318
0.000144569331285
0.000142351436227
0.000140375205126
0.000138660285724
0.000137314944474
0.000136767745351
0.000138547884091
0.000148013517144
0.000182513754172
0.000284272514454
0.000502521995504
0.000821089995564
0.0011713792025
0.0015190299633
0.00188129116574
0.00234387068255
0.00315241551593
0.00495603792793
0.00015016648978
0.000147471160656
0.000144958361711
0.0001426467114
0.000140572333938
0.000138794961682
0.00013750265524
0.000137338702526
0.000140494897264
0.000154322009329
0.000200672547904
0.000324662214962
0.000562308855094
0.000879324013457
0.00121255742787
0.00153768838118
0.00187534517207
0.00230968423268
0.00307960316941
0.00482248566472
0.00015051303094
0.000147819211489
0.000145285724655
0.000142916009869
0.000140773156285
0.000138968626405
0.000137800796517
0.00013821289963
0.00014329829313
0.000162904894928
0.000223473658463
0.000370037615085
0.000622383672819
0.000933799863808
0.00124930412026
0.00155265263133
0.00186686470356
0.00227423093128
0.00300649751737
0.00468851358702
0.000150816808682
0.000148122245086
0.000145587448573
0.000143180419809
0.00014099186171
0.000139198602002
0.000138248968329
0.000139499206497
0.000147239887448
0.000174301661886
0.000251255422858
0.000419515114468
0.000681635938769
0.000984390561115
0.00128186352642
0.00156417425504
0.00185599945564
0.00223757086716
0.00293315207681
0.00455375037834
0.000151216501851
0.000148474137253
0.000145926286506
0.000143480839823
0.000141257621955
0.000139516099228
0.000138906780004
0.000141346267408
0.00015266860419
0.000189063566393
0.000284112414446
0.000472030379024
0.000739210836307
0.00103107158953
0.00131046363341
0.00157246902104
0.00184287361273
0.00219974894534
0.00285963192645
0.00441794594029
0.000151844960022
0.000148963762185
0.000146365143466
0.000143860159378
0.000141602428755
0.000139958235062
0.000139850179923
0.000143942285561
0.000159987759615
0.000207687672668
0.000321840561148
0.000526431802952
0.000794461607729
0.00107385471678
0.00133529394646
0.00157770896886
0.00182758034467
0.00216078691357
0.00278600340981
0.00428099010864
0.000152765045316
0.000149628410814
0.000146933489048
0.000144339448263
0.000142044788376
0.000140558014759
0.000141167187204
0.000147511548349
0.000169627058451
0.000230534652454
0.000363915650453
0.000581566084266
0.000846895274018
0.00111275935432
0.00135650733185
0.00158003227935
0.00181018985281
0.00212068454067
0.00271233005746
0.0041429730752
0.000154003741236
0.000150447273026
0.000147613379583
0.00014490545018
0.000142581688924
0.000141341679758
0.000142959484418
0.000152310465444
0.000182004122169
0.000257756878881
0.000409535258061
0.000636369331863
0.000896152128119
0.00114782676536
0.00137424956274
0.00157957278792
0.00179077388275
0.00207943619763
0.0026386786848
0.00400426950407
0.000155720548707
0.000151365164598
0.000148342972271
0.000145512270016
0.000143193240554
0.000142337100493
0.000145351527301
0.000158624616198
0.000197488472961
0.000289271659019
0.000457735510616
0.000689963331624
0.000942022428223
0.00117915985237
0.00138870126971
0.00157649625693
0.00176943736803
0.00203705874678
0.00256513273067
0.00386560318803
0.000158316020989
0.000152294888952
0.000149019174901
0.000146090734543
0.000143857532912
0.000143591123869
0.000148505158895
0.000166770089459
0.00021638570653
0.0003248005811
0.000507556716401
0.000741736658414
0.000984474811083
0.00120695990262
0.0014001098336
0.0015710257661
0.00174634288185
0.00199362002098
0.00249180572186
0.00372804668157
0.0001626886007
0.000153195335705
0.000149550106479
0.000146590558127
0.000144585358878
0.000145197390252
0.000152640844345
0.000177107302394
0.000238955432815
0.000363966221681
0.000558204352695
0.00079138344286
0.00102366376006
0.00123153511008
0.00140879357046
0.00156344309219
0.001721715713
0.00194925455925
0.00241884566258
0.00359292734115
0.000171475303977
0.000154273539944
0.000149964380498
0.000147049861911
0.000145462718379
0.000147323415223
0.000158061078982
0.000190066956937
0.000265450718662
0.000406397620187
0.000609140672731
0.000838873040681
0.00105988862874
0.00125326472554
0.00141510911383
0.00155405998758
0.00169582199864
0.00190415056063
0.00234639555327
0.00346162534457
0.000191476589426
0.000156042835794
0.000150421304651
)
;

boundaryField
{
    emptyPatch
    {
        type            empty;
    }
    minY
    {
        type            fixedValue;
        value           uniform 0.000138;
    }
    maxY
    {
        type            inletOutlet;
        inletValue      nonuniform List<scalar> 0();
        value           nonuniform List<scalar> 0();
    }
    maxX
    {
        type            kqRWallFunction;
        value           nonuniform List<scalar> 
37
(
0.00259630278867
0.00483383205769
0.00621770316722
0.00697389204541
0.00733679842891
0.00748137591227
0.00750509319213
0.00745839672476
0.00736884148324
0.00725291557179
0.00712090302713
0.0069792834528
0.00683211897056
0.00668193228743
0.00653030120761
0.00637827943241
0.00622668151345
0.00607623988168
0.00592764195809
0.00578147241185
0.00563810790272
0.0054976243669
0.00535976836244
0.00522401199372
0.00508967088484
0.00495603792793
0.00482248566472
0.00468851358702
0.00455375037834
0.00441794594029
0.00428099010864
0.0041429730752
0.00400426950407
0.00386560318803
0.00372804668157
0.00359292734115
0.00346162534457
)
;
    }
    water_to_heater
    {
        type            kqRWallFunction;
        value           nonuniform List<scalar> 
61
(
0.0357425280991
0.488625698001
0.488625698001
0.682360696118
0.682360696118
0.835051521206
0.835051521206
0.909747321305
0.914000862564
0.900491164332
0.900491164332
0.917351000066
0.917351000066
0.954800721648
0.954800721648
1.00582722272
1.02275845339
1.02132366176
1.02132366176
1.01498180703
1.01498180703
1.01162508755
1.01162508755
1.01446925958
1.02502470008
1.04597869403
1.04597869403
1.07570737496
1.07570737496
1.10635653271
1.10635653271
1.12613043319
1.19362641574
1.33107468612
1.33107468612
1.46572638679
1.46572638679
1.50996846359
1.50996846359
1.52817912504
1.53683763037
1.53881603882
1.53881603882
1.54787970237
1.54787970237
1.5667425163
1.5667425163
1.59096805977
1.61283505435
1.63336574284
1.63336574284
1.65054501088
1.65054501088
1.659125487
1.659125487
1.61160136731
1.50887349586
1.44940772906
1.44940772906
1.47873134401
1.47873134401
)
;
    }
    procBoundary2to3
    {
        type            processor;
        value           nonuniform List<scalar> 
41
(
1.54790803575
0.757484819228
0.383635080135
0.200986727378
0.109553406262
0.0621995427199
0.0358026926727
0.0212317657605
0.0134914715781
0.0093242065787
0.00681578538544
0.00474687866691
0.00279736752262
0.00173444710671
0.00158078112744
0.00171669946429
0.00176481326077
0.0016254795489
0.00132402146801
0.00075377481207
0.000147601687259
0.000146650543652
0.000150211961649
0.000165162281206
0.00020616560658
0.000296132229314
0.000451775753817
0.000660063331239
0.000884345119907
0.00109350306272
0.00127252854825
0.00141940003963
0.00154319275041
0.00166899734402
0.00185871870204
0.0022750408129
0.00333592823934
0.000234906066143
0.000159289233175
0.000147601687259
0.000151134102144
)
;
    }
}


// ************************************************************************* //
