/*--------------------------------*- C++ -*----------------------------------*\
| =========                 |                                                 |
| \\      /  F ield         | OpenFOAM: The Open Source CFD Toolbox           |
|  \\    /   O peration     | Version:  2312                                  |
|   \\  /    A nd           | Website:  www.openfoam.com                      |
|    \\/     M anipulation  |                                                 |
\*---------------------------------------------------------------------------*/
FoamFile
{
    version     2.0;
    format      ascii;
    arch        "LSB;label=32;scalar=64";
    class       volScalarField;
    location    "0.325/heater";
    object      T;
}
// * * * * * * * * * * * * * * * * * * * * * * * * * * * * * * * * * * * * * //

dimensions      [0 0 0 1 0 0 0];

internalField   nonuniform List<scalar> 
600
(
796.119923822
795.994647999
795.744743246
795.371575299
794.877448291
796.007253711
795.871603119
795.59986295
795.191077932
794.643646232
795.9374192
795.799888603
795.524773661
795.111995165
794.561524673
795.912805121
795.775272508
795.500223111
795.087688663
794.537741131
795.91334855
795.776468735
795.502782604
795.092424057
794.54553039
795.919693793
795.783193094
795.510282082
795.101196861
794.556238641
795.92389799
795.787481787
795.514729655
795.105953443
794.5617231
795.925073638
795.788677565
795.51594062
795.107236995
794.563784749
795.922988747
795.78650558
795.513522914
795.104244277
794.560433949
795.918287891
795.781599969
795.5081762
795.097917125
794.551778965
795.912723351
795.775797242
795.501928265
795.090898336
794.542307647
795.907613871
795.770479242
795.496244042
795.08477462
794.535302971
795.90309078
795.765736389
795.491107663
795.079202616
794.529458356
795.899365792
795.76180697
795.486793684
795.074428504
794.524377376
795.896748718
795.759018267
795.483669831
795.070883267
794.520529721
795.895557499
795.757724649
795.482179578
795.069171588
794.51870913
795.895417571
795.757520679
795.481854516
795.068768439
794.518447613
795.895657017
795.757681103
795.481835581
795.068520657
794.518205186
795.896317874
795.758260171
795.482210192
795.0685639
794.518256082
795.897752252
795.759664769
795.483513792
795.069652093
794.519756717
795.899509489
795.761417942
795.485216418
795.071072098
794.520846897
795.900786643
795.76265038
795.486349536
795.07187549
794.520320434
795.901600596
795.763399915
795.486986813
795.07227539
794.519484248
795.902453113
795.76423675
795.487823045
795.073149037
794.519973734
795.903346647
795.76515725
795.488832618
795.074398072
794.521895688
795.903755631
795.765562765
795.48925975
795.074941932
794.522940377
795.903866104
795.765694004
795.489468656
795.075341923
794.523646726
795.903956683
795.765863841
795.489848596
795.076134065
794.524941158
795.903636027
795.765623161
795.489834641
795.076625966
794.526133824
795.902734656
795.764756132
795.489077663
795.076182854
794.526249915
795.901501474
795.763602094
795.488107481
795.075614358
794.526351668
795.903429769
795.765806097
795.490924943
795.079547436
794.531789772
795.913523401
795.776450226
795.502808814
795.093734861
794.549130164
795.931070459
795.794671099
795.522530518
795.116346972
794.576073359
795.954208709
795.818546405
795.548074689
795.145404607
794.611790551
795.987844483
795.85312244
795.584714903
795.186573937
794.662084705
796.030475967
795.896903324
795.630961877
795.239160359
794.731348353
796.072323916
795.939869587
795.676053047
795.289587689
794.807639154
796.114548919
795.983266757
795.721452504
795.338450217
794.877628426
796.156871563
796.026912103
795.767274208
795.386727348
794.931967189
796.199536747
796.071038652
795.813789037
795.435635504
794.983181077
796.241161871
796.113998445
795.858916978
795.482816955
795.031462342
796.283193065
796.157256028
795.904161095
795.52986066
795.079024504
796.324674229
796.199934624
795.948783906
795.576183637
795.125428853
796.363665913
796.240136599
795.990957466
795.619993423
795.168840473
796.398140614
796.275607155
796.028086969
795.6584809
795.206914501
796.430262661
796.308521864
796.06235568
795.693644639
795.240858604
796.46096119
796.339806396
796.09469848
795.726244092
795.270172665
796.488757925
796.367924245
796.123587712
795.754430452
795.288208165
796.510563594
796.389534789
796.145376058
795.775644483
795.292580748
796.521871206
796.400079305
796.155437684
795.786542877
795.287809583
796.519764035
796.396691883
796.150779021
795.783916767
795.287200115
796.50632656
796.381609896
796.133749701
795.769510202
795.287245333
796.491443677
796.365152821
796.115017198
795.752261266
795.289082484
796.48088052
796.353181747
796.100662735
795.737689492
795.298693796
796.482250787
796.353388092
796.098579185
795.733169472
795.303698839
796.500816553
796.371091703
796.114193775
795.745213835
795.313597396
796.530506664
796.400592917
796.142599542
795.770542018
795.335100089
796.561496098
796.43231773
796.174510944
795.799663231
795.358531156
796.586427659
796.458522459
796.201518169
795.822843719
795.371271157
796.605515969
796.479100779
796.223144409
795.838322264
795.363185857
796.621113998
796.496070466
796.241798083
795.853377638
795.347063881
796.636542458
796.512686304
796.260403471
795.872156061
795.343691899
796.651909389
796.529102918
796.278914613
795.893516815
795.36251471
796.668386986
796.547056689
796.300005844
795.920203951
795.396492849
796.686775628
796.567698328
796.325265487
795.953679686
795.444667939
796.703861039
796.587226572
796.349759437
795.987029692
795.500696675
796.716675908
796.602039398
796.368797071
796.013827008
795.554288747
796.724601364
796.611695217
796.382218672
796.033132489
795.584671157
796.728878069
796.617488744
796.391316811
796.046913997
795.603055915
796.731366015
796.621129278
796.397647425
796.057216624
795.616991822
796.734777673
796.624334395
796.401131458
796.06190832
795.623162084
796.742261859
796.630498231
796.405681008
796.065473485
795.625672463
796.755744594
796.643961188
796.419798113
796.080614451
795.637480602
796.771177
796.660829483
796.439860331
796.103840639
795.654610273
796.786773949
796.678811356
796.462741753
796.132356767
795.669185184
796.806018545
796.701404352
796.492012476
796.172176613
795.708616394
796.825367529
796.724229057
796.521372126
796.212814241
795.76574082
796.83925565
796.741189672
796.543840861
796.245657903
795.821723792
796.844814855
796.74941336
796.5563301
796.265785648
795.872216317
796.843908856
796.751289349
796.562189045
796.275411883
795.90603377
796.837164495
796.747184075
796.562107849
796.277796174
795.909730066
796.821840194
796.734053293
796.552693999
796.271049902
795.902604766
796.798133702
796.711917967
796.533484519
796.253780896
795.883200764
796.771530861
796.686326042
796.509639099
796.228801829
795.849042492
796.748866088
796.663928963
796.487864618
796.204456181
795.810667303
796.728606694
796.642687035
796.465717879
796.179438731
795.765953866
796.704331212
796.615246059
796.434216967
796.144331163
795.710439431
796.675762416
796.582726668
796.396956523
796.106307051
795.665635522
796.649508315
796.553304806
796.363956185
796.074870182
795.638356636
796.621937628
796.522572419
796.329412489
796.042238431
795.61489666
796.594327043
796.490816612
796.291503146
796.003732708
795.589442296
796.57317426
796.464082926
796.254888343
795.962124259
795.568181998
796.566257585
796.452888364
796.234713458
795.934249569
795.565811075
796.57153537
796.455376568
796.229740969
795.918530398
795.569327611
796.583591112
796.466196647
796.234931036
795.910590826
795.5540017
796.60458565
796.489640671
796.258891267
795.925508861
795.551985655
796.637340216
796.530872691
796.313505463
795.988939901
795.610542264
796.672243406
796.575486254
796.375630737
796.068612035
795.693728816
796.704385782
796.61409022
796.426720009
796.134001646
795.762459727
796.73688039
796.650903764
796.472696666
796.192307953
795.826884779
796.76742372
796.683575171
796.510677051
796.23883273
795.881237094
796.795078416
796.712105642
796.542391255
796.276907705
795.925808216
796.818969362
796.735959665
796.567823873
796.306710035
795.957251892
796.839336224
796.755360589
796.586978295
796.326949563
795.967978971
796.86267273
796.777529022
796.607922917
796.346278829
795.975793886
796.891195381
796.804989867
796.634177173
796.370749849
795.988320575
796.917046929
796.827598751
796.651456502
796.382668549
795.982163083
796.937771019
796.842436087
796.655590084
796.377697594
795.965504909
796.959006929
796.860224674
796.666450045
796.384054028
795.980598624
796.977857249
796.87662738
796.677126386
796.390820399
796.004058209
796.99297258
796.889166866
796.682887807
796.38896404
796.024972478
797.003106332
796.896042395
796.680634031
796.370250829
796.023275976
797.009137778
796.899997474
796.678141782
796.351157068
795.984036626
797.00569426
796.896570747
796.672846888
796.334161107
795.93626938
796.982977926
796.874639051
796.651433636
796.304481853
795.865576019
796.932127494
796.823984424
796.601516399
796.249998225
795.760987813
796.856269428
796.747435513
796.52497164
796.174009202
795.671014135
796.774780521
796.665109414
796.442518199
796.093228502
795.589401248
796.724939288
796.615518951
796.394664424
796.049360248
795.548439158
)
;

boundaryField
{
    emptyPatch
    {
        type            empty;
    }
    minY
    {
        type            zeroGradient;
    }
    maxY
    {
        type            zeroGradient;
    }
    minX
    {
        type            zeroGradient;
    }
    heater_to_water
    {
        type            compressible::turbulentTemperatureTwoPhaseRadCoupledMixed;
        refValue        nonuniform List<scalar> 
240
(
304.878642338
325.516655151
325.518987403
326.801639435
326.8025406
326.551884783
326.552191827
325.195969467
323.25112192
321.854342763
321.854318984
321.527895967
321.527916165
321.167305664
321.167354348
320.287648479
319.10344338
318.60386814
318.603995248
319.648974412
319.649110404
323.125579905
323.125705498
324.885767168
325.30734123
325.245157627
325.245271819
325.45496347
325.455065931
325.282378265
325.282461699
325.402155927
325.183103787
325.198500025
325.198567983
325.038175023
325.038240261
324.618352714
324.618404402
322.543428458
320.490071509
320.203600731
320.203668162
321.137529451
321.137599146
323.138807681
323.138866589
326.156453713
331.379024052
334.486583316
334.486637063
335.167608803
335.167666776
335.068033899
335.068085071
335.579399162
335.078315939
335.91710087
335.917165946
335.239874709
335.239940731
336.148988688
336.148987729
335.669982129
336.552121059
336.10653807
336.106267603
332.141613215
332.141271491
322.308643766
322.30828613
316.255126029
317.570014928
330.428724445
330.427961078
397.064321722
397.062896999
478.92452394
478.923569268
492.927651581
501.244873394
500.194348529
500.193404327
503.926955398
503.926059692
501.37502654
501.374122984
504.264775705
499.947918584
500.258034455
500.257325406
496.967338112
496.966692819
499.055910303
499.055376438
497.129600304
499.978815098
497.568591361
497.568559983
463.545761176
463.545908833
362.332837433
362.332909599
330.406894513
321.266219083
322.128648053
322.128696347
338.076260366
338.076219704
422.511924273
422.511925211
474.682462093
479.711470635
483.806807365
483.806341959
483.914131202
483.913604594
486.353884816
486.353638793
486.50628159
487.889765886
479.115728869
479.11623145
407.572947868
407.573090925
350.619234998
350.618991595
333.20345407
328.517105283
329.716648841
329.71620199
339.846099577
339.84541614
373.18469625
373.183693591
441.48550282
453.069024407
455.176229716
455.175820174
457.827569073
457.827279558
458.040548317
458.040472183
459.790518173
461.625754505
447.915532033
447.915275777
437.000754764
437.000357394
456.081991552
456.08166662
412.280916377
354.375462989
332.740726042
332.740123583
325.732393542
325.731928681
326.858947251
326.858519019
345.794720081
443.063262238
466.872541067
466.872537905
476.947752401
476.947999674
476.8423784
476.842941366
481.260289953
480.139600683
482.926368442
482.927421954
482.804787027
482.806018639
462.00729261
462.008879569
407.630840807
383.087661496
367.284150544
367.284759709
350.952189453
350.952633027
336.71489716
336.715281347
327.364964603
324.010425714
328.612443611
328.612534936
369.14190744
369.141964559
516.540694227
516.540957514
543.098809847
548.536796492
549.182605255
549.181910725
550.877061052
550.876064381
551.972570794
551.971738092
541.898514053
526.155192832
523.41808772
523.417041764
526.953478772
526.952615143
533.005723345
533.005108625
517.439231254
461.277032169
404.129906883
404.129776963
399.241008166
399.240786193
418.926259253
418.926559186
414.30403319
363.711694967
336.590734663
336.590608761
326.968209801
326.968046259
326.565576287
326.565440391
342.784759157
463.448352304
570.167178296
570.1676733
585.588203724
585.588722475
583.257054046
583.2578008
555.507271681
455.796367279
370.335659242
370.337608319
350.367799625
350.369213779
342.981916038
342.982576555
338.984893263
)
;
        refGradient     uniform 0;
        valueFraction   nonuniform List<scalar> 
240
(
0.000603989953464
0.000734118281306
0.000734051062388
0.000735222575273
0.000735197771757
0.000735230968491
0.00073522242498
0.000731687296662
0.00072522363588
0.00072030544754
0.000720306238871
0.000719946951931
0.000719946269205
0.000718680946761
0.000718679274508
0.000714581146498
0.000708723653841
0.000706533396435
0.000706528494121
0.000712285630556
0.000712280623294
0.000728344939025
0.000728340927034
0.000734025036598
0.000734972972122
0.000734085823785
0.000734082453824
0.000735065466415
0.000735062462873
0.000734085017614
0.000734082557511
0.000734952006466
0.000734033174616
0.000734469795443
0.000734467782472
0.000733954479159
0.000733952534858
0.000733129882942
0.000733128316825
0.000725421777436
0.000716331609704
0.000716189606688
0.000716187158699
0.00072115404184
0.000721151606632
0.000729599999052
0.00072959809909
0.000739028951385
0.000747146540249
0.000748077716602
0.000748076532046
0.00074807611286
0.000748074860242
0.000748072998641
0.000748071889823
0.000748016628913
0.000748055351791
0.000747929614818
0.000747928239584
0.000748035592669
0.000748034170239
0.000747915877633
0.000747915897758
0.000748020064126
0.000747966329963
0.00074801804748
0.00074802373062
0.000747071513873
0.00074707958578
0.000722827854763
0.000722839726865
0.000691817045447
0.000702325557202
0.000744214294378
0.000744233398477
0.000684002953394
0.000684013068997
0.000616099891467
0.000616103191984
0.000615920595521
0.000612901634259
0.000615458651196
0.000615461564155
0.000612893282056
0.000612895983151
0.000615099473132
0.000615102242294
0.000612204340312
0.000615096434006
0.000613887132834
0.000613889313207
0.00061616329367
0.000616165318584
0.000614311785321
0.000614313437823
0.000616840927257
0.000615573864108
0.000617539741453
0.000617539839803
0.000632596331669
0.000632595758573
0.000734355670937
0.000734354812138
0.000737993380838
0.000712647971945
0.00072112061568
0.000721118983096
0.000748116220946
0.000748117039193
0.000669432835275
0.000669432830109
0.000632979455199
0.000634439228836
0.000632702658918
0.000632704269079
0.00063430694649
0.000634308771631
0.000633262086839
0.000633262926722
0.000634395609942
0.000634437038155
0.000636644802808
0.00063664300913
0.000687005294873
0.000687004374861
0.000744174144722
0.000744177778699
0.000745123379648
0.000740210038612
0.000743548667891
0.000743560174231
0.000748074484519
0.000748087604564
0.000721024533877
0.0007210345351
0.000654427338772
0.000651969557137
0.000653032801919
0.000653034535359
0.000651729035323
0.000651730237542
0.00065302001358
0.000653020329892
0.000652711780438
0.000653192327501
0.000668665627734
0.000668666792245
0.000677990490248
0.000677992467593
0.000656014028245
0.000656015400241
0.000681845611971
0.000740243934376
0.00074511316781
0.000745127216209
0.000733555512101
0.000733569194228
0.000738655447008
0.000738667607499
0.000745508695031
0.000637917306147
0.000633439729822
0.000633439741895
0.000630341397925
0.000630340512189
0.000633311274622
0.000633309247344
0.000630623877951
0.0006332957243
0.00063203938299
0.000632035724636
0.000633409042672
0.000633404754418
0.000648531222042
0.000648524835306
0.000698199641279
0.000716822698005
0.000725022041399
0.00072501539273
0.000739091213568
0.000739084667916
0.000748311196818
0.000748303172969
0.000740298920472
0.000731446133689
0.000741460563764
0.000741458111539
0.000726673684796
0.000726673075261
0.000598277404759
0.000598276673845
0.000593858816594
0.000593399013584
0.000593856553951
0.000593858215964
0.0005936747234
0.000593677091373
0.000593857012977
0.000593858983232
0.000598478316481
0.000606903618492
0.000609656788038
0.000609659654565
0.000609860133327
0.000609862463698
0.000610048668305
0.000610050284043
0.000617439894162
0.000650299889863
0.000706188966411
0.000706189854894
0.000713919782725
0.000713921393207
0.00069438973662
0.000694387973332
0.000687552648522
0.000733754721124
0.000747220182351
0.000747222817673
0.00073435111141
0.000734355725443
0.000736132593978
0.000736136508563
0.000748415069166
0.000640761710075
0.000591577169743
0.000591576081406
0.000589784669472
0.000589783594117
0.000589797492836
0.000589795932211
0.000595896581132
0.000647785964407
0.000730111369651
0.000730090828089
0.000744380363541
0.00074435901724
0.000747270568961
0.000747258797909
0.00074817983364
)
;
        source          uniform 0;
        kappaMethod     solidThermo;
        Tnbr            T.liquid;
        region          solid;
        otherPhase      gas;
        value           nonuniform List<scalar> 
240
(
794.582854552
794.534242392
794.300661312
794.301054759
794.219026246
794.218826428
794.195076273
794.195738336
794.205152247
794.206464061
794.2171681
794.217102929
794.222586924
794.222926302
794.224971934
794.226283358
794.224821202
794.225509611
794.216841219
794.214845439
794.205444249
794.200347461
794.19340689
794.192019267
794.186047958
794.186418581
794.181335792
794.181028621
794.177181258
794.177512978
794.1756966
794.175376591
794.175384421
794.175190807
794.174951618
794.175074801
794.175123471
794.175201858
794.176671685
794.178787777
794.182627019
794.182489165
794.181965935
794.180283511
794.17948798
794.176948734
794.177492771
794.175277316
794.177305543
794.179198969
794.180212578
794.18072219
794.181425815
794.181352138
794.182645621
794.183053482
794.183864167
794.184549288
794.184663518
794.184107647
794.184211547
794.184945768
794.19039311
794.189987056
794.208022341
794.207665351
794.234658618
794.232133301
794.267866528
794.27197498
794.322111617
794.332577664
794.397955808
794.387537685
794.463601896
794.537151253
794.605427987
794.682879783
794.736450066
794.745133171
794.802194126
794.80079648
794.849055276
794.852100769
794.899628312
794.897417622
794.943769384
794.946390314
794.986336179
794.986883565
795.024941973
795.022244096
795.056165106
795.058001396
795.08728377
795.085347195
795.105371536
795.103302587
795.107745485
795.081740123
795.078476217
794.970391744
794.971124957
794.945988429
794.951461029
794.948066716
794.950162011
794.949318557
794.958036684
795.050537014
795.054085501
795.100697896
795.113022645
795.11616184
795.137567709
795.137136801
795.160482766
795.162354087
795.174972316
795.174719134
795.167259794
795.160995022
795.145192897
795.080116202
795.078130004
795.013577613
795.033123439
795.019726163
795.052641519
795.051974695
795.100231461
795.105706928
795.161407812
795.197777725
795.250102585
795.322934101
795.361345182
795.362357078
795.380737688
795.382910337
795.396853142
795.396556737
795.402717539
795.403963975
795.407524283
795.393188647
795.405283583
795.394641582
795.411578276
795.43197876
795.446855729
795.40821875
795.383963651
795.365694359
795.423255671
795.423473137
795.479669495
795.478110964
795.528715157
795.539623676
795.681739004
795.698400631
795.701757803
795.709128099
795.701925152
795.700910721
795.681446769
795.685089197
795.649308
795.651465986
795.612939816
795.612432449
795.567780439
795.549557837
795.494916673
795.440373341
795.371511513
795.356670737
795.329862315
795.311761599
795.288831461
795.274074491
795.248953054
795.245703993
795.226337149
795.225026951
795.222651285
795.259006596
795.260496372
795.403433262
795.386546781
795.403551033
795.404532947
795.404803445
795.463282741
795.464334327
795.547510678
795.548117798
795.61695061
795.609795857
795.662839543
795.660428397
795.714850848
795.716952957
795.761494202
795.765136808
795.796744677
795.78519057
795.75137177
795.692309475
795.701032128
795.694512983
795.706733708
795.728152267
795.721638376
795.721037453
795.650738602
795.624652744
795.640283169
795.639130121
795.662779427
795.661649735
795.682699333
795.689073787
795.810690993
795.890180985
795.849334535
795.858833855
795.81068153
795.809303394
795.738539735
795.720706254
795.540625554
795.450242006
795.361880536
795.340937566
795.25971323
795.252896633
795.212113811
795.208705994
)
;
    }
}


// ************************************************************************* //
