/*--------------------------------*- C++ -*----------------------------------*\
| =========                 |                                                 |
| \\      /  F ield         | OpenFOAM: The Open Source CFD Toolbox           |
|  \\    /   O peration     | Version:  2312                                  |
|   \\  /    A nd           | Website:  www.openfoam.com                      |
|    \\/     M anipulation  |                                                 |
\*---------------------------------------------------------------------------*/
FoamFile
{
    version     2.0;
    format      ascii;
    arch        "LSB;label=32;scalar=64";
    class       surfaceScalarField;
    location    "0.375/water";
    object      phi;
}
// * * * * * * * * * * * * * * * * * * * * * * * * * * * * * * * * * * * * * //

dimensions      [0 3 -1 0 0 0 0];

oriented        oriented;

internalField   nonuniform List<scalar> 
2916
(
1.03588098018e-07
6.51437236262e-07
9.5436353688e-08
6.67860226544e-07
8.87672085015e-08
6.77980314313e-07
8.52666091983e-08
6.81354196331e-07
8.62470058277e-08
6.80595743271e-07
9.21882002164e-08
6.77807212483e-07
1.02135326118e-07
6.75071349887e-07
1.14988626382e-07
6.7282112199e-07
1.2950944991e-07
6.7121844996e-07
1.46070094293e-07
6.68857132564e-07
1.64836412287e-07
6.65201019565e-07
1.85675440818e-07
6.60175649347e-07
6.54479113338e-07
2.08820110074e-07
1.67920217265e-07
6.67497163221e-07
1.27501331645e-07
6.13376671801e-07
1.04731777454e-07
6.21291812076e-07
8.75053352983e-08
6.21688660801e-07
7.26751973794e-08
6.19326214051e-07
5.91069398092e-08
6.26266199206e-07
4.63042158518e-08
6.43116642365e-07
3.47887110841e-08
6.62922533907e-07
2.34423231818e-08
6.79174533783e-07
1.43373127301e-08
6.87038757007e-07
1.12977607266e-08
6.84340801049e-07
1.7420003663e-08
6.74407565626e-07
3.21752231853e-08
6.62973290356e-07
5.32726962235e-08
6.53879022469e-07
7.75426925654e-08
6.48440736673e-07
1.03401574756e-07
6.45229220459e-07
1.29702413028e-07
6.42401272943e-07
1.56863393785e-07
6.37860291369e-07
1.85133089563e-07
6.3170285997e-07
6.24376407441e-07
2.15009908017e-07
1.95367791392e-07
6.48098434095e-07
1.73469187849e-07
6.25803375231e-07
1.58584969397e-07
6.29679848274e-07
1.399925352e-07
6.35665872816e-07
1.17880972293e-07
6.38716845244e-07
9.48263703255e-08
6.4799490765e-07
7.25684244072e-08
6.64807461348e-07
5.04703599551e-08
6.84794377451e-07
2.82578066307e-08
7.01288453073e-07
9.60430734804e-09
7.056322683e-07
1.92377034116e-09
6.91964289711e-07
6.76437915028e-09
6.69501995731e-07
2.21311308412e-08
6.47532287312e-07
4.5162598221e-08
6.30765440634e-07
7.31541553937e-08
6.2035911479e-07
1.03109667802e-07
6.15172586928e-07
1.3347020729e-07
6.11922871554e-07
1.6406905967e-07
6.07124741115e-07
1.95508588364e-07
6.00108831877e-07
5.91231488113e-07
2.28483380498e-07
3.43356609538e-07
4.64701046819e-07
3.26945139702e-07
6.02878741409e-07
3.05568320773e-07
6.25911740142e-07
2.84324251949e-07
6.43078177583e-07
2.53664109399e-07
6.62350771624e-07
2.16123503262e-07
6.82306180443e-07
1.75949863157e-07
7.03671649457e-07
1.37470975424e-07
7.22813706131e-07
1.05241600665e-07
7.33376368046e-07
8.15577534644e-08
7.29268777623e-07
7.04408040122e-08
7.03050603599e-07
6.96168011805e-08
6.70287707057e-07
7.66089286645e-08
6.40489842392e-07
9.02264251533e-08
6.1708769824e-07
1.09797085688e-07
6.00723371527e-07
1.33353287053e-07
5.91547548716e-07
1.58972201599e-07
5.86225991422e-07
1.85836486664e-07
5.80169368679e-07
2.14461797366e-07
5.71379914283e-07
5.60294300635e-07
2.45284977476e-07
1.47655306958e-07
3.84018377591e-07
1.71343425718e-07
5.46783385864e-07
1.86228685567e-07
5.90842739165e-07
1.9358102553e-07
6.24801069395e-07
1.92495943837e-07
6.57940572544e-07
1.8171613567e-07
6.90508409934e-07
1.62490153112e-07
7.21794164556e-07
1.39795299848e-07
7.45076270361e-07
1.23058081774e-07
7.49951492454e-07
1.19695138849e-07
7.32563104398e-07
1.27354248154e-07
6.95353063055e-07
1.34624313054e-07
6.62983433221e-07
1.41642856889e-07
6.33434048806e-07
1.5001703253e-07
6.08671592574e-07
1.60794390374e-07
5.89902134325e-07
1.74681334424e-07
5.7761742843e-07
1.913477893e-07
5.69513785753e-07
2.10541559342e-07
5.60922951085e-07
2.32568098776e-07
5.49294181214e-07
5.35133782384e-07
2.57664389752e-07
5.81333955846e-08
3.49537387143e-07
7.0115656102e-08
5.15244674182e-07
8.47568051635e-08
5.6358457671e-07
9.98719958471e-08
6.02908211507e-07
1.10868538586e-07
6.43517281663e-07
1.17241753774e-07
6.82488368675e-07
1.20308256028e-07
7.17978430865e-07
1.2389220052e-07
7.41164551102e-07
1.3149063658e-07
7.42210268657e-07
1.44928007027e-07
7.19054372604e-07
1.61991566007e-07
6.78244695919e-07
1.73899384133e-07
6.51039617662e-07
1.82355962858e-07
6.24945033422e-07
1.89130152064e-07
6.01866614735e-07
1.95647970289e-07
5.8335610383e-07
2.03316781586e-07
5.69923649536e-07
2.13017595628e-07
5.59789306344e-07
2.25472128817e-07
5.48443617459e-07
2.40921052057e-07
5.3381964564e-07
5.16487036086e-07
2.5954226008e-07
2.15689483607e-08
3.53758301451e-07
1.50810403058e-08
5.11800774238e-07
2.14460441764e-08
5.51215214686e-07
3.4151225944e-08
5.86816014038e-07
4.74120586287e-08
6.28475757467e-07
5.91566427544e-08
6.69855285873e-07
7.2405997222e-08
7.04299407125e-07
9.04406461386e-08
7.22919342558e-07
1.14845042723e-07
7.17701915349e-07
1.59218007439e-07
6.74616650606e-07
1.7887950223e-07
6.58538269697e-07
1.9131586042e-07
6.38568528233e-07
1.99355345373e-07
6.16878134451e-07
2.04721681386e-07
5.96478854165e-07
2.08694405252e-07
5.79367880481e-07
2.1264978512e-07
5.65957706654e-07
2.17696186952e-07
5.54736150504e-07
2.25397595369e-07
5.40738667311e-07
2.35639432897e-07
5.23577867134e-07
5.03478385253e-07
2.48651986349e-07
-1.9953710539e-08
4.09629549505e-07
-5.2389706172e-08
5.45361903664e-07
-5.65798997868e-08
5.57434981989e-07
-4.22064878472e-08
5.72337633311e-07
-2.35441356732e-08
6.09305758192e-07
-4.40073402801e-09
6.50360410131e-07
2.23380859832e-08
6.77356934683e-07
7.13863189653e-08
6.73749645774e-07
1.31626311636e-07
6.5738318364e-07
1.57344418412e-07
6.4884500059e-07
1.75757686073e-07
6.40086816528e-07
1.88247328021e-07
6.26050623504e-07
1.9625580721e-07
6.08850590456e-07
2.01006698237e-07
5.91717184039e-07
2.03380418984e-07
5.76990306691e-07
2.04210844993e-07
5.65128545093e-07
2.06157959828e-07
5.52796139405e-07
2.10315945783e-07
5.36594368531e-07
2.16335497934e-07
5.17578427873e-07
4.95252576409e-07
2.24587585098e-07
-1.06630976762e-07
5.77407574625e-07
-1.8853295224e-07
6.54446856894e-07
-1.99046119128e-07
5.79433996499e-07
-1.36950808244e-07
5.12822080539e-07
-7.87452413941e-08
5.51281565821e-07
-1.95186918171e-08
5.91017168628e-07
4.32274552612e-08
6.1450486415e-07
9.28702403691e-08
6.24026911773e-07
1.21575564828e-07
6.2862718569e-07
1.42881460102e-07
6.27503575589e-07
1.5934151772e-07
6.23601942444e-07
1.71263482271e-07
6.1411249188e-07
1.78933355624e-07
6.01173483348e-07
1.82606435221e-07
5.88044419032e-07
1.82534392201e-07
5.77067915243e-07
1.80920969784e-07
5.66753436812e-07
1.80857938521e-07
5.52878931518e-07
1.82100006529e-07
5.35380312485e-07
1.84437917594e-07
5.15276533393e-07
4.91597216492e-07
1.88136530012e-07
-1.21249047057e-07
7.47642154297e-07
-2.12362486759e-07
7.7199739145e-07
-9.9660985464e-08
4.78798165273e-07
-6.50269232225e-08
4.79454989378e-07
-2.86760756366e-08
5.14962191963e-07
1.15247758587e-08
5.5073324006e-07
4.94882949622e-08
5.76479177482e-07
8.04450203767e-08
5.93028853502e-07
1.05443877178e-07
6.03601815205e-07
1.2389770773e-07
6.09032193354e-07
1.38213547708e-07
6.09276536847e-07
1.48218528498e-07
6.04105324593e-07
1.53466917776e-07
5.95929718535e-07
1.53676254087e-07
5.87844139497e-07
1.50586286775e-07
5.80172294911e-07
1.47619767934e-07
5.69742531263e-07
1.45674755351e-07
5.548555528e-07
1.4398725668e-07
5.37108551809e-07
1.4221371504e-07
5.17099628698e-07
4.92066110149e-07
1.41804629299e-07
-7.01207735526e-08
8.76173096969e-07
-3.09796156506e-08
7.53321032847e-07
-3.5832417231e-08
4.88262123092e-07
-1.86274452616e-08
4.63332417732e-07
4.85183007388e-09
4.91572191343e-07
3.17941215915e-08
5.23765166122e-07
5.77751344936e-08
5.50477181533e-07
7.94862754436e-08
5.71304396924e-07
9.65968541558e-08
5.86484631476e-07
1.09512807149e-07
5.96115190552e-07
1.18571658131e-07
6.002222106e-07
1.23068120406e-07
5.99617773421e-07
1.22550296318e-07
5.96460336833e-07
1.18368286336e-07
5.92043587244e-07
1.13342493871e-07
5.85223013282e-07
1.08984678854e-07
5.74133911186e-07
1.04421990246e-07
5.59461190339e-07
9.85955423724e-08
5.4298796213e-07
9.2449234698e-08
5.23311743466e-07
4.96407619139e-07
8.81823121194e-08
1.98252398569e-08
9.14776248671e-07
5.73317991111e-08
7.0901251667e-07
2.99489465788e-08
5.14872754495e-07
2.76669858443e-08
4.66143640838e-07
3.92919857128e-08
4.80106967687e-07
5.56078859684e-08
5.0746924441e-07
7.13936078058e-08
5.34693123666e-07
8.40055234759e-08
5.58694444935e-07
9.25825294819e-08
5.77912622083e-07
9.70833858971e-08
5.91622372437e-07
9.76248875378e-08
5.99692005626e-07
9.44445240075e-08
6.02812702329e-07
8.8461944978e-08
6.02463082019e-07
8.15674098854e-08
5.98964159393e-07
7.50415769611e-08
5.91783340642e-07
6.81078661041e-08
5.81111321407e-07
5.89919442787e-08
5.68631683426e-07
4.83739264597e-08
5.536760205e-07
3.81398939551e-08
5.33627906521e-07
5.05406534227e-07
2.9226689704e-08
1.39516953963e-07
8.70305005083e-07
1.29435744419e-07
6.95197062319e-07
9.61486588404e-08
5.41692028326e-07
8.02761231231e-08
4.81048004513e-07
7.98588017918e-08
4.80503032902e-07
8.52216985803e-08
5.02126334988e-07
8.99226457218e-08
5.30000303782e-07
9.07523688012e-08
5.5787133665e-07
8.79173781601e-08
5.80755461122e-07
8.23442021884e-08
5.972065808e-07
7.47063194501e-08
6.07343883331e-07
6.55916595604e-08
6.11949950392e-07
5.62508578088e-08
6.11830114208e-07
4.71786050873e-08
6.08071952318e-07
3.79988688435e-08
6.01007317555e-07
2.59370712976e-08
5.93226396546e-07
1.1423067804e-08
5.83217321462e-07
-3.54871933673e-09
5.68734595804e-07
-1.89548216497e-08
5.49127932104e-07
5.21358677315e-07
-3.48117558504e-08
2.01199990872e-07
7.90872357122e-07
1.91917690422e-07
6.70264556747e-07
1.59443164495e-07
5.6216657139e-07
1.3438490339e-07
5.02944915663e-07
1.21337229464e-07
4.92948855131e-07
1.13824840453e-07
5.09556995242e-07
1.05558931533e-07
5.38261372221e-07
9.44059696484e-08
5.69030008776e-07
8.15613739507e-08
5.9361291864e-07
6.79744832266e-08
6.10808172099e-07
5.43175765635e-08
6.21024561978e-07
4.1201156043e-08
6.25092642977e-07
2.84557513473e-08
6.24610618366e-07
1.59296081927e-08
6.20640452487e-07
1.39755053186e-09
6.15586976472e-07
-1.66703413605e-08
6.11364569529e-07
-3.5251482056e-08
6.01886522944e-07
-5.51862747967e-08
5.88767446194e-07
-7.77664827368e-08
5.71812720709e-07
5.46828818306e-07
-1.03129089198e-07
2.03873867684e-07
7.25615831139e-07
2.13878300659e-07
6.27042099103e-07
1.94451484316e-07
5.67809627188e-07
1.68402543002e-07
5.24526281457e-07
1.46609876797e-07
5.13622444795e-07
1.28253329508e-07
5.27700494875e-07
1.09765659065e-07
5.56722121146e-07
9.06413914943e-08
5.88162446498e-07
7.17210093418e-08
6.12547240877e-07
5.3186661979e-08
6.29366037251e-07
3.53566840439e-08
6.38880359449e-07
1.81430326522e-08
6.42338773214e-07
1.52293343705e-09
6.4127029899e-07
-1.54518454614e-08
6.37658136435e-07
-3.71283872276e-08
6.37332087953e-07
-5.85748373445e-08
6.3289551502e-07
-8.03161572783e-08
6.2372470038e-07
-1.05646519376e-07
6.14205309334e-07
-1.35773837641e-07
6.02057705886e-07
5.80995872929e-07
-1.69817130075e-07
1.93589167473e-07
6.80340833473e-07
2.1146243256e-07
5.81537289623e-07
2.00782926635e-07
5.65972347944e-07
1.75727653415e-07
5.45091758496e-07
1.49459107942e-07
5.38621481815e-07
1.24550305435e-07
5.5233315485e-07
1.00063319923e-07
5.81169986562e-07
7.62056192637e-08
6.12026024291e-07
5.29803734725e-08
6.35795589298e-07
3.06052507289e-08
6.51766025003e-07
9.11261878055e-09
6.60404451223e-07
-1.14080634754e-08
6.62898521757e-07
-3.13197456133e-08
6.61224698475e-07
-5.4823777974e-08
6.61228077288e-07
-7.8991307085e-08
6.61575768381e-07
-1.0136189556e-07
6.55356730706e-07
-1.2481307616e-07
6.47277181805e-07
-1.52933969071e-07
6.42442343957e-07
-1.86485761774e-07
6.35741066386e-07
6.18854141681e-07
-2.24204598639e-07
1.80900354571e-07
6.53829828815e-07
1.8279660717e-07
5.58219265233e-07
1.69617657206e-07
5.69283135443e-07
1.44093549443e-07
5.66977379859e-07
1.17164150406e-07
5.64502788918e-07
9.06325286266e-08
5.78640698079e-07
6.43577679149e-08
6.07419868062e-07
3.88491679286e-08
6.37554585415e-07
1.39784183377e-08
6.60690238638e-07
-1.019081835e-08
6.75967493003e-07
-3.32530010223e-08
6.83505772758e-07
-5.5220313805e-08
6.84908430361e-07
-7.95225578173e-08
6.85587385164e-07
-1.06380656864e-07
6.88145640572e-07
-1.27730536235e-07
6.83008278213e-07
-1.47900431427e-07
6.75618063206e-07
-1.68977066924e-07
6.68455063052e-07
-1.94010287829e-07
6.67597113229e-07
-2.23933806354e-07
6.65805768391e-07
6.53500243478e-07
-2.5843043033e-07
1.62592883309e-07
6.49156497359e-07
1.35859091769e-07
5.69934698743e-07
1.05791399601e-07
5.92918035886e-07
7.38067936186e-08
5.96711362471e-07
4.66080875454e-08
5.9113119196e-07
2.17152749348e-08
6.03447998171e-07
-2.10203971716e-09
6.312562378e-07
-2.54945434767e-08
6.60979573624e-07
-4.92101507341e-08
6.84445462956e-07
-7.33240691978e-08
7.00127635421e-07
-9.76150025993e-08
7.07839015427e-07
-1.23172060153e-07
7.10528103413e-07
-1.49337649852e-07
7.11812405515e-07
-1.68553925674e-07
7.07443871018e-07
-1.82630013045e-07
6.97168365773e-07
-1.9577049892e-07
6.88847679884e-07
-2.09721568757e-07
6.82504700667e-07
-2.26043652113e-07
6.84039108032e-07
-2.45703270298e-07
6.85606608975e-07
6.7805839003e-07
-2.70108989298e-07
1.53890440895e-07
6.53848449396e-07
9.90178088233e-08
6.12479443368e-07
4.61051517237e-08
6.42051091956e-07
6.40957004619e-10
6.41314824053e-07
-3.24516859537e-08
6.24152085976e-07
-5.81725914439e-08
6.29238937448e-07
-8.0477402238e-08
6.53627246387e-07
-1.03343107597e-07
6.8389781865e-07
-1.29616851527e-07
7.10775756493e-07
-1.57931186627e-07
7.28495265937e-07
-1.86706726821e-07
7.3668340239e-07
-2.13042488394e-07
7.36934066901e-07
-2.28413822197e-07
7.27269496912e-07
-2.32586040002e-07
7.11699139444e-07
-2.34802198275e-07
6.99464424249e-07
-2.36826414187e-07
6.90954469904e-07
-2.39625427499e-07
6.85395046055e-07
-2.43516503318e-07
6.88043200713e-07
-2.50038706149e-07
6.92264214718e-07
6.89829212738e-07
-2.61659716863e-07
1.6491664247e-07
6.54367157803e-07
1.03805969765e-07
6.63769066526e-07
5.37955883461e-08
6.89316858543e-07
6.75960673276e-09
6.87590324321e-07
-3.73459916429e-08
6.68117786247e-07
-7.59635803577e-08
6.67930521797e-07
-1.11171867231e-07
6.88933403165e-07
-1.49593854591e-07
7.22402664911e-07
-1.94212113867e-07
7.55459162511e-07
-2.37054733919e-07
7.71415948591e-07
-2.67745503557e-07
7.67460181318e-07
-2.81027080329e-07
7.50311263893e-07
-2.78435862345e-07
7.24767422518e-07
-2.69470230747e-07
7.02811199523e-07
-2.59695896838e-07
6.89763809631e-07
-2.51277747288e-07
6.82611404484e-07
-2.4438762351e-07
6.78586853471e-07
-2.36881887056e-07
6.80638757152e-07
-2.3169079911e-07
6.87198754218e-07
6.90965056917e-07
-2.32682321049e-07
2.14732055561e-07
6.08465974476e-07
1.95260255318e-07
6.58756214107e-07
1.7754873859e-07
6.92744116547e-07
1.4424895221e-07
7.13460792478e-07
8.89233180263e-08
7.20008409043e-07
2.48165704476e-08
7.3077268282e-07
-4.26829997217e-08
7.56172769671e-07
-1.14927400641e-07
7.94752620058e-07
-1.88459195178e-07
8.2918952556e-07
-2.41549859393e-07
8.24685431336e-07
-2.60160237817e-07
7.86229189309e-07
-2.58523959681e-07
7.48809144133e-07
-2.49487100385e-07
7.15837836011e-07
-2.38792291632e-07
6.92203082843e-07
-2.26792214323e-07
6.77839803948e-07
-2.15571596976e-07
6.71463350351e-07
-2.06526027552e-07
6.69615732296e-07
-1.96325908378e-07
6.70525174835e-07
-1.85849684952e-07
6.76833187371e-07
6.86072281796e-07
-1.80821384864e-07
2.59110813919e-07
4.7868477286e-07
2.62463937489e-07
6.18563893029e-07
2.79061159507e-07
6.55597637152e-07
2.84463683175e-07
6.97122136151e-07
2.54120887798e-07
7.44919653228e-07
1.90301621552e-07
7.92221629291e-07
1.10288910259e-07
8.35405441573e-07
2.37202846325e-08
8.81247746759e-07
-6.19321619466e-08
9.14987160472e-07
-1.31224308463e-07
8.94164703454e-07
-1.41726160415e-07
7.96901874837e-07
-1.40696443146e-07
7.4792741488e-07
-1.38318358023e-07
7.1358392459e-07
-1.35899201933e-07
6.89885869614e-07
-1.32480765917e-07
6.74504095772e-07
-1.28083815786e-07
6.67136543532e-07
-1.24815204464e-07
6.66414664436e-07
-1.21424639045e-07
6.67207101066e-07
-1.14317239661e-07
6.69815990114e-07
6.80339180716e-07
-1.08464241273e-07
1.48024866197e-07
4.34508476201e-07
1.63485223623e-07
5.72643886182e-07
1.82987447623e-07
6.19883399267e-07
1.97175223373e-07
6.74826577416e-07
1.93663806707e-07
7.44419690331e-07
1.72551929583e-07
8.11476592128e-07
1.4242908272e-07
8.6483428712e-07
1.09112219922e-07
9.14441078047e-07
7.88046532701e-08
9.45398476487e-07
3.89559262431e-08
9.34173808305e-07
2.29864042606e-08
8.13022094004e-07
1.54014591273e-08
7.55649301284e-07
8.26121356866e-09
7.20846021431e-07
9.7783061866e-10
6.97274195803e-07
-5.93711839494e-09
6.81504689768e-07
-1.18884243846e-08
6.73154786854e-07
-1.75328522022e-08
6.7211849003e-07
-2.34609737835e-08
6.73196963435e-07
-2.5162147094e-08
6.71587549173e-07
6.79172887612e-07
-2.38991916002e-08
1.0841809413e-07
4.31871338467e-07
1.00947118616e-07
5.59857805973e-07
1.08287153948e-07
6.0442926332e-07
1.15072488073e-07
6.63927285853e-07
1.14326704951e-07
7.42953890503e-07
1.09110410887e-07
8.15626362435e-07
1.0536316138e-07
8.68202889587e-07
1.10447217952e-07
9.09324655985e-07
1.27167646977e-07
9.28792306074e-07
1.5658985863e-07
9.04899061149e-07
1.57821562203e-07
8.11924887066e-07
1.50300915029e-07
7.6329402591e-07
1.40064911796e-07
7.31194357161e-07
1.28616410701e-07
7.08820554188e-07
1.1669563495e-07
6.93505480041e-07
1.04755892584e-07
6.85155668217e-07
9.27995545685e-08
6.84126536104e-07
8.09305271806e-08
6.85119440167e-07
7.14979323469e-08
6.8107771923e-07
6.86324058043e-07
6.44231106199e-08
6.6733587473e-08
4.80611597728e-07
3.4192470445e-08
5.9146578405e-07
2.76601911804e-08
6.11507235109e-07
2.48149958506e-08
6.6591819292e-07
1.58929851021e-08
7.51069038815e-07
7.76181560427e-09
8.2335939374e-07
1.37200466725e-08
8.62167669754e-07
6.65595206108e-08
8.56567566408e-07
1.51691559783e-07
8.43777476627e-07
2.28401922539e-07
8.28313046301e-07
2.45750328956e-07
7.9469809331e-07
2.46175910538e-07
7.62982431406e-07
2.39682303133e-07
7.37790983388e-07
2.30004037844e-07
7.1858745468e-07
2.18745435414e-07
7.04834930319e-07
2.06156960441e-07
6.97796776594e-07
1.91996358931e-07
6.9833119715e-07
1.78641424182e-07
6.98521558218e-07
1.66187870644e-07
6.93579507782e-07
7.02383728421e-07
1.50192812418e-07
-1.69783356483e-08
6.37753337103e-07
-6.22317751608e-08
6.46281412237e-07
-6.11541762072e-08
6.16800493333e-07
-3.64409108359e-08
6.43183639833e-07
-1.07566578093e-08
7.25688069591e-07
2.7127440722e-08
7.85472778307e-07
8.76908744675e-08
8.01604398349e-07
1.50440609032e-07
7.93887337882e-07
2.06012930343e-07
7.88302173062e-07
2.537120029e-07
7.80718501175e-07
2.83190186419e-07
7.65323288092e-07
2.97188003932e-07
7.49082253584e-07
3.01496857898e-07
7.33570372091e-07
3.00042312109e-07
7.20116844871e-07
2.94501710093e-07
7.10433410262e-07
2.84501950293e-07
7.07837974881e-07
2.72901233686e-07
7.0997196213e-07
2.62700690073e-07
7.0876107793e-07
2.49871443919e-07
7.06448329725e-07
7.30821591381e-07
2.21491290787e-07
8.690074661e-08
6.91131035487e-07
6.85558741683e-08
6.48709785561e-07
5.7925365576e-08
6.22207825824e-07
6.56638660322e-08
6.34387542805e-07
9.56918284777e-08
6.95585788103e-07
1.26376082843e-07
7.54799881257e-07
1.54229529432e-07
7.73788371045e-07
1.85385489713e-07
7.6280161648e-07
2.24520084828e-07
7.49252276571e-07
2.64139483878e-07
7.41185522374e-07
2.95176312032e-07
7.34369173184e-07
3.17019531761e-07
7.27314961732e-07
3.30918319086e-07
7.19737691508e-07
3.38336116699e-07
7.12752092919e-07
3.38823718149e-07
7.09983713081e-07
3.34161074953e-07
7.12532720225e-07
3.29988649453e-07
7.14172461873e-07
3.25192581769e-07
7.13586042023e-07
3.04887328783e-07
7.26790194417e-07
7.66932121667e-07
2.68836660009e-07
1.86650421493e-07
6.47164670663e-07
1.82119258205e-07
6.24727833186e-07
1.75980213016e-07
6.16069976031e-07
1.74566977409e-07
6.31450227801e-07
1.85144343501e-07
6.83781690677e-07
2.00998273841e-07
7.38653178919e-07
2.14843855635e-07
7.59903990441e-07
2.28979997416e-07
7.48700368359e-07
2.48953765038e-07
7.2933298548e-07
2.73825806374e-07
7.16370060126e-07
2.98411407634e-07
7.09836409907e-07
3.19682935772e-07
7.06089780599e-07
3.3602037318e-07
7.03438186685e-07
3.47214978543e-07
7.01585554854e-07
3.52888278301e-07
7.04333325356e-07
3.56294773366e-07
7.09146466004e-07
3.57816835698e-07
7.12671536517e-07
3.475573007e-07
7.23870669685e-07
3.1802896053e-07
7.56354774461e-07
7.75616023204e-07
3.09423249803e-07
1.98861958777e-07
5.96079886445e-07
2.10571114181e-07
5.84300438836e-07
2.16009212534e-07
5.96989745059e-07
2.19948026451e-07
6.21879951225e-07
2.29186458034e-07
6.72544501538e-07
2.43211561969e-07
7.24007162305e-07
2.54557513086e-07
7.48397683209e-07
2.62786591889e-07
7.40454471388e-07
2.71954578235e-07
7.20188123961e-07
2.84509178281e-07
7.03846549415e-07
2.99580326728e-07
6.94794905807e-07
3.1503135904e-07
6.90664748566e-07
3.28743987686e-07
6.89746829417e-07
3.39042361781e-07
6.91304046016e-07
3.46863696375e-07
6.96527541326e-07
3.5206427893e-07
7.03961156121e-07
3.47849078387e-07
7.1690192495e-07
3.32047425047e-07
7.3969892892e-07
3.31430949365e-07
7.57030857565e-07
7.45333488396e-07
3.61774563843e-07
1.87518197808e-07
5.60037825083e-07
1.85088943476e-07
5.62556505583e-07
1.89024170457e-07
5.81374576356e-07
1.93390365039e-07
6.12544532325e-07
2.03212607673e-07
6.60842247412e-07
2.21005829615e-07
7.05574862715e-07
2.40236706588e-07
7.28973425975e-07
2.5528841254e-07
7.25356377243e-07
2.66605956167e-07
7.08868763755e-07
2.77002654725e-07
6.93460346945e-07
2.87938681657e-07
6.83872246923e-07
2.98690309882e-07
6.79925668192e-07
3.07823288372e-07
6.80623294819e-07
3.14106631706e-07
6.85027014569e-07
3.17670288141e-07
6.92966964684e-07
3.17192538757e-07
7.0443904124e-07
3.15321037391e-07
7.18795064327e-07
3.27548584729e-07
7.27512116502e-07
3.68459450899e-07
7.16163940563e-07
6.87614745359e-07
4.26212740734e-07
1.62146657986e-07
5.51755849159e-07
1.39491270158e-07
5.65958422618e-07
1.24548764065e-07
5.87120247759e-07
1.1629982602e-07
6.17083770985e-07
1.19628613083e-07
6.56214583324e-07
1.37422352945e-07
6.87367109355e-07
1.63495026202e-07
7.02773464032e-07
1.88553910974e-07
7.00257330691e-07
2.08671885213e-07
6.8873585736e-07
2.24880630168e-07
6.7724453143e-07
2.37750926023e-07
6.70996618368e-07
2.47548042185e-07
6.70122893122e-07
2.54251677922e-07
6.73915307428e-07
2.58776616954e-07
6.80500905391e-07
2.63496153242e-07
6.88252159921e-07
2.73408338476e-07
6.94559297325e-07
2.98732734133e-07
6.93508101959e-07
3.45709567023e-07
6.80567741887e-07
4.08814831773e-07
6.53083960953e-07
6.11502643782e-07
4.84950002637e-07
1.42297768871e-07
5.66244396105e-07
9.77568378617e-08
5.94100220019e-07
4.85155998905e-08
6.29705144429e-07
1.09474500902e-08
6.5249326171e-07
-3.13430823333e-09
6.69798878409e-07
3.07725317387e-09
6.81028120182e-07
2.38900688535e-08
6.81924241826e-07
5.03979882679e-08
6.73735779031e-07
7.61783298875e-08
6.62946743936e-07
9.91308396895e-08
6.54284533802e-07
1.1936428797e-07
6.50756770312e-07
1.37080712886e-07
6.52403602032e-07
1.53862354842e-07
6.57134659712e-07
1.72738673878e-07
6.61630645571e-07
1.98797864078e-07
6.62211528209e-07
2.37108610113e-07
6.56270715696e-07
2.88407420943e-07
6.42218290554e-07
3.51685968447e-07
6.17300898443e-07
4.23732608629e-07
5.81046917519e-07
5.33416729386e-07
5.01825868213e-07
1.35201055329e-07
5.95520658911e-07
3.10516318949e-08
6.88155009694e-07
-6.99664414326e-08
7.30560802464e-07
-1.33552281111e-07
7.16615492876e-07
-1.57772611312e-07
6.9433113983e-07
-1.61833429556e-07
6.85219201372e-07
-1.51032337449e-07
6.71184333884e-07
-1.30014941926e-07
6.52751445338e-07
-1.0290514916e-07
6.3585596199e-07
-7.26209303867e-08
6.24011613927e-07
-3.83910985163e-08
6.16534259734e-07
6.17829307447e-10
6.13400674555e-07
4.47390415596e-08
6.13020691672e-07
9.38893073774e-08
6.12486331842e-07
1.47430939618e-07
6.08673307493e-07
2.05411383319e-07
5.98281158723e-07
2.68371161491e-07
5.79255471679e-07
3.35072545963e-07
5.50597915493e-07
4.04668260404e-07
5.11449989073e-07
4.62471866467e-07
4.75614016662e-07
1.47171518296e-07
6.2226710229e-07
-2.92840149024e-08
8.64038789596e-07
-1.51560946142e-07
8.59581797287e-07
-2.04660673078e-07
7.74855331224e-07
-2.29468882196e-07
7.21116060188e-07
-2.42221388814e-07
6.98663165325e-07
-2.44442412442e-07
6.73645501494e-07
-2.34754661879e-07
6.43161819062e-07
-2.11050332358e-07
6.1220354085e-07
-1.74532884018e-07
5.87527679871e-07
-1.28778265851e-07
5.70804743479e-07
-7.49003356996e-08
5.59541213882e-07
-1.29121885086e-08
5.510480576e-07
5.28515426535e-08
5.46733012699e-07
1.185151667e-07
5.43016462533e-07
1.82390326744e-07
5.34410115513e-07
2.43944236402e-07
5.1770219807e-07
3.0395016106e-07
4.90591158997e-07
3.64064228166e-07
4.51335115839e-07
4.01465660574e-07
4.25071748226e-07
1.50878610809e-07
5.96106737324e-07
1.5805321518e-07
8.42711612427e-07
1.36456434447e-07
8.78950687874e-07
6.47486424082e-08
8.46687648656e-07
-2.26443191652e-08
8.09030252388e-07
-8.6637582521e-08
7.63063576371e-07
-1.31980972891e-07
7.19343587234e-07
-1.56386748116e-07
6.67790040759e-07
-1.54895653659e-07
6.10838998486e-07
-1.32738057234e-07
5.65447922923e-07
-9.42627276972e-08
5.32383941684e-07
-4.57302497855e-08
5.11047764226e-07
8.19367862977e-09
4.97152266502e-07
6.37754788311e-08
4.9116945699e-07
1.19212638954e-07
4.87590433476e-07
1.71750482951e-07
4.81878100035e-07
2.21701731891e-07
4.67753552803e-07
2.71665608379e-07
4.40628841431e-07
3.23528012077e-07
3.99475362527e-07
3.48522372941e-07
3.76477158748e-07
1.39816123362e-07
5.20492324324e-07
1.9345068661e-07
7.65866701114e-07
2.37285379867e-07
8.23420131182e-07
2.57033966958e-07
8.21153133813e-07
2.50966820291e-07
8.12415845812e-07
2.08904906718e-07
8.04110151447e-07
1.39566086722e-07
7.88377554937e-07
5.05024990022e-08
7.56828124907e-07
1.57778536361e-08
6.45618440117e-07
8.70032710969e-09
5.72591850026e-07
2.1350931495e-08
5.19790253324e-07
4.57599338126e-08
4.86682161097e-07
7.5370517596e-08
4.67572408608e-07
1.08219517408e-07
4.58340986046e-07
1.42614962165e-07
4.53208591185e-07
1.78044400765e-07
4.46458364824e-07
2.15276051955e-07
4.30529337593e-07
2.56125631261e-07
3.99786185376e-07
3.00383081757e-07
3.55226216873e-07
3.04539896693e-07
3.44376971469e-07
1.21599012555e-07
4.59519369332e-07
1.69354156842e-07
6.89981600745e-07
2.15498559963e-07
7.61317191698e-07
2.44262046165e-07
7.83844633426e-07
2.55763816821e-07
7.96638550767e-07
2.53048416094e-07
8.04862414828e-07
2.39166145456e-07
8.01424573948e-07
2.19890534553e-07
7.75787541956e-07
1.50540939789e-07
7.14890874909e-07
1.35140783183e-07
5.88009089092e-07
1.32193129971e-07
5.22779923332e-07
1.36689045386e-07
4.82229304039e-07
1.46658903857e-07
4.57637187478e-07
1.60790038122e-07
4.4423408974e-07
1.7803105132e-07
4.35984339236e-07
1.98812664683e-07
4.25689537123e-07
2.24501182843e-07
4.04851803578e-07
2.55925993409e-07
3.6837278647e-07
2.90788430466e-07
3.20377272967e-07
2.71174408697e-07
3.2417037742e-07
1.13111250255e-07
1.37189051375e-07
1.67638594354e-07
1.90301430109e-07
2.03402551883e-07
2.07843542989e-07
2.05636162379e-07
1.98742527362e-07
1.96895536291e-07
1.95899027932e-07
1.95006807383e-07
1.94687046256e-07
1.95839672204e-07
1.99089655351e-07
2.05382740686e-07
2.16321617742e-07
2.33607210416e-07
2.57073107722e-07
2.82667309187e-07
3.0550786344e-07
2.32711970672e-07
6.17571744676e-07
2.56719001035e-07
5.53618295373e-07
2.8191262432e-07
4.94508700076e-07
3.08370415221e-07
4.40207402204e-07
3.35196634022e-07
3.90436941316e-07
3.60599054612e-07
3.44335600904e-07
3.82448863057e-07
3.0071072325e-07
3.99293500777e-07
2.604260611e-07
4.11236119275e-07
2.26111625659e-07
4.18910081993e-07
1.98530488743e-07
4.20840106281e-07
1.73829127481e-07
4.12629440036e-07
1.54455781023e-07
3.8431970916e-07
1.50112659691e-07
2.95954181719e-07
2.08697876825e-07
-1.22692410815e-08
4.81586905688e-07
6.45038014753e-08
9.35539833968e-08
5.37050037296e-08
-5.32658074525e-08
3.30597719947e-08
-6.97359737572e-08
1.55234326645e-08
-6.64587539175e-08
-5.48797496296e-08
2.45201844803e-07
5.87144807333e-07
2.74022649604e-07
5.2457125373e-07
3.02119998832e-07
4.66199635329e-07
3.30544804644e-07
4.11589506955e-07
3.60321260513e-07
3.60490564241e-07
3.91459395819e-07
3.13056158493e-07
4.229997163e-07
2.6906174786e-07
4.54370556296e-07
2.28979610518e-07
4.86300614094e-07
1.94136560195e-07
5.19885436808e-07
1.64927921646e-07
5.52366362564e-07
1.41349466347e-07
5.75863720504e-07
1.30974249959e-07
5.42046882971e-07
1.83972023851e-07
3.50494872479e-07
4.00495096052e-07
-1.88476482343e-07
1.0215272778e-06
-5.34494716003e-08
-4.14588027986e-08
-2.63272701625e-08
-8.03871615875e-08
-1.61592602637e-08
-7.99041664441e-08
-8.43011118155e-09
-7.41880700485e-08
-6.3309855623e-08
2.61847628071e-07
5.53607295078e-07
2.94064035833e-07
4.92193046658e-07
3.25535872356e-07
4.34582736674e-07
3.57084509125e-07
3.79917200845e-07
3.89014629227e-07
3.2846202786e-07
4.21533932733e-07
2.80462919798e-07
4.54528245786e-07
2.36018004638e-07
4.87675955981e-07
1.95805249768e-07
5.20681041125e-07
1.61128047761e-07
5.52156885003e-07
1.33464462624e-07
5.79459930354e-07
1.14081203547e-07
5.85426371533e-07
1.25059875287e-07
3.6575604465e-07
4.03777999579e-07
-1.05478289182e-06
1.82143174241e-06
-6.70942594718e-08
3.47757846403e-08
-2.85751207505e-08
-7.9970881421e-08
-1.98676310802e-08
-8.90946134815e-08
-1.30309485264e-08
-8.67406776352e-08
-6.47832267231e-09
-8.07405391353e-08
-6.97881782246e-08
2.77119366513e-07
5.21658394149e-07
3.08560749195e-07
4.60647217759e-07
3.39887521601e-07
4.03165628287e-07
3.71378854435e-07
3.48353267331e-07
4.02706943966e-07
2.97078177519e-07
4.34085544135e-07
2.49048006654e-07
4.64980791259e-07
2.05101713654e-07
4.94164288951e-07
1.666215033e-07
5.19365399923e-07
1.35939086699e-07
5.360547935e-07
1.16808601119e-07
5.30282431024e-07
1.19885765648e-07
3.7966074534e-07
2.75753801887e-07
-5.02063760618e-07
1.2856567018e-06
-1.03756042471e-07
1.42334293227e-06
-1.2198482863e-08
-5.67791633177e-08
-3.06143944698e-09
-8.91072687809e-08
-2.1257860697e-09
-9.0030188652e-08
-2.19053266667e-09
-8.6675937273e-08
-1.87441873371e-09
-8.10566428207e-08
-7.1662592646e-08
2.84688724719e-07
4.94570726536e-07
3.12325577885e-07
4.3295423099e-07
3.40649127401e-07
3.7479575459e-07
3.69101580778e-07
3.19865515345e-07
3.9793909458e-07
2.68218728071e-07
4.26638801974e-07
2.20333505924e-07
4.53836454756e-07
1.77904500136e-07
4.77350249673e-07
1.43112374823e-07
4.90958375337e-07
1.22348394696e-07
4.75338743899e-07
1.32461001975e-07
3.0932218011e-07
2.85979282579e-07
-4.04251339734e-07
9.89450645092e-07
-1.69783249949e-07
1.05133415571e-06
9.23470140231e-09
1.2444642759e-06
2.92898022564e-08
-7.67849703762e-08
2.38652008954e-08
-8.36811853546e-08
1.69860208391e-08
-8.31510076941e-08
1.03330857385e-08
-8.00228876144e-08
4.47649116509e-09
-7.51999376375e-08
-6.71860983379e-08
2.8077184545e-07
4.73318357162e-07
3.03611144811e-07
4.10097404308e-07
3.27906462511e-07
3.50489338384e-07
3.53074877738e-07
2.94694939487e-07
3.78848625557e-07
2.42445017123e-07
4.03857626686e-07
1.95337015278e-07
4.25980683301e-07
1.55794599523e-07
4.38281554388e-07
1.30834772111e-07
4.22041772683e-07
1.3862766933e-07
2.06175620451e-07
3.48420777672e-07
-6.58845897141e-07
1.15113644762e-06
-8.57171009334e-07
1.18792062793e-06
-9.73269471715e-07
1.16757481365e-06
5.92100719e-08
2.12103950116e-07
4.68241114233e-08
-6.43800193365e-08
3.60849872435e-08
-7.29417644421e-08
2.56812444798e-08
-7.27472107292e-08
1.60327786157e-08
-7.03744068833e-08
7.28756964311e-09
-6.64547013496e-08
-5.98985225079e-08
2.64531940241e-07
4.57446398045e-07
2.82863983569e-07
3.91777157061e-07
3.03140617467e-07
3.30229821023e-07
3.25021793006e-07
2.72830046584e-07
3.47354417959e-07
2.20138853643e-07
3.68239004042e-07
1.7447602298e-07
3.83677623898e-07
1.40386573969e-07
3.73462527038e-07
1.41094445333e-07
1.85611105663e-07
3.26581307659e-07
-4.63958771548e-07
9.98144820048e-07
-3.8647237694e-07
1.07381517998e-06
-3.17372568917e-07
1.11898196852e-06
-1.42132056166e-07
9.92466511913e-07
3.59570118035e-08
3.40727519306e-08
3.48686283659e-08
-6.3286053801e-08
2.83570283141e-08
-6.64300591048e-08
2.07575009325e-08
-6.51476552883e-08
1.30628951108e-08
-6.26796922025e-08
5.85896900793e-09
-5.92506662891e-08
-5.40395489017e-08
2.35582212292e-07
4.46482653985e-07
2.49899212442e-07
3.77493523298e-07
2.66527853957e-07
3.13633343716e-07
2.84624108769e-07
2.54773468817e-07
3.02532977525e-07
2.02263534063e-07
3.17173712773e-07
1.59875728255e-07
3.16192712863e-07
1.4141686319e-07
1.7405576339e-07
2.83337242458e-07
-3.851904359e-07
8.85988661642e-07
-3.51400683033e-07
9.64518828315e-07
-2.93450521587e-07
1.01602765421e-06
-1.30624300147e-07
9.56313307395e-07
-1.36097431041e-08
8.75581192314e-07
4.72136070304e-08
-2.66980760992e-08
3.95000471737e-08
-5.55691771106e-08
3.08269655291e-08
-5.7756947669e-08
2.23113392502e-08
-5.66319615031e-08
1.41429262465e-08
-5.45112270122e-08
6.52525043945e-09
-5.16329300907e-08
-4.75142921435e-08
1.95029721405e-07
4.39637751808e-07
2.05696605574e-07
3.66874321161e-07
2.18343471151e-07
3.0103722099e-07
2.31859852682e-07
2.41299725816e-07
2.4412533285e-07
1.90049942621e-07
2.44967729328e-07
1.59086245429e-07
2.05558601487e-07
1.80914781671e-07
-3.66494161047e-07
8.55560287137e-07
-4.17850296719e-07
9.37517724044e-07
-4.41147361534e-07
9.8798225451e-07
-3.92146353111e-07
9.67190523546e-07
-3.09780292884e-07
8.74108724632e-07
5.97570267736e-08
5.06170618268e-07
4.91380534663e-08
-1.60392294932e-08
4.0010491818e-08
-4.64397412463e-08
3.09676986469e-08
-4.87140917181e-08
2.24386946177e-08
-4.81029165607e-08
1.43259191843e-08
-4.63983514174e-08
6.70917451256e-09
-4.40160845073e-08
-4.08051121173e-08
1.44839983593e-07
4.36665467059e-07
1.51118106559e-07
3.60654807865e-07
1.58687651749e-07
2.93518698684e-07
1.65756086147e-07
2.34289682842e-07
1.65867593506e-07
1.89992774336e-07
1.31487279894e-07
1.93531521531e-07
-3.85361268696e-07
6.97919551145e-07
-4.10055028597e-07
8.80427095103e-07
-4.2295790877e-07
9.505879983e-07
-3.82041101883e-07
9.47222610287e-07
-3.32111614604e-07
9.17417172815e-07
-2.71619409493e-07
8.13763110095e-07
4.64359307203e-08
1.88216306967e-07
4.90975691855e-08
-1.86785171205e-08
3.98024041315e-08
-3.71435276006e-08
3.09186389546e-08
-3.98302915268e-08
2.24897730804e-08
-3.96739883273e-08
1.44102082038e-08
-3.83187130534e-08
6.77331901632e-09
-3.63791183204e-08
-3.4031787391e-08
8.69890429096e-08
4.37930630516e-07
8.77655976229e-08
3.59940248787e-07
8.88102715123e-08
2.92534664132e-07
8.60306662027e-08
2.37127863043e-07
6.64872141704e-08
2.09600648848e-07
-4.4966798092e-08
3.05102954264e-07
-2.14526094788e-07
8.67657614838e-07
-2.85136249807e-07
9.51209297766e-07
-2.71793365081e-07
9.37408407048e-07
-2.23091266799e-07
8.98678901343e-07
-1.25770557832e-07
8.20248118123e-07
-3.14429287669e-08
7.19562090409e-07
5.8128389318e-08
9.87225239555e-08
5.04838330605e-08
-1.10193235055e-08
4.06417813344e-08
-2.73007485531e-08
3.15533275249e-08
-3.07417930672e-08
2.30251431356e-08
-3.11457639578e-08
1.4878233684e-08
-3.01717207967e-08
7.12143706698e-09
-2.86222383881e-08
-2.69103446876e-08
2.21418231484e-08
4.45094845461e-07
1.58577772308e-08
3.66294236778e-07
8.17474925255e-09
3.00284446714e-07
-8.76666506267e-09
2.54142170445e-07
-5.88066416025e-08
2.59741515783e-07
-1.97515664535e-07
4.43949567222e-07
-2.63164328578e-07
9.33487582163e-07
-2.78657062079e-07
9.66874372648e-07
-2.84377821481e-07
9.43294052674e-07
-2.86140590074e-07
9.00599677703e-07
-2.84352988415e-07
8.18613765115e-07
3.24493966688e-08
4.02881482169e-07
6.29623614765e-08
6.82646703832e-08
5.33235865923e-08
-1.37194375485e-09
4.22789154783e-08
-1.62557095373e-08
3.24372966647e-08
-2.09001337299e-08
2.35012190275e-08
-2.22096345434e-08
1.51649356566e-08
-2.18353592483e-08
7.30430664804e-09
-2.07615296426e-08
-1.96060324203e-08
-5.06224347514e-08
4.60994259146e-07
-6.70311756048e-08
3.82784347853e-07
-8.73405962774e-08
3.20676640503e-07
-1.18093084159e-07
2.84987813599e-07
-1.72818349918e-07
3.14580344202e-07
-2.43751662408e-07
5.15030719898e-07
-2.39734699154e-07
9.29653126967e-07
-2.30552332532e-07
9.57866712943e-07
-2.05640430615e-07
9.18552018746e-07
-1.60560726648e-07
8.55685253229e-07
-1.06597099571e-07
7.64785994682e-07
5.20974991978e-08
2.44291973462e-07
6.46363493088e-08
5.57620127334e-08
5.42261906568e-08
9.04257260855e-09
4.2586147253e-08
-4.61553795634e-09
3.22029869493e-08
-1.05169362345e-08
2.30281420945e-08
-1.30347399893e-08
1.47483413649e-08
-1.35554807015e-08
7.09181087264e-09
-1.31049185127e-08
-1.25142151031e-08
-1.2978568866e-07
4.87754100601e-07
-1.56899513242e-07
4.09993213077e-07
-1.8529898545e-07
3.49169123114e-07
-2.18526461578e-07
3.18312938801e-07
-2.57222515928e-07
3.53394038208e-07
-2.59489857376e-07
5.17445039154e-07
-2.02259362249e-07
8.72603146925e-07
-1.90211173849e-07
9.45992085369e-07
-1.83189821094e-07
9.11701493088e-07
-1.55511123146e-07
8.28170930265e-07
-5.80331893415e-10
6.09988395586e-07
7.28110880984e-08
1.70981174557e-07
7.15937594571e-08
5.70002226999e-08
5.91070308081e-08
2.15307758347e-08
4.60433350278e-08
8.44821095884e-09
3.41024484287e-08
1.42400897258e-09
2.36949560818e-08
-2.62718826377e-09
1.48448657791e-08
-4.7052856957e-09
7.10614647925e-09
-5.36609601623e-09
-5.40806158938e-09
-2.04216506925e-07
5.22270978557e-07
-2.37801895653e-07
4.43682660226e-07
-2.70168765334e-07
3.81630976068e-07
-3.01293676528e-07
3.49536656098e-07
-3.22352550806e-07
3.74570186733e-07
-2.90805707954e-07
4.8603943593e-07
-1.40700014168e-07
7.22672183431e-07
-1.34557092117e-07
9.40022422848e-07
-1.60251740289e-07
9.37566541243e-07
-1.9317357817e-07
8.61256505207e-07
5.5137452822e-08
3.61797955992e-07
8.44601712856e-08
1.41711007408e-07
7.78488351696e-08
6.36197316512e-08
6.46617616445e-08
3.47181033469e-08
5.13257453492e-08
2.17842741891e-08
3.85836427346e-08
1.41661464746e-08
2.68832498119e-08
9.07330752325e-09
1.66143814908e-08
5.56369945541e-09
7.90874402184e-09
3.33966827939e-09
2.50069258523e-09
-2.62018071738e-07
5.6021212661e-07
-2.98071044785e-07
4.79845561697e-07
-3.32724644297e-07
4.16381107268e-07
-3.60483033732e-07
3.77391470135e-07
-3.69161252322e-07
3.83360978881e-07
-3.33823775833e-07
4.50832951086e-07
-1.9036980693e-07
5.79374892871e-07
-5.93641423177e-08
8.09186795964e-07
-1.95155844916e-08
8.97885006095e-07
8.06445748996e-09
8.33820357845e-07
8.43624882323e-08
2.85599723455e-07
9.45983035852e-08
1.315047275e-07
8.32526920769e-08
7.49674525453e-08
6.91140197148e-08
4.88568393292e-08
5.52946508274e-08
3.56036883629e-08
4.22742106159e-08
2.71867112526e-08
3.0260951356e-08
2.10866473169e-08
1.92798869577e-08
1.65449981027e-08
9.23367670728e-09
1.33861070919e-08
1.17343794625e-08
-2.94388568854e-07
5.96305455694e-07
-3.28258636167e-07
5.13828845885e-07
-3.60794455465e-07
4.49014769565e-07
-3.86795867478e-07
4.03482494736e-07
-3.92446566034e-07
3.89111333316e-07
-3.64640863939e-07
4.23144713498e-07
-3.00146009485e-07
5.15014688229e-07
-1.39872320131e-07
6.4907386032e-07
-2.36407919809e-08
7.81818022698e-07
5.61816654079e-08
7.54139833493e-07
9.94064760635e-08
2.42448725949e-07
9.83463583551e-08
1.32576785213e-07
8.4755369005e-08
8.85587321119e-08
6.95650486216e-08
6.40472093931e-08
5.48881943233e-08
5.0280587555e-08
4.14133530605e-08
4.06615451118e-08
2.93866000885e-08
3.3113590715e-08
1.86515906092e-08
2.72801356167e-08
8.92953270709e-09
2.3108320632e-08
2.06639393327e-08
-2.98629211525e-07
6.24967059973e-07
-3.25460896261e-07
5.40777366106e-07
-3.50470029232e-07
4.7412378701e-07
-3.71640623972e-07
4.24740735498e-07
-3.7768940359e-07
3.95244403961e-07
-3.55209866128e-07
4.00761403963e-07
-2.98426406664e-07
4.58341788892e-07
-2.13756776088e-07
5.64526288266e-07
-8.69862271295e-08
6.55177830401e-07
6.84158037659e-08
5.98862285227e-07
9.41048012294e-08
2.16801550282e-07
9.02860466304e-08
1.36398512657e-07
7.83929297478e-08
1.00451863769e-07
6.37678689474e-08
7.86723132467e-08
4.89181287256e-08
6.51303484359e-08
3.5652181189e-08
5.39277265515e-08
2.444117498e-08
4.43246594051e-08
1.50627663838e-08
3.66589084287e-08
7.04253904815e-09
3.11288756916e-08
2.77065124269e-08
-2.78790221567e-07
6.42243513161e-07
-2.95642903801e-07
5.57752182399e-07
-3.10466407997e-07
4.89051105351e-07
-3.22406759929e-07
4.36773290462e-07
-3.26267254728e-07
3.99188688498e-07
-3.07966213505e-07
3.82548472388e-07
-2.57932225643e-07
4.0841801367e-07
-1.75960557677e-07
4.82689128264e-07
-7.18876268111e-08
5.51251093021e-07
6.26736369482e-08
4.64430594202e-07
7.85761196315e-08
2.00925057643e-07
7.63320362036e-08
1.38643397881e-07
6.81652619615e-08
1.08618637028e-07
5.56926118141e-08
9.11449881961e-08
4.06190646083e-08
8.02039197345e-08
2.7312850846e-08
6.72338637543e-08
1.71386261891e-08
5.4499133969e-08
9.71885689738e-09
4.40786687001e-08
4.23592734101e-09
3.66117948074e-08
3.1942516648e-08
-2.39291540907e-07
6.48998891991e-07
-2.46741777796e-07
5.65327953419e-07
-2.52197038405e-07
4.94613098898e-07
-2.55126703931e-07
4.39797385922e-07
-2.53630237217e-07
3.97778623534e-07
-2.39476717671e-07
3.68477827182e-07
-1.98832174295e-07
3.67873903593e-07
-1.28994977085e-07
4.12984246507e-07
-4.42806194144e-08
4.66685670001e-07
5.46807298147e-08
3.65583700266e-07
6.57666440696e-08
1.89854614572e-07
6.52706666763e-08
1.39139636343e-07
5.98522903615e-08
1.14036970644e-07
4.9792883821e-08
1.01204388185e-07
3.47894815968e-08
9.52072803748e-08
2.00672014992e-08
8.19563480605e-08
9.93500075293e-09
6.46313469163e-08
4.19751513648e-09
4.98164871587e-08
1.29098580048e-09
3.95185711573e-08
3.32336251808e-08
-1.82172935726e-07
6.50491747922e-07
-1.84301379195e-07
5.67579720791e-07
-1.83745070734e-07
4.94161188048e-07
-1.80884184476e-07
4.37028133977e-07
-1.74902997679e-07
3.91881187405e-07
-1.62822236457e-07
3.56475416836e-07
-1.32831393765e-07
3.3796905832e-07
-7.68872201244e-08
3.57156091436e-07
-7.18092237196e-09
3.97118131017e-07
5.34407779168e-08
3.05055413932e-07
6.14343588183e-08
1.81871414977e-07
6.14954362389e-08
1.3907871869e-07
5.70767427877e-08
1.18455608972e-07
4.84270635435e-08
1.09854043316e-07
3.44149508584e-08
1.09219346495e-07
1.80063621666e-08
9.83647266579e-08
6.13629738796e-09
7.65014918058e-08
6.67404933905e-10
5.5285327509e-08
-6.78702408071e-10
4.08646472808e-08
3.25551332601e-08
-1.1031779692e-07
6.52476920459e-07
-1.12835636685e-07
5.70213837701e-07
-1.10944971181e-07
4.92367242739e-07
-1.05892466493e-07
4.32059293142e-07
-9.83510893517e-08
3.84415503462e-07
-8.75040253064e-08
3.4569883338e-07
-6.68486398052e-08
3.17385056659e-07
-2.62255852347e-08
3.16626227328e-07
2.98110023317e-08
3.41199048281e-07
6.33985548524e-08
2.71544320544e-07
6.82941933872e-08
1.7698471617e-07
6.74730491883e-08
1.39899992287e-07
6.25359873752e-08
1.23392596024e-07
5.38441832641e-08
1.18545807776e-07
4.06745126074e-08
1.2238892805e-07
2.32551215587e-08
1.15784134653e-07
8.36138565094e-09
9.13950261604e-08
5.7951896629e-10
6.30672826255e-08
-1.17824315057e-09
4.26228030626e-08
3.13771928546e-08
-2.97701773857e-08
6.58464593783e-07
-3.66775641642e-08
5.77227537644e-07
-3.77685588868e-08
4.93544797854e-07
-3.37502911399e-08
4.28113778516e-07
-2.67633729424e-08
3.7749376302e-07
-1.76416107293e-08
3.3663771578e-07
-3.74039594317e-09
3.03542439175e-07
2.37206581796e-08
2.89236478432e-07
6.62313112928e-08
2.98780629043e-07
8.40754024417e-08
2.53765704176e-07
8.55504662533e-08
1.75518806089e-07
8.29143791808e-08
1.42536259308e-07
7.63454988482e-08
1.29961402749e-07
6.64042696203e-08
1.28487010663e-07
5.28982084207e-08
1.35894916555e-07
3.46530654602e-08
1.34029118667e-07
1.66608607424e-08
1.09387122635e-07
4.43668484971e-09
7.52911652613e-08
-4.30844315693e-11
4.71031875961e-08
3.1334602281e-08
5.19923802105e-08
6.70997352776e-07
3.93045664736e-08
5.90011612738e-07
3.31911109821e-08
4.99736027202e-07
3.45941708005e-08
4.26773429293e-07
4.00660108834e-08
3.7207657483e-07
4.76722733043e-08
3.29082057015e-07
5.751327157e-08
2.9374929584e-07
7.57850224927e-08
2.71018486651e-07
1.05678189359e-07
2.68956576166e-07
1.14716515424e-07
2.44785516605e-07
1.11826180996e-07
1.78420241099e-07
1.06696881724e-07
1.47665857126e-07
9.75331419605e-08
1.39125080418e-07
8.50124530639e-08
1.41007679558e-07
6.94741090887e-08
1.51433190114e-07
4.98015909393e-08
1.53701567284e-07
2.940947201e-08
1.297791017e-07
1.2977955445e-08
9.17224668323e-08
4.2476160061e-09
5.58344753708e-08
3.55833756135e-08
1.27768556995e-07
6.93513059218e-07
1.09915167998e-07
6.07953212704e-07
1.00761099821e-07
5.08961089128e-07
1.00615151914e-07
4.2697400466e-07
1.05377672504e-07
3.67359630278e-07
1.12389648545e-07
3.22111359843e-07
1.20021606951e-07
2.8615590329e-07
1.31721119441e-07
2.59359062583e-07
1.50830299809e-07
2.49897951097e-07
1.5547911225e-07
2.40187228952e-07
1.46937186993e-07
1.86975854082e-07
1.38125672667e-07
1.56477966336e-07
1.2490379791e-07
1.52346910848e-07
1.08004937302e-07
1.57906547904e-07
8.82365593006e-08
1.71201517668e-07
6.59068535226e-08
1.76031254752e-07
4.37458391217e-08
1.51940008076e-07
2.47891232174e-08
1.10679059804e-07
1.24634685848e-08
6.81611539481e-08
4.80506696553e-08
1.92560351775e-07
7.22526430044e-07
1.76637119815e-07
6.23955549767e-07
1.70458831896e-07
5.15203082154e-07
1.71055439394e-07
4.26425360187e-07
1.76009139873e-07
3.62443971365e-07
1.82719460658e-07
3.15434450004e-07
1.88714221651e-07
2.80192408195e-07
1.94923730536e-07
2.53180729125e-07
2.04780233684e-07
2.40079804699e-07
2.0762599466e-07
2.3738603947e-07
1.91550073604e-07
2.0306811771e-07
1.76291886842e-07
1.71737373288e-07
1.56744646655e-07
1.71894147391e-07
1.32993920108e-07
1.81657308033e-07
1.06343749762e-07
1.97851680125e-07
7.9981207137e-08
2.02393723861e-07
5.63927297826e-08
1.75528499612e-07
3.60185538127e-08
1.31053114657e-07
2.07867061461e-08
8.33932248378e-08
6.88488408411e-08
2.55158439411e-07
7.36293266247e-07
2.52121013484e-07
6.27069882839e-07
2.54056436386e-07
5.13326135886e-07
2.57567219923e-07
4.22957434876e-07
2.6225543004e-07
3.57788209916e-07
2.6733509375e-07
3.10381956877e-07
2.70687329343e-07
2.76865622493e-07
2.71376313148e-07
2.52517164618e-07
2.72419858891e-07
2.39066112713e-07
2.71621592966e-07
2.38223966635e-07
2.47265201433e-07
2.27445431624e-07
2.20324443591e-07
1.98680923682e-07
1.91619732251e-07
2.00598933256e-07
1.58186026369e-07
2.15091072499e-07
1.22107787676e-07
2.33929928867e-07
9.11146950173e-08
2.33386930482e-07
6.6597151847e-08
2.00046087381e-07
4.49397091167e-08
1.52710777452e-07
2.51316193548e-08
1.03201607995e-07
9.39781503623e-08
3.24591196445e-07
7.21195546208e-07
3.42037450627e-07
6.09681329189e-07
3.5555763579e-07
4.99849986817e-07
3.64655104412e-07
4.13892753587e-07
3.70355704013e-07
3.52112783854e-07
3.73583233518e-07
3.07175321476e-07
3.73757514058e-07
2.76711147134e-07
3.69112690454e-07
2.57182627362e-07
3.61525495863e-07
2.46677117729e-07
3.49905754667e-07
2.49877495102e-07
3.15765202519e-07
2.61616554626e-07
2.70913687464e-07
2.43538939683e-07
2.30023731961e-07
2.41489172779e-07
1.84196559998e-07
2.6091832752e-07
1.37767417123e-07
2.80359124247e-07
1.04069435332e-07
2.67084993213e-07
8.14189544486e-08
2.22696717728e-07
6.1026428719e-08
1.73103559e-07
1.9856071542e-08
1.44373642585e-07
1.13866911679e-07
4.04144728047e-07
6.78871393538e-07
4.44673975506e-07
5.69194094388e-07
4.73237595072e-07
4.71316650997e-07
4.91300555944e-07
3.95851574646e-07
5.01980247278e-07
3.41449645105e-07
5.06281375369e-07
3.02887979699e-07
5.04705427539e-07
2.78300527789e-07
4.95866108899e-07
2.66037564609e-07
4.79368577843e-07
2.63193829583e-07
4.53101756343e-07
2.76173111812e-07
4.03562952513e-07
3.1119462455e-07
3.29123386084e-07
3.17994469858e-07
2.67937708222e-07
3.02675875546e-07
2.06420885892e-07
3.22435240418e-07
1.50345803158e-07
3.36434267286e-07
1.17809899908e-07
2.99620966524e-07
1.01842515222e-07
2.38664370042e-07
6.70973707711e-08
2.0785015969e-07
8.50368676054e-09
2.03040150726e-07
1.22448731768e-07
4.93348098133e-07
6.11773790754e-07
5.51791492715e-07
5.1077587728e-07
5.95785365157e-07
4.27338566352e-07
6.27975525702e-07
3.63670313393e-07
6.50899610779e-07
3.18530269641e-07
6.65220295999e-07
2.88569929266e-07
6.70942643855e-07
2.72580552449e-07
6.66581613899e-07
2.70403460687e-07
6.47691982744e-07
2.82094352069e-07
6.06309450739e-07
3.17584968153e-07
5.2131712823e-07
3.96257012361e-07
3.73719395418e-07
4.65670161911e-07
2.6344053408e-07
4.12970392894e-07
1.88820380799e-07
3.97055711326e-07
1.3170103813e-07
3.93553671842e-07
1.03012043745e-07
3.2831029171e-07
6.95684549695e-08
2.7211071377e-07
3.58044700221e-09
2.73879751346e-07
-2.06321976128e-08
2.2731956188e-07
1.0183008514e-07
5.61830446383e-07
5.34909748095e-07
6.29882575013e-07
4.427331262e-07
6.879618672e-07
3.69263942134e-07
7.38107398543e-07
3.13525361129e-07
7.83293593007e-07
2.73340027873e-07
8.2379312978e-07
2.48061806983e-07
8.58223001226e-07
2.38137593838e-07
8.82985420003e-07
2.45626224966e-07
8.79671042908e-07
2.85399718098e-07
8.07541883753e-07
3.89706457469e-07
6.58929632352e-07
5.449031984e-07
3.54983655056e-07
7.69791023727e-07
1.4487653029e-07
6.23131999361e-07
6.29996342296e-08
4.78948656165e-07
3.05225750149e-08
4.26034207787e-07
-4.9135845713e-08
4.07990393037e-07
-1.41299812126e-07
3.64298540305e-07
-1.37130277578e-07
2.69710694149e-07
-5.21700100883e-08
1.42338324876e-07
4.96488121664e-08
5.78333335663e-07
4.58407774047e-07
6.4740444172e-07
3.73668011167e-07
7.11165955498e-07
3.05508438553e-07
7.72778301217e-07
2.5191921165e-07
8.3409838689e-07
2.12026983087e-07
8.94666817118e-07
1.87503029442e-07
9.51141541221e-07
1.81681465592e-07
9.78091582581e-07
2.18710525486e-07
9.42767325907e-07
3.20718817975e-07
8.41962737989e-07
4.90536932763e-07
6.67974618438e-07
7.19053533639e-07
3.77752585927e-07
1.06038788565e-06
1.07569902783e-07
8.93666532005e-07
-3.16483663626e-08
6.18189551004e-07
-1.15406911476e-07
5.09766569509e-07
-2.52834557971e-07
5.45422935724e-07
-2.99188655297e-07
4.10710048065e-07
-1.54091757658e-07
1.24623176361e-07
-4.50650745014e-08
3.33074117322e-08
4.57009907326e-09
5.43587823399e-07
3.90437217916e-07
6.0595473219e-07
3.11307011063e-07
6.64548710986e-07
2.46923118041e-07
7.2096782838e-07
1.95511638807e-07
7.75143754085e-07
1.57865638613e-07
8.26066833812e-07
1.36605206348e-07
8.51235594448e-07
1.56544202877e-07
8.03690933548e-07
2.66284637274e-07
5.98700398028e-07
5.25764592675e-07
3.64397372617e-07
7.24906196013e-07
2.12383536241e-07
8.71131415012e-07
2.475523057e-07
1.0252776484e-06
1.62800169887e-07
9.78471486576e-07
-3.63998612791e-08
8.17422319872e-07
-1.9684296942e-07
6.70242485321e-07
-2.18658030682e-07
5.6729357073e-07
-1.21121588373e-07
3.13270684156e-07
-3.72562062704e-08
4.07946762285e-08
-7.57212663161e-09
3.63186060705e-09
-2.99927234624e-09
4.83354529088e-07
3.32159341784e-07
5.35569620238e-07
2.59100350847e-07
5.82130441144e-07
2.00373072414e-07
6.24139457711e-07
1.53516052779e-07
6.63109867096e-07
1.18914780391e-07
6.93272975367e-07
1.06472297965e-07
6.73375893024e-07
1.7647408419e-07
4.97444246459e-07
4.42263310807e-07
3.40682339254e-07
6.82590501444e-07
2.30242505984e-07
8.35409828164e-07
1.55671460933e-07
9.45762530733e-07
1.22055684388e-07
1.05895080956e-06
3.38018208512e-08
1.0667783029e-06
-1.06006622037e-07
9.57282084734e-07
-2.10072059216e-07
7.74349677841e-07
-2.15636803293e-07
5.7289790033e-07
-1.31652069607e-08
1.1084871163e-07
5.88036221795e-09
2.17645982106e-08
4.37995387462e-09
5.13550667415e-09
1.38353941984e-09
4.24888512478e-07
2.83757305867e-07
4.64759230681e-07
2.19241955233e-07
4.96540874985e-07
1.68607617706e-07
5.20902753257e-07
1.29175356208e-07
5.40006502041e-07
9.98482505279e-08
5.50736298887e-07
9.57800252425e-08
5.85449793718e-07
1.41865573107e-07
5.20148022332e-07
5.07629127278e-07
4.89871861872e-07
7.12934124981e-07
4.5531158727e-07
8.70038012963e-07
3.23791235273e-07
1.07734667945e-06
1.52201862106e-07
1.23060457774e-06
-9.9879110835e-08
1.31892216491e-06
-2.44405944154e-07
1.10186628393e-06
-3.25332722056e-07
8.55328042261e-07
-2.16169617119e-08
2.69244799637e-07
1.1871091771e-08
7.73932340074e-08
1.18180241799e-08
2.18213223424e-08
6.26910195664e-09
1.06874129939e-08
7.65646777994e-09
3.82198401556e-07
2.45950353631e-07
4.1137968393e-07
1.90078260606e-07
4.319818501e-07
1.4802679828e-07
4.45179955495e-07
1.1600506998e-07
4.54129156233e-07
9.09354407739e-08
4.66732023798e-07
8.32342992536e-08
5.03421850424e-07
1.05247725215e-07
8.1333279273e-07
1.97784242254e-07
1.13174524079e-06
3.94595798397e-07
9.24968281144e-07
1.07690037096e-06
6.13837505996e-07
1.38856441063e-06
1.97584781091e-07
1.64694739486e-06
-3.05882993075e-07
1.82247825568e-06
-5.76879162797e-07
1.37293995884e-06
-1.13049313471e-07
3.91576775701e-07
-8.00502191674e-09
1.64242557802e-07
1.62365991865e-08
5.31599611598e-08
1.29465737221e-08
2.51120085723e-08
7.78533964193e-09
1.58520541205e-08
1.54484670369e-08
3.51766716333e-07
2.18372947752e-07
3.71907709439e-07
1.69959137923e-07
3.84387564977e-07
1.35574474946e-07
3.93198412231e-07
1.07236492307e-07
3.9935449987e-07
4.09591523094e-07
4.34892948083e-07
4.99503969672e-07
6.15621177545e-07
5.72151424008e-07
3.83933070387e-07
6.13429367891e-08
-2.74015505759e-07
-2.42497326888e-07
-7.67457450444e-08
-1.04005383244e-08
-3.45418318715e-09
-1.36803804643e-09
-1.07158318903e-09
3.22544315197e-07
3.31219786708e-07
3.35291016033e-07
)
;

boundaryField
{
    emptyPatch
    {
        type            empty;
        value           nonuniform List<scalar> 0();
    }
    minY
    {
        type            calculated;
        value           nonuniform List<scalar> 0();
    }
    maxY
    {
        type            calculated;
        value           nonuniform List<scalar> 0();
    }
    water_to_cooler
    {
        type            calculated;
        value           uniform 0;
    }
    water_to_heater
    {
        type            calculated;
        value           uniform 0;
    }
    procBoundary1to0
    {
        type            processor;
        value           nonuniform List<scalar> 
41
(
4.26964187805e-07
6.3785657415e-07
7.14280323451e-07
7.52114546804e-07
7.78946213552e-07
7.98255390141e-07
8.02683534206e-07
7.8231114581e-07
7.16625323498e-07
5.88993469629e-07
5.23697149129e-07
4.82583948715e-07
4.56516481516e-07
4.41007705949e-07
4.29707625522e-07
4.14763661218e-07
3.87578837063e-07
3.44921580262e-07
2.94800649593e-07
2.48354496178e-07
8.48354202944e-08
7.30547639645e-08
8.00041421715e-08
1.33236216632e-07
2.78554257909e-07
1.1204684433e-06
1.57689396922e-06
1.96965770635e-06
2.15796198971e-06
1.34152320894e-06
2.25874200399e-07
9.79119212659e-08
4.62144713487e-08
2.30267277144e-08
1.55623906005e-08
1.43898573667e-08
2.01360118212e-07
1.6131332959e-07
1.31549727221e-07
3.37586668982e-07
1.0499614443e-07
)
;
    }
    procBoundary1to3
    {
        type            processor;
        value           nonuniform List<scalar> 
41
(
-6.42529580626e-07
-6.59737462618e-07
-6.71339126559e-07
-6.77903919222e-07
-6.81634102424e-07
-6.83828617637e-07
-6.85114218401e-07
-6.8579835581e-07
-6.85886899485e-07
-6.85595926556e-07
-6.84179203385e-07
-6.81256917696e-07
-6.77897903109e-07
-6.7480169253e-07
-5.84750407032e-07
-6.01830461671e-07
-6.05271540465e-07
-6.04712469083e-07
-6.12770251189e-07
-1.12539544372e-07
-6.30346556226e-07
-6.41757716134e-07
-5.77920822629e-07
-5.19999763956e-07
-4.66966306806e-07
-4.17563859122e-07
-3.70023504723e-07
-3.22806117196e-07
-2.77459184484e-07
-2.38180174071e-07
-2.06263147821e-07
-1.75744172068e-07
-1.46160113059e-07
-1.21658666773e-07
-1.20083957894e-07
-1.72844209631e-07
-1.69907475966e-07
6.41429106887e-08
9.03815444369e-08
8.39948847152e-08
7.04031943348e-08
)
;
    }
}


// ************************************************************************* //
