/*--------------------------------*- C++ -*----------------------------------*\
| =========                 |                                                 |
| \\      /  F ield         | OpenFOAM: The Open Source CFD Toolbox           |
|  \\    /   O peration     | Version:  2312                                  |
|   \\  /    A nd           | Website:  www.openfoam.com                      |
|    \\/     M anipulation  |                                                 |
\*---------------------------------------------------------------------------*/
FoamFile
{
    version     2.0;
    format      ascii;
    arch        "LSB;label=32;scalar=64";
    class       volScalarField;
    location    "0.595/water";
    object      epsilonm;
}
// * * * * * * * * * * * * * * * * * * * * * * * * * * * * * * * * * * * * * //

dimensions      [0 2 -3 0 0 0 0];

internalField   nonuniform List<scalar> 
6000
(
17.1914313765
2.72373221356
0.349520696356
0.0411206295538
0.00549524136031
0.000839136798217
0.000217181741052
0.000100080102182
6.72608400284e-05
5.54880451909e-05
5.05534997415e-05
4.82670874335e-05
4.71187972604e-05
4.64936969742e-05
4.61254006428e-05
4.58939367121e-05
4.57425226779e-05
4.5642117386e-05
4.55764400391e-05
4.55357105938e-05
551.122860662
106.440837357
18.0525166565
2.65836024467
0.327849059302
0.0386478210695
0.00543506457911
0.000882414259294
0.000218754754696
9.85008341577e-05
6.65367792044e-05
5.51947224254e-05
5.04442802946e-05
4.82402193158e-05
4.71238456679e-05
4.65037186786e-05
4.61274993047e-05
4.58842258583e-05
4.57227974143e-05
4.56178034366e-05
778.977605999
182.571590043
40.9458690869
8.36561258035
1.41932333319
0.192396478968
0.0244136843856
0.00370601056351
0.00068570652865
0.00020037553693
9.84586734394e-05
6.80214621434e-05
5.63782479851e-05
5.12520401857e-05
4.87907278222e-05
4.75150282811e-05
4.67947881771e-05
4.6351958684e-05
4.60629790603e-05
4.58719999075e-05
992.807130234
247.154486559
61.6531762109
15.0368317831
3.29979426925
0.58457354156
0.0813639181559
0.0110913538546
0.00180871245576
0.000402750651175
0.000151302740072
8.72856907579e-05
6.49739623925e-05
5.55468301486e-05
5.11161637705e-05
4.88838569473e-05
4.76797707486e-05
4.69764956729e-05
4.65333891567e-05
4.62422185107e-05
1079.04861707
284.416414647
76.1527719058
20.551528992
5.28856165297
1.18693736764
0.206571275752
0.0288746097118
0.00426302562593
0.000781482795182
0.000233055736031
0.000113682016569
7.61424957406e-05
6.10285389732e-05
5.40460714556e-05
5.05631317157e-05
4.87234654986e-05
4.76873443935e-05
4.70591880989e-05
4.66552232259e-05
1054.32723504
295.086220324
84.6823992804
24.7303740849
7.07914822199
1.86268029342
0.406861277059
0.0670120260385
0.00962585733562
0.00150978089706
0.000360195595526
0.000148890676993
8.9938660454e-05
6.75961422462e-05
5.75089806626e-05
5.25094154996e-05
4.98882930544e-05
4.84416247725e-05
4.75919752672e-05
4.70610366721e-05
989.545592825
289.496498558
87.8888530659
27.3235703048
8.42051421495
2.46634128592
0.637201592169
0.130359348467
0.0207994552936
0.0029984565678
0.000567892744671
0.000196370083642
0.000106700049279
7.52022494427e-05
6.14378124076e-05
5.46829784476e-05
5.11528841811e-05
4.92229322943e-05
4.81138524038e-05
4.74400449324e-05
952.884392819
284.912171813
89.3940076941
28.8539721886
9.29909962239
2.917517581
0.856406663363
0.215100657008
0.0422465498483
0.00637663882224
0.000950374202282
0.000264458987356
0.000127471796613
8.39597494125e-05
6.58118598793e-05
5.70625402796e-05
5.25116876098e-05
5.00336718478e-05
4.86296287167e-05
4.77969362691e-05
940.335065518
286.176560708
91.0724524639
29.8277917956
9.83159124834
3.24167823401
1.05093245899
0.315460356468
0.0803741608009
0.0150492191514
0.00186930022727
0.000380547702521
0.000155731542461
9.44860031773e-05
7.07585749347e-05
5.96843417541e-05
5.39890055688e-05
5.09012438075e-05
4.91634149158e-05
4.81494941788e-05
970.97610828
296.935343644
93.8594348156
30.5234013421
10.1690210455
3.49446367205
1.23109172404
0.428794300188
0.138089138293
0.0361466518631
0.00499193104667
0.000664496893519
0.000204709435152
0.000108985712151
7.67829796974e-05
6.27035950015e-05
5.56533899847e-05
5.18659305792e-05
4.97455093059e-05
4.85215522254e-05
1089.97546709
323.332329009
98.5538001467
31.5186816368
10.6545936141
3.8078465372
1.43755043919
0.559171475986
0.217314535744
0.0777486302293
0.0164769070189
0.00164078281927
0.000313162245353
0.000132246568896
8.4780557582e-05
6.6357862478e-05
5.75951096308e-05
5.29764819328e-05
5.04079356437e-05
4.89356016932e-05
1276.8120483
352.982615817
104.593082922
33.4684235802
11.5348090848
4.25812438873
1.68299058851
0.71038501326
0.31463539652
0.142130627158
0.0478543130292
0.00591957650338
0.0006229237554
0.000176819506019
9.66202398487e-05
7.10719876691e-05
5.99476660693e-05
5.42869290903e-05
5.11777608947e-05
4.94069309472e-05
1309.07851516
364.790163036
109.090090956
35.3189750498
12.3996656529
4.70709570395
1.93256261258
0.866044829944
0.419544828117
0.220793172018
0.105312888775
0.0223441392382
0.00176808741352
0.000278532713581
0.000116019171488
7.75242081248e-05
6.28918394755e-05
5.58555380261e-05
5.20746888851e-05
4.99421767618e-05
1315.10345767
368.608686863
110.87237168
36.2801217098
12.9534172556
5.04506508339
2.14456903422
1.00337827092
0.519907610069
0.301387963536
0.180143561165
0.0625595117818
0.00614064925676
0.000540476532725
0.00014973957228
8.66841847103e-05
6.66772900073e-05
5.77587573142e-05
5.31196128726e-05
5.05457721083e-05
1314.59208739
369.095910388
111.452093452
36.7075353239
13.2534044255
5.26013934869
2.30052120108
1.11569744419
0.605783897117
0.375144576553
0.25601172726
0.124093287617
0.0192965490181
0.00125714570127
0.000210930636477
0.000100066522421
7.1706261205e-05
6.01216034236e-05
5.43509427183e-05
5.12310244891e-05
1310.16797156
369.723970354
111.920637672
36.9220186328
13.3978037749
5.38624078301
2.40876919006
1.20255519798
0.674230208694
0.439394834668
0.323282954899
0.19177010092
0.0476562175807
0.00288742558982
0.000318824572219
0.000120516398528
7.86844198134e-05
6.31483744201e-05
5.58383476515e-05
5.20287333498e-05
1325.0498356
373.438836709
113.00524702
37.2438680418
13.5357503494
5.48167147741
2.4886546237
1.26879791395
0.730006854682
0.494685914477
0.382068896058
0.254435664817
0.0900877875786
0.00702018683652
0.000542498682071
0.000155645362029
8.89168243005e-05
6.71608123808e-05
5.76921250279e-05
5.29903355441e-05
1361.20569293
382.598028608
115.503116254
38.004034856
13.7922408951
5.58634624316
2.54741613656
1.31451536584
0.776712648323
0.545775555738
0.437355107235
0.311846132356
0.140685359721
0.0193804326335
0.00111585447495
0.000221973247904
0.000104656721658
7.26480537943e-05
6.00695790042e-05
5.41860259411e-05
1423.17167224
397.613153829
119.587128719
39.3068644385
14.2152053473
5.71543993613
2.58943325159
1.34579893115
0.81950221967
0.596360793263
0.495648031344
0.371343898333
0.197897611023
0.0449267839854
0.00285026886672
0.000365465166037
0.000130689943486
8.04206427509e-05
6.31857479926e-05
5.56993573089e-05
1477.81053459
412.187232962
124.274862657
41.0167536037
14.7949001012
5.86682575626
2.61876213758
1.36659436293
0.855758363011
0.640285696355
0.543086471663
0.440995307571
0.268370063307
0.0894164410432
0.00920095331885
0.000727087391724
0.000177614776999
9.18561524109e-05
6.73310403303e-05
5.76224958938e-05
1462.83123962
416.273150565
128.698951884
43.2005035947
15.5005536034
5.98003875936
2.60157408384
1.36051380237
0.871307603426
0.66124758253
0.566806844613
0.50026310839
0.359049061277
0.162328472042
0.0293823473202
0.00177495297979
0.000270769671515
0.000109421550981
7.29100033776e-05
6.00579399732e-05
1397.59328123
418.576168294
134.748802121
45.6916726555
15.9844230734
5.90410789438
2.5150717628
1.33431976809
0.862088440451
0.650120049962
0.55738582254
0.510283496178
0.432236472359
0.259217450713
0.0763940923979
0.00546865734645
0.000480912644016
0.000137984507851
8.05369134952e-05
6.31343168284e-05
1434.37316802
443.092912665
144.252958529
47.8605989057
16.0826777909
5.7857238558
2.49347441051
1.32088965916
0.838713335046
0.619965695475
0.52486240567
0.486642573314
0.436671986962
0.337161439019
0.149683009679
0.0181895883076
0.000997642066446
0.000186807926275
9.11366034924e-05
6.70254478901e-05
1569.881697
487.952371499
154.738840741
49.6333251701
16.4762179932
5.9967469091
2.59039819564
1.34222403356
0.823631769271
0.592396545998
0.492419727874
0.452292562358
0.419924692254
0.352823410076
0.220151372894
0.0485745571741
0.00234715184093
0.000274115697266
0.00010608439856
7.19550082332e-05
1796.79859361
539.888820468
164.393954581
51.9328207836
17.6211948183
6.59480190001
2.82165284339
1.41436161044
0.833931962578
0.584445514047
0.475840546417
0.425844622404
0.400697927117
0.353091601742
0.266062087743
0.0941251557187
0.00592419202825
0.000437474868132
0.000127654490427
7.82396574411e-05
2066.41204692
588.865361873
173.850190495
55.0717704891
19.1666034685
7.35974154915
3.15203461041
1.53731391802
0.877168429763
0.602541760699
0.478472368515
0.414254375098
0.387835303409
0.355593652392
0.293266667441
0.143178503351
0.014695951135
0.000760170938292
0.000160176050272
8.63949262875e-05
2327.98819976
630.260975935
183.19077917
58.4227853013
20.676371328
8.07410858823
3.47537736683
1.67557671685
0.94283793973
0.638642694965
0.495424692542
0.419050405566
0.386973247513
0.367240952624
0.320488607975
0.191637882385
0.0332456452324
0.00143645229581
0.000211950278415
9.72627517434e-05
2445.19825115
654.138846269
189.941301465
60.9121836688
21.7877277573
8.61498764421
3.73636294007
1.80440792132
1.01835910016
0.683024560133
0.521357620584
0.43763170657
0.401539184932
0.391437191723
0.358560461244
0.24477577457
0.0652894761414
0.00298216111995
0.000301187210665
0.000112383440604
2508.33344298
669.40914323
194.384487104
62.5059450553
22.498520709
8.98658373152
3.93745659824
1.9243370401
1.09787856755
0.730469815312
0.553342139398
0.466330879181
0.430053951069
0.430606506111
0.412914058383
0.307731359223
0.111947999892
0.00706063271964
0.000474321418541
0.000134804973134
2550.69361238
680.056280225
197.251476937
63.3770701246
22.9053727272
9.23182631831
4.09390636067
2.03431183963
1.17278433458
0.775847040053
0.588703960452
0.502252419876
0.469287116742
0.48309612994
0.478876410659
0.378505167633
0.172694952036
0.0181676362755
0.000839781977307
0.000169838789001
2602.10851537
691.238045268
200.185790775
64.2605232547
23.2707579281
9.42809729446
4.2195183811
2.12836858608
1.23381400242
0.81491796684
0.624813637765
0.543027921364
0.516173661542
0.541054068862
0.540985192937
0.435894378136
0.243549322567
0.0429446976987
0.00164435409605
0.0002265621194
2651.66392192
703.961107554
203.852683197
65.4670140612
23.7114263473
9.61357076969
4.32321712064
2.20288018425
1.27642366283
0.845930687809
0.659960448979
0.586663883926
0.567396836045
0.59737225002
0.59171430717
0.488638700392
0.314786773184
0.0835313032578
0.00354905676352
0.000324435830974
2738.5173644
719.08558356
207.775125413
66.6881900698
24.1301308271
9.76456804221
4.40125468382
2.25102675083
1.29903049957
0.868871716374
0.692863348311
0.630908908554
0.619730771848
0.646652761007
0.63136364193
0.536051691759
0.37757901909
0.134589020528
0.00834704526464
0.000506158894236
2827.16494195
739.845035718
212.700852373
68.098975953
24.5671489408
9.90129932714
4.46168894664
2.27096062921
1.30491274203
0.884599795811
0.72139330754
0.671597953771
0.667335537244
0.681710728519
0.66028442695
0.578259077656
0.425409695601
0.189891465418
0.0196169411104
0.000852538431735
2925.26562251
760.267355983
217.717679542
69.5069271597
24.9766650566
10.0217229721
4.49826269385
2.26170959561
1.29756421957
0.892774535315
0.741148691939
0.701157216101
0.699262961926
0.696644351358
0.679565523885
0.61866388373
0.474304759274
0.249862885542
0.0413655704784
0.00152515113873
2989.63615877
777.981248046
222.510339583
70.9163770292
25.3766222619
10.1329470199
4.50259783352
2.23051700577
1.2808395346
0.891090628837
0.745656794569
0.709027112776
0.701141174109
0.6919269334
0.69182310308
0.664736463678
0.541533355284
0.320472439251
0.0761161393205
0.00294743487433
3060.82617707
792.036448076
226.678747359
72.2826671813
25.8064619487
10.2474288675
4.48588138207
2.19038938508
1.25526246704
0.874279692806
0.728353902616
0.68767766668
0.67499988727
0.675385058285
0.702605056481
0.724165863705
0.63402767887
0.407519343423
0.124798963267
0.0062753432633
3107.73798922
802.257165171
230.169587123
73.6577267691
26.3168873693
10.3732763354
4.45458238706
2.1330425559
1.2087990453
0.833583116748
0.688484830185
0.649296015814
0.645668708717
0.660257115206
0.720695428743
0.79655390634
0.741890106325
0.510410389933
0.186171902429
0.0140835322964
3139.57816871
808.189587772
232.888004905
75.1040216596
26.9122882626
10.4888176233
4.36176218479
2.01848253111
1.12650347689
0.775421200798
0.64430782362
0.616383301239
0.629199301024
0.655562200031
0.747654177656
0.870989510937
0.845699996288
0.592850314527
0.256739926113
0.0301452225798
3068.59409799
795.900657607
231.956655972
75.80340853
27.3266259335
10.3769467334
4.08603814997
1.84150374692
1.03797569298
0.725717254511
0.610941747149
0.590852276022
0.616087669147
0.659867861775
0.778480428681
0.938576867175
0.939271478756
0.679928772145
0.330719201511
0.0573233014229
2893.31701753
757.992967175
225.854205501
75.7312702392
27.3275965636
9.80137770892
3.67500832564
1.67906139592
0.970296129065
0.690315976158
0.584900213432
0.573206649125
0.609535058764
0.667945810524
0.808678699504
1.00060239426
1.02266661253
0.774809445518
0.401429031479
0.0957164918366
2586.26651814
695.2623073
216.528576405
75.5257261936
26.4344483352
8.8399268853
3.28938892203
1.55391947528
0.919036315154
0.662485432628
0.564666435676
0.558836528916
0.603925852883
0.675266535502
0.830723475916
1.0504161337
1.08592645826
0.866720718597
0.472659165186
0.144023102042
2128.86621738
632.746926714
212.950181463
75.6662745277
24.6368587951
7.93629645833
2.99789723347
1.45424272745
0.877805327055
0.634469855633
0.543008401747
0.535772077558
0.583579484375
0.663524204317
0.824814551314
1.06289566727
1.10801620583
0.93043434599
0.533750030323
0.200721649976
1794.48874039
631.583723993
227.486014111
77.9726545042
24.0197907439
7.47909567817
2.8400677078
1.39638245272
0.839274638911
0.602391050044
0.50850248268
0.491862188009
0.531578048374
0.611764415349
0.763981447432
0.999776797389
1.06091730076
0.937909121726
0.582749426183
0.260739253085
2079.74508436
790.018401374
282.315838278
89.6452064641
26.1280766557
8.06425633845
3.03491923818
1.43438740552
0.825214758863
0.569742820633
0.460690560047
0.42592448495
0.446223245638
0.513156771147
0.639191114814
0.840697964774
0.924803290514
0.873136902201
0.613181905825
0.316120413829
3484.84093011
1239.84259266
388.945460303
116.19914132
34.9228903956
11.1846579544
4.04865172764
1.73372152926
0.898490373686
0.564883202492
0.420636059925
0.358723004329
0.35075932918
0.391472234406
0.481601137004
0.62412461929
0.720980713588
0.747609214623
0.604390730285
0.347168439617
7130.16904822
1940.46540133
542.535262102
168.623123281
55.5363909193
18.7665819364
6.59433759854
2.53937384202
1.14614935333
0.628959329176
0.416726013383
0.319302729768
0.27912351583
0.287759094444
0.340230068087
0.426722398525
0.516906642338
0.601116813182
0.563714081563
0.355438048344
9974.28913777
2459.60940228
760.563277254
256.817460197
88.0336051026
30.5481525295
10.6882027918
3.93973506803
1.62301658746
0.789773510917
0.464872326794
0.320153892886
0.248837665448
0.225595604233
0.243759807156
0.293406213667
0.369516758347
0.477886650927
0.514292438056
0.361432714086
8882.95339231
2462.42393338
815.397943812
301.530926654
116.972329763
44.0827300744
15.1192770177
5.56945349012
2.25971356885
1.03927998692
0.563099258865
0.356969194987
0.25401291523
0.203565123495
0.196180635172
0.219253541334
0.286323730249
0.398987423798
0.475790862639
0.370609323475
7594.44001685
2188.51877301
743.474929995
285.522323205
117.932077906
49.5500701426
18.8019623247
7.12192908401
2.91460817739
1.33036030921
0.694248803625
0.418552954409
0.281494047472
0.209115823398
0.182660697437
0.188778459111
0.24596757102
0.362895656443
0.457777999401
0.388161386675
6737.83110881
1923.99859597
648.36032712
252.017405661
108.164547029
48.4556244765
19.7980152835
8.04454780253
3.44460139123
1.60336465663
0.83456796036
0.491706281212
0.320517817336
0.230254108883
0.189489790478
0.185216689552
0.236754112603
0.35947215238
0.462194062243
0.419279182775
6296.60077219
1732.26008385
560.213936775
214.107493263
92.73330723
42.5350674179
18.4363898036
8.05485557667
3.65805936242
1.77342808474
0.944807231687
0.557420293198
0.360625433444
0.257661227031
0.208290612936
0.198746509844
0.248233291014
0.379332599633
0.486575173397
0.467283614663
6316.86352228
1618.57075354
489.706049069
179.001399683
76.0934440555
34.7620130209
16.1845075284
7.56879856779
3.6313073121
1.83907824882
1.01050232998
0.604792221521
0.394855283448
0.286014728658
0.233486816563
0.224061743883
0.276349782745
0.415091933347
0.526492341374
0.528349688733
6910.6628666
1624.44296582
460.63652054
161.720742343
65.7259381361
30.4799864509
14.5794798075
7.07080705418
3.5171987093
1.84518888647
1.04097248659
0.63254904177
0.421792973904
0.314430321239
0.263012144657
0.257931619468
0.318251478165
0.46054953101
0.575735493535
0.597376490786
8096.95019807
1763.67854585
480.104704424
162.041582224
65.8373573493
29.6984346713
14.0420055653
6.81942914409
3.43317774981
1.83186196373
1.04481296517
0.64278535753
0.443494656344
0.344419585663
0.297726995746
0.298820049797
0.369505556825
0.508609080461
0.631228691581
0.674184872499
9730.83058692
2034.76329065
546.363298077
185.062655522
72.9106808711
31.5352428271
14.3928171308
6.8325096095
3.40679236642
1.80357389637
1.0202837557
0.64037735193
0.46420869155
0.377978263389
0.33808189316
0.346120440531
0.423603117615
0.555491193052
0.693756801968
0.761985856542
11937.0132248
2403.60920213
657.804775996
219.114819232
83.151680533
34.4439090681
15.1080022607
6.95032384169
3.36372279148
1.72365890147
0.967266300859
0.633672510241
0.488210576588
0.416064293132
0.382827241103
0.397119274814
0.473987613061
0.601023950515
0.763687099925
0.862102862703
14136.1758853
2794.8468714
768.429932494
249.828662007
91.8217844042
36.7566303809
15.5888139075
6.89667088187
3.17334483223
1.56956147988
0.900401914653
0.631060317836
0.517395478915
0.457378802541
0.428852244344
0.446862459071
0.51631892383
0.64418545208
0.837202168631
0.969643325238
14175.0651436
2953.01398808
825.499295577
266.458750279
96.0985689736
37.5288746491
15.3470247163
6.4125186097
2.79680269026
1.3807176628
0.840918434705
0.637480742251
0.550237540643
0.498720190719
0.471907301783
0.48766183277
0.549925265745
0.681325578026
0.907025771357
1.07911219728
13055.9781763
2828.3726591
812.736854308
263.48607903
94.1081067469
35.7952535429
13.9008376389
5.49163471418
2.35376276801
1.21239885982
0.802144047057
0.651307627609
0.582336271809
0.535758727568
0.50823186378
0.514684212755
0.568218134714
0.708208354707
0.963108805963
1.18634125782
11358.1635992
2549.85953077
744.106701244
241.30053556
84.8883521471
31.115926175
11.6040679837
4.50637900984
1.98140950292
1.09599779342
0.7833105688
0.665278335202
0.607174514916
0.564556316705
0.535392568892
0.527884505395
0.567295505907
0.720086319998
0.98869710062
1.27402279776
9225.55019888
2114.53902873
619.198771329
201.706142365
70.2192935246
25.505909218
9.51044071892
3.75695291672
1.73774476061
1.03046409641
0.772845296529
0.669165708975
0.61701275194
0.579754594977
0.552400897424
0.530634185171
0.550045690408
0.695666611917
0.964923719757
1.30824458062
6722.82863477
1599.01242092
484.135241242
161.919370054
57.7641831469
21.4508671569
8.13704686358
3.31607961141
1.61526209478
0.997271130167
0.755916205508
0.652578068219
0.602624778279
0.573471379092
0.549970115475
0.52206479088
0.521990887745
0.623029609174
0.885539783305
1.25077650533
4696.82668162
1243.41137145
399.347812108
139.856164702
51.7110384318
19.562199953
7.59152257224
3.18097998246
1.57903089959
0.971379587159
0.720336113264
0.607796409399
0.556150528988
0.534053893401
0.515346470491
0.491334249757
0.481574115806
0.530151355723
0.74587527422
1.0896954119
3589.05037758
1109.19817821
381.583167894
139.600341146
53.158523126
20.2823201775
7.82531344574
3.26384560448
1.5994490147
0.950882838781
0.67111829333
0.541251205283
0.480526085692
0.455054106922
0.443839405503
0.429238207972
0.418670685768
0.436748907537
0.55618967554
0.862601228057
3708.35195576
1256.51888228
443.32130214
163.500101501
61.2063218029
22.9738153033
8.79903886445
3.65018389037
1.74754681237
0.981767668491
0.640269497047
0.476912099199
0.396306759971
0.360166976668
0.348684924992
0.34290374782
0.336896400702
0.343730339666
0.400148496762
0.622800061083
4610.0447585
1577.98583505
531.737023249
189.086416064
70.3418499089
27.0353834284
10.7382113883
4.56490564671
2.15663152957
1.14170562941
0.675377901319
0.45135300702
0.339563871021
0.284068517362
0.261886669526
0.256691732793
0.255442296082
0.260516578839
0.290493214827
0.409987208125
5114.65104312
1712.50363452
604.209156812
222.241005868
84.210033569
34.3515030744
14.48537334
6.40605188285
3.00711339035
1.51403973205
0.82562956586
0.496485516569
0.334625510995
0.250890883644
0.210161330009
0.196198166602
0.194672620666
0.20027544878
0.219583247598
0.284144370319
4331.9744671
1496.06441991
572.801773572
236.871127683
104.434162855
48.6943979025
22.0907906021
9.78608963843
4.51033223427
2.18615552747
1.12570544701
0.629266401412
0.388193491096
0.263298204505
0.198520121033
0.170386615798
0.162831016004
0.166680842532
0.180888936303
0.219840884852
3545.7961679
1241.2688472
500.955560094
226.538647872
112.0422184
58.9564134265
30.6955273961
14.4487475814
6.73318316166
3.21621538285
1.60550423537
0.859040993586
0.499447398675
0.314455291126
0.218395482077
0.173014457272
0.155838397439
0.154931948225
0.165025835672
0.190650267085
2951.50885825
1017.02042113
420.003895498
201.423025327
108.079823727
61.925038921
35.512776088
18.230477409
8.94545317124
4.37878982077
2.19639324855
1.16103828113
0.655429858444
0.394230718972
0.259360608522
0.194172905143
0.165742082873
0.158159772905
0.163706520099
0.181633744294
2620.83197453
869.246041511
353.093847272
173.468685563
97.8146482531
59.5504079886
36.464202576
20.1380384754
10.477219235
5.34628057191
2.75429059311
1.47324721526
0.828500587652
0.489432346867
0.312762998507
0.22637223986
0.186208421523
0.17120550632
0.171590674535
0.183552144522
2593.47594313
789.883444825
306.510331814
149.311992065
85.708845714
53.9491829249
34.4161209764
20.1722506424
11.0838422538
5.92320472165
3.16388933882
1.73556177418
0.989656246091
0.58707641558
0.372413984796
0.265527312531
0.213894546052
0.191362940106
0.186227643157
0.192577889716
2443.22425562
726.043627391
274.591760697
130.84751742
74.4103230376
47.1081790172
30.6114111839
18.7182502018
10.8006649052
6.03721090349
3.35262378954
1.89953091856
1.11151293933
0.673001131013
0.431654973291
0.308385539824
0.246860422116
0.21737408828
0.206696928272
0.2074896739
2231.86658249
668.865183832
251.379846261
116.569418091
64.3566789877
40.0400110303
26.0295372656
16.3463104844
9.83148959285
5.72742373158
3.30690230967
1.9434698443
1.17710977186
0.735383674654
0.483675175166
0.351576641433
0.28347091155
0.248388835735
0.232542275477
0.227810269371
2275.56100022
645.358464607
233.730541414
103.088959846
54.4866554755
32.9082830332
21.202129512
13.6047843588
8.46221379055
5.11750167302
3.07293476474
1.88129819209
1.18651146945
0.769648132136
0.524154093717
0.392395426291
0.322165093614
0.283431071529
0.263059630207
0.251443054137
2907.88880755
735.722695918
244.756296893
97.0041915034
46.6669597116
26.7274184415
16.8694692629
10.9236225621
6.97190417925
4.368301138
2.73603482486
1.75403344246
1.1561989496
0.77966323157
0.552609802363
0.429267818393
0.361283736602
0.320880457264
0.296632054448
0.27416586674
3995.71597275
941.481623206
286.858811023
101.348430956
43.0730131917
22.3548626228
13.4521138141
8.65575129912
5.63361352262
3.65842840777
2.40127836158
1.61570856613
1.10918598296
0.77312845911
0.570615221358
0.460462017243
0.397765060859
0.357285002358
0.325098059961
0.293805346668
4925.43853831
1159.29020107
339.449073615
112.708065789
43.5938361622
20.2776668526
11.2954431176
7.06945640258
4.65179858122
3.12976215262
2.15220568152
1.50627799511
1.05843463944
0.756044587847
0.578252986117
0.481248901691
0.424479675526
0.380919338882
0.341929371981
0.309337632051
4975.19854242
1240.03977085
369.976817911
124.065365795
46.6330444265
20.1198983104
10.3315686768
6.20025001791
4.09074897886
2.83298228617
2.0092108748
1.42674805442
1.00614121243
0.730884195619
0.570831146081
0.481048277167
0.425091819505
0.380638413274
0.344694462705
0.314456154099
4185.16418548
1157.8656903
367.541978728
128.942928093
49.1332062779
20.6881276065
10.1199479215
5.88502904825
3.88207551709
2.72818084554
1.94434364048
1.36788045691
0.958261893434
0.694322129937
0.538372177999
0.447570242442
0.393983939884
0.354721914189
0.324359307824
0.300526363824
3336.70401548
1023.46545184
348.338866028
127.818820545
49.9850512645
21.2054972096
10.3082822239
5.96222401972
3.93810237752
2.76850116057
1.95057888723
1.3419554484
0.913266609234
0.641887388783
0.483289472335
0.391329860677
0.339676423507
0.304154956888
0.280183730239
0.265054328892
3010.81207955
981.036278696
347.677322962
131.232072449
52.4078521971
22.5897622246
11.1175959206
6.46340269413
4.26650446566
2.96676532631
2.02576213067
1.3311831945
0.867479592254
0.59003564303
0.429095304171
0.334355432229
0.279893598153
0.246041118263
0.226939818747
0.218997594183
3179.58217807
1057.62554949
379.988934792
146.2560281
59.7500809986
26.0685679544
12.7848215544
7.29789466419
4.70597604946
3.17102780428
2.0679442103
1.30651921011
0.830852719884
0.552245983695
0.38971941928
0.292694388561
0.235228920313
0.201452858395
0.184736031356
0.18167435729
3557.80585806
1174.14965724
423.950301025
164.189490259
67.2497276309
29.2275466821
14.0332645761
7.72748717508
4.86359566802
3.23083978121
2.06176273143
1.28528432943
0.810403323619
0.531046198452
0.367992121367
0.270001644105
0.212071409401
0.177803675327
0.161950004451
0.162370081202
3444.53826833
1086.54866161
375.320847257
143.232861528
59.3329896603
26.5175084244
13.2040074211
7.55228394417
4.83133459849
3.22603395106
2.02683019441
1.25763449139
0.791566822135
0.51627590694
0.356304343294
0.261504640636
0.205210513925
0.170594115002
0.155682661448
0.159230382905
2974.62574159
858.705849994
283.086071691
105.432046341
43.947973048
20.7878987481
11.3710984694
7.11135286498
4.76382996724
3.16622007789
1.94083315566
1.20367337108
0.761014709873
0.499373101188
0.348762925401
0.260916455237
0.2077154217
0.174181787625
0.161576016984
0.16874840647
3021.41402866
782.813549994
227.585052917
76.9629998861
31.2015154677
15.7153886802
9.54569561717
6.48735864278
4.49259786604
2.88816754379
1.77103916761
1.11120313544
0.712800955107
0.47706689804
0.342721970553
0.26479748582
0.216134136254
0.185487468302
0.176501872733
0.187438382733
4011.23478426
848.074498299
202.882156763
58.8311065372
22.7196604051
12.0176087036
7.9003229172
5.6525520097
3.89280711718
2.43476647485
1.53828178625
0.988836159697
0.652431314636
0.453265202724
0.340171576333
0.274014457597
0.229813184748
0.203405981679
0.198170447086
0.212195888318
6454.77348508
1171.61669866
243.911520438
59.8634185926
20.0852727618
9.90465698224
6.44944631304
4.6209783375
3.09117317806
1.9849290974
1.29846932496
0.865485311233
0.59708444046
0.437927765782
0.345897607763
0.288936539854
0.248392492606
0.226478628468
0.224120558497
0.238704546489
9328.50088255
1747.09082871
382.417072109
91.0414911216
26.5668799184
10.5275045415
5.73113446454
3.74625533248
2.46350905293
1.62691779538
1.10373467365
0.770075760709
0.562240332433
0.437022656899
0.360376072419
0.307019691609
0.270462060076
0.252749640702
0.250737975651
0.26186873772
10787.3293345
2348.59768602
566.805492478
144.169045916
41.4205454264
14.3753875033
6.30095072075
3.45919983733
2.13312589024
1.41287211533
0.983852044178
0.718009717187
0.553336532861
0.449775019
0.378022369146
0.325845237614
0.294750839078
0.279336734443
0.275263771607
0.279418697167
11149.5582559
2719.43162387
752.992978798
210.387685557
62.0148040029
20.9802137989
8.19009080119
3.81236519827
2.12343168408
1.35060373257
0.942759940903
0.708212530373
0.565111749051
0.467290570094
0.393906850574
0.345319423395
0.318812769326
0.304093027272
0.295219559091
0.289438916093
11149.3664445
2823.4032253
848.378631423
268.076578899
85.1136342445
29.438977511
11.207320848
4.76802377667
2.3836228471
1.41444751775
0.964549736169
0.727701663099
0.584239110483
0.483055686228
0.409849792515
0.36476271613
0.340489026538
0.325805632634
0.310507962842
0.304584017804
11668.5149254
2783.39896897
857.907404805
290.313124092
100.554175294
36.7838919381
14.2838135617
5.90629112697
2.77329666823
1.54835995762
1.01937142103
0.75853138875
0.605692104386
0.50066054493
0.427997109723
0.384318493223
0.36000070837
0.344859512226
0.331679890926
0.336668156821
11761.759262
2743.32905554
838.957194567
290.729518911
106.348526062
40.8849474983
16.3461667713
6.80113995279
3.12532342938
1.68687265631
1.08445380628
0.797556052154
0.6333321498
0.522901552147
0.448831133147
0.40493221039
0.380109140478
0.367577446502
0.365786492418
0.388961226561
11470.0751734
2675.25214261
803.802097479
280.322811796
106.247262038
42.4202790253
17.4238237138
7.35827034217
3.38240006406
1.80950423696
1.15400195661
0.844319878948
0.667653533573
0.549838320552
0.471996714455
0.426831334514
0.403125447158
0.396532490225
0.416572542142
0.465591760851
11456.1691065
2570.16084455
744.397046431
266.442460476
103.845467173
42.5854167217
17.8691861359
7.66925881156
3.55975868649
1.91342288477
1.22443967873
0.896573010843
0.707040693293
0.580155346864
0.497052485365
0.450705019794
0.431084238359
0.435818705658
0.490441515916
0.571695166562
11527.8436861
2583.17038454
748.220489964
261.241199403
101.595239043
42.1555318738
17.9646762149
7.8288045075
3.6827051006
2.00356748716
1.29556746457
0.952893853592
0.749792738728
0.612392787029
0.523905441454
0.478823634783
0.469908355108
0.497185923419
0.59720812639
0.710287996977
11008.5391478
2502.12879542
726.17868733
250.380728801
97.4589820684
40.8872487348
17.7013289186
7.8556219217
3.76617895493
2.08741476486
1.36937354275
1.01247981785
0.79418415429
0.645589756709
0.553946767571
0.517278046656
0.531563824935
0.597775810614
0.755613291405
0.875255410007
11024.0609446
2286.46684723
666.487892172
230.794016285
90.5223436681
38.5046962742
17.0214379104
7.75646813996
3.8237229646
2.17321326184
1.44747878058
1.07347031564
0.83792906173
0.679947233372
0.59337788693
0.580436162209
0.636654451579
0.761025816759
0.986006726256
1.05033568965
11535.7410755
2236.45654164
621.862609489
209.269189879
81.6236250518
35.1915518986
15.9952161677
7.5627855871
3.87042573755
2.26353015246
1.52449524953
1.12785924602
0.876382183267
0.720321099539
0.660371607761
0.697760303163
0.818631312015
1.02374187819
1.29719386208
1.20489329966
11245.775534
2138.59003861
562.94717648
183.210912951
71.0990544234
31.2532115062
14.7151893126
7.27938695652
3.88988411979
2.32354113245
1.56344064493
1.15120507055
0.907738250758
0.789709962152
0.798189072543
0.919237773492
1.12786887436
1.42986141677
1.63358076613
1.30281336879
9923.51738182
1880.53456887
479.508073871
153.228223226
60.1085000267
27.2336897694
13.3494934278
6.91672034487
3.8157010465
2.28014388066
1.53571760657
1.15993629318
0.982346462756
0.96012907198
1.08359465012
1.31527853932
1.63217363036
1.98753330676
1.85393666158
1.31303209322
8084.0010534
1524.76019233
383.132231967
124.607677219
50.8713991862
24.1290266512
12.3585541401
6.61913360263
3.68768369387
2.21280869499
1.54385332922
1.26512747351
1.21485956495
1.34455542263
1.62135897657
1.98145469985
2.38589368776
2.50110667179
1.89405699665
1.23160533484
5891.63381127
1137.36637294
297.839330762
104.204179116
45.6687329386
22.9979074052
12.2143455231
6.58280320201
3.65484829606
2.26233785092
1.7198269509
1.61189418499
1.76227448482
2.10210583611
2.55494253073
3.01796151771
3.24562286605
2.62607573333
1.75201360902
1.06433402213
3900.9052827
829.280217352
243.31474116
94.9000878089
45.2032216345
23.8917541586
12.8191903063
6.77918095312
3.7653338253
2.53774810976
2.22169069855
2.39138526876
2.83814673352
3.43603162095
4.01520284286
4.24481997438
3.5812492422
2.45198608174
1.45760778128
0.848290392792
2592.01397636
642.275000113
216.028991835
93.9658716221
47.8802385873
25.7819596127
13.5726486433
6.98812754868
4.03304195029
3.13217759181
3.18421593022
3.72583113565
4.50959606917
5.24310021866
5.45954497844
4.76861800965
3.45593026193
2.0989836797
1.08810018175
0.650275536935
1775.90358029
516.227653581
200.857156877
96.7211669461
51.3577885729
27.205574968
13.6246614463
6.89986318288
4.41778747353
3.97712908598
4.33959711149
5.07588770015
5.84013039914
6.25383081136
5.93556690036
4.74707205237
3.13857456592
1.65479960588
0.757122935698
0.510756596741
1196.97197057
426.160589486
193.808644894
101.457116951
54.1342965032
26.9402692847
12.4323701913
6.37927118419
4.55347069279
4.33230807558
4.82120101869
5.55481634843
6.16710502702
6.38842166612
5.87713848464
4.44851595285
2.65461022177
1.21841302531
0.532951392441
0.43582976217
856.626919577
382.47812486
199.647319024
109.213474032
55.6728833346
24.6908217124
10.1972306501
5.23163063296
4.02144085034
4.10332952604
4.68419180266
5.35506689936
5.83571513084
5.91259742875
5.26920198931
3.74616756216
2.03992942437
0.882680398608
0.418182754656
0.416046409514
741.493310592
396.639859786
225.383362889
121.8479824
56.5046907027
21.5855488723
8.00478740061
4.26455188233
3.5180203187
3.66606434439
4.11432076835
4.56453650969
4.82163362218
4.73887217427
4.0835398129
2.76507333839
1.42906227805
0.634491578618
0.356424273098
0.436967057548
828.48940396
481.990569738
283.885811465
145.394147307
59.7704003451
20.8005034105
7.71991828146
4.07180434323
3.16142782068
3.08246146611
3.25983122274
3.43821380151
3.48040784967
3.29014093927
2.73233336576
1.79025835626
0.912866912817
0.451620765922
0.319024494096
0.482214225957
1066.64502256
654.903999035
402.173631233
187.70566798
73.4600513235
27.2643392541
10.661404077
4.98456511628
3.08299742848
2.48965576277
2.33165621409
2.27302065992
2.17136916645
1.9505881819
1.5501912126
1.00485586897
0.549449965892
0.335172666397
0.299731829089
0.524765713491
1520.91043058
878.10994364
538.021752597
258.201569181
113.433267746
48.5225891582
20.2661503847
8.52127151963
3.91184647686
2.22833725542
1.61290047407
1.34596798117
1.17216132639
0.994889707545
0.775966407783
0.535218902639
0.354014340636
0.276735471992
0.293199610229
0.517693595169
2057.06836752
970.133075328
591.713943966
334.519528862
176.145696266
89.0580100576
42.3197359049
18.427373768
7.63287632328
3.34753236083
1.74318393172
1.10496034158
0.802208260632
0.619132444892
0.479356248864
0.36371598161
0.284765690146
0.258848884291
0.294818889829
0.471213200112
2669.217686
1014.40231959
565.930008986
362.075596469
230.480886956
137.646432734
74.8569104121
37.5506945248
17.13786707
7.42780133827
3.38386579136
1.74830994972
1.0382173239
0.689318118239
0.493975312443
0.372971026969
0.30012263639
0.280441359637
0.318276981197
0.429981862688
3812.16266789
1138.08110539
536.659949958
347.907069923
241.746130957
166.217182291
108.91439789
63.8981550192
33.7056399822
16.7364182957
7.99523360318
3.94990680106
2.12409262319
1.25705831957
0.810364336895
0.558980806765
0.41183819512
0.356345995164
0.385996645606
0.428283473278
4588.90690122
1251.12658319
520.856545034
321.530222777
231.297474462
170.425143257
122.503253177
84.008889891
53.6480057694
31.1054500847
16.892484586
9.02270134256
4.88342753609
2.77610213993
1.68134785099
1.07363435926
0.708929115443
0.528925520459
0.530500107333
0.475206460777
4511.72960355
1280.07262249
510.037022685
294.036916599
209.483157472
159.72917141
121.599801259
89.8328575496
63.8408262452
43.2493997038
27.582424767
16.77733563
9.95285817042
5.91030605434
3.58749995834
2.21900831705
1.34519606052
0.888258446041
0.819374268348
0.557408858362
3961.91010516
1197.19119652
481.920983645
264.470617342
182.59272804
140.223099729
110.312307666
85.5692978023
64.6302623544
47.3076683595
33.4598415863
22.8381396265
15.0586775679
9.74617795368
6.22577108193
3.84653196028
2.25458977065
1.54719919107
1.27306772289
0.627197579594
3313.61266714
1042.27731322
427.525943553
228.948240902
153.389417364
116.975768264
93.5136543295
74.8016811949
58.7293836536
44.9539821455
33.5310612978
24.3200868435
17.1293339889
11.737378821
7.73380756198
4.78330046025
2.78721851594
2.13678748858
1.62153413773
0.647734740351
2827.14021946
880.863498229
361.212544811
190.454532733
124.745041542
94.0962843291
75.737251497
61.8252922572
49.9272924421
39.5042184514
30.5297856786
23.0123008196
16.8984504178
12.0632386781
8.25790318566
5.3282416809
3.31997738438
2.41105832343
1.6647720282
0.667367341186
2525.54599449
753.38375144
300.983094721
155.075290898
99.4172854086
74.1113415668
59.8350141026
49.5871377275
40.9895324115
33.3723723846
26.6377792514
20.7928201401
15.832503168
11.7095748578
8.33840548477
5.670403838
3.75055699819
2.60982325399
1.68107400269
0.73164233922
2343.66350894
664.809512725
253.923960196
125.985713103
78.5927898855
57.8799101149
46.7895848363
39.2829046566
33.1563571789
27.7146070354
22.797879488
18.3996334553
14.5161724737
11.1177823336
8.19234504726
5.79607294686
3.98458911456
2.72108289726
1.67116485315
0.765527863289
2232.34484387
605.851610177
219.768802026
103.611843823
62.254150316
45.1820830284
36.5539940582
31.0766666743
26.7597228244
22.9291229825
19.4042835925
16.1549941897
13.1711496623
10.4130625831
7.89394331212
5.7417795871
4.03113686223
2.7102525023
1.57135632305
0.759414908271
2157.18396471
568.044410449
196.212053005
87.1990089804
49.8308560876
35.4008310963
28.6954102556
24.7291196272
21.7246448551
19.0667985863
16.5734971186
14.2041616426
11.9321102975
9.7048583775
7.53605038497
5.60030192954
3.97969252278
2.62639242852
1.43799369472
0.744050105028
2120.87621907
547.298676358
180.699336125
75.4166449327
40.4325002006
27.8114636628
22.6168043363
19.8288595288
17.7974861702
15.9912357905
14.2543296921
12.5427906278
10.8200776767
9.01789820282
7.15040688927
5.40877265009
3.87051011101
2.5084793765
1.36723322878
0.746180308509
2147.29544684
544.248308818
170.7391002
66.4319219337
32.8182853666
21.6071375303
17.6870619498
15.887361949
14.6290662655
13.4655621742
12.2855516825
11.0610627788
9.75209438976
8.28649441705
6.6839837153
5.12492598432
3.68207911971
2.37277505528
1.34329433776
0.770618093458
2315.87725079
561.113047215
166.695602319
59.8671213036
26.5858861245
16.3968990486
13.5226456625
12.5356668805
11.887264616
11.2175683832
10.461174683
9.60377351929
8.61180844438
7.42536137406
6.08064201734
4.71423500798
3.40478879654
2.22176154889
1.32856560967
0.806897332974
2752.64134644
625.758274145
169.43239727
54.6458897794
21.6251735439
12.4427520703
10.1731161953
9.64276996193
9.39417810047
9.07856532155
8.63790820457
8.06446753595
7.33367196351
6.40826362355
5.32352217243
4.1696188929
3.03692118488
2.02853312247
1.28997561636
0.841318682905
3708.33294415
759.731191098
185.727627823
54.8422526288
19.6887321005
10.1057450569
7.71902769541
7.20484842123
7.10450845078
7.00126926624
6.79165898712
6.4506218103
5.95299414551
5.27374655709
4.43858569452
3.51034732544
2.58408435535
1.78823718862
1.22213981334
0.880501627544
5010.30342391
1011.66209604
246.094868781
73.9991449672
26.0904092799
11.1510154719
6.69554576199
5.45303338164
5.16821121016
5.09853977747
5.01892583885
4.85693821863
4.56648765788
4.10662837863
3.49700712412
2.79181412596
2.10341941644
1.54691781208
1.17403160096
0.982097730645
5930.49135766
1286.41752534
339.209044553
111.262812435
42.3073268662
17.5755464794
8.39619691079
5.09797464329
4.03702458556
3.69561986873
3.56652336387
3.46889526155
3.30635560492
3.01467777423
2.60519787913
2.13061152424
1.70063390821
1.39878862728
1.24987331403
1.24717073978
6134.84057722
1475.17813674
438.727506811
160.13909362
67.1420121889
30.1416479121
13.9640747654
6.9627078267
4.10668023364
3.02162497977
2.61987593644
2.4489611652
2.30976766213
2.12232444995
1.88348811593
1.6453225565
1.48494968032
1.44512685811
1.51895937565
1.68704807483
5819.88405512
1508.49885467
493.383048087
197.176945397
89.4983388685
43.2002404913
20.9181358718
10.1038655213
5.08218361031
2.9619020262
2.12942485576
1.79858816366
1.63337083077
1.51342830619
1.42693395062
1.41479677942
1.50253666394
1.66883379631
1.86808558113
2.13938729849
5210.30418245
1410.14161943
491.362943488
209.517091194
100.764901357
50.6120633943
25.3647775338
12.4015068381
5.97819054098
3.07796980658
1.88510317863
1.41156112248
1.22389953002
1.17268848286
1.24040649955
1.42122641471
1.6540251903
1.90647132861
2.22555914835
2.76008772393
4577.78877827
1238.44574368
447.493709893
199.408349153
99.4058089194
51.0566931293
25.9451822431
12.749542698
6.07974377633
2.98372516626
1.67725371463
1.16298460013
0.999775617435
1.0426193276
1.24638048665
1.51535539964
1.81642253217
2.20128039489
2.79632249161
3.41549435673
4053.07335688
1052.03031783
385.342462982
177.529585316
89.3441116454
46.0105231066
23.3127106052
11.4017300053
5.41247701343
2.6258062719
1.44082340068
0.991430687951
0.900370085614
1.0324333912
1.29533828528
1.628281389
2.07157208901
2.56721281516
3.04273882991
3.46371127062
3449.14189278
880.117784935
324.379585086
147.790839268
73.6662480425
37.4965643995
18.7935495138
9.14328932372
4.35280467133
2.13226741558
1.19258210898
0.867144711466
0.857912403736
1.01562610439
1.33927959329
1.80051575052
2.24475436583
2.60778162004
2.87862845212
3.05625916323
2793.47498898
664.881154353
245.317890146
111.331606362
54.9762800873
27.749012904
13.887261097
6.80215037521
3.29030042693
1.65838659531
0.973446458481
0.77824696133
0.801508128748
0.961123871732
1.38651237766
1.84801056146
2.17773466856
2.37700951467
2.47410232098
2.4971867872
1977.20058283
462.977567917
165.957280783
74.774636563
37.3297732187
19.2427383475
9.87078220048
4.96971714248
2.48687461382
1.30093538528
0.809377522589
0.704337073648
0.710472380291
0.899878273951
1.34543547037
1.73729351495
1.95142854242
2.03675236686
2.0368077614
1.98172664221
1170.69489564
291.060453028
103.930681852
48.4004251312
25.3720596062
13.6837866212
7.31171988025
3.8408811552
1.98990127747
1.0673740509
0.698519335566
0.634751554631
0.627995355906
0.824960212794
1.23825810037
1.56273389109
1.71232049549
1.74534073831
1.71233369849
1.65098313285
902.185631498
225.076010372
79.0807870103
37.1830589291
19.8764530521
11.0010721776
6.08710263584
3.29602369551
1.72841916272
0.935809051539
0.635043499948
0.58592496998
0.588485280289
0.774087418287
1.14200724624
1.43229544102
1.57899710001
1.60559891327
1.60051957534
1.60717730094
928.471185187
232.09061727
80.2826620486
36.4452308442
18.9742608469
10.4857731722
5.8317341353
3.14817509597
1.63770458672
0.894100233675
0.623500211122
0.580028723718
0.608715096392
0.797387206081
1.13479505738
1.43684437429
1.62046063582
1.69367754025
1.76301138681
1.88480360716
986.285105592
259.773726612
92.11653609
41.1671761813
21.0425112974
11.3891938174
6.1704271431
3.2511611714
1.68155246652
0.940103076627
0.673599502318
0.631765458128
0.692521273283
0.906609385591
1.2510732599
1.61824301572
1.8799449969
2.04940317173
2.22155612117
2.44362566245
939.269896781
280.567658594
107.343238838
49.3436530849
24.9673669979
13.0637815299
6.82767094357
3.54295340906
1.86646263328
1.08467172921
0.791854592819
0.74221455604
0.831240184638
1.07610724032
1.45282112775
1.89807237365
2.28437052125
2.55818717549
2.80911666068
3.06139867058
941.936556592
325.549723454
133.999765872
62.0309231858
30.6562194192
15.5884279146
8.00709668937
4.17884911152
2.26279997554
1.35036832482
0.977290958596
0.890943210102
0.987163991895
1.24288141767
1.62930882792
2.10065448742
2.55663977273
2.88907372139
3.14459216312
3.35521962031
1188.08029534
436.895967804
179.196709463
79.8774659159
38.3526959436
19.2990034494
10.0710986007
5.44099809197
3.044350558
1.80868269489
1.22545153623
1.02875646549
1.07321708189
1.28535013419
1.61765593591
2.02745373619
2.43449470156
2.73095829919
2.93511070818
3.17675391601
1649.70781642
573.343481351
212.642493813
86.5967699027
40.8406508021
21.2864794183
11.8117290265
6.81841523925
4.01406945286
2.40133026742
1.52172896958
1.12303859668
1.03388600558
1.140305096
1.36610767316
1.66057825821
1.96573038317
2.20280758721
2.40674485804
2.78585902773
4.55142741311e-05
4.55076352328e-05
4.5512121059e-05
4.55261169657e-05
4.55498536612e-05
4.55854636593e-05
4.56381099697e-05
4.57192069177e-05
4.58542529061e-05
4.61009951604e-05
4.65909064784e-05
4.76251941725e-05
4.99117559197e-05
5.52391435304e-05
6.8902231309e-05
0.000111802824129
0.000311777638811
0.00203011651918
0.026725744986
0.462828440044
4.5556605523e-05
4.55298639125e-05
4.55294688491e-05
4.55514596906e-05
4.55967351125e-05
4.56726065577e-05
4.5798159343e-05
4.60169429787e-05
4.64239881931e-05
4.72212478828e-05
4.8833409667e-05
5.21721429975e-05
5.93468477897e-05
7.60472960491e-05
0.000121926871231
0.000292285900109
0.00125981994008
0.00893859562992
0.0841117980377
0.807106704198
4.5755012164e-05
4.56970815398e-05
4.56853294323e-05
4.57135601675e-05
4.57854567229e-05
4.59196106597e-05
4.61622345306e-05
4.66132120887e-05
4.74757933793e-05
4.91519118112e-05
5.2441755325e-05
5.90330484976e-05
7.2951500341e-05
0.000105850621458
0.000201574230866
0.000584808900253
0.00273780366601
0.0176626580484
0.138220377697
0.913758665886
4.60590503782e-05
4.59614498655e-05
4.59321501936e-05
4.59646484914e-05
4.60698149566e-05
4.62859198972e-05
4.66999779317e-05
4.74869489453e-05
4.8980072883e-05
5.18064854996e-05
5.71900783984e-05
6.7753555947e-05
9.00397197628e-05
0.000144131020332
0.00030980132163
0.00100137968487
0.00475818043259
0.0293175741846
0.187843423572
0.913331717782
4.63996820009e-05
4.62585591737e-05
4.62100621137e-05
4.62504459137e-05
4.64033560311e-05
4.67350222453e-05
4.73833923766e-05
4.86082967702e-05
5.08812766898e-05
5.50688885228e-05
6.28717826395e-05
7.80469031514e-05
0.000110390145434
0.000191455816009
0.000451625043798
0.00156652079574
0.00750466678224
0.0439127815112
0.226298708491
0.879462054599
4.6729427212e-05
4.65454814022e-05
4.64819970594e-05
4.65410988699e-05
4.67644602285e-05
4.72524795845e-05
4.81993943355e-05
4.99530389752e-05
5.3126861829e-05
5.88445212617e-05
6.93551006149e-05
8.97995160807e-05
0.000134140260854
0.000249320661505
0.000635708444638
0.00232716839469
0.011279448736
0.0601454831612
0.251444093159
0.840074533351
4.70297728608e-05
4.6806161777e-05
4.6736060176e-05
4.68298065254e-05
4.7151044731e-05
4.78378941135e-05
4.91425792911e-05
5.1501456215e-05
5.5675197266e-05
6.3071539037e-05
7.65820410207e-05
0.00010304496994
0.000161767259
0.000320368224933
0.000875880999919
0.00335625957335
0.016243559498
0.0757990178381
0.264757349938
0.802140765717
4.73030220586e-05
4.70430385946e-05
4.69762250149e-05
4.71225888576e-05
4.75700247865e-05
4.84956699652e-05
5.02096362753e-05
5.3237853697e-05
5.84982823274e-05
6.77208310091e-05
8.45599739586e-05
0.000117953203605
0.000194125842052
0.00040870241244
0.00119227544307
0.00474464797064
0.0222287635412
0.0889634986873
0.269608035743
0.766761511972
4.7563255239e-05
4.72679255916e-05
4.72134600648e-05
4.74299372565e-05
4.80301792834e-05
4.92301644613e-05
5.13975867622e-05
5.51512958047e-05
6.15824920249e-05
7.2793857232e-05
9.33572037461e-05
0.000134837590733
0.000232531296282
0.000520285764474
0.00161189995457
0.00657591376966
0.0287502982893
0.0987517946425
0.269109737375
0.7337734153
4.78285954101e-05
4.74950099327e-05
4.74596112709e-05
4.77618015889e-05
4.85386631243e-05
5.00441487469e-05
5.27040851897e-05
5.72367180672e-05
6.49290038019e-05
7.83220511437e-05
0.000103105575915
0.000154180695548
0.000278890874419
0.00066338962464
0.0021679023541
0.00888544248149
0.035184277106
0.105249243654
0.265430905646
0.702904283334
4.81148759429e-05
4.77359228543e-05
4.77237969436e-05
4.81252743047e-05
4.91000623845e-05
5.0939200473e-05
5.41287166357e-05
5.94963578245e-05
6.85549240927e-05
8.43689834812e-05
0.000114010583709
0.000176680134375
0.000335891540726
0.000849064788337
0.00289705466434
0.0116279555908
0.0409862458934
0.109055676166
0.259909504899
0.673914825058
4.84315209631e-05
4.79972944804e-05
4.80112952476e-05
4.85245766896e-05
4.97173367352e-05
5.19173687004e-05
5.56749702888e-05
6.19416748539e-05
7.24954941334e-05
9.10353507577e-05
0.000126368803315
0.000203316153769
0.000407241906742
0.00109146784507
0.00383417310997
0.0146746409963
0.0458295082567
0.1108704461
0.253344380563
0.646589395739
4.87814807451e-05
4.82816992761e-05
4.8325139996e-05
4.89631089318e-05
5.03941839401e-05
5.29836467512e-05
5.73525768263e-05
6.45955408104e-05
7.68069616052e-05
9.84659189845e-05
0.000140591547942
0.000235439722524
0.000497940000419
0.00140772989904
0.00500273062934
0.0178417251687
0.049620649643
0.111284523737
0.246212241844
0.620714947059
4.91664928724e-05
4.85920226075e-05
4.8669831742e-05
4.94466963046e-05
5.11378981276e-05
5.41483956806e-05
5.91794388162e-05
6.74938827189e-05
8.15690393533e-05
0.000106856907985
0.000157232750753
0.000274875243096
0.000614503112169
0.00181701142692
0.00640401979733
0.0209358516658
0.0524308291578
0.11073292055
0.238796393678
0.596070319198
4.95946892217e-05
4.89366641309e-05
4.90549758753e-05
4.99861895518e-05
5.1961181982e-05
5.54284317921e-05
6.11820311964e-05
7.06856804656e-05
8.68857184874e-05
0.000116462311028
0.000177018631878
0.0003240243591
0.000765047509174
0.00233837962214
0.00800979688722
0.0237959196099
0.0544075865953
0.10951678726
0.23126184103
0.572428432514
5.00856960808e-05
4.93322517462e-05
4.94964991801e-05
5.05976935828e-05
5.28816076934e-05
5.68457759805e-05
6.33934848626e-05
7.42306817503e-05
9.28839252859e-05
0.00012759871013
0.000200877310611
0.000385949098255
0.000959076721062
0.00298732110979
0.00976269180398
0.0263166018988
0.0557098239545
0.107839470267
0.22370228274
0.549572129426
5.067108117e-05
4.98025822569e-05
5.00146920427e-05
5.12999906509e-05
5.39185231516e-05
5.84240710565e-05
6.58495941797e-05
7.81953963975e-05
9.97110981225e-05
0.000140650426971
0.000229969162431
0.000464411990719
0.00120689020347
0.00377141469549
0.0115853471704
0.0284505691787
0.0564759595971
0.105837071479
0.216171327184
0.527319958113
5.13907892309e-05
5.03746355179e-05
5.06300069209e-05
5.21101751689e-05
5.50885696838e-05
6.01840700371e-05
6.85845194094e-05
8.2649754374e-05
0.000107535194384
0.000156080591337
0.000265725071271
0.000563869026552
0.0015186750293
0.00468669447031
0.0133953058968
0.0301963149926
0.0568162891755
0.103601155539
0.208703485754
0.505554139169
5.22871232744e-05
5.1073421692e-05
5.13585375272e-05
5.30396504087e-05
5.64022557762e-05
6.21410115584e-05
7.16295216658e-05
8.76686410955e-05
0.000116553111834
0.000174458011497
0.000309909309629
0.000689448070688
0.00190350235597
0.00571652403608
0.0151202280428
0.0315813959575
0.0568169515294
0.10119522074
0.201327242267
0.484240536791
5.33994333638e-05
5.19183098258e-05
5.22098637412e-05
5.40934056226e-05
5.78647598731e-05
6.4307317498e-05
7.50185353337e-05
9.33428979769e-05
0.000127014170631
0.000196511936546
0.000364731050997
0.000846973816793
0.00236848302571
0.0068337874026
0.0167083635526
0.0326479559512
0.0565466750838
0.0986661587589
0.194071236281
0.463431244198
5.47635224967e-05
5.29238555433e-05
5.31899009362e-05
5.52749555866e-05
5.9483044448e-05
6.6702364877e-05
7.88020796441e-05
9.98014499304e-05
0.000139261852156
0.00022322286143
0.000433021123405
0.00104307043774
0.0029181686093
0.00800552293949
0.0181318206195
0.0334427744819
0.0560620527451
0.0960512068622
0.186964425892
0.443245267197
5.64187762427e-05
5.41065155422e-05
5.43089929795e-05
5.65960764696e-05
6.12773513243e-05
6.93663964382e-05
8.30656547257e-05
0.000107240044324
0.000153789362974
0.00025594508343
0.000518456124806
0.00128525497375
0.00355399908421
0.00919802586755
0.019383302466
0.0340110687931
0.0554101895969
0.0933809824636
0.180031977589
0.423830936112
5.84182813776e-05
5.5492924224e-05
5.55899873142e-05
5.80850346909e-05
6.32898910235e-05
7.23705984996e-05
8.79438466671e-05
0.000115946850494
0.000171297373755
0.000296539632724
0.000625755285759
0.00158177897473
0.00427347507875
0.0103806266673
0.0204690879662
0.0343926401905
0.0546292534599
0.0906797587928
0.173289631703
0.405321703809
6.08280494392e-05
5.71191063061e-05
5.70671616752e-05
5.97850682869e-05
6.55831514919e-05
7.58162375656e-05
9.3623204583e-05
0.000126317499552
0.000192743117259
0.000347486030613
0.000760734298591
0.0019409271593
0.00506905387462
0.0115275041584
0.021401565414
0.0346196885133
0.0537482676918
0.087964713914
0.166739676903
0.387800290751
6.3726475767e-05
5.90226113052e-05
5.87763847578e-05
6.17437706017e-05
6.82291749957e-05
7.98249604856e-05
0.000100336696508
0.000138862660184
0.000219380501479
0.000411947307271
0.000930121924401
0.00236967224495
0.00592738066654
0.0126180427064
0.0221937958626
0.0347163013177
0.0527874807191
0.0852457952894
0.160370610575
0.371281987757
6.72138452236e-05
6.123738024e-05
6.07464181457e-05
6.40032626365e-05
7.12997452222e-05
8.45305391531e-05
0.000108360903011
0.000154220736259
0.000252802325618
0.000493781656752
0.00114113228654
0.00287197542321
0.00682973856358
0.0136366378402
0.0228570193662
0.0346995693472
0.0517599416537
0.0825269962635
0.154160517455
0.355718637984
7.14343383041e-05
6.38014248442e-05
6.30018378887e-05
6.66010372767e-05
7.48669928729e-05
9.00818825419e-05
0.000118027332077
0.00017319029177
0.000295001039104
0.000597517790658
0.00140088342599
0.00344736353744
0.0077541001477
0.0145725114939
0.0234005539333
0.0345817584236
0.0506739859351
0.0798087544055
0.148082357919
0.341015940395
7.66349210139e-05
6.67811561369e-05
6.55790412174e-05
6.95830059206e-05
7.90166124473e-05
9.66609106178e-05
0.000129754354344
0.000196793577633
0.000348463357075
0.000728327101919
0.00171578921528
0.00409040406482
0.00867820466117
0.0154195328743
0.0238327807649
0.0343725853433
0.0495357525436
0.0770904959584
0.142108755945
0.327052851419
8.32554981067e-05
7.03017587925e-05
6.85468462009e-05
7.30223602167e-05
8.38692161331e-05
0.000104513027111
0.000144100747081
0.0002263756581
0.000416301997807
0.000892006074381
0.00209098696762
0.00479125476936
0.00958242541938
0.016175715787
0.0241619765773
0.0340807438857
0.0483508715618
0.0743723544482
0.136214653831
0.313694004743
9.19728815594e-05
7.45635200834e-05
7.20213009826e-05
7.70366030803e-05
8.96036262978e-05
0.000113985318613
0.000161837143154
0.000263732005229
0.000502399347856
0.00109490935071
0.00252973994176
0.00553689261331
0.0104513249401
0.0168421434191
0.0243963565644
0.0337143260526
0.0471249396605
0.0716556040868
0.130377647471
0.300792310421
0.000103764999781
7.98461359187e-05
7.61698249535e-05
8.17972660099e-05
9.64764958634e-05
0.000125566383522
0.000184026187727
0.000311239342147
0.000611495250935
0.00134367712471
0.00303268938682
0.00631237349665
0.0112735666757
0.0174214316433
0.0245434097555
0.0332803910494
0.0458630373521
0.0689420668933
0.12457716173
0.288185611718
0.000120279498745
8.65333837045e-05
8.12073633172e-05
8.75289496131e-05
0.000104832423887
0.000139918873023
0.000212092690678
0.000371939136685
0.000749107138687
0.00164455665119
0.00359693157616
0.00710169875184
0.012040691777
0.0179161856683
0.0246090635845
0.03278429987
0.044568941269
0.0662331965342
0.118794055918
0.275695268312
0.000144305109408
9.51314253902e-05
8.73835416514e-05
9.44981372457e-05
0.000115103093456
0.000157898534638
0.00024786211663
0.000449514843226
0.000921179163982
0.00200225331168
0.00421519893162
0.00788837180196
0.0127457324256
0.0183280321497
0.0245973006602
0.0322294657985
0.0432447534338
0.0635296588262
0.113011869734
0.263133717824
0.000179951645882
0.000106237542814
9.49569571262e-05
0.000102995418273
0.00012780040169
0.000180561444485
0.000293555326693
0.000548134240848
0.00113345167512
0.0024185661839
0.00487569464467
0.00865604776385
0.01338248466
0.0186575620251
0.0245105335433
0.0316178246273
0.0418913221968
0.0608318572802
0.107219807865
0.250322572085
0.000233967636871
0.000120602269145
0.00010417758805
0.000113319803204
0.000143511783601
0.000209165768012
0.000351741418574
0.000672181225187
0.00139067370507
0.0028913364593
0.00556300231946
0.00938952097213
0.0139456564434
0.0189050360929
0.0243505589732
0.0309508440376
0.0405092987902
0.0581412362652
0.1014164227
0.237116074666
0.000321073143206
0.000139485966398
0.0001153307346
0.000125796585466
0.000162922724845
0.000245191441193
0.000425283052721
0.000825968165738
0.00169589694549
0.00341423626365
0.00625998301279
0.010075891013
0.0144315156806
0.0190713357718
0.0241195952342
0.0302305813322
0.03910029261
0.0554616460793
0.0956123418941
0.223420955285
0.00047261131793
0.000165122141172
0.000128853692667
0.000140860294414
0.000186898730997
0.000290413315044
0.000517331726889
0.0010135335656
0.00205006573587
0.00397751581385
0.0069499586315
0.0107053851778
0.0148383513457
0.0191585255017
0.023820844696
0.0294602518516
0.0376675287659
0.0528000488755
0.0898309080127
0.209212486307
0.000745240696019
0.00020104451609
0.000145445541967
0.000159154760708
0.000216589721135
0.000346989544564
0.00063132755951
0.00123844034479
0.00245178849056
0.00456913038803
0.00761813927285
0.0112712616977
0.0151662029283
0.0191696887414
0.0234584407463
0.0286444390142
0.0362168482792
0.0501693651914
0.0841103329319
0.194444646371
0.00124490335981
0.000253189433358
0.000166141270616
0.000181554771156
0.000253447286418
0.000417425088712
0.000770803286815
0.00150327359724
0.00289692457241
0.00517549190424
0.0082517866488
0.0117688356821
0.0154159669114
0.0191081643257
0.0230365344485
0.0277873411651
0.0347521067661
0.0475764441012
0.0784887364562
0.179384240576
0.00223740388271
0.000333700683718
0.000192440913849
0.00020909773046
0.000299107726672
0.000504332843117
0.000938886587991
0.00180877624222
0.00337808071259
0.00578193933027
0.0088398376016
0.0121946047425
0.0155888284984
0.0189772260387
0.0225592103103
0.0268933669066
0.0332784347743
0.0450324958344
0.0730066124158
0.163991718104
0.0044801620479
0.000468213030332
0.000226528129447
0.000242883316144
0.000355197831531
0.000610076382061
0.00113767104359
0.00215304958667
0.00388469220296
0.00637364353702
0.00937305517766
0.0125463274798
0.0156866347773
0.0187806295243
0.0220310851232
0.0259676285917
0.0318017604652
0.0425500663202
0.0677233748738
0.148522517462
0.00988264118476
0.000707061455582
0.000271654587634
0.000283990859605
0.00042316145582
0.00073648647718
0.00136782102377
0.0025314757705
0.00440430524161
0.00693735251348
0.00984506107988
0.0128240142644
0.0157129607502
0.0185236213576
0.0214581717425
0.0250164836982
0.03032863457
0.0401399311344
0.0626919645636
0.133250493388
0.022069579287
0.00115319545753
0.000333384864186
0.000333560931782
0.000504290522018
0.000884930863107
0.00162882511895
0.0029378020185
0.00492500055242
0.00746358151109
0.0102536884595
0.0130310534988
0.0156740732322
0.0182137150515
0.0208484710722
0.024048032019
0.0288666966355
0.0378118706116
0.0579638238075
0.118505571093
0.045329555728
0.00206653517929
0.00042307878485
0.000393175119182
0.000600109952116
0.00105692064371
0.00192004242387
0.00336616485143
0.0054380710935
0.00794826676934
0.010601684774
0.0131745485048
0.0155790288268
0.0178605955207
0.0202117542359
0.0230718407768
0.0274245046057
0.0355736211634
0.0535811399264
0.104645909168
0.0807271944612
0.00416418497652
0.000565032619602
0.000465596251468
0.00071310421795
0.0012551252029
0.00224212244157
0.0038130590152
0.00593960494371
0.00839284259259
0.0108959365384
0.0132642572659
0.0154384910162
0.017474888553
0.0195583245357
0.0220977878011
0.0260103981389
0.033429243654
0.0495680394277
0.0920078850283
0.121672577497
0.00907804898433
0.000808303516432
0.00055588743302
0.000847590239426
0.00148433146102
0.00259792080252
0.00427801163941
0.00642997491178
0.00880232519378
0.0111451071003
0.0133102629
0.0152625590119
0.0170661577451
0.0188971589317
0.0211342808774
0.0246310368544
0.0313776807959
0.0459234567907
0.080851226736
0.158264257735
0.0191429481502
0.00124780245613
0.000673007153095
0.00101034208812
0.00175159869416
0.00299191578583
0.00476215333275
0.0069111533542
0.00918191320952
0.011356432212
0.013320243381
0.0150584995433
0.0166410074054
0.0182342547635
0.0201868003328
0.0232901420749
0.0294127733554
0.0426195417062
0.0713170159248
0.187667865437
0.0355809312244
0.00206365660676
0.000831538700076
0.00121020979175
0.00206471513733
0.00342759824157
0.00526499241633
0.00738302965222
0.0095336112499
0.011533164732
0.0132977025828
0.0148295696844
0.016202288284
0.0175720372348
0.019257304363
0.0219881641728
0.0275243533717
0.0396057424164
0.0634114834303
0.214972447731
0.0575918885103
0.00356624232689
0.0010550463201
0.0014568739989
0.00242938942289
0.00390422678617
0.00578159086677
0.00784116521404
0.00985494216453
0.0116742223341
0.0132422513607
0.0145756397087
0.0157498559768
0.0169101095511
0.0183449298391
0.020722860539
0.0257005186478
0.0368180110258
0.0570179158224
0.243296154232
0.0842579836143
0.00631734081224
0.00138462558176
0.0017603618637
0.00284727408787
0.00441560581986
0.00630257355001
0.00827768428535
0.0101405847867
0.0117762482973
0.0131517634261
0.0142952420926
0.0152824245664
0.0162468995622
0.0174473761284
0.0194905825121
0.0239296733985
0.0341890187523
0.0519278372276
0.278350006541
0.116454109069
0.0114535418851
0.00189846039869
0.00213268642687
0.00331646035577
0.0049520257939
0.00681710593697
0.00868457638671
0.0103856957826
0.0118366853275
0.0130250537687
0.0139878340759
0.0147994734078
0.0155813019203
0.0165624159872
0.0182875492525
0.0222023578544
0.0316573901718
0.0478753769008
0.326687968332
0.15686852463
0.0211284687372
0.00274494622254
0.00259324191341
0.00383550387658
0.0055049672764
0.00731733531412
0.00905738371945
0.0105888031982
0.01185591771
0.0128633854958
0.0136548255919
0.014301956933
0.0149132182225
0.0156883235443
0.0171102093525
0.0205110864903
0.0291711610856
0.0445602176672
0.387659621937
0.207333475554
0.0382618919392
0.00419233847791
0.00317927849615
0.00440939021497
0.00607105558821
0.00780027946399
0.00939553432635
0.0107511530362
0.0118360422421
0.0126689555536
0.013297977773
0.0137907501389
0.0142421403944
0.0148226659365
0.0159540190718
0.0188486083594
0.0266871213563
0.0416553844826
0.458916403807
0.266598233593
0.0647219313824
0.00670147687802
0.00395822008373
0.00505010535162
0.00664855393417
0.0082625101239
0.00969674010002
0.0108715836096
0.0117764799718
0.0124412401691
0.0129163585536
0.0132640746152
0.0135649633603
0.0139604428266
0.0148118605877
0.0172062260184
0.0241707898994
0.0388160904029
0.543483100064
0.333484119475
0.100577336706
0.0111184725682
0.00505055538702
0.00577491781019
0.00723174863396
0.00869473443427
0.00995311313409
0.0109443022116
0.0116730762037
0.0121769671266
0.012506762924
0.0127180451938
0.012876479636
0.0130944383584
0.0136739300034
0.0155725447859
0.0215964664256
0.0357105939282
0.648598416695
0.411216212409
0.146402115959
0.0191456225041
0.00668958738896
0.00662030178677
0.00781929999499
0.00908893141089
0.0101578946052
0.0109651428617
0.0115237135915
0.0118750839863
0.0120682974353
0.012151344502
0.0121745840262
0.0122208000546
0.012532085276
0.0139332128226
0.0189419903127
0.0320743891448
0.775366223802
0.499533645771
0.205584275439
0.0341018405599
0.00934857199138
0.00767733448802
0.00843520434394
0.0094527807023
0.0103156219825
0.0109387496925
0.0113334883098
0.0115408027652
0.0116059769228
0.0115685176939
0.0114624932648
0.0113389949399
0.0113786118494
0.012274284884
0.0161985619031
0.0277417287126
0.914069646355
0.608427351658
0.282271806458
0.0610634199015
0.0139846145458
0.00914671839376
0.00914625732476
0.00981617869721
0.0104438297168
0.0108780018042
0.0111131564048
0.0111836630046
0.0111286317393
0.0109784104046
0.0107512690682
0.0104691875982
0.0102571598377
0.0106783401777
0.013497514728
0.0227751186713
1.06212875396
0.745077726482
0.377444509409
0.104993171944
0.0225503308833
0.0114371062092
0.0100779573673
0.0102322393456
0.0105703944984
0.0108006484104
0.0108757764868
0.0108139244035
0.0106442842326
0.0103874428086
0.0100488155756
0.00963023847412
0.00921221247549
0.00921626758561
0.0109240063412
0.0173061231515
1.21100741021
0.909150098851
0.494565555435
0.168238629379
0.0387637162832
0.0153886426383
0.0114676126221
0.010794060396
0.0107413921831
0.0107347241723
0.0106413838825
0.0104468952546
0.0101641258212
0.00980304262331
0.00936207168932
0.00883867075655
0.00828478025527
0.00795256977205
0.00855426861246
0.0116479500011
1.34263812718
1.0783007008
0.615176490893
0.249561859441
0.0686989460129
0.0228589130414
0.0138216804139
0.0116805127414
0.0110393402018
0.0107277370076
0.0104431732312
0.0101100328027
0.00971554870491
0.009260785359
0.00875063832982
0.00820652808533
0.00768409860609
0.00724021500795
0.00685359727419
0.00667819616974
1.42820998155
1.2142582377
0.729818956297
0.344724036762
0.118967615478
0.0377592838514
0.0182163901142
0.013222059952
0.0115868216334
0.0108327550914
0.0103086506388
0.00982575299447
0.00933346212665
0.00883089893991
0.00834862475692
0.00795834288327
0.0078023477966
0.00809137796443
0.00875391597769
0.00771674363465
1.44237259179
1.29390511148
0.840679415181
0.45078428143
0.191284651547
0.0666526448575
0.0269582763831
0.0160800181342
0.0125968913911
0.0111408469052
0.0102978434229
0.00965274703061
0.00908161778053
0.00856404381596
0.00813882456737
0.0079156546368
0.00811927691346
0.00923069910143
0.0123021667897
0.0181215430887
1.36280228663
1.29423070577
0.923897201929
0.541658591367
0.280196472067
0.11677246099
0.0445364896357
0.0216346691407
0.0145209682409
0.0118700914452
0.0105962969907
0.00981160209064
0.009248315643
0.00885331376798
0.00867054904155
0.0088134081965
0.00958893177853
0.0117817199521
0.0176820679327
0.0334662327293
1.17841032187
1.20770118163
0.955700085581
0.629580108326
0.386412215388
0.190226370627
0.0774710780255
0.0327324398137
0.0183566497829
0.0135468141794
0.0117034318348
0.0109362506399
0.0107108737533
0.010809162078
0.0112293278452
0.0121791533507
0.0141495671975
0.0184062289945
0.0288824186347
0.0586341838059
0.926192855244
1.04954333814
0.938345596087
0.718474793643
0.497274969132
0.286928506926
0.131775370356
0.0542006936992
0.0262780688635
0.017377679514
0.0146626984385
0.0141585015706
0.0144403721864
0.015187680779
0.0165064489109
0.0188194950133
0.0229803813565
0.0310103130906
0.0491552420361
0.0991121151967
0.677879088873
0.856757685262
0.882755615123
0.797110415844
0.617797868536
0.402785207467
0.207784695521
0.0919882567917
0.0420957037649
0.025089954156
0.0202163243712
0.019211381629
0.0195931813351
0.0208267735341
0.0232917922725
0.027810585843
0.0356787508369
0.0498080206611
0.0794994177741
0.157603478836
0.484405038508
0.671498935294
0.802422230899
0.844925188827
0.7321389914
0.517139335676
0.308544006907
0.150671602821
0.0703237046552
0.0382530733586
0.0276837764108
0.0247681917211
0.0247546258704
0.0265045091933
0.030711523272
0.0386802883706
0.0521327110029
0.0749390053087
0.12037059376
0.235651704863
0.345353482639
0.52136306482
0.711672579528
0.850956762984
0.813469222857
0.632781142114
0.416892092196
0.233288292216
0.117893975885
0.0614012651316
0.0401557298965
0.0338617737082
0.0332244535809
0.0352350639612
0.0412455883363
0.0534032811282
0.0741199193406
0.108310514156
0.174383693725
0.338065197482
0.266778411723
0.411617199602
0.616102874731
0.816264750229
0.857655327574
0.737700071886
0.538253283828
0.355296238198
0.201566957149
0.112619078541
0.0725037164749
0.0603684349213
0.0563997357058
0.0545228867531
0.0600439964602
0.0754102534795
0.104363325467
0.152954941943
0.246210460683
0.474934498775
0.230096983485
0.332093838949
0.522909376381
0.747012313825
0.84929534949
0.805103648546
0.664512631654
0.499846036701
0.349862752015
0.229339097635
0.161449056227
0.141774054323
0.125042945928
0.0987540988313
0.0946833440728
0.108155178249
0.143616165943
0.208733259714
0.336245579576
0.652876825093
0.215709280823
0.284897620925
0.440954213311
0.658492308892
0.795626533831
0.811688689621
0.740062308613
0.631256217835
0.535582294482
0.469653399911
0.419389227113
0.375740015912
0.305885821547
0.189839037529
0.159487052745
0.157544243333
0.189989048304
0.268945777615
0.43167695491
0.850795485293
0.213201432114
0.259424617356
0.376190434602
0.57026097826
0.721078495397
0.775681029695
0.76009213706
0.712216876617
0.668419350473
0.649246920711
0.61243570167
0.520818061145
0.375962085729
0.296672314425
0.275819979154
0.248772920924
0.252700219926
0.333641687452
0.518975925261
1.0232496775
0.217953041453
0.247450566579
0.33198328779
0.491795214187
0.641328756712
0.719067903965
0.73973499614
0.723288909652
0.680647264998
0.625586238854
0.553193846147
0.465016492723
0.378621454216
0.291829288002
0.355690999039
0.421290674092
0.36585844253
0.421899005055
0.602917237271
1.14017402705
0.22784407654
0.243801277542
0.302385536059
0.423368146983
0.559280477645
0.645255825126
0.679847140404
0.673156985089
0.639063817631
0.588759026018
0.525601911696
0.455331103874
0.388103934477
0.325725544375
0.337177073002
0.518406251302
0.553134635839
0.558267867696
0.699878017485
1.20795127094
0.240797555254
0.245428104164
0.282008688009
0.365718452245
0.476643195768
0.555895095404
0.593460660177
0.597238395519
0.577761059101
0.543235056305
0.497010865712
0.44600572085
0.40091468087
0.368959091763
0.405289707547
0.674904311178
0.773256725862
0.746193523816
0.823260428263
1.24246218095
0.254851441961
0.249852193924
0.268252020744
0.318791835809
0.398362079796
0.464970289507
0.502251009672
0.515831333958
0.512933223146
0.49825035445
0.476342616994
0.452263550475
0.436207556992
0.441157570016
0.564476363842
0.93554538099
1.02757333669
1.00641183647
0.990287704221
1.24214326017
0.269525481151
0.257248353062
0.261337437231
0.286641591966
0.334238212125
0.390326534
0.43055653146
0.457141421084
0.474063376776
0.483979253465
0.490942984203
0.501399344352
0.528421396294
0.593829828261
0.800760041762
1.30915968706
1.53165084539
1.49095551558
1.24161928716
1.20727411313
0.283438283574
0.267426942116
0.262668557942
0.27251426237
0.297751622649
0.334863409001
0.37709006553
0.419955089911
0.460549652069
0.500954731823
0.543579407218
0.599660118011
0.69709063787
0.882602498207
1.25906809978
2.12751442212
2.90516295375
2.65417087878
1.63341337433
1.17017151723
0.290845986615
0.27511210862
0.268096508786
0.271697354586
0.286873385317
0.314490187068
0.352306052823
0.39795554085
0.451286323587
0.516420823218
0.606327757602
0.760707704245
1.05895153414
1.65407065241
2.8108142504
5.5203945
9.81700428101
5.81537171407
2.19350078614
1.28459021046
0.283205979576
0.271950517641
0.267914263835
0.272665708215
0.29019295676
0.323095039705
0.368158720708
0.425320053839
0.501613481001
0.627407875477
0.898708815203
1.53089292903
2.88617186631
5.32307048206
9.42978151703
16.7947567576
39.4081744874
12.785132104
3.01082179651
1.64327263451
0.256115736368
0.252372482766
0.255380425497
0.269004241945
0.298802230144
0.342997559066
0.40127876213
0.485032552256
0.649400264733
1.11314366163
2.41725317688
5.13298652117
8.26680766436
11.5544661672
16.2985688583
25.2792293598
47.161855184
18.6649297844
3.31449187956
1.8053665434
0.218396159513
0.224382733094
0.239837004724
0.268313536717
0.311178695189
0.367350015752
0.447202009615
0.627104385675
1.2681493328
3.19572997002
5.84883614103
8.30967204491
12.3033288895
17.4693300307
22.3235408468
27.2948598031
30.8431430084
11.2029281844
1.71666244177
1.5769447465
0.189137459322
0.206385220655
0.234584271628
0.275984434395
0.330212973324
0.400602504607
0.573406423526
1.2298647168
3.08935277385
5.81073167579
9.90806899904
14.5471483877
16.8863741199
18.8891993151
20.4019890409
21.109143013
19.2161478115
2.70616555341
0.63211730991
1.35990417646
0.176506757739
0.203102618166
0.242402859734
0.294174732905
0.355091301913
0.476360423403
0.909614827939
2.26855767406
5.44102286463
11.0490569253
14.0412434343
16.0033254416
17.1214001204
17.3966291915
16.6544173075
14.6251038882
9.24393470747
0.778386541263
0.397769770657
1.22853377295
0.17913806996
0.214002366749
0.261838481495
0.316391958736
0.389401321389
0.619500174877
1.08603747056
4.2868874142
9.67825515682
12.7459045045
14.5154534819
15.4514518735
15.5974376181
14.8498536261
12.6756383335
9.06319973789
2.61828519936
0.398269818446
0.328932050466
1.12416124977
0.193951999783
0.235115819385
0.283853333914
0.329671774853
0.418628783558
0.691818985921
2.10963407978
6.8351146148
10.12355917
11.9857335818
12.8948086728
13.2579117831
13.0347519715
11.729825586
8.85627759764
3.56096871969
0.606424414444
0.262301697336
0.295885298214
1.01858961293
0.216889464685
0.258963764621
0.293083111191
0.314873054605
0.38185267939
0.555030305714
3.44798649162
6.94802360199
9.06579955568
10.0393149267
10.5089713357
10.6038272694
10.1684996703
8.66911520433
5.8377296739
1.27385937623
0.419652011563
0.243882965207
0.275238945987
0.901678314983
0.242800605124
0.272106172619
0.272129260632
0.260377746117
0.278274972707
0.635691145624
3.70860526461
6.53861964153
7.72847359695
8.21856225477
8.38347805732
8.22442085171
7.52018617243
5.98041057402
3.29697876867
0.786076527452
0.380026884989
0.240377982382
0.256880908737
0.776329264082
0.262633068789
0.265763051105
0.222763600881
0.191764485944
0.248738120466
0.692052554657
3.02321008584
5.47722696392
6.43040437484
6.76488218182
6.77884887273
6.39563822978
5.55578226978
3.98033608411
1.66554870684
0.609112254694
0.368235396754
0.240727698638
0.240323226921
0.652223843108
0.271753374236
0.231233020179
0.176048082533
0.168493651113
0.259981898265
0.6697029484
2.13119964051
4.35126841564
5.4281847414
5.81436145016
5.80287038274
5.29984983754
4.12499136904
2.45226919697
1.01065679926
0.520044941802
0.37063523792
0.243065635761
0.226013887376
0.538402816152
0.261805974302
0.200813118658
0.16080420652
0.170660762814
0.27419760353
0.623148448914
1.58215672289
3.30049085861
4.6546264016
5.42056038117
5.48897381881
4.53892032388
2.92595796886
1.53521741633
0.764928678337
0.477941087974
0.379762505918
0.244734482312
0.214197835113
0.442545337057
0.257441274603
0.192631113333
0.164337499442
0.181203694932
0.277622202448
0.563312868252
1.25357808485
2.48616240571
3.84964637021
4.87425303786
5.03169538252
3.74111009986
2.08309716922
1.11864748028
0.643833910829
0.465146714543
0.388896565078
0.241524877246
0.205870851992
0.368432112014
0.273327934736
0.201442321408
0.178397814933
0.194241616746
0.271905726457
0.491007941236
0.982629774546
1.87951880982
3.02352198815
3.94842116072
4.09491700684
2.93513404463
1.55873151715
0.883081847165
0.583000305993
0.468727761116
0.391915402675
0.233905779509
0.202506047041
0.320709936479
0.30897136206
0.223358983558
0.199158679824
0.210112634453
0.265222793095
0.411822183456
0.760078437879
1.38429916641
2.25664375572
3.03155605126
3.16551695391
2.18661093451
1.18705664658
0.741242668632
0.547510878874
0.472129596146
0.390965984904
0.232151691329
0.203487895347
0.296500955457
0.363070336923
0.25763537168
0.225518543254
0.230513203863
0.26682611193
0.3573112303
0.573650701037
1.02310276147
1.65873752843
2.26907689397
2.34285129252
1.58395007736
0.92947393883
0.637579882836
0.506457484539
0.461267681774
0.383887017675
0.235309027882
0.210689883471
0.291954709708
0.433983281484
0.303481183749
0.257793801387
0.256244875722
0.279965335506
0.337503512007
0.471309985502
0.755737493172
1.24788104553
1.68797246725
1.67519562752
1.14665570698
0.722936881835
0.520090140077
0.43424944943
0.421554755742
0.365668849115
0.243200545257
0.225540371959
0.304792439161
0.518978304018
0.357856190113
0.295724717723
0.287945586206
0.304893893117
0.343787597083
0.444959691383
0.645280841488
0.990901808251
1.27907520944
1.1880255665
0.816113081277
0.504385826719
0.366251723312
0.326840530344
0.35324803477
0.35463885548
0.261983113861
0.248702504006
0.330116482696
0.611749177997
0.417304317417
0.33798056383
0.32608669903
0.342931021169
0.381410527968
0.479869301693
0.649882696462
0.890298976635
1.00802283111
0.855404298119
0.53336074681
0.330131068199
0.23450613749
0.216233231045
0.280842749804
0.33946982846
0.290956773941
0.280875265899
0.36216219806
0.705411520812
0.478750294622
0.384707478363
0.37070527558
0.405597447569
0.470859592254
0.584454154486
0.743677760497
0.884789376183
0.816718724966
0.59466320679
0.334734399304
0.209287530453
0.149641557577
0.137417108898
0.221686911566
0.327633505469
0.330265712756
0.323246092064
0.398559284137
0.786835835514
0.538680916635
0.43880932387
0.43180004966
0.530050217132
0.649708356734
0.780729785057
0.915315186028
0.841104838366
0.655819981692
0.391572972585
0.194063757686
0.129639678567
0.10284132735
0.0949065754493
0.183944480989
0.32680693118
0.383012180334
0.377314917799
0.442228611428
0.845080553867
0.593915194385
0.502538190218
0.552238684485
0.786623467664
0.979726565301
1.07351187866
0.992356664898
0.749909682401
0.481688538621
0.225845112908
0.102937089395
0.0811761846287
0.0804149804622
0.0790968790936
0.162191384859
0.332464379918
0.446994712491
0.441587143847
0.50209368183
0.872915569685
0.644440365727
0.605526122622
0.819859804052
1.22706358927
1.40184030278
1.26810765548
0.942823048339
0.630326925392
0.301789268861
0.103337047837
0.0546277428898
0.0575107913612
0.0711754904998
0.0769395635554
0.149698911306
0.335147508243
0.503466350522
0.500135212555
0.579892772444
0.868239598266
0.703581548646
0.824523832539
1.32623136317
1.80164476727
1.78614093542
1.35489494091
0.83820350979
0.426192289652
0.139948001691
0.0380061840029
0.0348136640814
0.049934159669
0.0687963362864
0.0802171533139
0.147062563594
0.340858646005
0.529144338536
0.524636557992
0.652277498983
0.83610952221
0.819950736435
1.26853403238
2.01971984721
2.4158251223
2.10791252003
1.30585955559
0.653180600321
0.212306218527
0.0434190270897
0.0168327821376
0.0282470479173
0.0497070198608
0.0689830251305
0.086459584803
0.160998577042
0.376994775607
0.543856932653
0.498546053709
0.679546214141
0.796719286178
1.06548835123
1.92548003363
2.76413658104
2.97873031377
2.2970929116
1.13237188697
0.386501353655
0.0702997133295
0.0127699735648
0.0126615780578
0.0245700212397
0.051851682971
0.0705653483781
0.0950042654095
0.183959604155
0.442023904501
0.548374958054
0.4412523664
0.662849683001
0.791316664452
1.48234810118
2.64016871327
3.44922152975
3.34744470422
2.21107681069
0.878753327225
0.164141005946
0.0184336473666
0.00706449438916
0.0119264430985
0.0215258163492
0.0561019754563
0.0744134254771
0.107487044776
0.21676220273
0.506655477408
0.546663197175
0.38852664714
0.633891888234
0.855178374147
1.96835349399
3.33472473172
3.93213906154
3.41604344152
1.81656302162
0.500747249529
0.049123597119
0.00709509351881
0.00636747877071
0.0116064624865
0.0217046744394
0.0626508538561
0.0813852669655
0.124746635185
0.270322603906
0.546294638718
0.530961875472
0.353497638175
0.610134572953
0.966481547479
2.47359240634
3.89291289142
4.17755115298
3.18440729916
1.32708573216
0.202718377984
0.0142954790475
0.00520030948926
0.00647241257355
0.0122218531257
0.0338767583813
0.0721397133579
0.0921306673794
0.146515015335
0.350230094853
0.553572716231
0.47171841561
0.333164858294
0.59738922156
1.10128077181
3.00069521848
4.3078072864
4.24632382745
2.70624278667
0.780862294919
0.060709923743
0.00697001841192
0.00502213162449
0.0069740347074
0.0160120541434
0.0562834881601
0.0842963768508
0.107737173461
0.181235538693
0.430494885387
0.537331144779
0.385966150467
0.321532250075
0.597272659384
1.26810130914
3.470013649
4.61319137357
4.20885190342
2.07851853911
0.334294611115
0.0197198262126
0.00565083938439
0.00528246337776
0.00854469179433
0.0258096810358
0.0792472754837
0.0989204257122
0.129115026134
0.242291505295
0.559533728997
0.514584520739
0.312763607735
0.326680008234
0.620075249985
1.47508837998
3.80404608839
4.78295932517
4.09800399156
1.43655359883
0.121616276292
0.0109562409833
0.00557210492488
0.00608020234389
0.0130710246677
0.0456314923927
0.0997031206495
0.11631535056
0.154626910292
0.320405803088
0.740755160964
0.525030346412
0.293830775166
0.359550718558
0.684452789577
1.64626760569
3.87901184819
4.71835904296
3.88850090335
0.917600020012
0.056397127513
0.00952277368241
0.00592207215263
0.00771504040609
0.0221373132333
0.0746968571277
0.120152861483
0.13665779967
0.180152645744
0.379530961754
0.960449081915
0.666972323087
0.352539921561
0.435221995711
0.809342125782
1.63806114284
3.58462175922
4.31174355857
3.53243983205
0.581369855033
0.0424995766617
0.0100606857185
0.00654266279593
0.00984569695049
0.033669008346
0.103046542057
0.144620400366
0.162048326018
0.209721212561
0.402276324351
1.03655343702
0.943685784451
0.509632516888
0.575018425456
1.03513362898
1.3995857476
2.92124109236
3.55351187456
2.98405869825
0.393146630262
0.0438326038981
0.0120634256248
0.0075604119639
0.0124571986497
0.0496068564478
0.135910668754
0.175637792887
0.194876335974
0.256009902035
0.436013956448
0.952318836011
1.25303817309
0.708079242263
0.768598464965
1.48647576383
1.03935134815
2.0521086951
2.56797017755
2.2354120792
0.29964510426
0.0549775529315
0.016193678781
0.00943221542758
0.0155156354358
0.0704173495613
0.17113103181
0.209808063847
0.235982178112
0.316829018404
0.431867615982
0.779751093521
1.18662910065
0.840109579395
0.961336863875
2.20927788877
0.724097706197
1.25661092627
1.59016607467
1.40749865954
0.233034491195
0.0672325302565
0.0228851661613
0.012648389458
0.0174720534569
0.0800598961203
0.194901297627
0.237282688055
0.272826552168
0.331240708515
0.323368065524
0.486570851679
0.781204860747
0.735839381684
1.04000505315
2.68728312908
0.524606130608
0.729684287897
0.871818119289
0.754454422004
0.172690617391
0.0712685286195
0.0305504767455
0.017205210053
0.0182235965115
0.0624121709318
0.171146105018
0.24016613864
0.278019346706
0.290982059408
0.20938154235
0.217369016883
0.345900663222
0.498087024263
0.923056788217
2.62912591161
0.420480336314
0.443944057386
0.463729497547
0.377431572937
0.130298977076
0.0693407631004
0.0367170921302
0.0220680596692
0.019820751968
0.0413447126876
0.10337025795
0.196131855386
0.267966962022
0.270261587754
0.155916358092
0.122121326221
0.161242572969
0.284772997047
0.684282143141
2.06753128959
0.370285118622
0.302143548426
0.267813401503
0.207147941745
0.107585967543
0.0676222571981
0.0408983503878
0.0260390312526
0.0217957011085
0.0321304181717
0.0643587283996
0.123408231962
0.240459862525
0.275866278009
0.127858444833
0.0856296698237
0.100428192883
0.170856086421
0.483301692658
1.53953202743
0.340954294389
0.23707030086
0.187087984503
0.144709824959
0.0987511792299
0.0684853882013
0.0444285409638
0.029298066564
0.0236863916458
0.0298048001006
0.0532998266287
0.10680025149
0.24044789999
0.291439136116
0.0977352946308
0.0628569675405
0.0712458928522
0.120343280799
0.354697571561
1.28779261552
0.328075461108
0.214634259771
0.162282218754
0.128430223799
0.0987140145812
0.071956970365
0.0484161143274
0.0325794157182
0.0261801884192
0.0316958467234
0.0575339193274
0.132577660809
0.324781594458
0.21572530027
0.0726408147855
0.0503308251511
0.0577274973248
0.0931619426306
0.266621931397
1.12160701291
0.343541178557
0.220294662238
0.163467862208
0.130374583216
0.103836634747
0.0771650742974
0.0527835918178
0.0360254935023
0.0297259862007
0.0385377920396
0.0796343647426
0.217689318811
0.415982298511
0.132078792548
0.0580728235992
0.0435062624737
0.0511650620804
0.0765708086678
0.197544840253
0.934027093688
0.378127901405
0.238146128864
0.174775643826
0.139600448821
0.111871917418
0.0832980332757
0.0572046642912
0.039800251145
0.0356065701934
0.0553033662334
0.140444894048
0.404492075975
0.269396201199
0.090019999085
0.0480819459698
0.0380508700271
0.0462830461273
0.0646502211361
0.139959260239
0.707936230461
0.403910044528
0.256480814094
0.189575752411
0.15243832254
0.12190027001
0.0901436194679
0.0619515679894
0.0450198289628
0.0476206019968
0.0967598832607
0.295632560916
0.510979254886
0.164411427426
0.072420204293
0.0389735277985
0.0333340642536
0.0429494082638
0.0577100472805
0.10130185373
0.459342635602
0.418350091788
0.273998112143
0.207100243404
0.168679463433
0.134354173177
0.0985075173463
0.0684546403696
0.0548025143309
0.0756230975515
0.203637255373
0.603506249245
0.342355517523
0.120802149365
0.0588539825003
0.03053460808
0.0311405081228
0.0436958315254
0.0597889889751
0.103203258284
0.353833538805
0.431833546569
0.29450688406
0.229350348881
0.189652236844
0.151199231064
0.110829869994
0.080192402772
0.0766520183295
0.144676721297
0.464706456065
0.700953746758
0.231372454083
0.098677931878
0.0418454119388
0.0244008794978
0.0323140678109
0.0487557671321
0.0697471012126
0.129539235366
0.35085256029
0.454444712656
0.322799950926
0.259652230852
0.219028399163
0.17731586131
0.133004101701
0.105366647932
0.128645408856
0.319382247716
0.962476804555
0.567900688524
0.184524672554
0.072310848854
0.0257586310017
0.0219888532634
0.0356267015538
0.0558153604047
0.0861737605317
0.156747422727
0.350252417885
0.491398659743
0.363680443985
0.302900084504
0.264384057015
0.223728038694
0.179828934031
0.165952983483
0.26095052643
0.76355362765
1.27464675882
0.47835752837
0.151206391705
0.0387842092167
0.0168229851274
0.0225596252838
0.0384849410548
0.0620607132246
0.10448116542
0.166696589821
0.346970323811
0.543373441609
0.423066661208
0.368988220711
0.342530898963
0.317321711813
0.293407556344
0.342497797803
0.675994626912
1.85185194551
1.40522661361
0.438824004263
0.104260442364
0.0218147787335
0.0151927842986
0.0233539900494
0.0385802335304
0.0644436098496
0.109974509186
0.146929275485
0.360055700872
0.612322843448
0.513619619798
0.483557435785
0.497739121254
0.540844879754
0.641155925754
1.07689873515
2.48687623742
3.17346419887
1.54366118882
0.375175850813
0.0753528260826
0.019641877419
0.016307403182
0.0233378663046
0.0362403873057
0.0612700974316
0.101887268216
0.119398522237
0.43274343025
0.721007117709
0.676709092215
0.720261017035
0.873210069841
1.21253440103
2.00822715565
4.32814477256
6.91423449693
3.92128969685
1.40059409431
0.261187486341
0.0629320006383
0.0241454002574
0.0192575483818
0.0245008575491
0.0350918717224
0.0575939657489
0.101478502374
0.111882876538
0.590500272381
0.943809035204
1.02542060968
1.27201196033
1.78995668354
2.65219693133
4.08459474984
6.86582962904
10.0299978943
3.30623606216
0.855645567908
0.167286739025
0.0579046429197
0.0302101120133
0.0245808423024
0.0283741410073
0.0380360066368
0.0591347369115
0.114148010649
0.157687892044
0.764092380714
1.38210900687
1.66164973308
2.13774237362
2.87139652397
3.94154660386
5.56186215564
8.22092442128
9.66079451407
1.81635257286
0.452579337101
0.128278467872
0.0570413903763
0.03597934364
0.0313636944957
0.0350056722773
0.0451221982795
0.0695300314383
0.157189271529
0.326598399279
0.782788411556
1.9508606435
2.40679545401
3.16663213207
4.36192275712
5.81344567517
6.96218124225
7.78041476553
6.41100456121
0.995408264276
0.28485869261
0.107546307469
0.0591040088119
0.043115166208
0.0397523447601
0.0446444879625
0.0560807750374
0.0870443489007
0.219660081859
0.44400125045
0.815377822279
2.61028449633
3.5244704019
4.76927457356
5.75037100477
6.53664150245
6.93178887305
6.57705342305
3.09463980801
0.593327834802
0.203286440427
0.097190742211
0.0637331150847
0.0520913181245
0.051546339136
0.0580768646565
0.0709345693968
0.105520111964
0.267870555057
0.535352136378
0.875312140367
3.67704588909
4.5526059659
5.30531430738
5.82700346521
6.06052978134
5.85732115871
4.53639466946
1.26359399201
0.379060737708
0.162952964709
0.0955379262542
0.07137107501
0.0655328799527
0.0688961155815
0.0753839822788
0.0912963268775
0.128406218665
0.318213558181
0.642464336349
1.03210246305
4.06953952568
4.58210886195
4.90101250663
5.02437262808
4.9107059032
4.24985786548
2.24276667648
0.696835786049
0.279333839413
0.148462304494
0.101207681124
0.0844796967621
0.0895131850504
0.0926272060647
0.0980514119117
0.119950135452
0.158969758183
0.365496066093
0.723938821563
1.33380467051
3.78364549147
3.96141388505
3.99723481512
3.89670017529
3.53153085844
2.46830760352
1.11431195114
0.479768447885
0.242806689783
0.152826746559
0.114783393582
0.108360440498
0.128526901485
0.123428516791
0.129174380257
0.161392675557
0.203749975262
0.412609628338
0.684288326608
1.81194384892
3.1426361328
3.11705660789
2.98518815937
2.71111887307
2.19329114833
1.3862043168
0.762816381467
0.409989005409
0.2473837094
0.174016726987
0.139880325998
0.14661420603
0.188162848302
0.168257897247
0.17452005449
0.223644776969
0.275556744797
0.505553491463
0.755872065653
3.47739757105
2.45274478699
2.32409630425
2.11046575206
1.84148674239
1.4612390812
1.0425872716
0.669588412817
0.420306039883
0.284460064887
0.213504636197
0.179602664501
0.193250180915
0.277210528741
0.249058268682
0.252622577487
0.327174933415
0.398061748158
0.682859600967
1.03505817975
5.3515496233
1.89363377693
1.78081686376
1.64592972903
1.49606221488
1.28809367796
1.00150863205
0.70592829435
0.483096280785
0.349999250229
0.275091475531
0.237465762131
0.237200371175
0.383551333014
0.440894211704
0.429766549436
0.539044365723
0.636564914839
1.04219811549
1.62348785102
6.42204462909
1.61937705045
1.61035199845
1.60380412345
1.54641510869
1.381850329
1.10754072039
0.806554381061
0.575053949987
0.437408997149
0.359390837054
0.318492415796
0.292757389509
0.378216322845
0.80307669447
1.03020282722
1.1696667214
1.24083906516
1.91204563122
3.18817978153
6.08973243831
1.68251464795
1.79264004585
1.85920109051
1.8070474274
1.59159073708
1.25411759691
0.911435510788
0.667132723153
0.535259314951
0.46574638466
0.428351591391
0.386621574686
0.390352691093
0.700615882092
3.12185509188
4.45491829183
3.55842587579
3.65058013879
2.78127755866
5.77302278825
2.07087831426
2.2418898158
2.29024820676
2.13771643915
1.79622899808
1.36220715518
0.978225258608
0.740799910366
0.635524992269
0.598462800672
0.580820008566
0.548567997374
0.633955148392
1.08742218211
5.12383693228
24.589085798
14.8135968839
6.59409914559
2.87566604518
5.32753035898
2.67750628254
2.81078056226
2.73464559346
2.42925925572
1.96236446348
1.44889552548
1.03968784634
0.816261702473
0.78258547089
0.834681118419
0.900445411456
0.982915673444
1.59590203389
4.12874725249
6.99349853516
19.6735886844
15.3835784946
8.70110270457
5.99409180955
5.1333500572
3.24882934904
3.27061503301
3.1000083399
2.74330727473
2.24487234833
1.7028244645
1.23317991236
1.06093907229
1.28086849073
1.56086711662
1.63595093441
1.94204491129
3.59818490685
3.30263771402
5.40375319917
12.6515175335
11.0161907953
10.6973903128
10.1912184775
5.66636275282
3.50282159099
3.56562683665
3.51805540482
3.32037568348
2.96752975358
2.48598126536
1.95053350647
2.19125933822
3.10106806842
2.54213808482
1.25264517486
1.08811153535
1.24650884139
3.23478359089
7.90937211622
14.4957773829
13.307830227
17.4816138102
15.332035136
7.1692672108
3.48743668703
3.8316067148
4.13509235641
4.31127979726
4.30152615889
4.11106031683
4.05595739858
5.91268246041
6.71367198264
0.729695470334
0.117825242228
0.150097919353
0.503737709756
4.31467525762
16.3074260579
22.6706788931
18.1376291243
19.8673944836
12.5611711957
15.1816226486
3.36721970455
4.05845504134
4.74734503783
5.28377628726
5.53229401141
5.49600397477
5.48029961093
7.23123261137
9.95205473478
0.424844534953
0.0798013240839
0.0871571816199
0.419616137717
5.8038597897
27.4847531467
33.9371822695
22.9989586497
11.9378104942
3.51165128294
50.4670697192
)
;

boundaryField
{
    emptyPatch
    {
        type            empty;
    }
    minY
    {
        type            fixedValue;
        value           uniform 4.5592e-05;
    }
    maxY
    {
        type            inletOutlet;
        inletValue      uniform 0.0001;
        value           nonuniform List<scalar> 
40
(
1649.70781642
573.343481351
212.642493813
86.5967699027
40.8406508021
21.2864794183
11.8117290265
6.81841523925
4.01406945286
2.40133026742
1.52172896958
1.12303859668
1.03388600558
1.140305096
1.36610767316
1.66057825821
1.96573038317
2.20280758721
2.40674485804
2.78585902773
3.36721970455
4.05845504134
4.74734503783
5.28377628726
5.53229401141
5.49600397477
5.48029961093
7.23123261137
9.95205473478
0.424844534953
0.0798013240839
0.0871571816199
0.419616137717
5.8038597897
27.4847531467
33.9371822695
22.9989586497
11.9378104942
0.0001
0.0001
)
;
    }
    maxX
    {
        type            fixedValue;
        value           nonuniform List<scalar> 
150
(
0.435489739325
1.10617000876
1.61339050038
1.91598995747
2.06686084551
2.12758045767
2.13698917467
2.1163264419
2.07756591343
2.02800787418
1.97224949156
1.91319147651
1.85263168372
1.7916425026
1.73082775736
1.67051157314
1.61088091376
1.55208677152
1.49430234236
1.43773748025
1.38261548688
1.32912776843
1.27738843389
1.2274090962
1.17910293723
1.13231242096
1.08684520188
1.042502237
0.999089598976
0.956416060753
0.914286452295
0.872502531669
0.830878260675
0.789267222346
0.747591933384
0.705862127785
0.664168599219
0.622830040833
0.58176439565
0.541443773509
0.502203494879
0.464420064782
0.428500937171
0.394833590967
0.363723111324
0.335338815662
0.309690083483
0.28663438625
0.265912648584
0.247200166713
0.23014947812
0.214415927235
0.199665230366
0.185595008816
0.171969450911
0.158450615238
0.14493099391
0.131720182762
0.118946422001
0.106666508373
0.0945872300577
0.0882776031359
0.0994857557625
0.134806014588
0.218027854985
0.373971247364
0.611755222894
0.933486892713
1.35516975451
1.90712579738
2.59164676919
3.32201739307
3.966573608
4.45234018591
4.78016351114
4.95251873252
4.98132437684
4.90622973244
4.79555671384
4.79035111187
4.7310892079
4.37154007061
3.72207170254
3.24624254954
2.91726344703
2.6733337662
2.44875362598
2.22625118977
2.00857832955
1.80587813824
1.63011533114
1.49921312668
1.41761261611
1.38956835397
1.40532199857
1.46111291359
1.55369949137
1.68333360816
1.84453169286
2.02601042096
2.2144831476
2.39743028823
2.54448725346
2.60246530198
2.53159846945
2.39240902455
2.27760789919
2.21833729826
2.20860780453
2.23065107613
2.32300165472
2.55965939879
3.04622077703
3.92586494366
5.36636263164
7.29562701216
8.39389773765
7.88292624401
6.08757980134
4.3775179823
3.33289494779
2.59475401334
1.91355926791
1.18129151942
0.414929429478
1.04224681123e-19
1.04230765081e-19
1.04224163769e-19
1.04231071712e-19
1.04205575366e-19
1.04224934656e-19
1.04225168623e-19
1.4208088516e-17
2.36794590845
2.96494753476
3.29947591998
3.54385533581
3.23123328236
1.5027360051
1.04112179003e-19
1.04112179003e-19
1.04112179003e-19
1.04112179003e-19
1.04112179003e-19
1.04302195717e-19
1.04363596998e-19
1.04368409371e-19
1.04363683545e-19
1.04112162845e-19
55.4027131498
)
;
    }
    water_to_heater
    {
        type            fixedValue;
        value           nonuniform List<scalar> 
240
(
21.9324926234
1104.48408232
1104.48408232
1844.46010924
1844.46010924
2502.21283797
2502.21283797
2855.60052698
2882.03005464
2750.42461697
2750.42461697
2665.89285915
2665.89285915
2664.10638542
2664.10638542
2801.78916148
3177.31260625
3579.45047548
3579.45047548
3648.94149246
3648.94149246
3661.93436541
3661.93436541
3640.69549128
3629.82905616
3648.51470357
3648.51470357
3737.73804484
3737.73804484
3886.06233494
3886.06233494
4019.32138314
3975.28630862
3905.7235837
3905.7235837
4173.88749629
4173.88749629
4774.98063983
4774.98063983
5570.2547509
6345.65953104
6941.5486979
6941.5486979
7172.12344431
7172.12344431
7308.48862737
7308.48862737
7423.32222834
7533.41140013
7670.09402316
7670.09402316
7830.1935846
7830.1935846
8061.358444
8061.358444
8264.01221834
8446.87196231
8557.61946555
8557.61946555
8635.00569205
8635.00569205
8587.53728464
8587.53728464
8304.78024314
7650.75020165
6601.34791333
6601.34791333
5562.77531629
5562.77531629
5472.46024914
5472.46024914
7613.41852241
13938.5066383
27921.124402
27921.124402
38592.401517
38592.401517
37358.8244842
37358.8244842
33161.2867612
29565.2985084
27355.2234803
27355.2234803
26983.1420421
26983.1420421
28369.902677
28369.902677
31674.015912
36440.1454719
41514.803474
41514.803474
47456.9729295
47456.9729295
47318.7182326
47318.7182326
43112.8386278
36696.214962
28544.3832176
28544.3832176
19007.1151855
19007.1151855
12503.2010827
12503.2010827
10159.9361902
11914.1243441
16404.9978188
16404.9978188
18951.3378028
18951.3378028
16799.100326
16799.100326
13534.1803257
10801.8000216
9345.97997191
9345.97997191
9061.45668774
9061.45668774
8502.68958279
8502.68958279
7811.14237459
7860.62180849
9483.69183376
9483.69183376
12253.0214378
12253.0214378
14575.8061684
14575.8061684
14277.3863784
11811.6340565
9586.53168855
9586.53168855
9085.78895597
9085.78895597
10192.0938968
10192.0938968
12039.6036459
12312.8277157
11490.3335582
11490.3335582
11815.4639491
11815.4639491
14544.2406774
14544.2406774
21262.4566969
29911.5089773
35256.9411808
35256.9411808
37325.4645582
37325.4645582
37950.9088205
37950.9088205
39984.5186583
41903.0625544
42040.9087816
42040.9087816
42084.3243063
42084.3243063
41390.5042452
41390.5042452
39382.0567654
37882.3665319
37590.017418
37590.017418
34263.5669593
34263.5669593
28768.8334195
28768.8334195
21778.1569446
14575.5750179
8883.85713833
8883.85713833
5760.04647437
5760.04647437
4061.52351545
4061.52351545
3124.07592991
2849.80928627
3157.93945248
3157.93945248
4019.23336081
4019.23336081
5394.91645075
5394.91645075
7045.75897706
8364.75798972
10220.1104443
10220.1104443
14558.0753832
14558.0753832
18913.1705694
18913.1705694
20418.9165365
19168.7790941
16555.6374498
16555.6374498
14054.022295
14054.022295
12186.5845707
12186.5845707
10948.0579898
10166.5287048
9702.94084457
9702.94084457
9507.297139
9507.297139
9695.52934943
9695.52934943
10511.1443126
12299.9061237
15749.3160331
15749.3160331
21036.1016197
21036.1016197
25388.2355179
25388.2355179
26980.8962514
26029.071681
23461.6318293
23461.6318293
20290.8219873
20290.8219873
17108.0073251
17108.0073251
13811.9375938
10331.3428661
6290.53622125
6290.53622125
3084.50250601
3084.50250601
2225.39162196
2225.39162196
2253.51134166
2366.14850356
2359.30291969
2359.30291969
2689.52784828
2689.52784828
3776.59921154
3776.59921154
5551.11268767
)
;
    }
}


// ************************************************************************* //
